2.957772721662722759e+00,-2.077965812319725991e+00
1.082346749475316283e+00,1.405992540647006805e+01
2.998692886286800086e+00,1.282970085492318368e+01
-1.416330527128458350e+01,2.511947204720874183e+00
-1.246284878645797534e+01,1.793986640965957058e+00
3.788090919237662835e+00,-5.622562950313587216e+00
1.125966744669964115e+01,4.527524393095509581e+00
-3.558822727537604980e+00,8.120239791719029654e+00
1.202393282805328312e+01,-1.156108782048344708e+01
-6.675764107665479230e+00,-1.222223417040474303e+01
6.369550233834407216e+00,2.855636068936892258e+00
-2.121686534936057633e+00,-4.408911027995416454e+00
1.061103040291939514e+01,-1.268986915215952749e+01
1.194568224028167513e+01,1.021408724613917229e+01
-2.750409698680060799e+00,-1.058184722081746720e+01
-3.991799938383959745e+00,-9.229679332269775216e+00
-8.495551392412384217e+00,6.357166130263199877e-01
1.023691875005696694e+01,1.094580156109130264e+01
1.743418290655250047e+01,-8.642479625237587948e-01
3.146120808667762336e+00,3.635679035205140242e+00
6.484757028552153857e-01,-1.388758966845089660e+01
-1.572800950751056526e+00,-1.203024903924172051e+01
4.993172280965773702e+00,-8.662676428319221245e+00
3.221902051897996416e-02,1.825685056374697135e+00
-5.810596517846247977e+00,1.745924268531933610e+00
-2.067752134898022121e+00,-1.892814072669428027e+00
1.196446231404731897e+01,-5.488071223765722984e+00
2.186425230490361304e+00,1.067944990033237218e+01
1.502054856307180231e+01,4.237765397850430382e+00
9.584652809962856068e+00,-4.435216043819609211e-01
1.315409575589442426e+01,-2.112512045166662134e+00
1.358411950379359290e+01,1.100674449503480012e+01
-1.565257664499903179e+01,5.920842005338291081e+00
6.821140869854946054e+00,1.216748497330013201e+01
-6.372501424696024763e+00,1.233012689079072999e+01
-7.880425505946362819e+00,1.341080413735998178e+01
-5.546500851034179114e+00,-2.028750481892285684e+00
1.632986038363009840e+01,5.940930438550843240e-01
-1.831190811171422128e+00,-6.666924236714077523e+00
1.659220252857681999e+01,3.202519836285677268e+00
-1.842856524769427962e+00,1.587927031032211111e+00
1.154032883607394666e+01,-7.894482510620250082e+00
-1.967865607899438318e-01,-1.806277157527187205e+00
-1.447335469704943200e+01,1.228393937591106067e+01
1.143098275261671581e+01,-3.517645499936619125e+00
-1.196619604688888749e+01,1.472984961596505116e+01
8.173255398841993369e+00,2.604789357795833649e+00
5.024683600619789914e+00,1.826809020740675749e+01
-1.059526445849622078e+00,1.156306448046990809e+01
-5.743522091518085126e-01,-3.543733734288874171e+00
7.185424981718741222e+00,-9.338482382238840529e+00
-9.650611559066499368e+00,7.518254562344079517e+00
-7.395071369269151873e+00,-7.069648516986533515e+00
-1.140593097426855351e+01,1.180237898273762553e+01
2.862843641861989141e+00,6.005100106679805094e+00
5.862261338254397103e+00,-1.398725051472378844e+01
-1.274999616063366581e+01,-5.688343933248533268e+00
-1.620970509049647035e+01,7.687389463789509492e+00
-1.071614738350526608e+01,-7.604623911467587760e+00
-4.867047065075745138e+00,1.734579134057461502e-01
-9.630836125436998074e+00,1.237905950964309021e+01
8.350555830132607937e+00,4.480521539397084751e+00
1.454840713818869924e+00,7.143725069177396136e+00
5.338210477595285219e+00,1.439099287160858154e+01
1.111917427671299308e+01,8.256559126231220347e+00
8.273802400520999356e+00,-6.589322610349378273e+00
1.014128799027614658e+00,-1.837452388317058549e+01
1.583222139493413216e+01,-4.456820259595752454e+00
5.516665019586331375e+00,8.576510515509172095e+00
-8.231703398034452945e+00,8.558300514258995406e+00
1.443919826005405360e+00,1.726001800573115474e+01
3.878995607989316863e+00,9.464264926714312409e+00
-7.971105698632616310e+00,5.783165555437647321e+00
-4.607042838183519784e+00,-4.432135073505626188e+00
1.217539308005617649e+01,-9.749869487669746704e+00
-5.215519723457709311e+00,-6.126785251391487108e+00
-1.385782940458830481e+01,-1.182074902061212462e+01
1.597410404496794056e+00,4.613464303598193261e+00
-7.277890301030693010e+00,-1.583595187317950792e+00
1.420846982925697277e-01,-1.129550426212035319e+01
1.319859231795637378e+01,-6.788474126699909128e+00
5.453216417128064819e+00,-1.227006007079859273e+01
-6.046309390468368683e+00,-1.046296622221093031e+01
-1.395741049324841043e+01,6.687157412206466311e+00
1.536253410542148501e+01,-1.086435747385052508e+01
6.350603035086296977e+00,1.091579066588824087e+00
1.379312943728984919e+01,9.204139011799364667e+00
-9.950508270731556193e-01,-9.906417695406062762e+00
-9.143847673999268011e+00,-6.603308451052243733e+00
-4.407241873943934962e+00,-1.114323792860565021e+01
-3.611149940041533668e+00,6.259789680457826577e+00
-2.477851346122235565e+00,1.573874559959819130e+01
-9.407957462095636103e+00,-2.470426282986155186e+00
-8.704212308058997039e+00,1.673108619322555413e+01
-5.228037863856919820e+00,-7.967698827387371452e+00
-9.366328809178069648e+00,-4.803596738041921554e+00
-8.615165741128222976e+00,-9.163115550349774097e+00
-2.051812981621870424e+00,7.077870914014997794e+00
5.070779303484924228e+00,1.263349584555074934e+01
1.246295301327038096e+01,5.821001976842486769e+00
-1.315313678233222738e+01,-2.846983892562944707e+00
-1.306585816771615560e+00,1.399175881484393180e+01
-1.026210082832899317e+01,1.038524427262599481e+01
-4.413739537582885397e+00,9.673063373362500883e+00
-7.545092142040445538e+00,2.183959739988428517e+00
4.901331860981645860e+00,4.033904164070802878e+00
8.155101650686770398e+00,6.259243886501239196e+00
-1.197527279847241921e+01,3.590917409833185747e+00
-9.361840114917962197e+00,2.250103310706052184e+00
3.585794351742153108e+00,1.454096509830787731e+01
3.467921822888089256e+00,-7.640207798351975832e+00
-3.892467610420673907e+00,-1.337894463387319544e+00
-1.124685575000426319e+01,-2.443298877510660105e+00
-3.375764313619568302e+00,-3.069152061719737645e+00
-1.570347621844060626e+01,3.780588845625810213e-01
-1.253455144368312624e+01,-7.585455280173318826e+00
9.605191984528114180e-01,-9.716187458356442264e+00
-3.128982438618083783e+00,1.409247140012795008e+01
-8.014478633372066341e+00,1.146398688059523607e+01
9.775015018796029409e+00,3.379654633082147974e+00
1.508811232891577703e+01,1.934640887332985448e+00
1.289805058804623350e+01,7.644204880268447688e+00
-1.218488542911393502e+01,7.316459348148817377e+00
-1.087651886390221989e+01,-5.775571428140987784e+00
-1.016284685036384472e+00,-1.884229308813316450e+01
1.050680088288565450e+01,1.280051349238625313e+01
6.613150049738059089e+00,1.581073246349317074e+01
6.804211518067877940e+00,-7.613284870062437371e+00
-1.643136313579066865e+01,9.525308503211100231e+00
-6.890208625155988642e+00,-8.800780682718450265e+00
-2.733693162207234129e-01,6.657929103691221151e+00
-4.765297670601151836e+00,1.148460484477424437e+01
-1.272555340994059869e-01,1.540723658586056644e+01
5.932100342015034222e+00,-2.739404861521390178e+00
1.616986358736735241e+00,-4.672816262827343081e+00
2.598636586874077947e-01,-1.665201962828946236e+01
-1.897181602325761940e+00,8.954082239693743617e+00
1.841227609266891463e+01,-2.568996753358219642e+00
-3.451319421046778135e+00,-7.527825694031207604e+00
9.733540037719395244e+00,-2.606906776858111563e+00
-6.002366039322210689e+00,5.606246013299376330e+00
7.159117861140714467e+00,-1.116372823297467853e+01
1.310103182559590129e+00,1.220485216015587149e+01
8.097140931634093874e+00,-1.426658683233669622e+00
-1.100214383824954822e+01,-9.805625410986538171e+00
-7.981906313985921209e+00,-3.638836254803038628e+00
3.057095000734743717e+00,-2.836190927283114283e-01
1.216707371881278199e+00,-2.893050126364038466e+00
-1.000208506051600210e+01,3.982782473814282742e+00
-1.984444600373621137e+00,5.191556592759331679e+00
1.840236391674442018e+01,4.647990951022743289e+00
8.003694771707365874e+00,3.602715828288086120e-01
-3.262995495777151422e+00,-1.632025322190490968e+01
-8.445705417569292495e-01,-8.150648681357118619e+00
-6.300502791464983154e+00,1.441019082073264634e+01
-7.496347821497598929e+00,3.965335659637010846e+00
-5.157016101825533383e+00,7.165978335221323547e+00
1.453403469485267330e+00,-1.099836228960065387e+00
1.128194457373307458e+01,2.836459115751882587e-02
-4.366040378794135535e+00,4.653963155782553152e+00
1.946979564462429257e+00,-1.121019619842205195e+01
-2.665290499374804778e+00,-1.456169273872846759e+01
1.368244112822211100e+01,2.993749665449060515e+00
5.184909931663042926e+00,-4.345201088411718260e+00
6.945609032551763207e+00,1.756378538002610412e+01
1.567524997418285970e+01,-1.114485198412325184e+00
-5.768006189343586776e+00,3.556623650982732698e+00
2.944235122643888758e+00,1.773577415771677712e+00
-1.541483572165269145e+01,-1.081053750648070100e+01
-3.364028106178432509e+00,-5.741238690895725583e+00
5.171527701993984039e+00,-6.885558883487807869e+00
1.137706258805146042e+01,-1.729559800672677561e+00
8.465193601789271938e+00,-4.828169171922591651e+00
-1.354275083057225881e-01,8.649198890871488743e+00
-1.295728414240186233e+01,9.054427909088236248e+00
-2.643401628506488965e+00,1.056578324013168135e+01
4.680836440651119368e+00,-1.455363830171807704e+00
5.530920845702762101e+00,-1.045426295691647312e+01
-1.082330851418967121e+01,1.110368514703948595e+00
1.438276134617794355e+00,7.291967686060129017e-01
3.876342553350955900e+00,1.127526380263950223e+01
8.654569190235271492e+00,1.184617227407425943e+01
-1.463276355826294406e+01,8.467952463084689185e+00
1.647832842474931780e+01,-2.761985954852421266e+00
6.412138805349897552e+00,-8.542074501632695993e-01
2.087782445720382629e+00,1.559288558712222184e+01
6.477834868497152065e+00,4.986924043057878286e+00
-1.661287880508545423e-01,4.812772837236526158e+00
1.538499181849126352e+01,5.994312076476943751e+00
-3.386050801554074230e+00,-1.258054011850177467e+01
-7.086590986914601764e+00,-5.298166056488234688e+00
-1.887832484629596763e+01,-1.956585995680459877e+00
7.974946885593963586e+00,8.332480240884869716e+00
3.398937751752117542e+00,-3.842006517261482568e+00
-8.567555625043988599e+00,-1.219137109468913849e+01
9.525910560486638090e+00,-8.386315978724148579e+00
-6.696392073226495434e+00,9.897101534532311284e-02
-4.877846366230437880e+00,1.329801525422106856e+01
7.482563607371018222e+00,-1.723981412468553742e+01
7.110964714166704503e+00,1.398201679982461165e+01
4.739801363040040627e+00,3.247735929667392440e-01
-3.153247042591436955e+00,1.232233766391093255e+01
9.922800746709445008e+00,1.607007001502843835e+01
-1.461038212358856647e+01,-7.225012160235465331e+00
-1.147590403084302402e+01,-6.735518723669957630e-01
-1.184809344091174221e+00,3.299346212567137115e+00
1.642073624121301023e+01,7.568695985897141654e+00
-9.654789319275224102e+00,-7.301122176917609341e-01
1.005078351090781830e+01,-6.693331902741532780e+00
2.198497527621801506e+00,-6.382627635224550566e+00
-3.053399184167439717e+00,2.466287614629088243e-01
2.465982575544751199e-01,1.038166518081311374e+01
-6.145917806263102356e+00,-1.770104391714809822e+01
9.650882376685251174e+00,9.250270065789406360e+00
1.599672224468823423e+01,9.504563119354742184e+00
-2.950416053519273163e+00,3.596625839829091120e+00
4.607263556711679975e+00,1.605128617627947207e+01
7.315743947557321825e+00,1.002677160067604589e+01
2.927739334539331661e+00,-1.280484385851872098e+01
1.378559276188580185e+01,-3.802920559618726326e+00
-4.582229728241508759e+00,1.512374212682207997e+01
-6.494321703917512068e+00,1.053676740855459748e+01
4.713595236512922781e+00,2.118800094381142696e+00
7.157139656507780501e+00,-1.526290623467939866e+01
7.638831257636308436e+00,-3.251528325721020796e+00
1.977294708744107954e+00,8.860094525176293700e+00
3.896074161451669737e-01,-6.808086869281594566e+00
3.398943456711244870e+00,7.731673312223723116e+00
3.748971423963505689e+00,-1.111028864912649716e+01
-6.217244455900216238e+00,-3.670743719905887215e+00
-5.637752886157736398e-01,-5.327340766965319219e+00
3.236842479616194534e+00,1.871166103276190640e+01
6.570250013024538482e+00,7.096122648397878763e+00
-1.499931219418255690e+00,-1.704756206457557610e+01
1.717901959569353876e+00,-8.128657725246576149e+00
-1.318501126648618627e+00,-2.333120733249083034e-01
5.534942166655517859e+00,1.039522333237341201e+01
8.867204376020351830e+00,1.371611250883696798e+01
-1.111124730502476687e+01,8.764329229937800392e+00
-8.652266581573975213e-01,-1.485448330555409591e+01
4.859697473122003508e+00,6.606848026654037476e+00
1.474410044254976571e+00,2.853825288250555481e+00
8.945246860277890733e+00,-1.473257989402358170e+01
9.866790787810272079e+00,5.719621573037921181e+00
1.394932218380292888e+01,-5.249464567002772863e-01
-5.988613527576720941e+00,8.802998207778266249e+00
1.185349957163353452e+01,2.802104516775470344e+00
-7.035279416105622907e+00,1.762976993339844611e+01
-3.607058575275070567e+00,1.945080602361730859e+00
-1.388991592667012576e+01,1.059862409157591578e+01
-1.488472829138039977e+01,4.122651609041666276e+00
-1.024388280319305089e+01,5.794072748904012471e+00
9.158908916130993561e+00,-1.660218086573673091e+01
-6.980419882287852928e+00,7.248414592381110744e+00
1.036137212365084892e+01,1.646305498300967285e+00
1.027186892005288144e+01,-4.859157659282304920e+00
