-3.424660493802770045e+00,5.135167216725513128e+00
-2.830270441141043758e+00,1.125096886422586318e+00
1.260048951899688063e+01,-6.501638953090606243e+00
-9.166070407638006401e+00,9.895070802303109758e+00
-4.681222392509260644e+00,-3.345182362025681311e+00
1.285382267761974084e+01,1.415463344922835764e+00
1.449289334581289879e+01,-2.239923552858059885e+00
-4.856134588977045752e+00,1.637400675691106855e+01
3.933864004047917362e+00,8.752736005927994611e+00
-1.693361339113419461e+00,-1.676800828139736765e+01
-3.960935329118393078e+00,8.710144061264863069e+00
6.685077013874943574e+00,-4.368711879992292602e+00
-9.654334432086679740e+00,3.162998882647548360e+00
-2.433806633187736601e+00,1.466322766594973537e+01
-4.381731496421099159e+00,1.974995204525832992e+00
9.392462657835084272e+00,-2.242352014712587494e+00
-8.044966197422285248e+00,-4.287748123294257141e+00
-6.821292164890143006e+00,-1.016125434192445942e+00
-1.393179109143666849e+01,-8.276100529339165845e+00
7.248314774785052705e+00,6.304777974084641912e+00
2.098068213439055807e+00,3.617063945569632732e+00
-1.360076257496361185e+00,-1.008150620663840336e+01
-9.576512229949331712e+00,-1.048889139684801464e+01
8.006225957630872969e+00,2.844776292927440942e+00
-1.095372753236573971e+01,1.689342024246906826e+00
-2.996819854823166818e+00,1.215568401211300120e+01
6.075679400255222795e+00,3.340346041928839771e+00
-4.223176148391778462e+00,-2.049267369350974560e-02
1.983739411052905410e+00,-1.719471398101039838e+01
2.967623071620784092e+00,-1.169925651837482317e+00
7.189758206749551073e-02,-1.686226647972280901e+01
-1.620519791894346184e+01,3.722792737482920611e-01
1.028014747396406392e+01,-1.027105340431041114e+01
2.097298369188995704e+00,9.746116018625269106e+00
-6.442316558535505777e+00,-3.561028453928418269e+00
1.544159776334002565e+01,8.540011324165348583e+00
3.505339014889550242e+00,-1.175961690972362028e+01
-2.844807472023496597e+00,-9.119931740181419499e+00
1.623476070141357752e+01,3.208902625172257217e+00
1.716805314309907260e+01,-1.807526842347679574e+00
1.102729249856687410e+01,1.741577054844131833e+00
-9.433534966422040924e+00,-1.672465176251114238e+00
1.237649561192048075e+01,-3.520680089760594988e+00
7.807109907413281924e+00,1.176985357387272657e+01
-1.270658380208974059e+01,1.382716271277873332e+00
3.642031583139731410e+00,1.501619993455858193e+01
4.844282826024715938e+00,-1.359966915626877215e+00
-1.575358967445734315e+01,-1.983596083680075006e+00
-4.114346057914158195e+00,-1.205102554829963779e+01
-7.167138992149452825e+00,-9.272263309103276896e+00
-2.021262722833270242e+00,-1.490448380573787901e+01
-1.295986488260379943e+01,7.294776832638426356e+00
-1.676269342824011233e+01,3.383604324738766600e+00
1.049999262113757759e+01,7.537938409956314700e+00
-7.863745906236188077e+00,2.608659872675285651e+00
2.142239886473703336e+00,-5.636222087475387887e+00
6.628732876608570024e+00,-8.773576642401797798e+00
5.727647167973157316e+00,-2.886151625587319192e+00
5.408445569368349304e+00,1.517417622074658823e+01
-7.161379839949934656e+00,-7.409185603223786387e+00
3.170054177056925493e+00,2.172450669524358613e+00
6.796930745781521566e+00,-1.620255382938318434e+01
1.426774322563660213e+01,-7.198717098665699865e+00
-7.973646259584866058e+00,1.518583163359096133e+01
1.149989852200363849e+01,3.466651181997089104e+00
7.928747012692561213e+00,-1.326657387561480306e+01
-1.881894408968716448e+01,2.149125717174471539e+00
-8.482953861076987678e+00,-1.671847448676582459e+01
7.813076990293850166e-01,-2.692234451791982952e+00
-1.654487421572849470e+01,-6.983607183837558630e+00
-5.177834925742388350e+00,-5.081378804255846759e+00
1.126959034835862283e+01,-8.312201771736214440e+00
-9.922734180456725284e+00,-1.563666049150981152e+01
1.223273424225215900e+00,-9.058981601583221410e-01
-1.374091107847736692e+00,1.293020512350769557e+01
1.112487642675271893e+01,-1.935473291363397408e+00
1.247350569343465843e+01,-1.204661998140572443e+01
2.843842434910122119e+00,1.168038332211989427e+01
-5.787535462653754514e+00,8.663329315724698887e+00
-1.162488202458894726e+00,-3.034571354130643606e+00
-6.026300079914599372e+00,-1.062635664171132710e+01
1.246593485196204121e+01,7.065477267298502007e+00
-3.300286960633692868e+00,-1.886613320324575405e+00
1.568145613742478517e+01,1.496917960120565771e+00
-8.918044367911283743e+00,-1.314289612876639879e+01
4.618462231050797229e+00,-1.456928568092122056e+01
1.050366707845717684e+01,-3.613402740796734847e+00
-1.334751296989083569e+00,-1.300832132697079047e+01
4.967722845087089389e+00,-1.642183823157312972e+01
-6.392450032316302710e+00,6.943061979576457432e+00
-1.385111115919834823e+01,2.773483898303855444e+00
-1.048114663962537563e+01,4.805272077203288639e+00
-1.516020130774765384e+01,-3.980766778784184279e+00
-1.214110298444621350e+01,-8.616887169479223729e+00
-9.175198431515559250e+00,1.380720288526370521e+00
-8.610198116986454764e+00,-6.120875670734495344e+00
8.169112948668621144e+00,-5.433179738917234047e+00
9.932585186199860416e+00,4.925669319302088844e+00
-2.056305639932083817e+00,-6.966868092496224740e+00
-8.435999613304300482e+00,7.474562838460157899e+00
1.207887929591737186e-01,1.026376501026325982e+01
2.152404355702215888e+00,-3.847435737504318443e+00
8.375700824425059920e+00,-9.124499440720288845e+00
-1.384290734767647102e+01,-2.335509038599769660e+00
-4.910904559728687779e+00,3.802445231157558059e+00
-5.626309031900576407e+00,1.478522573519747318e+01
-6.053337730250585302e+00,-1.251374620743496102e+01
7.456046445788466315e+00,-1.073544273642964519e+01
4.131555379598797373e+00,3.310955774473195445e-01
-4.046235324847170745e+00,6.917416143987098920e+00
5.297851488245542306e+00,5.028562204330954799e+00
8.264920208298175197e+00,-3.606081964813112162e+00
-1.137883574515157825e+01,1.298224049440084826e+01
1.570509655798746351e+01,-6.985488409472869753e-01
1.387479424379528936e+01,5.815090905872102311e+00
5.718890287780413750e+00,1.702773424116154999e+01
-8.385975535477921738e+00,-1.862270691312763460e-01
-1.002826178015526359e+01,6.511686684759195209e+00
-5.910805202625861732e-01,7.294111131274044979e+00
8.720312911290182711e+00,1.334012431161026413e+01
-5.308543727665089307e+00,5.510655114503435925e+00
1.302439906559033034e+01,-8.536690303117964618e+00
4.302437930218346029e-03,5.569820795244277534e+00
3.059614440230516319e+00,-1.557825821845372971e+01
-1.197767786921914279e+01,-4.115263004848761064e+00
9.642666779131383592e+00,-1.548500118173284434e+01
-2.355196318005696288e+00,-1.154307861416782544e+01
-3.479987509134852885e+00,-1.692557897728417871e+01
2.391919669353459454e+00,5.514156102874414600e-01
8.911958007044820107e+00,-1.178569773511710395e+01
-8.284500205323206856e+00,-1.484159606138269893e+01
-7.536216183583779760e+00,9.125444753288112665e+00
1.780432057520763678e+01,-5.514598041064862954e+00
-1.055868691525902392e+01,-1.440166789014303006e-01
-3.142133808191897693e+00,3.400129077016499579e+00
-3.756833150199943017e+00,-7.556081445297321508e+00
7.359510550834609255e+00,-2.028206766717723930e+00
1.736795690232758815e+01,6.555749594030048755e+00
4.736435101709452589e+00,-6.182643902684482384e+00
1.069426957522815869e+01,-1.207631229711227405e+01
9.717933125567258301e+00,-1.361925789011651133e+01
-4.705365954886849833e-01,-1.416236323877402725e+00
1.316384900811318204e+01,-1.368561006200873109e+01
-4.053019718908838165e+00,1.385894500404594964e+01
1.325109339000119135e+01,4.098666603926998775e+00
-9.907252874622365368e+00,1.415512692382891835e+01
3.134386090339880138e+00,5.056914323265303324e+00
4.237780864174093831e-01,2.956557677032953801e+00
-8.311578621734376782e+00,5.376228541880512246e+00
-2.018773050529674151e+00,-5.507464930595022956e-01
3.107974619590814225e+00,-7.150021557032706809e+00
1.247019832467113121e+00,-1.548357274374535386e+01
-1.172703115288854470e+01,3.272136751835751145e+00
5.558509850812179742e+00,6.930925843676116749e+00
-7.698041284322625799e+00,-1.172699400410955661e+01
6.566593664042712497e+00,-6.254714118216151419e+00
-1.298079895326644184e+01,-1.040934586141928442e+01
9.760668557299277737e+00,3.166339927317229463e+00
3.710124122823518000e+00,-2.929732154809839617e+00
-1.547330215508988793e+01,2.028006343656171495e+00
-2.858660024842448522e+00,-3.630913743026326301e+00
1.118287390399840397e+01,-2.448069874331974816e-02
-6.855539675270139632e+00,-5.644524865109620926e+00
7.636580631212585679e+00,1.698881222895298393e+01
-4.106920921892890930e-01,-6.163723079536819860e+00
1.065061425488833535e+00,-7.102794869054581461e+00
1.564163400040874174e+00,-1.214525439122538053e+01
5.038290567478298954e+00,-7.948647081213715992e+00
-1.091950525375845160e+01,-2.656633323013455783e+00
1.143700477307845986e+01,-1.403277439211828082e+01
-5.143734120662021070e+00,-1.553834588597946320e+00
-3.505533279390913304e+00,-5.814924282295852009e+00
-1.177424849053468670e+00,8.978421065862882244e+00
7.620887223187901682e+00,-2.074733628969795962e-01
1.002292460671857910e+01,-5.433490665212578286e+00
1.425630699817082636e+01,2.610221043669858521e+00
1.019205526220670954e+00,-1.895370542055256635e+01
3.733367132216548256e+00,-9.243009459250718152e+00
-3.459401501508399868e+00,1.867629948157633990e+01
-1.351142866240399698e+00,3.312886985640779436e+00
-4.807882323427766558e+00,-1.383679387593551269e+01
9.436422297871841280e+00,1.101660714443440270e+01
1.078804315005975667e+01,1.321561837382913573e+01
1.171249397013432336e+01,5.344517342579696795e+00
-6.882688516520934385e+00,7.433971142442528102e-01
4.451371925161438980e+00,1.309009135988405248e+01
-9.078551520984585732e-01,-8.325138387716474853e+00
1.290765993200010442e+01,-1.362555558639912290e+00
9.426694899274201234e+00,1.640045601992403235e+01
9.177628284721837559e+00,1.434475347131505929e+00
3.728593199797776148e+00,-4.702802434175659130e+00
-8.661335221270382689e+00,1.691003460018353621e+01
1.079134583674134618e+00,1.182015097280108229e+01
2.033434859552250451e+00,-8.595315129709414137e+00
-1.858325515283642204e+00,1.076427053811341139e+01
-1.852211941433650866e+00,-5.154431339625610065e+00
2.339079625964662235e+00,7.824003857040424670e+00
-1.049132252688472988e+01,-5.863600616484472283e+00
-4.799384003028596801e+00,1.209225595931970609e+01
-7.098359189164350769e-02,-1.127259178460178113e+01
1.750244477755227379e+01,-3.616065342425424767e+00
-1.499154240000592431e+01,4.121021478246129632e+00
9.516948920026384595e-01,1.382526810662030137e+01
3.750721019024994884e+00,6.765476707112317634e+00
-1.753938997384566889e+01,-9.418925979862790010e-01
5.893856948918054783e+00,3.262047193049848470e-01
-6.072675381079799095e+00,2.452492602119997755e+00
8.070826699983026487e+00,-7.250447220550383598e+00
-7.850775609416088763e+00,-2.478064334911667554e+00
5.656564092059796600e+00,-1.031494048795195795e+01
1.525270073927779713e+01,1.034775209703537335e+01
1.462807245884227036e+01,-5.421293252260029227e+00
-1.377405386119444408e+01,5.524220392122479062e+00
6.943374306490567527e+00,8.118368750917056786e+00
1.551420019191945343e+01,6.656933562391304626e+00
-9.841707956829631954e+00,-4.194745129436323161e+00
-2.396407878985330697e+00,7.691343144078409466e+00
-3.911850398812290130e+00,1.047874777192695106e+01
1.549066942813185754e+01,4.888646054968559973e+00
9.743941353602453503e+00,9.158727121763369894e+00
4.255743730933544633e+00,3.548307775414285548e+00
7.465301319746886044e+00,4.520512329141890717e+00
-1.092062452049800125e+00,1.485881601344902547e+00
-1.682408130547806735e+01,-4.614323939889082737e+00
-1.163917481874038629e+01,1.020299356908939359e+01
-1.526170586465555346e+01,9.206697247780077475e+00
-1.170331347044201920e+01,1.481555655161024099e+01
-6.511269602602320905e-01,1.456816532744487347e+01
7.287305818463130080e+00,1.524333641848437892e+01
-8.307002572287997211e+00,1.192233012885520438e+01
-1.254018348697779395e+01,-6.238725049073087447e+00
9.477497188675405582e+00,-4.334877999650594838e-01
6.046372838021143892e+00,1.220563661761967289e+01
6.292861727863618526e+00,-1.210847566592568825e+01
6.261492050525469644e+00,-1.390878212536356173e+01
-3.048501867084379313e+00,-1.347267275717520540e+01
6.978101074641600565e-01,8.518566609535115575e+00
-4.729548831887742999e+00,-1.565430454714231523e+01
-1.221913910052111341e+01,-1.441654838401698058e+00
5.677280098823765719e+00,-1.804997845978468973e+01
4.159281550456151777e+00,1.051435210911990836e+01
-1.859033402304022253e+00,5.960959244121024625e+00
1.303727288635909964e+01,1.166889496390886727e+01
2.191307996877010389e+00,-1.041593948424138283e+01
4.732979960472952219e-01,-9.582358046000793550e+00
-1.716196665035404911e-02,-4.405350867278099436e+00
-1.050658842660923931e+01,-7.688086812954701088e+00
5.857144640939011104e+00,9.869992917233533447e+00
-1.702237367597040918e-01,-1.439013123495901603e+01
-5.488200046725721037e+00,-6.842622228676047413e+00
6.888218646496877540e-01,1.182521547088445146e+00
1.126572220723643802e+01,1.117588170806226522e+01
4.982810065604285299e+00,1.915615989513463457e+00
-8.770563893635923591e+00,-8.165519212187579257e+00
1.529168113216777769e+01,-8.711988356282605039e+00
-4.317577603826598498e+00,-1.019291167307663848e+01
