-3.496727377359272748e-01,9.001824623596121455e+00
-4.858046310061961748e+00,-1.836156650604976903e+01
6.253617423975518896e+00,-1.792888548922816838e+01
-1.209059071613422098e+01,-1.463067540587733006e+01
1.501062643663171770e+00,1.432471706109806320e+01
1.082227948632107228e+01,4.217933368971571007e+00
3.415672918193514818e+00,1.169458417206853973e+01
-6.045110736769244042e+00,-7.215865005490260664e+00
-1.729356498693618249e+01,-1.803105992074037989e+00
9.874392762825875636e+00,6.347624841822850250e+00
-7.036040820356713965e+00,1.807571217589408752e+00
-3.705337012817592202e-01,-1.401368811734146469e+01
7.452105638452432679e+00,6.962765966963815334e-01
-1.126859866919150654e+01,-8.474459469502244602e+00
1.606672326653881200e+01,9.711921926728347643e+00
1.091306274761809902e+01,8.397618506013765582e+00
-2.854442104134780500e+00,1.782431638481494929e+01
-1.639802879931940538e+01,-3.667944926042120191e+00
3.073752959225976689e+00,2.576409871436515231e-01
1.437884141414880013e+01,-4.481666963250997004e-01
4.963327247625142213e+00,1.597385908460808301e-01
-1.187513576121556191e+01,-6.451222897790967359e+00
4.414598932128043884e+00,7.015569406759788684e+00
5.255729616665833603e+00,-5.282571739394329668e+00
-3.485269503784751421e+00,-1.081194604547802918e+01
-5.307314390128129666e+00,3.826202108568636628e+00
-1.370753468368322103e+01,3.708156044870836610e+00
-3.557053622457508890e+00,-9.015533089717107984e+00
7.022533600898724915e-01,-6.339449399210002056e+00
9.351014264175361745e+00,-3.344213738072816522e+00
-2.136700524517547883e+00,2.095229208779755936e+00
-1.301926461777810751e+01,-4.547537656951888607e+00
7.506172304549154184e+00,2.711676433274109677e+00
-1.749425603663524598e+01,2.168227725350887258e+00
9.082304613683858108e+00,-5.125480285787419987e+00
1.339783440565185657e+01,-1.346315123160213112e+01
-1.497347852327566464e+01,6.513210340253209329e-01
1.497130938373108044e+01,-8.473313184404256404e+00
2.195083896820307690e+00,4.101193319640058732e+00
2.756863713557653917e+00,-8.359183906287562138e+00
3.516816433439615697e+00,-4.958626671683819431e+00
7.983048791345317419e+00,-1.720826846455759451e+01
1.139470866742736277e+01,-6.051489384852393627e+00
3.156829554608849620e+00,1.503693044827647540e+01
-9.611091041472668905e+00,-7.892925030594167835e-01
-1.221485799425532903e+01,2.671154523818687121e+00
-2.122874972131414406e+00,9.422185660631027915e+00
3.557687062421021285e+00,-1.547731994405277511e+01
-1.717132532559410762e+01,7.955491845840454879e+00
-1.044879331350593610e+01,2.541648703785608365e+00
-6.007182191954609785e+00,3.618635642995439161e-01
-4.329954116605216896e+00,5.318343990710947544e+00
1.675926113442905674e+01,1.384358338682658118e+00
6.102411510027343944e+00,-6.853295783567136645e+00
-1.124315911881594410e+01,-2.509879377589995464e+00
-2.093832438980070432e+00,2.140340549710527396e-01
-8.786991703685039568e+00,6.822760095076942477e+00
-5.518441002435998222e+00,1.052847970959405721e+01
1.312846799328068492e+01,-5.751907647637342080e+00
-1.047754226254979137e+01,7.715752057953576548e-01
-3.697889324517915188e+00,1.015640428914470039e+00
5.738013142243848286e+00,1.380451024128625903e+01
9.835069742754980027e+00,-9.282693286962704349e+00
-1.380153040762605166e+01,1.257433055666728805e+01
-1.116135545513632898e+01,9.560492064253921285e+00
5.080999188335407091e+00,5.227666065241524329e+00
8.868322720018905869e+00,-1.475789845987712567e+01
5.897033034999832779e+00,1.681727286439621105e+00
-1.544899622219559099e+01,-1.736794501972875882e+00
4.099128691122022161e+00,9.588821746336249063e+00
-3.980973579204238444e+00,1.352217040574986662e+01
-3.290872861917479408e+00,7.319956328171586257e+00
-1.708053910426013067e+00,-9.301105464390069244e+00
6.895432602374054198e+00,4.981805086704243379e+00
9.259089640956256417e+00,3.322230297921674236e+00
-5.340351309646546696e+00,-1.103262398658446486e+01
-2.116151937246650405e+00,3.914723327718070855e+00
1.520231355406684060e+01,1.134249644964796033e+01
7.859901858221436832e+00,-2.230091119216848217e+00
1.253184608568853875e+01,3.033093163175708540e+00
6.828003187804347895e+00,1.177212535899090362e+01
1.432935758979568952e+01,3.479603081466455361e+00
5.814718819572020081e+00,-8.874782536535061439e+00
-9.550587531886934656e+00,8.467992086420444764e+00
1.015138932529872307e+00,-2.835511314753266010e+00
-1.621489748250215257e+01,9.553797440722959777e+00
-7.680669403525053340e+00,8.779544888754845289e+00
-5.113253316029266138e+00,-5.726250803711576687e+00
-5.631254895223608337e+00,8.659664612160593578e+00
-3.055260125061217136e-01,1.404569761473927691e+01
1.086600735785202865e+01,-4.339877023221371033e+00
-1.119588729387058912e+01,4.208423528470550679e+00
-1.212034909821891304e+01,1.334062180182488611e+01
6.147271722040860809e+00,1.562918230999277291e+01
1.313510986966688421e+01,-3.919095678217786816e+00
-1.330051423035854441e+01,1.273707726358996206e+00
-3.983730472284650492e+00,-4.305173150852692032e+00
-7.631450755306760314e+00,-2.809945208520883586e+00
6.230249732821856234e+00,6.706588050324909567e+00
1.018236500887781171e+00,-8.104172281453848825e+00
-3.829243156248512747e+00,8.987953189977144319e+00
-4.317088196778984255e+00,-2.513285279393887350e+00
7.817694459118499140e+00,-6.361613408404256376e+00
9.663138365162380339e+00,-6.835643011509308309e+00
1.741614949159981052e+00,1.250365799393122757e+01
9.086256604105818369e+00,8.355078804594302966e+00
2.767199049384327481e+00,-3.339214656528306513e+00
1.623313128159727947e+00,5.969699070398270635e+00
-6.114629423185877322e+00,5.457964066060490005e+00
6.944587895272134936e+00,-4.518422464494221913e+00
-2.550106691039542461e+00,-3.170973293624747225e+00
7.516604559937475116e+00,-8.212679959467731550e+00
1.479143231484563614e+01,-4.580396765138924131e+00
4.516729822901527136e+00,-3.477435149057335195e+00
-2.176013749249325446e+00,-1.583382745489089416e+01
-4.543977492566312115e+00,1.842565670055666516e+01
-5.198507707098425357e+00,2.052803368202023027e+00
9.040060457394712756e+00,1.552736691937597557e+00
-7.318808983496325915e+00,-1.280298908108126632e+01
4.931610868210855259e+00,1.745608826647717038e+01
-2.095417218155802175e+00,-4.985918727598725120e+00
-1.242571600497782747e+01,1.125408538332135500e+01
3.018165592059103286e+00,-1.557440612427524185e+00
-3.726544407380474322e+00,3.058278342714206399e+00
6.432057443680419873e+00,9.972553277110307590e+00
2.690286805030175810e+00,7.359465397318553315e+00
-1.027963118393101993e+01,-4.229899168487210481e+00
-4.428368306423490885e+00,-6.527252884553937928e-01
9.088277541808976068e+00,-1.245039537478134406e+01
6.304031970868480272e-02,-9.602240171968176696e+00
1.499447254021869469e+01,1.773007065527495207e+00
-1.156515299836562960e+01,5.961142852264427638e+00
-4.161242442327633739e+00,1.177375177885753210e+01
-2.505494959843826752e+00,1.116629347459820210e+01
-7.493200466956243533e-01,1.151879189305880757e+01
1.539469075802688769e+00,1.611289049718656585e+01
1.376222407313421048e+00,8.717486166058785457e-01
-1.358430182032158262e+00,-1.745205590385139516e+01
3.345217476100457166e+00,5.542185363231690864e+00
1.174743851032441633e+01,-2.780849489931001450e+00
-9.506147971464246282e+00,-7.814122828031471180e+00
3.973646875497398145e+00,3.823819588128758884e+00
1.022808202498666574e+01,-1.104286653834727439e+01
-8.649767148392990990e+00,2.672870677074111079e+00
1.389374659151580538e+01,6.828735431517666932e+00
1.574831688939848640e+01,6.795063350082777731e+00
1.124274987495016020e+01,1.766001635345425536e+00
1.001679038433740843e+01,-1.612296850547748051e+01
-2.464123319410986390e+00,-7.639105981270477130e+00
-7.124368312824472582e+00,-1.057981983942761062e+01
7.586080858358552170e+00,1.341437041892598359e+01
1.391427303182066488e+01,1.262617743054117803e+01
-9.095772391383153632e+00,-1.055750193495219591e+01
9.793294734238726207e+00,1.570492814066211729e+01
-2.534843411929629919e+00,5.644794881568937051e+00
2.480416912393946571e+00,-6.521301659848620424e+00
1.329461015928425560e+01,1.231070847390558276e+00
-1.627961271205118621e+01,3.936744963092009719e+00
1.167070137517372075e+01,-9.540580012195054582e-01
1.348508854975999860e+01,-9.626636387183031829e+00
-1.079831816410019796e+00,-6.444340210641485989e+00
-9.401332358468728501e+00,4.318927018033940080e+00
-3.880717847012935984e+00,-1.678121141912639303e+01
-2.133954874555958448e+00,1.375456444785048404e+01
5.779088648259590677e+00,3.510892648402698768e+00
3.281266763126720942e+00,1.684861862308691727e+01
-7.851256165550025479e+00,-7.047748114752711679e+00
7.388930716279133115e+00,-1.189481456085087530e+01
2.668328823674826378e+00,-1.735594428918161469e+01
-8.872032211737868934e+00,1.470771897758635660e+01
4.432860610513182031e+00,-7.560464338391260419e+00
8.135134821781177195e+00,1.054863627291842043e+01
1.194125792497690064e+01,-1.050082092196793404e+01
6.465094581109947391e+00,-8.453907565434501947e-01
5.718088847164094268e+00,-1.269571228196403467e+01
-1.918821172091641269e+00,1.563025983364262927e+01
-7.800929579502651201e+00,-1.998126853983474283e-01
-8.465872350586728601e+00,-4.435510076349666875e+00
-6.867013344164893063e+00,7.146807094880721856e+00
5.114384624701333593e+00,1.118388334327600653e+01
-9.054380413400426875e+00,-1.235524374132839576e+01
-6.353842287047200443e+00,-1.479846355633457566e+00
1.482875968615305462e+00,8.702608372294248440e+00
6.785902516573146803e-01,1.048064146955807097e+01
1.271580746282507768e+01,8.148705883145133555e+00
1.306512804206811396e+01,4.842553564512027009e+00
8.593726395088131298e+00,-6.395501404392179845e-01
4.029912234378022262e+00,1.337278717185569477e+01
-1.518080359449813166e+01,-7.249387693115111553e+00
7.985638677743137848e+00,6.713879117128330520e+00
7.259985069619609988e+00,8.387596829967716161e+00
1.471270147138818807e+01,-6.716809158899730292e+00
1.031198854126098041e+01,1.754649929615887394e-01
1.211876226972467441e+00,-1.032819144085613372e+00
-1.150027559423791246e+01,-7.551032100222783150e-01
2.410691921744261723e+00,2.320978378563260947e+00
-7.087740130075526501e+00,3.597738120341412493e+00
3.736750364407041225e+00,-9.828535297534187976e+00
-5.460656089976571259e+00,-1.519895222555506820e+01
-2.120416868741813676e+00,-1.398622801185937448e+01
-3.766665519231733761e+00,1.539757526058927617e+01
5.634874043179716629e+00,-1.623746753311374746e+01
-7.715898880270251059e-01,-2.978732993437252397e+00
9.158466764365215340e+00,1.198777899601474850e+01
-8.183243865377253456e+00,-8.990816452974597084e+00
8.661583709273831033e+00,5.031100780258763727e+00
9.305456406273847847e+00,1.397390416465866103e+01
-6.240406424525583029e-01,1.197615398858458358e+00
4.291558270091200278e+00,-1.849821366693379332e+01
-3.807096527114494311e+00,-1.321857393987045270e+01
-2.222243979828982141e+00,-1.219980670734775607e+01
-1.041949784101274368e+01,-1.381129812267976043e+01
-6.872357612624435674e-01,-1.123172482379705528e+01
-1.895556131685981427e+01,1.168776962662340102e+00
-5.901209719709378909e+00,-3.309468223799470366e+00
-1.306231396498524511e+01,-2.663755704870773400e+00
1.861312898434121843e+00,-1.001659194802007491e+01
-1.516291406677524822e+00,7.524868048438430712e+00
5.366601511615577635e+00,-1.058177210327039397e+01
1.618895019866307550e+01,-5.690623649928008732e+00
-7.509989170103655853e-01,5.858557661329704125e+00
-4.261873686134995509e+00,-7.393657741308881093e+00
-9.455227289527201151e+00,-2.589698616316036706e+00
-7.857061810291500414e+00,5.200014016380440474e+00
-1.512861315733216117e+01,2.504498284041572820e+00
-6.023281127901665144e+00,-1.700202012490800740e+01
1.006734158202980467e+01,-1.707940491931021487e+00
1.686683053788658126e+00,-4.823996272744373925e+00
-5.004597769446943012e+00,1.667539950712639651e+01
4.793474134458056035e+00,-1.709032893632023153e+00
-5.066104801708802619e+00,6.958457920645568784e+00
1.236536666535785400e+01,-7.607172732727624620e+00
2.422279385837348364e+00,1.018845277682657802e+01
4.077789242752110077e+00,1.742400323205358870e+00
-6.707822681267755272e+00,-4.941755369316514823e+00
8.149330165846711438e+00,-9.896855791992445361e+00
-5.548973573257986125e+00,-1.279164134720564050e+01
-1.037492728626732763e+01,-1.559555087443895793e+01
-5.189011567659711499e-01,2.977354684769140558e+00
1.197605475886392234e+01,1.326173258146456213e+01
-5.655892928004441877e+00,1.425772390652085875e+01
3.656380152799837413e-01,7.291006482578102244e+00
-6.408805555051654279e-01,-1.202187347842324616e+00
-2.826971786561756517e+00,-1.429220017227265105e+00
5.931805489210175697e-01,-1.718519416786711318e+01
-1.150638897786551951e+01,7.828375858624387895e+00
-2.363665497264630655e-01,-4.770629428379390191e+00
1.796822068088018653e+01,-6.123212957586220639e+00
1.361889375623577259e+01,-2.182075058831058900e+00
-1.727403995720808538e+01,-7.492099806574326060e+00
5.502189119341418078e+00,8.452324611274832478e+00
6.171617894487823719e+00,-2.794226155410350465e+00
2.925278823611060730e+00,-1.150980954543472201e+01
-1.189190131913942672e+01,-1.012511084080561652e+01
4.538500692423666494e-01,4.498524218116225271e+00
5.127767593234340282e+00,-1.439314270889453162e+01
