-5.773669618088383970e+00,-3.691019276577490960e+00
1.665813909780463220e+01,-2.850029138282208496e+00
4.812476547413338857e+00,1.082461742624412437e+01
7.104402620747967134e+00,7.285425469699438494e+00
-1.061662797685369242e+01,1.572943513555662065e+01
1.990378996978994008e+00,-8.600451625600516792e+00
1.441897962294437674e+00,-3.999876728874631748e+00
-1.099624881638320506e+00,-1.632570659585608652e+01
8.295987710660122971e+00,-1.377922240013860389e+01
-4.282029041053590390e+00,-1.710155183518459410e+01
-1.761552326039910810e+01,-6.061655048649924993e+00
-1.185712247233685801e+01,1.083471264850304649e+01
-2.834653535449701778e+00,9.344070472755545254e+00
-4.725843073457732801e-01,1.497938703152477835e+01
2.589491677072408127e+00,-2.103599134702752060e+00
-1.137733946520958561e+01,3.636569149708537285e+00
5.104174117111837994e+00,-7.566116637195707817e+00
8.536280185696444534e+00,8.341589657092587373e+00
-4.744992861137332874e+00,-1.488947351232896921e+01
-1.255949784248237933e+01,-1.272660766363424756e+01
4.748299004084087116e+00,-1.046923614011902082e+01
-1.604609971741012586e+01,-4.856518933086384493e+00
-8.016713172424578815e+00,1.112442285354597327e-01
3.280003496192566370e+00,-7.388067096858495830e+00
1.063474345919630970e+01,-7.994152832719611190e+00
1.624562229237758260e+01,-9.470189002036746295e-01
-1.388435121870030375e+00,1.670659609993715478e+01
-3.387116709050965291e+00,-7.259245472720065706e+00
-1.071664876489525575e+01,1.247585409031005277e+01
-3.859944102324321391e-01,-1.103678934007263557e+01
-1.777375890506755818e+00,7.726307788184231029e+00
4.888331859716143590e+00,1.468165437764726278e+01
2.872474183274290827e+00,1.183594698683655189e+01
6.109062289558228720e+00,-6.094391305199147624e+00
9.573001227971003502e+00,1.512951101992855429e+00
-1.653711296947376042e+01,4.234169816555811039e+00
-5.956291789304987816e+00,1.078234280859355820e+01
2.468786335592259018e+00,1.004919715040637662e+01
8.991353014429589452e-01,1.128839343182435950e+00
-3.318509372659806722e+00,-1.377878207045965198e+01
6.624424613268569573e+00,1.113471872644350569e+01
1.802162313133832683e+01,-4.630101403505873514e-01
-1.200312954231957185e+01,7.218264631941699427e+00
1.515378384220461960e+01,8.557562059583883496e+00
7.573808360915375459e+00,2.041529925484541153e+00
1.668484580175079302e+01,4.985149386121277004e+00
-9.240027715239628181e-01,-3.028651134155563529e+00
-1.427799814396662015e+01,8.272842949692870818e+00
-3.175647823219460264e+00,4.019779559089373677e+00
-4.080793017727785355e+00,1.184883169396736990e+00
7.399182336798232340e-01,-1.590658640260836698e+01
9.218105875904999635e+00,3.234797979281811564e+00
-1.603196814354588895e+01,-8.534636504060580720e+00
4.909294440060515186e+00,6.419704158334739397e+00
3.026851626603603851e+00,3.470338874063530810e+00
1.783916001200856982e+01,6.467112828262904678e+00
1.093449619101003378e+01,-2.618591417887236705e+00
-2.294278310055434034e+00,1.500272800333950407e+01
-5.099854800054933968e+00,1.513851526560222993e+01
-4.349116237258427442e-01,2.780979896141797969e+00
1.016805346967339396e+01,9.427684115513120133e+00
7.469037367345750411e+00,3.856949469547122700e+00
-5.964163289075697705e+00,-1.651889880216833717e+01
-2.180714866897365489e+00,5.906475327471827796e+00
4.422354010816811787e+00,4.586604205646300336e+00
-1.353741639296365262e+00,-4.782350062755191367e+00
-1.732602488429401077e+01,6.631772481157366173e+00
5.690295448503907672e+00,-1.044055341247889235e+00
7.832609255821710192e+00,5.648367161743742315e+00
1.013226884145353601e+01,-1.287315197163879965e+01
-1.145675971221592704e+01,5.448298701820719181e+00
-1.645933415169626102e+00,-1.891416008226670797e+01
3.435729146462060513e+00,-1.278200836551557629e+01
-9.650190781543511065e+00,-9.188791214113510852e-01
-1.424480852537116427e+01,-7.462263002286690927e+00
5.925962335291910854e+00,-9.139062956689770090e+00
-6.768762345369465194e+00,3.286268847204888655e+00
1.972664668429189860e-01,-1.409600009100889650e+01
8.330515648132120532e+00,-1.139209457547762128e+01
-4.607659288790365792e+00,2.860720433702811594e+00
-1.496324185267856599e+01,1.111880244013503116e+01
-8.412474848547445205e+00,-1.452687715418701941e+01
-3.988785615174011756e+00,5.653242251146882502e+00
5.140105046845069303e+00,-1.230160704778913150e+01
-9.983774214612648024e+00,1.079249607394991983e+01
4.768736848576236476e+00,-1.570655017630745576e+01
9.617160395485688795e-01,1.605035915308480554e+01
2.537036558343005233e+00,-5.415328064555159138e+00
-3.793626512618954116e+00,-4.522723008530671329e+00
-5.339581830898581849e+00,4.506416072793466121e+00
9.254912746717001149e-01,1.371007960966140438e+01
2.777428620101414669e+00,1.408437870840971051e+00
1.492798935292264062e+01,4.461428345311093224e+00
1.843676347279564354e+01,4.572623725984859888e+00
1.175279121757688650e+01,-1.492104693922357583e+01
-1.431858032839729766e+01,-5.623334847558668415e+00
-1.368790615543156841e+00,4.274082379780484331e+00
1.131132532854845074e+01,1.082444405792692166e+01
-9.852072678092012481e+00,2.704773090439482885e+00
-1.692952990446098815e-01,-7.413681865348339173e+00
1.205884999179567352e+01,1.249947558269334458e+01
1.697713015014176108e+01,3.206097708892728271e+00
6.926239059901736717e+00,-7.638998374839057526e+00
-7.137686826618828917e+00,9.465872929545342984e+00
-2.795528132775983554e+00,-1.162982599094149627e+01
-6.636349134937777894e-01,-1.182148250349384977e+00
6.541101256300251521e+00,-1.079627856534179919e+01
-8.332403603195356112e+00,6.549659505252921399e+00
-7.393119999351325689e+00,1.200343915290468111e+01
1.302673318264736535e+00,-1.033536900635030698e+01
-1.022084255196299640e+00,9.319942437521234524e+00
6.877905067440766906e+00,-1.261810078507181743e+01
1.399183104310524728e+00,6.527553817785218371e+00
8.241069395942046683e+00,-3.213931252461540655e+00
-2.335823076532428100e-01,-9.260314069931236958e+00
1.303657231750101353e+01,4.569343638437854516e+00
-1.254472264513614022e+01,-8.138544961189502658e+00
-5.980352559685675473e+00,1.661044292382945597e+00
6.829243202635795207e+00,-4.421886935757228798e+00
5.070159715320663452e+00,1.261121833371604595e+01
1.414055081681168247e+01,2.917228164847656680e-01
5.518048683574743762e+00,8.142287075940643604e+00
3.196582827006851701e+00,-4.071951728831373907e-01
-8.456945652689286774e+00,-1.035194028023693313e+01
8.369029016790344500e+00,8.071804121311195596e-03
7.472023187677326872e-01,-2.329010937242282697e+00
1.163569227138176387e+01,-9.720331554342370950e+00
1.103899736555612776e+01,3.235284023344110249e+00
1.414029319531934092e+01,1.216387048489642453e+01
6.612896840663689879e+00,5.111177612165541673e-01
1.182945774510596415e+01,-1.087864931461471008e+00
6.264525717731215249e-01,9.920100138244803745e+00
-6.403321370052244887e+00,-5.370906056323574873e+00
-5.638055515933153572e+00,6.287124056087624702e+00
3.343288288270483410e-01,-5.469352775917578846e+00
-8.884377748210022574e+00,-4.124554766902352121e+00
9.263734733990178327e+00,6.716600048708635917e+00
-1.093655724186754519e+01,-1.387740495021966858e+01
2.933792828438360978e+00,-1.525655774230712858e+01
6.877587381403172273e+00,9.355075055895891722e+00
-1.337877767163201614e+00,1.297739188265898846e+01
1.715749281848761854e+01,8.129569760058544148e+00
-6.125440321513744735e+00,-7.224593859448817490e+00
-1.497945676981936458e+01,-5.515791182894607125e-01
-1.480886059194350146e+01,1.695527479792870107e+00
-4.662568193679735629e+00,9.277557947186961584e+00
4.822821022782460609e+00,5.651358364710075133e-01
-1.634151746613472866e+01,7.128421148345254199e-01
-7.410922653422455042e+00,-1.304042725120670454e+01
1.284472205214659102e+00,-1.210954764162148578e+01
-2.965226405706154367e+00,-1.574347352496247510e+01
1.289691690865603668e+01,-1.311641253994220691e+01
-7.095108043676377818e+00,5.247230037049983586e+00
1.160685384964890154e+01,-5.831022092205620844e+00
1.541682120323597527e+00,-6.867008373555960610e+00
-7.983776757398594603e-02,5.550589073546881025e+00
-1.827196774512037081e+01,4.684456588846860114e+00
2.985064564624110073e+00,5.720877472184138668e+00
-9.502190525605374916e+00,-1.184038762732395966e+01
-1.043570496334642073e+01,-2.554866461390132404e+00
-1.739081186443518723e+00,-8.321818838933275231e+00
-1.367285893396119079e+01,6.501199071871629265e+00
-3.133998861973487315e+00,1.750676547217382506e+01
-1.127779453517363883e+01,1.644829986196280958e+00
-6.496389411258671309e+00,-1.458274332084046065e+01
-1.633781467891768102e+01,-3.106305517732944388e+00
5.805485635783379728e+00,3.298157591684168111e+00
1.017809962198997020e+01,-2.430751424388269133e-01
1.371059022666802285e+01,-4.574518455716487964e+00
1.559514181362105134e+01,-4.422447073852636024e+00
2.273598745526827170e+00,1.487260884431852936e+01
-5.161856083515951710e+00,-8.767958547230829680e+00
2.193122931083693938e+00,-1.693691603602107776e+01
9.744171324333647632e+00,-1.486180901113167252e+01
5.058725294911799786e+00,-4.262966222977207842e+00
1.703786030596345258e+00,8.320285900483931130e+00
1.163913642448336994e+01,8.477812919460319563e+00
3.744107714533104758e+00,-1.787085002350705665e+01
9.294559070517461663e+00,-1.785159141431646335e+00
1.466521082605631499e+01,-1.197658378588865524e+01
-1.356165345956622481e+01,-3.830872697490164569e+00
-1.065302755459134509e+01,-4.324174038692305544e+00
-1.585568015264595232e+01,-6.735268858504416478e+00
-1.440463105725106607e-02,-1.802582013469874767e+01
-1.007462137394768220e+01,-6.016817831693151319e+00
-6.844822563598086163e+00,-1.283784788236666419e+00
-1.309695215310813410e+01,4.057845846179060523e+00
4.266317258284471947e+00,-5.852353417026196603e+00
7.457783103403248681e+00,-1.536037867715092764e+00
-5.471853760427192626e+00,-1.015264980494130359e-01
-3.631586424682023750e+00,7.477308950810871657e+00
-7.403806143841942244e+00,-2.967668441730479056e+00
-9.642282465343001263e+00,8.473558358520869582e-01
-9.601398107235933566e+00,5.181803271563707902e+00
9.889235110536144902e+00,-9.980150133138193880e+00
-1.304411316278601873e+01,1.344617820536507802e+00
-6.847575998829774413e+00,-9.532609892005542207e+00
3.531550971500732938e+00,1.348370029318255092e+01
4.005307848641682433e+00,9.145275746363774161e+00
7.703225338463452587e+00,-9.265157263173477986e+00
3.256208271216193495e+00,-3.744206805966685536e+00
4.337654103281708196e+00,-2.334316512802526056e+00
1.945301361575994648e+00,-1.378093818183113228e+01
6.702536922494194194e+00,-1.492168796287525012e+01
1.335154948319630774e+00,2.856776977574315701e+00
-4.734361881911555159e+00,-6.058585615658492074e+00
-1.616206087859045182e+00,-1.452418800875394922e+01
-1.150769141131769580e+01,-7.616886087110360526e-01
-2.578688519263940826e+00,1.117871844006723059e+01
-5.168459815859515416e+00,-1.306121614330254843e+01
9.928820193745583111e+00,4.870261381087650499e+00
-1.324300374856970208e+01,-1.322229023276545901e+00
1.487356687614762407e+01,-2.484067970799915592e+00
1.375542906066040683e+00,-6.399223885815195079e-01
-1.388881124277593582e+00,-1.273111208554103690e+01
-7.796527115025793542e+00,-6.494561212186804156e+00
1.858350146453476270e+01,-3.925182259220511671e+00
-4.911197400702345561e+00,-1.116521523063312848e+01
8.481054333601973028e+00,-5.177056744658481868e+00
-1.415178479654874977e+01,-9.308552805748155023e+00
4.355542734439739050e+00,2.282184111919303149e+00
-5.950399178275008971e+00,8.081971638621876508e+00
6.935902454921241578e+00,1.390136242739606232e+01
-1.683845693964509849e+01,-1.042139236312266570e+00
-8.470943113878952602e+00,3.832363974960972808e+00
-4.252612405585331601e+00,-2.805792615904126208e+00
1.338570306110311670e+01,8.041176948978899119e+00
-1.471611201969210114e+01,-2.387841995835968678e+00
-1.769447795560758818e+00,-6.553642149921174997e+00
6.140888527461364710e+00,-2.746419027661768375e+00
-2.360307731768152006e+00,2.289354022055327675e+00
-2.524494300629028576e+00,-2.181708804451767847e+00
2.938998437466509905e+00,1.734754458106542785e+01
2.947435931840738377e+00,-1.097650466828607918e+01
-2.260461374633923270e+00,-2.949390773646030639e-01
7.000105207329823997e+00,1.756135277435899766e+01
3.393867201152524160e+00,7.462102912675750765e+00
-1.220389481941356991e+01,-5.204928588371158682e+00
1.148306254092128675e+01,1.541453343542046106e+00
1.106371559836748730e+01,6.782653328201726062e+00
9.864939372521613237e+00,-4.050923805271337663e+00
9.850351137509063548e+00,-6.358904020429134718e+00
3.029983130036280684e-02,7.775585567865854308e+00
1.005088032131826070e+00,1.172502819161716481e+01
-1.808310769572677401e+01,-3.764732219279426584e+00
-3.379450123969859998e+00,-9.030582362100796345e+00
-1.933339795535222505e+00,-1.009520144639028061e+01
1.202634568738985976e+01,-4.030696231680328978e+00
1.294714967550671680e+01,-7.039241582212937054e+00
1.286788407325869699e+01,6.319721063686943197e+00
8.943991748949855491e+00,1.090154128849277448e+01
6.134500660864807386e+00,5.081543113207355411e+00
-3.876608871365640141e+00,-1.037030318640437043e+00
-1.015819754988985935e+01,6.992750282944673934e+00
-1.026183577153578108e+00,9.903833739690508509e-01
-1.529630095668188794e+01,5.754038040971856560e+00
