-9.417977685017346445e+00,1.003342106050522098e+01
1.203693122439322494e+01,-1.468916177875911266e+01
-6.946489836487435454e+00,-1.291020130055020410e+01
1.453916108830851250e+01,-6.049979052200862739e+00
-3.580934611413665980e+00,1.280593289869458862e-01
-8.745976321921238750e+00,8.290796836590947905e+00
-1.348435296504242409e+01,-1.579599480618971485e+00
4.196675971986581821e+00,-1.183319438087034392e+01
1.290528320501948478e+01,-1.738895430986961976e+00
1.036683836864035690e+01,-1.142146022456442012e+01
8.468932496349379946e+00,1.355915191760130156e+01
4.212993061481050461e+00,8.638127438480974973e+00
1.273646229165519728e+00,-3.463654484344969475e+00
6.815299212139055207e+00,-9.153548058226517181e-01
1.130873634399427985e+01,6.406144660372095068e+00
1.198210547318521968e+01,1.832434406923652226e+00
7.855981962392346141e+00,1.046668298192881785e+01
1.841376698218080366e+00,1.625155041865950167e+01
-1.687196423004570889e+01,5.340945175450699800e+00
2.633565427333333098e+00,-8.680506662645335325e+00
2.624059014000579726e+00,1.459308703744248525e+01
2.386401654584180410e+00,5.531887012413362115e+00
-2.552263909420994459e+00,1.142983949623662276e+01
-7.252729215624988957e-01,6.924545678183608999e+00
-4.785139942636829957e+00,-1.157581326402854938e+00
5.774062548305808562e+00,-1.384656871485898222e+01
1.294878225708308572e-01,1.352577128236120974e+00
-1.880572498157723205e+00,8.246194938361654181e+00
-1.619344015649536317e+01,-3.761197523446757618e-01
-1.186397476773294279e+01,4.491741179531929085e+00
-5.202256924418166228e+00,-6.418710713964931536e+00
9.389554369648387411e-01,1.002380985179733841e+01
-1.406723686184126976e+01,-4.528696190835407087e+00
-1.127955115279002918e+01,-8.323770272068600207e+00
-5.206900940650533549e+00,9.601163825831277032e-01
3.016551790842065817e+00,-1.040145173777247933e+01
1.007097145639920299e+01,1.360805104509572150e+00
1.313027702355955206e+01,6.633341862763667329e+00
2.414615911054406039e-01,1.731844123721540640e+01
-1.723240091643233995e+01,1.239617706433878697e+00
1.052844213350351138e-01,-6.344102908354814829e+00
-1.119132108859674624e+01,9.736858821367162520e+00
3.414235724414274031e+00,-5.069432329866180309e-01
-1.907073745582344326e+00,7.182495007722882185e-01
-1.254002389116207361e+01,6.134966440466175897e+00
1.165554175776608226e+01,-4.717635977501403843e+00
-1.032937293320888372e+01,3.094817891134758470e-01
-2.632631384011079878e-01,1.131717635892613671e+01
-1.740984486098488215e+00,-1.594353482614962303e+01
6.425872937657436168e+00,6.343489738442638526e+00
-4.816452723192879759e+00,1.045677673812588182e+01
6.838819726127439047e+00,-1.242379000143107604e+01
5.932739493825242016e-01,5.574931963039387206e+00
8.353992813625465530e+00,-1.545429644833104277e+01
-1.709753668686948336e+00,-5.377164009050154903e+00
2.535266218516795123e-01,-2.026142588426283364e+00
-8.260633219539814220e+00,1.148937633892432508e+01
-6.112830824293609133e+00,-2.564087056961149802e+00
4.864979625724029866e+00,-3.765353355019132042e+00
9.740832203480499274e+00,-8.359059626131906118e-01
-1.335868954699238609e+00,2.398720613959749670e+00
8.158306728866469015e+00,5.709770970582682459e+00
7.321659827228770290e+00,1.220435252231681922e+01
-1.044958112049596544e+01,-1.396731257825182837e+01
-7.028261767902518997e+00,9.309777316703726768e-01
1.987020420830349243e+00,-1.549565326537324816e+00
3.657729674744749637e+00,1.864422998248006991e+01
-1.475221719251097774e+01,9.029432567156431944e+00
6.558794959157864923e+00,-6.599367813846146902e+00
-4.711972626886200999e+00,1.650473602439378951e+01
-5.903032467290911356e+00,-1.782290886187896106e+01
-7.795808105447564529e+00,-8.702614157180436294e+00
-7.468196607510850349e+00,7.024732104930301091e+00
9.825922087321611542e+00,4.993633407078768904e+00
-1.955042697280294117e+00,-1.397665437230310381e+01
-1.048438803676766895e+01,-1.573597410115066531e+01
-3.456539491334580827e+00,-6.120168140781365729e+00
5.153969030845865440e+00,-8.721137149054367099e-02
5.084102689042495626e+00,3.494656339090379316e+00
-1.300022641397716860e+01,-1.212891143086592827e+01
3.243605815112560631e+00,3.217855835042574331e+00
-2.964406656945151930e+00,1.438889813716044053e+01
8.913994913661571928e+00,8.956413893890617928e+00
5.070932156987808526e+00,-5.570010932249794600e+00
-1.236492818365860380e+01,1.434897938635174519e+01
-9.759145363822559816e+00,-1.403971881522785292e+00
-1.584751285864416026e+01,-5.235640417303469185e+00
-1.013171427285090509e+01,-4.723368793947324562e+00
5.408128967179142599e+00,-2.025810669767070138e+00
9.242209705437000267e+00,1.167412729913417913e+01
4.802854388166892363e+00,-9.675244051686565427e+00
-2.005358067603006944e+00,-1.217714242114172407e+01
1.097420447748056915e+01,1.335381768360518784e+01
1.347529673794202942e+01,-3.495777926167277894e+00
-1.209884822664243575e+00,-3.033030745665158623e+00
1.665014126616432577e+01,7.304302495958392427e+00
-8.669862919581376559e+00,-6.785282957126500314e+00
5.036886143025935070e+00,1.691558239313459611e+00
-8.734987495991763495e+00,-1.320540695820486299e+01
5.974105050410468465e+00,8.076669547659902193e+00
1.456970592442876367e+01,-3.253140613671063885e-01
1.474093704676143535e+00,4.025893044089110973e+00
8.460962154335993191e+00,-1.359720179220626690e+01
-1.245880130520370344e+01,-6.085019971046366827e+00
9.892298951813980779e+00,-5.185805938368686974e+00
1.696679199612609068e+01,-4.429753921684278950e+00
1.282426485331616917e+01,-9.679047272772773880e+00
-3.326131309063905750e+00,5.165125699760304556e+00
-2.772857054397174892e+00,-3.938277652575960186e+00
-1.058168392429087135e+01,-6.566967480708774119e+00
8.316573603552386729e+00,-1.915733873850057112e+00
8.307973549659211088e+00,2.891527707571054928e-01
1.129618611725883603e+01,4.771399383824593415e-02
8.236330090061358078e+00,3.901135968348402372e+00
1.517116728133744097e+01,-4.308913119004956549e+00
1.523554430864512277e+01,3.856927667033467344e+00
2.361797506065841379e+00,1.276216298389870474e+01
-1.118069478871069045e+01,-3.195384456702844211e+00
9.200039568303528981e+00,-6.867859852927075792e+00
9.835988655759790866e-01,-1.865260817536994864e+01
-1.567579166344188657e+01,2.116082261380592744e+00
-4.512704730312473878e+00,-4.712222161903005357e+00
1.080794609854613730e+00,7.327286541170879630e+00
1.341980810595036466e+01,3.095539193392747190e+00
-3.347873931509170564e+00,-1.522197135862007755e+01
-8.855868337452751149e+00,3.554793138604561253e+00
-7.964320932897714478e+00,-1.914532098844648145e+00
8.407045443600365431e+00,2.067682416696313474e+00
1.340529575351700764e+01,-1.346068957915333897e+01
9.536113122134807440e+00,6.819979519585621652e+00
-6.836180727429202797e+00,-7.165875400257524674e+00
-8.342907532750583499e+00,1.706387681688602598e+01
-6.444138153175417827e+00,-1.592899068862284118e+01
-3.301286315516912540e-01,3.911714938697747446e+00
8.504188926940926541e-01,1.376802906744939037e+01
3.536405046131096075e+00,1.684006462805943727e+01
-1.065712167614891070e+00,-9.640606952029916243e+00
-1.715534183785949907e+01,7.193572622878750877e+00
6.178242297549343398e+00,9.842650142672741964e+00
-9.728580606713203238e+00,6.721302688077566145e+00
-6.172641510201739123e+00,-9.705127290447794763e+00
4.093741585096248414e+00,4.943406004327076886e+00
1.515827318217943365e+01,-2.156136292870575399e+00
-1.062233708949583466e+01,3.033252968591819254e+00
-1.637972106241014414e+00,1.555765330855541073e+01
3.643469477943578116e+00,-2.276972486746267510e+00
-5.366415692676725691e+00,2.885529964983068574e+00
6.457535647424844649e-01,-1.426249799363265680e+01
9.370668652699272627e+00,-8.854893859887745577e+00
-1.191615830911576346e+01,1.136898858218351904e+00
-1.156701983130150069e+01,7.923289294282017892e+00
-9.123070934410915100e+00,1.624722526962885549e+00
-5.218613754109465042e+00,-8.214840091270410483e+00
6.676030987817818563e+00,9.861741654253536327e-01
2.954131877950421536e+00,7.261913455448843813e+00
1.701258331647861777e+00,2.747044804538743001e-01
4.640988572526643097e+00,1.094352059938218069e+01
-1.438628593300784608e+01,-6.358656457574659804e+00
-1.249714548392784508e+01,2.813516188856425515e+00
1.039220055288359035e+00,-9.466967866081080984e+00
7.756754149274184051e+00,-7.972149498856681227e+00
6.174177584533060426e+00,1.530356225264363701e+01
-1.435376024162816044e+01,-2.322904445320738386e-03
4.650026690168422405e+00,6.624320066607658042e+00
8.131096557062184260e+00,-3.677101316703149436e+00
-1.503238341148181689e+01,5.236755499726784890e+00
7.788265413737209819e+00,7.557455232319759908e+00
8.591121181034257148e+00,-1.181060071265662259e+01
-1.797887132782729580e+01,-5.616927639414369677e-01
-1.310989817960540194e+01,-7.865157675429641948e+00
-2.820211663443263905e+00,-1.007077941162532397e+01
-8.354982687609890490e+00,5.352314984293126798e+00
2.410945603934274928e+00,8.969131406011529251e+00
-6.554495195307091571e+00,-8.135802297511779413e-01
1.101897754671159468e+01,-1.319876776255555129e+01
1.454146722871255903e+00,-1.124284434486081885e+01
-5.173809805063787515e+00,5.105240421238603332e+00
-7.357256773995097809e+00,1.310270900734658106e+01
-4.561215490766078240e+00,-1.053687576534032111e+01
-1.750106249752874099e+00,-7.206350840549657022e+00
-9.287432668883685238e+00,-1.136060153252465277e+01
-1.313755610229613735e+00,-1.071632595095028284e+00
1.215202958393612143e+01,-1.142428242750988687e+01
-1.531662331015870571e+01,6.963061164190858854e+00
-7.276219832653933572e+00,2.670234906313171841e+00
-4.469337282670479361e+00,8.257959592180924346e+00
-8.991507511847990131e+00,-3.370546170489824522e+00
-1.919531634879116933e-01,-8.097469372305219792e+00
-1.632361154102585488e+01,-2.189074408023282015e+00
2.522178534695232344e+00,1.098992533033366570e+01
1.295089477064824557e+01,4.819653036186407391e+00
-3.058939754766178964e+00,-1.605566067024368770e+00
1.573527005051458705e+00,-5.219864974911003763e+00
6.595446931391216516e+00,4.595469345354402435e+00
1.096644617083724427e+01,-9.701664737505049985e+00
-7.602426857237420954e+00,9.862981986147579150e+00
9.926339128348892871e+00,-3.292610022308771534e+00
-1.498240837388718161e+00,5.239953480261800856e+00
-3.060056822092458439e+00,1.875071190825312684e+01
1.699916498205527704e+00,2.187682377245590892e+00
-4.720128642733317115e+00,-1.652881707897338970e+01
2.040637301198912623e-01,1.546745374480544299e+01
-2.804086085248835847e+00,-1.739485074873838499e+01
-5.708710305733680102e+00,6.873563375385950636e+00
5.569564793877320064e+00,1.255147015691455614e+01
3.249320646339932228e+00,-5.773405473329524362e+00
-1.784665233825150565e+01,-3.245821882230716771e+00
-1.352137756708336980e+01,1.300630753865881850e+01
-6.329947984367512603e+00,8.551313353837914022e+00
-3.184815043314582983e+00,9.568365700783489913e+00
3.082714313099195635e+00,-3.982481215510293104e+00
-5.309068521078785352e+00,-1.223623762301997608e+01
-1.006206657591179443e+01,1.194755408607153946e+01
1.845652755984698246e+00,-6.998431874800026264e+00
-1.789397822133791749e+01,-5.155976485221084538e+00
1.000232354675442892e+01,3.248731095544358016e+00
3.240286745554662673e+00,1.291519326294626291e+00
7.968824771567576626e+00,-5.428461033543196201e+00
1.079424053831962382e+01,1.071300673386911839e+01
-1.357189827514559433e+01,7.689666058545084226e+00
-8.570645797792375120e+00,-5.857226534098093629e-02
4.593753408189167331e+00,-1.536099604514935635e+01
-3.529191597472792763e-01,-1.132244258954933258e+01
-2.904994164272764579e+00,1.677405545612892368e+01
-7.530501048865851921e+00,-1.099770531249794558e+01
-3.448087665937453306e+00,-8.020365306450564447e+00
3.895296073519873392e+00,-1.369352087079458258e+01
1.114780243892187173e+01,-1.995896536484992101e+00
-1.481853064192893532e+00,1.339531411726823329e+01
-1.037400475688758372e-01,-4.565763811599529376e+00
-1.485943212388582291e+00,1.000815522416656123e+01
-3.125585978955604194e+00,6.973686750505628140e+00
-3.945795061158770434e+00,-1.344752946624651102e+01
-1.482471768312653593e+00,1.780731623836109279e+01
-6.832302588887130490e+00,4.445454671366256605e+00
-2.769473499572227215e+00,3.419265198626296520e+00
-9.558865125994186585e+00,-8.766048615299409263e+00
-1.422409596426965628e+01,3.605937088757286801e+00
-1.398990779006021312e-01,8.628789521721671463e+00
4.001466166511155720e+00,1.349740260417050486e+01
-8.119914057073682301e+00,-5.003903698088224772e+00
-6.319578587848181606e+00,-4.982717398935496256e+00
-6.529083206907251302e+00,1.696665093968243454e+01
1.402561286187068390e+01,-1.179278057776690680e+01
-4.695053904039322212e+00,1.474699187791589239e+01
1.371149275516092381e+01,1.330596857883651341e+00
4.328110512425904055e+00,1.523832918147426874e+01
-3.743256565442782957e+00,1.955567377811673335e+00
3.967036488258547156e+00,-7.467178858077591741e+00
-4.324206100192100166e+00,-2.914278264924805573e+00
6.795321833560597824e+00,2.821659198104854660e+00
7.949913322565236307e+00,-1.004333172499429772e+01
-1.151626784997705855e+01,-1.418408831506008383e+00
1.229891348632361137e+01,1.201416363865376447e+01
-1.394887236332570701e+01,1.732092368257597270e+00
-1.008645395731026007e+01,4.982899102671423108e+00
