1.293515879396096802e+00,1.442626257268967471e+01
-2.840622009682180149e+00,1.384610964853504766e+00
-3.855021823341499981e-02,1.071120837987973218e+01
-4.893351559514937499e+00,-1.424427847637001321e+01
-7.628025698146902123e+00,-3.331009614871180080e+00
-7.113302500011256413e+00,-6.927813476694121952e+00
1.736496049451613644e+01,1.575659422650525610e+00
1.549753511148228746e+01,2.708075750973782281e+00
-1.401797652479543999e+01,-5.511062972430606166e+00
-9.737350419376380462e-01,9.560609500515812043e-01
2.525205614874166393e+00,1.950392201871351539e+00
5.126856992046223027e+00,-5.799859637610581764e+00
1.036667416900156979e+01,6.692767508920525188e+00
-3.405999118110371704e+00,7.582817362505258174e+00
2.838034292673543776e-02,8.319433172358708717e+00
-1.047681451766404770e+01,-5.783484528025198301e+00
4.699449410167898300e+00,-1.339080260038774739e+01
-7.981642550905879929e+00,7.205389363140429992e+00
1.033095100435143721e+01,-2.246691141064812047e+00
-6.856047172198915796e+00,-1.606866930611842603e+00
-9.081031519158855758e+00,5.202135938340239463e+00
-1.786212384337157033e+01,-6.471721183404241629e+00
-7.721617247894684510e+00,1.235967035609864428e+00
8.881607578363384548e+00,1.199441891813124172e+01
-2.415185649580397609e+00,-2.934115625410854467e+00
-3.360470838316653719e+00,1.364682761953648793e+01
-4.304727223377497580e+00,-1.646259681453113544e+01
1.410536378017923864e+00,9.465548588301524902e+00
-1.010224295395241256e+01,1.171333155894892819e+01
4.624804445643213135e+00,1.128978726779061859e+01
-1.173465099919177135e+00,-1.194857997284069739e+01
-6.589496855170205336e+00,-8.680928824010127443e+00
4.421768631176856701e+00,-1.155896462037613937e+01
-3.021482078591976261e+00,-4.709710415628150848e+00
-1.207592511974011629e+01,-8.972113922480390968e+00
1.737159277313637062e+01,-5.810662643061574872e-01
-4.846557011402508941e+00,1.055942696462738617e+01
9.403027525831685551e+00,2.580726621685876410e+00
-1.536145737343088236e+01,1.466558679848808611e+00
7.964541036307527300e+00,-8.042311874784866532e+00
-2.885977660921864585e-01,-1.409017417054917232e+01
3.043877623612446293e+00,-1.030032828321277449e+01
1.039879358063801540e+01,4.817151414856581049e+00
-1.247084872262317035e+01,-4.557299854989817156e+00
-8.207139242299057003e+00,1.009390875676048260e+01
-1.298618650774169581e+01,5.310022777747537504e+00
1.197197294302508475e+01,1.415773250816100770e+01
7.698690391672048605e+00,2.110133799377367225e+00
1.366959089744354650e+01,1.151330928144057175e+01
-5.428860214703534304e+00,1.822363806121166219e+00
1.618714387372348407e+00,-5.109442758850126332e+00
-5.838821457081134092e+00,-3.518735375575691382e+00
-1.387407495645504163e+01,-9.414619027433838383e+00
5.466767125920578785e+00,-7.608099263855198302e+00
-1.214598798529158330e+01,-1.279950581852923541e+01
-1.343566729093557299e+01,1.010220973986224635e+01
-8.579594242786011904e+00,-5.870056371386389138e+00
-1.330215251328024095e+00,9.429982187033253638e+00
1.114721959312754684e+01,2.904744678577211303e+00
6.642889319816101867e+00,3.552343057453891007e+00
3.011457993516496234e+00,7.588903618749197832e+00
1.512915784285644705e+01,-3.049741649133645982e+00
8.509125544013885545e+00,6.559106270927316906e+00
-6.594966544141593445e+00,-5.152605132506822727e+00
6.855616402029958145e-01,-1.147076288523212417e+00
-1.553791723640191513e+01,-8.793266923435361093e+00
-6.291327442004180703e+00,3.399052141404509175e+00
-3.893278770462629712e+00,1.855028173369321820e+01
5.165707503728946826e+00,2.556430894021018752e+00
1.198032328023975523e+01,-5.257412517848647937e+00
-3.607449625766541157e+00,-6.419664015543805391e+00
1.555916399043828413e+01,-9.538689607857004926e-01
-1.297694973657030104e+01,-7.306901146165463601e+00
1.406775570638138539e+01,1.268986177468846288e-02
-4.945205982860612082e+00,-1.193256667210192923e+01
1.973756012589474196e+00,-6.824663854974284405e+00
-1.220260473268512058e+00,-4.314823890227397207e+00
-3.354687396003828703e-01,-1.735790136901752589e+01
1.896127655990505145e+00,-2.533685787409236223e+00
-1.582103777848132387e+00,7.503103708563878094e+00
1.311462368438895076e+00,6.990797225024812711e+00
7.612476760009650789e+00,9.952537384542164745e+00
5.190746745284494423e+00,4.669166252709853637e+00
1.467480844360901493e+01,4.286048855287880599e+00
3.441783754450885802e+00,-1.546008250507803439e+00
-1.776023141567414498e+01,-3.889870945355640153e+00
8.924392723296520558e+00,-1.001765929506757136e+00
1.570258227108935323e+01,9.451760376380844875e+00
6.567672915856140214e+00,-1.037904012218654470e+00
-2.280849408832554825e+00,-1.348778412726626286e+01
-8.225501862363600480e+00,-1.504719573188033621e+01
4.419162390471831792e+00,-1.681114660327297017e+01
-3.178062494825794282e+00,9.404029619204262502e+00
3.217307479402387038e+00,2.734801847180622358e-01
-1.343482284321494902e+01,-2.019362036205075928e+00
-1.049949453010569123e+01,-9.849881046325398515e+00
1.067185624086670259e+01,-4.576519975298422027e-01
-1.012296866352354208e+01,-4.192270853820484477e-01
8.580519075891960057e+00,-2.739984344835640684e+00
-3.220936459242126571e+00,-9.551798223368679785e+00
-1.478823009286321621e+01,-7.156481505978547375e+00
-1.849210208804957442e-02,-5.905830110351790729e+00
5.098844471710736848e+00,-2.163646662874273652e+00
1.204547282366390348e+01,-1.650771203714142210e+00
8.384099908343621621e+00,8.369283985953485328e+00
-1.642973432581132087e+01,3.162631752931610141e+00
1.383035031959534322e+01,-1.837889386986015339e+00
-7.396598828943757864e-01,5.876358228807746720e+00
-1.716743862685304833e+01,-8.129883278867465535e+00
-1.380105033956016358e+00,1.790196489306300975e+01
-8.215047685863007487e+00,1.188978078445076747e+01
-9.664538716242949690e+00,1.336720080385034537e+00
1.297865945278493882e+01,5.081253667836749699e+00
1.305456365004701524e+01,8.933832497924717231e+00
1.318801358268360868e+00,-1.491394047913516374e+01
-7.324650219446168009e+00,-1.341889959183580139e+01
1.104644924435437403e+01,-1.432046143750010003e+01
1.700804191739467441e+01,8.029481988428997852e+00
2.890564425133977711e+00,-1.388574876845319572e+01
-8.033824552896678739e+00,1.589444771944606138e+01
7.811952816179637438e+00,-1.259074753148568959e+01
2.238542615110326484e+00,-1.885951538342970224e+01
1.458280991451219322e+01,6.179452615155383910e+00
-1.616294847924953970e+01,-5.878917859202354990e+00
1.007985585883067436e+01,-9.895889133749191657e+00
4.908035150064810281e+00,-4.032150112110687856e-01
-2.917921063267817416e+00,-1.137171027426109582e+01
8.688117328549365581e+00,-6.366647245496076302e+00
-1.093406198831422849e+01,-7.582080898693960513e+00
1.214839783693248343e+01,-1.285303933767482221e+01
1.655972143421195808e+00,-1.140436387718454547e+01
6.445798690018981425e+00,-1.369905720314783260e+01
1.044169750623424520e+01,-6.138756162008355943e+00
-7.573822052287352280e-01,1.623940840474693914e+01
6.719209703081095775e+00,-4.661558153616209843e+00
1.503847330539398186e+01,-6.722987138353338388e+00
4.951287919511822899e+00,-1.512925969689378825e+01
-5.074576802580751611e+00,-9.945514417535219920e+00
-4.807393063104674624e+00,6.335056012122460167e+00
3.585414250043012618e+00,3.433623627985198823e+00
3.973454999166586621e+00,9.579531434489576114e+00
-1.691461158351514626e+01,2.969021697659127712e-01
-1.590405602831499543e+01,-1.226550674170863831e+00
5.826853415061787445e+00,-1.806902141460298594e+01
7.268980100077788720e+00,5.301045248302409085e+00
1.133070450746957647e+01,-1.118549155251130145e+01
5.077939066081035513e+00,-3.986274472883126307e+00
1.783747275511768038e+01,-6.444365286314281960e+00
-6.540999174709417829e+00,9.384308501873865893e+00
1.221568255461784602e+01,-3.468499166885744778e+00
4.441073370046069613e+00,-9.095823323940711802e+00
9.535849650250542098e+00,-1.160266880052336980e+01
2.807038539950005962e+00,5.093010175061372102e+00
-9.780246246830392565e+00,3.548461364379185135e+00
2.987536280589608850e+00,-1.572404806056152538e+01
5.717068126145051998e+00,9.823651981269968303e+00
6.500565794709342704e+00,-9.149286781139450042e+00
5.924796457203885147e+00,6.548353203834803793e+00
-3.347747923030636397e+00,-1.139248017770220889e+00
2.624699088351198029e+00,1.074284943574882156e+01
1.736219434063809297e+00,3.527372623875602908e+00
-4.847475461701356458e+00,8.801016013027634699e+00
9.408863554701158094e+00,1.023224290836149386e+01
-1.132087055985465796e+01,2.469745622260393070e+00
-1.577263424541889592e+01,-3.193505388840686354e+00
4.803771075302458726e-01,-3.739626247686807847e+00
-1.419814349931870723e+01,-4.108055897280475377e-01
1.030057483809548557e+01,-4.055688663595780952e+00
6.106857610489691446e+00,-1.092826920021019710e+01
-1.538604335334540529e+01,5.214863827660827234e+00
-3.194545797434861889e+00,-1.502436440802146400e+01
-9.917413687594828886e+00,-1.439277468849854458e+01
1.295470433987397474e+00,-1.313637345872772144e+01
9.238044549887325374e-01,5.168198486057622887e+00
-3.938647296759617777e+00,2.903411849163739067e+00
-1.149188973546532999e+01,7.193996705731375840e-01
6.595164246702917232e+00,8.202444976690481226e+00
3.708776898161328384e-01,2.243410001911136931e+00
-1.388518115693146449e+01,-1.124056539475484229e+01
-5.092269185996847192e+00,1.312830516270617665e+01
4.776544487415270268e+00,7.975498606288437209e+00
4.518636693519827219e+00,1.309600099596642231e+01
3.339198338070979766e+00,-3.563452963851740041e+00
-1.747546606448009854e+01,-2.114953131198543002e+00
9.766532599965971784e+00,-8.149893416390858292e+00
3.414298902989771456e+00,-5.321497000075031458e+00
-4.351368561549471714e+00,4.003432105161317534e-01
-1.117795156275987978e+01,-1.848998879164975406e+00
1.118126265796180796e+01,9.878675662995011209e+00
1.355549662982921788e+01,-8.954667702682302277e+00
-4.631888982050283987e-01,4.088699017505039279e+00
4.025958826900384757e+00,-1.856147863158650324e+01
-1.388435831406968468e+00,1.258017889394192323e+01
1.748390513732509088e+00,-1.711783294490771112e+01
-4.210544294001253185e+00,-2.759700284261900283e+00
-1.599100316072276984e+00,-7.840558476523409315e-01
1.380516136445698372e+00,1.257248185653471317e+01
1.161553913863769827e+00,-9.638828214831944408e+00
1.415211016690845147e+00,5.123141337188080735e-01
1.571591520283015697e+01,8.457826054197513654e-01
-1.094630708917631345e+01,-3.616363240429448123e+00
1.374412889529583381e+01,-5.314858319209978532e+00
-5.341758954648177848e+00,-6.713482611128674726e+00
8.013515087067279552e+00,-1.069646905499400980e+01
-1.792570364291697915e+00,-6.058339208152689892e+00
-4.753504238052968844e+00,-4.992701165398043983e+00
1.824785526188258444e+01,-4.355682187010680551e+00
1.332492433546147659e+01,-7.172227556855782282e+00
-5.404641350622054752e+00,-1.795897719953813620e+01
-7.346037954034847495e-01,-2.313106064971233167e+00
3.759236068126626584e+00,-7.143023407315011397e+00
-8.243000207458294426e+00,-4.940932033695019654e-01
-1.047884935803285700e+01,-1.164835688809704273e+01
-5.921681314716858990e-01,-9.314619138645525709e+00
-1.354420700646361020e+01,8.302568206653347715e+00
6.754482600402220704e+00,-2.808550077392136579e+00
-3.096226143713166401e+00,5.852954495899194143e+00
1.178193010894542248e+01,-9.378598073686282177e+00
2.606205050689359926e+00,-8.529451249690870540e+00
-8.719631166974771475e+00,-9.314108602095092948e+00
-9.123080920088398216e+00,-7.562346282951873278e+00
-6.462904141100001887e+00,-1.517423688990860597e+01
-2.154853070749180866e+00,1.500635398312341628e+01
1.685054929493826847e+01,-2.509177401335253244e+00
-1.732064570040288798e+00,-1.627074925592924970e+01
6.581964662067571581e+00,-1.638986886835042611e+01
-8.070414338616309635e+00,2.988662125831873517e+00
-6.447102625369748097e+00,5.528638301732773819e+00
3.649546908610437068e-01,-1.899549591738337639e+01
4.190938723666616794e-01,-7.761385620479992475e+00
1.465363798720171751e+01,7.972596005802799368e+00
-6.217387684179695562e+00,7.507545368093397009e+00
-1.555818214103724451e+00,2.628885580671257216e+00
-9.203259757221072590e+00,-2.183543703700431493e+00
-9.221527099665387084e+00,-4.166707924538143537e+00
8.544010787468534929e+00,-4.558940340001992553e+00
7.769303669969243487e+00,3.267615040048636454e-01
-5.118585128841778520e+00,-1.226146009507807833e+00
-4.302703728154919638e+00,1.673028077267143843e+01
-9.751137149960229067e+00,1.355597219558546129e+01
-1.136402060605991515e+01,4.498344035947751784e+00
-4.819463284736206887e+00,4.432435204709944010e+00
-1.335224522718975315e+01,1.222455308686651643e+00
-2.352812330348275971e+00,1.103310731008125600e+01
1.729469788677957531e+00,1.755066837185376372e+01
6.818032257461557499e+00,-6.433449320896460044e+00
-8.649146151315250108e+00,-1.111281070440097807e+01
4.170323400502637945e+00,6.199939995332981901e+00
1.160472313518933341e+01,1.169950644505870718e+00
1.146147224977294776e+01,8.142734803533299370e+00
9.517947328452400768e+00,-1.336731578049051627e+01
8.675086888944294472e+00,4.207693807280851850e+00
6.066577866759007343e+00,1.005527589673647748e+00
7.359032537711560629e+00,1.319739806494536971e+01
1.150958009354191702e+01,-7.533719213585510666e+00
-2.257673801785587298e+00,4.295843994437201552e+00
