1.064042026928634810e+00,-8.947711437321132166e+00
5.069317825625985208e+00,-4.870442147853695225e+00
-5.511492178992431157e+00,-1.420138621047752459e+00
-1.797615668956150969e+01,4.335722273158547857e+00
2.593883334805132890e+00,9.877626951304839809e-01
9.757358889233307409e+00,-1.629519229509307010e+01
-1.278601397413588714e+01,9.066355382190263157e+00
-2.743942695623643235e+00,-1.720628803374092541e+01
-8.694311432044301569e+00,-1.182778641016547816e+01
4.077879030375373581e+00,-1.088034600607770841e+01
-1.585398496222969555e+01,-3.232081029774718228e-01
-3.971592008353369341e+00,9.896621546454790419e+00
1.130872762656087538e+01,-1.526600508889880459e+01
3.418835841008768917e+00,6.014676043549529894e+00
-4.926491140351663134e+00,-8.020397289909961813e+00
-8.118582048760101699e+00,5.425102849815892192e+00
1.016926438596997073e+01,2.159195307711627709e+00
-8.976607395981728743e+00,1.492384146239731812e+01
5.884670123984407475e+00,2.052461673446223767e+00
-1.118994233603591582e+01,-2.395388814534406219e+00
9.386798670141397238e+00,5.772895541434874822e-01
-7.263075570339849740e+00,-1.649710719589493735e+01
1.356637823086239614e+01,4.499943377749522355e+00
-3.702345643746375314e-01,9.809713926687020802e+00
-3.016580168428177000e+00,3.352151451734148413e+00
-1.922656523617672253e+00,-1.372087313536882291e+01
-1.363400026730495762e+00,-1.995345435356453923e+00
4.642641830578884132e-01,-1.899538818757283920e+00
8.625196137924774575e+00,-4.045979113704511576e+00
-3.986137317982051620e+00,4.868193208848643927e+00
6.860285688150572270e+00,3.578591552475901327e+00
4.348492583221911012e+00,1.841974596799577668e+01
-1.733787137763295405e+01,-1.260440723897052306e+00
-5.999184183674675097e+00,-9.666312518556010147e+00
1.268113400388271117e+01,-1.399787079734197448e+01
-1.835078529447579143e+01,1.861169530164439034e-01
1.607943040220570907e+01,-7.893653089789408606e-01
7.925596984847214088e+00,8.886987800087633005e+00
-1.600179840068916093e+01,4.622298940348989582e+00
-1.487767230333672863e+01,9.536162904977837584e+00
-1.029153010129124013e+01,4.743415701740291368e+00
-7.370465070871443203e+00,1.734992594153892753e+01
1.106227225600880359e+01,-6.062796365970082868e-02
-5.501626541441030582e+00,3.795336190089121153e+00
-1.113295127109394755e+01,-1.127020631876001744e+01
-9.692205041100736551e+00,-1.022210188278222986e+01
2.212326551779653094e+00,-2.097488035040957044e+00
-1.217991014364863567e+01,1.151845425203590167e+01
9.018900390623885599e+00,7.382581929724963743e+00
6.938280923731793948e+00,1.060602768550509900e+01
9.463759793337732873e+00,1.403445955052084848e+01
-7.925484803091345398e+00,7.352535315064259613e+00
5.374372573394570196e+00,9.746288810174224437e+00
6.816154597520939440e+00,-4.564668391387241009e+00
4.070340522198435451e+00,2.490897473862621503e+00
1.738437967946710572e+00,-3.887398093706865065e+00
-1.220043624946039795e+00,1.170941561112814355e+01
8.201760002035760166e+00,-5.864459523025654875e+00
1.635077818559862450e+01,-4.683615579953949393e+00
-3.048744926732243066e+00,-1.353130814305789853e+00
-7.092568652281562969e+00,4.523264684105434696e-01
-1.155598535213461631e+01,6.081363521879116441e+00
8.599588484886498962e-01,6.908052558009683430e+00
-6.287403599262008314e+00,5.431425514567967738e+00
2.340191668543359693e+00,2.760576357925299540e+00
9.712859951827706340e+00,1.197981334096258799e+01
1.577800970609472664e+01,-1.051535515946144628e+01
1.519452525679528954e+01,1.093631279018579150e+01
-8.162354830135515327e-01,6.234961515712981850e+00
8.865818334682714408e+00,-7.557011269795471442e+00
-1.130518596963920075e+01,3.272435222688697909e+00
-6.519222102299269572e+00,1.238378868801521193e+01
1.601996361320988527e+01,9.233152576412019030e+00
3.987956375283400190e-01,-5.373932724243736914e+00
6.165284408889585954e+00,2.154371207778573161e-01
7.621696294815075490e+00,-8.849666817488483161e+00
-6.142954030200007409e+00,1.608234566506693852e+01
5.423768603685938494e+00,1.387416859071031716e+01
1.379553163659338555e+00,-1.255229494706436277e+01
-1.285514255705866837e+01,-1.202119558108648967e+01
3.901293128125235210e+00,-2.783921428332437387e+00
-3.039719613795766495e+00,1.367767350851126196e+01
5.722284531442043409e+00,-3.170264515815202966e+00
1.446810026821906270e+01,-1.181502241958559551e+01
-2.614585261671960481e+00,-3.348193215650716592e+00
2.077571419294792499e+00,1.489101024924909389e+01
-8.415397731899957989e+00,9.491958931476904837e+00
6.128016929205611696e+00,1.217137977075502775e+01
-2.395058808959961372e+00,1.225218167992523366e+00
-1.064068597893579549e+00,-6.597251484754512063e+00
1.470932996071173626e+01,-2.906045609635913962e+00
1.037156113760956977e+01,-4.620471183070676169e+00
2.899800445082494349e+00,-9.530382918357670263e+00
1.564754406286612465e+01,2.740557191831291206e+00
1.461552260642137169e+00,1.748545210328904176e+01
-4.990950894582221187e-01,1.244757863723849667e+00
-1.266559732779353098e+01,4.679833498261289471e+00
-1.079069486312623383e+01,-6.699307756041182893e-01
6.077102488247433598e+00,5.471994095734529218e+00
-4.419342283556464857e+00,6.653018531495040300e+00
1.635802289608432547e+00,5.201558901190016293e+00
-1.932482764958767918e+00,4.805901945246387363e+00
-2.861426554296640834e+00,-6.726850014529100363e+00
1.452361352882197743e+01,-4.718931544727261063e+00
5.872459516261817392e+00,-8.366261912602618978e+00
-9.016568601114268944e+00,-6.344496067933317107e+00
-9.079297964027018608e+00,-4.546780537898785113e+00
-1.238069816168658521e+00,1.366090449212158831e+01
1.385601598298782733e+01,6.279991153271305748e+00
-1.836946220770074023e-01,-1.023270468060563765e+01
-9.393533467149346450e+00,5.534453580619547175e-01
-1.405049938270822452e+01,2.145379912913090992e-02
4.420062691569866864e+00,-1.672376422905719906e+01
1.189883887034340759e+01,-1.091984783102050649e+01
-1.487321694420194440e+01,1.681166574421821380e+00
7.721554992721855193e+00,1.432291750473893366e+01
1.183422820226742367e+01,3.611420335563468420e+00
5.715924182187188229e+00,-1.021177253040813504e+01
-3.163291591379388201e+00,-8.493379464878195506e+00
-1.285310316942877940e+01,-8.205388966804910922e+00
3.274891649191053133e+00,4.259189200121719310e+00
-7.912352341407982159e+00,1.345532411770100900e+01
-4.637524857026044778e+00,-6.269124104802530795e+00
3.234937501527341386e+00,1.633462808961066060e+01
1.397729063571777353e+01,-1.293428856054017473e+00
-2.247841498756907086e+00,1.883283213544207868e+01
2.355813157418075399e+00,-7.732975847417905335e+00
1.430789587811869801e+01,5.602380007617289159e-01
2.053350578974983076e+00,-5.986600287594879610e+00
-2.186112662064481960e+00,1.527958695666538702e+01
-1.258233708717411226e+01,-6.466895317516247133e+00
3.170224591177100759e+00,-1.249776588994035720e+01
6.434238256258340449e+00,-1.205396826849312042e+01
1.035276162849793913e+01,-6.469342582012035159e+00
4.142046422038522024e+00,-7.921720624672182076e+00
-1.682420325389960070e+01,1.207860259691075022e+00
-4.087097529222253556e+00,-1.598233507472565407e+01
-1.011544188026675606e+01,-1.286708241192045321e+01
-4.264115048396905472e+00,2.023321644168307731e+00
-4.333722579230130378e+00,1.575713809782459229e+01
-2.336960024599885166e+00,1.702863639767438286e+01
-1.126634792198576918e+01,-1.433600274511374018e+01
-5.715466226281338713e+00,1.806272369600809569e+01
-2.251037756160575221e+00,-1.547937521715359033e+01
-1.369423094192621981e+01,3.142400139336090970e+00
2.624337718454483159e+00,-1.803125398104542398e+01
-7.264260365493646177e+00,-4.806290624432809189e+00
1.453334297480227466e+00,-3.560349149168700045e-01
-4.711889366145694424e+00,1.292431077267165662e+01
-1.135780802150504165e+01,1.276848040277888119e+00
-9.660983931435325189e+00,6.406932258685857029e+00
6.801499138688064328e+00,1.582546894750099753e+01
3.582521656228537132e+00,-9.671525633128005284e-01
-1.464842150048201574e+01,-8.689125818420999181e+00
5.125060885801793198e+00,3.944251139321548916e+00
-2.124440502066613057e+00,1.014424425556716258e+01
1.717270517954079168e+01,-8.056520881433417713e+00
-5.777254532650078822e+00,-1.529951082902607595e+01
-2.567133510495242188e+00,6.569451388726984753e+00
1.307748822975092473e+01,-8.948147070812076720e+00
-4.121695564754600305e+00,-1.851843296326955013e+01
-1.498348568843254647e+01,-1.948842604927376154e+00
-1.678505142321255406e+01,3.029008779361909376e+00
-1.463249705291192804e+01,-1.189866944896450285e+01
4.929965691850863863e+00,6.943814656325964840e+00
4.359866080261477705e+00,6.574322329197155312e-01
3.635155252297148198e+00,1.382565038203388141e+01
4.973704997326385602e+00,1.557953996223577953e+01
1.196150759196408231e+01,-3.700025625872037427e+00
-3.940073411815357751e+00,1.785815666578176319e+01
7.416742823780315241e+00,-2.714413154988996268e+00
7.926085592322999140e+00,4.973780000694556946e+00
1.109970911118388592e+01,8.725039065982931774e+00
1.278430437392894170e+01,-5.465285208319781596e+00
-6.715496587251528204e+00,8.930001736237713317e+00
1.129143885048616625e+01,-8.754202171250570430e+00
7.230827478048293067e+00,1.754939085844723223e+01
1.605249302769554376e+01,4.480040312109314193e+00
-5.920446525192341269e+00,-1.795776697342054362e+01
6.038020763274647429e-01,-7.203530453488235175e+00
1.225718675211222219e+01,1.035515970827333376e+01
7.489802597975422138e+00,-1.061368235307380381e+01
-1.638669687785190021e+01,-8.087675854550372634e+00
3.319945704315677482e+00,-4.720279602920024686e+00
-1.953287505884676589e-02,-3.610394036639082316e+00
-1.170192075537510767e+01,-9.589574315300628982e+00
4.007544756988847823e+00,8.642524640511130229e+00
-1.074191682231732159e+01,7.813727548705769799e+00
-1.582770648531406188e+01,-1.047803759918902955e+01
-9.799591254964143516e+00,2.362271919815877474e+00
-2.634754891951065492e+00,8.458563087654930257e+00
2.452579670677381418e-01,-1.897570101381676366e+01
8.702220788281831432e+00,1.048331390932891338e+01
-8.239325493709852288e-02,4.423957591718941984e+00
5.490612190647832236e-01,2.665600823078793979e+00
-8.253672214873603252e+00,-2.948703304278082804e+00
-6.447944744018168528e+00,-3.088698542819902304e+00
1.218913746666827080e+01,1.295937582168498192e+00
1.220319626946534974e+01,7.310134530889826898e+00
-1.102162275186714346e+01,9.672193748900886234e+00
-1.409109102946621839e+01,1.124811889535005172e+01
-3.084001399721955305e+00,1.173902780450423400e+01
-1.273710827150457092e+01,1.389118259982575410e+01
-7.259769722177438211e+00,-6.654332305312522067e+00
6.301133040592524104e+00,8.154241670782790052e+00
1.085533161247230982e+00,8.756953487803510683e+00
5.413754669119955842e+00,-6.621843665073590124e+00
-5.726575893372126025e+00,1.043406252615502972e+01
9.190603627742694570e+00,-1.528710414622451719e+00
4.800112394630730583e-01,1.409391603649335600e+01
5.353828336838272861e+00,-1.378948079988929099e+00
1.035575933805648852e+01,-2.855385535387480189e+00
-4.009971631466767050e+00,2.702805571454587330e-01
-1.300974255327541940e+01,-2.922910497156888443e+00
-9.037757660824862427e+00,1.671169860868291579e+01
1.178619930160587792e+01,-1.668313360979302606e+00
2.524113232632915427e+00,7.576663911635718840e+00
1.414515538208089573e+01,1.237203500048350335e+01
7.801994436007555045e+00,1.897418449156253573e+00
1.207617329948289786e+01,5.501380959663303649e+00
-7.378505489144961516e+00,-1.346384013841636085e+00
-2.018185242417275926e+00,-9.857375263766819273e+00
7.504466076106232064e-01,-1.579666233421675869e+01
1.774596978291284799e+01,-3.599977456768566952e+00
-6.118717397780738310e+00,7.222199270270492910e+00
1.564999350788902621e+00,-1.074034779798063965e+01
-4.276948289826266958e+00,-2.682872927606095192e+00
-6.068988809049736588e+00,-1.353848132510352187e+01
-1.345868521302033649e+01,-1.027587741773146668e+01
-3.825023424616161183e+00,-1.175395158939160467e+01
-1.299757465492844233e+01,-4.747030680718736129e+00
-1.078404276691393804e+01,-6.365402722727968587e+00
9.583826328015216944e+00,-9.213435102094864604e+00
-6.062643101142834112e+00,1.960837546960166211e+00
4.319892536927654181e-01,1.592510928068050013e+01
7.996197624899219036e+00,1.251316711933323766e+01
-4.247704840050810837e+00,-9.946909112340668102e+00
-7.836443176270829980e+00,-9.485504036431319008e+00
-1.284370131928435299e+00,2.817278134701708403e+00
-8.974678449085186083e-01,8.087970426561343018e+00
-1.420330622978150270e+00,-4.858208718180387464e+00
7.889123413069556889e+00,-3.485093474888005805e-01
-1.783446414290777327e+01,-4.577762856385252377e+00
6.529147344989160162e-01,1.134424820298051095e+01
3.500048448364322606e+00,1.038186085565680195e+01
-1.388539926063991237e+00,-1.165612498381784690e+01
1.390938338491985071e+01,2.292407620289258041e+00
-9.137195221742667073e+00,-8.220155784662601661e+00
-6.654641216950841764e-01,1.767270491365706064e+01
9.383506260893517137e+00,3.742923401340421119e+00
-3.301557720572633858e+00,-5.003629063605774974e+00
1.206972377698738619e+01,-7.065103949069793110e+00
-7.957339363790454811e+00,2.021932329243372184e+00
-5.476700993513619942e+00,-4.662608564193536864e+00
1.575196420499560546e+01,6.215243271909328016e+00
9.676477365619406967e+00,5.550287532159939197e+00
