1.001279524971667279e+00,2.998985495337855856e+00
1.180417548131330108e+01,-7.791910329938856350e+00
5.321323948817409111e+00,1.283703279013524856e+01
8.637564923678061390e+00,1.112789567026512216e+01
8.075710308518074143e+00,8.458407419939586447e+00
-2.758977334056992525e+00,-7.370656584776993370e-01
-5.012169895707315748e-01,-1.009721722808432176e+01
1.539139942461354060e+01,-1.067899302201265499e+01
-1.003314265391703941e+01,1.237186771323566070e+01
-7.491159094926820750e+00,1.166329971270311461e+01
1.116618529677729788e-01,-5.082322895697946485e+00
-2.707403573267221919e-01,4.393837814457713264e+00
-1.597271163683652340e+01,-3.897397627350341676e+00
2.738311268320274827e+00,-1.477003795318332990e+01
3.686015143608937894e+00,1.206581035494047782e+01
-1.485322375957547969e+01,4.100243094323388959e+00
4.850417752162841545e+00,6.908244721517642795e+00
4.209324537175862524e+00,-1.183939279613145779e+01
-8.982020816026233589e+00,-1.487831695586453939e+01
1.339321283089963455e+00,-3.632731663547310585e+00
-1.095017181671017248e+01,5.413950694206645764e+00
-8.399045813491010648e+00,6.658589832975760459e+00
-9.518513850249567199e+00,2.384125154551984815e-01
1.129142529719293364e+01,1.284352629609091423e+01
2.483495191231963606e+00,1.916163378552525609e+00
-8.989142314012083190e+00,-1.094514258333247270e+01
-2.099772313571817595e+00,-2.373509660239477181e+00
-7.184873986005403168e+00,1.736084410207406492e+01
-3.001193596333327385e+00,-1.457365374523591406e+01
-2.753922932705162196e+00,-7.188169312245126008e+00
-3.118598284732191139e+00,2.102478784699174597e+00
3.062314009177461660e+00,-1.680703466244174038e+01
-6.824076817714328058e+00,-6.304046057793597946e+00
7.007879319886398228e+00,-9.556372700947644461e+00
1.287997200782325002e+01,1.405906048294850663e+00
1.443972913101529976e+01,4.317621406657033423e-01
1.508165364592546531e+01,-6.417903658084064489e+00
-7.295723683691878847e+00,-1.418010738371252266e+01
-3.398795393873133008e+00,3.982081187418220924e+00
-4.621563007071483042e+00,-1.554880068391180004e+01
-1.355855038025411474e+01,-1.168069079627482632e+00
-1.179883009905752544e+01,-6.112504787046781907e+00
8.009025671844002048e+00,-1.869719196740772693e+00
1.758322238836441898e+01,7.194248400816709577e+00
5.001880291488227215e+00,-6.667700888936401782e+00
1.863325564137623047e+01,3.607312711271609906e+00
-9.930913939072463226e-01,-7.231457039957759569e+00
3.415559670872231557e+00,5.797583117067373060e+00
1.070073236829019159e+01,-6.279005980795640873e+00
6.964898924738537112e+00,-3.423902907971917986e-01
-1.170892192605575133e+01,-1.725515069755178432e+00
1.132128477319028015e+01,2.682717748496909138e+00
2.444285344101071900e+00,-1.126902745690492047e+01
1.503698027401625836e+01,4.057163532447009224e+00
2.497412097938245257e+00,-2.301678063794061035e+00
-1.508197433058696291e+01,1.387003428400584326e+00
1.354288753267545831e+00,1.302341851379016191e+01
1.296247900334857306e+01,3.401115583274390897e+00
-1.324231057157816416e+00,1.231883364116774970e+01
4.134852031831415808e-01,9.164829033289027649e+00
1.441231179690729824e+01,2.402170938337703010e+00
4.977743196812954851e-01,-8.558770347125168598e+00
6.721655497511459743e+00,-7.046009841539547125e+00
9.570269327063453346e+00,-1.026699493985739231e+01
-3.949168141571193780e-01,-3.007998650334671176e+00
1.221481650582279777e+01,-1.236388564797439571e+01
-1.641422052586700175e+01,7.701023419714720930e+00
-1.080067157194375582e+01,-1.104693495573609496e+01
3.221764283275785345e+00,-6.502396537907871199e+00
9.433386742784227508e+00,-1.393694099979542145e+01
1.453280837646863333e+01,-8.912809314852644604e+00
5.578141170624109080e+00,-8.447824958244538607e+00
7.905745533842409856e+00,2.617932777447679715e+00
-1.594519731765773329e+00,-1.349139405453978391e+01
-1.514432310014814043e+01,-5.482150624900146596e+00
8.676453810314614046e+00,5.236844685698442525e+00
-4.529901307245570052e+00,-1.076909113864758005e+01
-2.860325992942128082e+00,-1.871957733018308545e+01
6.782007167032368944e-01,-1.144593959363688285e+01
-9.164390551785093209e+00,4.950632787834241100e+00
9.739477171484951512e+00,-3.040396863493357582e-01
-1.234416317756915582e+01,1.617423425968572026e+00
-5.095429955299194624e+00,8.515435143304705079e+00
5.540396175786473698e+00,-1.053252391712479508e+01
1.636108839602346876e+00,5.386645910771720835e+00
1.653433291336312294e+01,-7.497029672214406304e+00
3.853139694623886058e+00,-1.000930058856602756e+01
-7.467908223405856916e+00,3.770769081324658600e+00
-1.553396346126848959e+00,9.433663828833395826e+00
-6.816402839029970906e+00,8.987419308876576807e+00
5.429717486749432886e+00,1.814043635285002054e+01
-7.916905089212594504e+00,-2.378297515360596748e+00
2.151780576430166736e+00,8.815253982682513367e+00
-4.624778362405007393e+00,1.827901051241224550e+01
1.003027259935381821e+01,-1.608756275514588907e+01
-1.769685935046915759e+01,6.431113715129149533e+00
-3.071228152843814563e+00,1.201228035381086556e+01
5.998523091487782288e+00,-1.956112242855461147e+00
-4.962751615520995863e+00,-4.116035918266486071e+00
-1.065446871516393168e+00,-1.179718677258864012e+01
-4.509817869157409120e+00,-7.624350838085660165e+00
1.846825653342623852e+01,1.422983412971242423e+00
2.548366548488838479e+00,3.860869893029690303e+00
-1.607038882165972904e+00,-4.356879582802039685e+00
4.382700329704590558e+00,4.182941309323111589e+00
1.890634560316041712e+00,-5.322308025541786947e+00
2.192020399264375641e+00,-9.198075212186967775e+00
9.130133880276996905e+00,7.035934350730502551e+00
5.728616436569283543e+00,5.352963513992210487e+00
9.999555724877174256e+00,-8.212967119807171201e+00
-9.218793551607745940e+00,3.127487291637704114e+00
8.929444258978406213e-01,1.008273734137370647e+00
3.400039600383664595e+00,1.021904751496212249e+01
-5.419599884586889793e-01,2.046911784649350086e+00
-1.404233597868678984e+01,1.256352918787867878e+01
-2.694579791606434016e-01,1.420765339302158559e+01
-5.861380284279916530e+00,9.025570060560503816e-01
1.335094742720134597e+01,-4.090252456773688650e+00
-5.561766631583672016e+00,-1.219450463382570504e+01
-1.770033560819790797e+00,-8.832819365689942970e+00
-5.492669233441203502e+00,-1.395834186415335054e+01
9.645304268099071932e-01,-1.368650721579091467e+01
1.235673581037990765e+01,6.873334250219072850e+00
-6.636072040485832546e-02,1.096096566562282781e+01
-1.054202238403213876e+01,-3.064850459564778085e+00
5.662913736655998065e+00,-1.447250786870073291e+01
1.046758645122745257e+01,-1.183011562616169954e+01
1.689958956630589171e+01,4.437745737057412931e+00
1.610753841491678529e+01,1.000746273357834326e+01
-3.172622437647862004e+00,1.011726781256322738e+01
9.855671856233838568e+00,3.815390789782453052e+00
1.152354501933577247e+01,-1.105707396357194838e+00
-1.719698150881054710e+00,1.688435133889863948e+01
-5.495354890445811158e+00,6.776342687667476383e+00
1.126606744379898828e+01,8.297167397049026505e+00
-1.448375384292540957e+01,7.695474641194924637e+00
7.564782007633646721e+00,-3.579007575005014541e+00
-1.095877283828059845e+01,-1.501352622502226986e+01
-3.630849325213127532e+00,5.791680777095013610e+00
-5.079541030265346535e+00,-5.872556449284225266e+00
6.537169466287465980e+00,1.435075784229163709e+00
1.658302919229311101e+01,-9.271594686931489804e+00
8.850313130074232149e+00,-6.461606192893984968e+00
1.676320918387782966e+00,1.061881074211106402e+01
-3.737649165579079114e+00,1.410171703247545949e+01
1.353101692607074247e+00,7.209633192579548933e+00
-1.219686948994155706e+01,-7.874206687112098813e+00
-7.060904966191852150e-01,7.788027571629515755e+00
7.258624713881288493e+00,6.338646208154689710e+00
4.084192322789561125e+00,-1.357725900637452687e+00
-4.604106883850834109e+00,-1.832647816233023264e+01
-3.315485931234849470e+00,-5.469783541556817674e+00
-1.262047215443974935e+01,9.766832426501323994e+00
1.274074592601913203e+01,-1.066814470869133480e+01
1.343751424162520713e+01,-1.228169885611061884e+00
5.817006740851568658e+00,3.111660422096580891e+00
8.350770501369613186e+00,8.156861497788530091e-01
-6.895227967502684518e-02,6.141918189258818828e+00
-4.467757120331791398e+00,-2.319104386543455742e-01
4.556806613508927128e+00,1.759880084825442559e+00
-8.291677589252811842e+00,1.576196154537283789e+00
-1.163273458779660352e+01,8.283561905427934136e+00
-3.801558279896363857e+00,-1.295659087697812595e+01
-4.500711237855087532e+00,-2.157292592639074247e+00
1.205722023625464345e+01,-1.417974789421523596e+01
-7.852007528131086822e+00,-1.246819623109393760e+01
1.115099271095873057e+01,8.097330645342740718e-01
-4.907044585714454676e+00,2.403983863174423252e+00
-2.689935967528619631e+00,1.843544379659803667e+01
-1.762381835739340818e+00,3.327906253126532210e+00
-6.089936243530843285e+00,-1.007382603570576185e+00
-6.983681295298444169e+00,-8.113517527740343738e+00
-7.001223950794210893e+00,-4.465771788926054420e+00
4.652636797265460977e+00,-3.107102071915161634e+00
1.408925871401211793e+01,7.347854206166172908e+00
9.578928782211235671e+00,-4.837674292527873732e+00
-1.129261880560968478e+01,8.668134569896308178e-03
4.195696348202187842e+00,-1.847784243339638266e+01
6.344684858088871060e+00,7.905544629543793889e+00
-5.823865590130520964e+00,1.490534727397854375e+01
8.227085681695934127e+00,-8.173427484391714515e+00
7.032062672426913075e+00,-1.146189174694868917e+01
1.345718660607275297e+01,9.040916612863322044e+00
-1.149024058005169557e+01,1.127863127480451944e+01
-1.203516116639053202e+01,-4.226119352488523440e+00
1.129499244204905217e+01,-9.560781171549704638e+00
1.656231568167718748e+01,-1.414794689197322874e-01
-5.278427413661798795e+00,4.230407012537341416e+00
-1.760799916065319692e+01,-4.625365585562843940e+00
-9.842947159403301782e+00,7.729926531622846042e+00
-2.729973508423168216e+00,7.849985378635028432e+00
7.182786370003939602e+00,1.758515330290810752e+01
1.352586297101656854e+01,-7.302262310614390017e+00
-1.289684803509310207e+01,6.916147127332279432e+00
-6.494223946033899075e+00,1.320762949712701584e+01
-8.968781088577863159e+00,-3.866976124605072673e+00
-1.104487753758566626e+01,-9.230012844315325538e+00
1.203212585514954291e+01,-2.793781991780090568e+00
-9.498351930722412462e+00,-1.568771417654585054e+00
8.714243568234639525e+00,-1.228046315513483222e+01
2.660501409988236809e-01,-1.322493324303576800e+00
1.133406413518538436e+01,-4.559785776653774825e+00
-6.246297186803609902e-01,-1.497315347189667456e+01
-4.869716055410290068e+00,1.251124963764638132e+01
5.147085348768809965e+00,1.076166709695045043e+01
-1.844628240644547335e+00,8.377533022417310571e-01
-1.190507276206710152e+00,-1.779706415033390954e+01
3.974188620369684344e+00,8.516285549448705083e+00
5.227600701076958956e+00,1.935235654966065491e-02
-1.619469568427476602e+01,2.956098137245238178e+00
1.398784347886816981e+01,5.490181688486056366e+00
7.369405788318759143e+00,-5.390371828553374378e+00
-1.271386104828003383e+01,1.385662189926234333e+01
2.876154129238056800e+00,1.404787963750183266e+01
8.218878987330585639e-01,-1.857520049160972775e+01
3.426220730483194199e+00,3.837884489149531175e-01
-6.606160957583400162e+00,5.392849298391608315e+00
3.768048624936186641e+00,-8.258300509208721607e+00
-1.093045168895775454e+01,3.605625800838684114e+00
1.603910214115830968e+01,1.671996045224237726e+00
-8.413184226564748514e+00,-9.253499453030590516e+00
-5.830388144753718471e+00,-1.691431094623358078e+01
7.181700837140478022e+00,4.311340324911440369e+00
-1.677752450969669340e+01,9.033044541407374561e-01
-1.292723902841081873e+01,4.492107745042588363e+00
5.902401454604238040e+00,-4.378655682722652820e+00
-3.240869663543258117e+00,-3.701187219970274889e+00
3.127954191201193890e+00,-4.078091695174596687e+00
-1.048953590709520256e+01,1.856296942222336765e+00
-1.912390720564637103e+00,6.270405167130697954e+00
-6.175395088211748984e+00,-2.810561252858316372e+00
1.404934618556235471e+01,-1.183913972533921211e+01
4.479897845902595321e+00,1.658969508759878764e+01
-1.495630758627600443e+01,9.522812451780961140e+00
9.752818050971496788e+00,-2.067083459920652011e+00
8.782359967625508190e+00,1.682162045795605820e+01
-7.853945923027208842e+00,-5.757015850856497252e-01
7.527091761683544213e+00,-1.369214073381439789e+01
1.219962504956262528e+01,5.006579380890626929e+00
-7.358905477286164398e+00,-1.600355034788690389e+01
8.574387972718441331e-01,-6.755889176177137578e+00
1.529450919784303586e+01,-1.517256181103574297e+00
-1.726796450168521702e+01,-8.962882568696148855e-01
-5.765716428204061828e+00,-9.406401052831620646e+00
-6.864323985860854904e+00,-1.090217730266789431e+01
-1.440335861607532131e+01,5.846563434319969943e+00
-2.867014063238104704e+00,-1.133165571236012781e+01
1.886978621395519795e+01,-2.021923449466445089e+00
1.977069464627064788e+00,-6.191150112547398887e-01
1.582048441064250355e+01,6.746105673610577114e+00
1.082957386928327281e+01,1.103902997019564403e+01
1.052901878073078912e+01,5.585545260263853784e+00
-1.898492166756973276e+01,-2.107386164332191170e-01
9.669607985375620274e+00,1.973649306626799493e+00
-3.512133286455859427e+00,-9.161947442491536364e+00
-8.570943314782891065e+00,-5.675581559157554246e+00
