-1.152991309032961098e+01,-8.923238640429877577e+00
1.114106078615710516e+01,-1.991124791163166874e+00
-1.839661917150617754e+01,-4.687398318589508506e+00
-2.711380840451209195e+00,-8.220095104271942787e+00
6.490000241665164538e+00,-4.111306436715048918e+00
-1.209149495794120632e+01,-1.462998767997909155e+01
-1.775750390703718296e+01,5.313600832983746969e+00
7.157244906935011031e+00,-1.097240539536181991e+01
-7.063687131157389665e+00,4.755969372195109734e+00
-7.419990674172288969e+00,-5.292117508277605964e+00
9.302546764288971204e+00,-1.656683104679973795e+01
9.206989563537298693e+00,1.285312389249874165e+01
-4.446336136643948223e+00,-5.177065990844520016e+00
2.710821207608822725e+00,-1.741406869805909352e+01
-1.038159242440766228e+01,-6.849769477106072202e+00
4.815686692164073079e+00,-7.445825995913252449e+00
-1.022490834173127183e+01,1.247395614380550732e+01
1.302766705905555256e+01,-8.831184412194883038e+00
3.496716741710450549e+00,1.583234340932204987e+01
-9.530443712413235957e+00,1.474182174038434212e+01
2.839028213980808957e+00,-8.066161807287658192e+00
-1.664279252125246522e+00,1.012004199343179245e+01
1.285777219865386556e+01,8.686327452060325527e+00
-2.599408605219799995e+00,-1.777245987335639654e+01
5.794817395470084342e+00,1.332204315387699900e+01
-3.324083034969648409e+00,5.006859237366042770e+00
-1.085535267738459098e+01,6.429798716809645320e+00
-1.000126816338231173e+01,2.809564634013583806e+00
1.890204846481179146e+01,1.777471545370848505e+00
-1.156140851746466192e+00,1.182667412091648806e+01
3.049133045975126244e+00,6.098578223958976530e+00
-1.558581696478058909e+01,-2.536947378314789336e+00
1.268805302158448889e+01,6.739540125845321583e+00
6.809941699919808578e+00,3.159095820047030045e+00
-1.395029262920225044e+01,-6.182098621575687680e+00
-8.264516786071490984e+00,-1.348849480259123901e+01
8.440744693852710867e+00,-7.569163095346978842e+00
-1.008240115724025943e+00,-1.866421421763493882e+01
6.174121532738269025e+00,-1.251840449783286502e+01
1.277458939896699341e+01,-5.737645040552587616e+00
-1.445056700104811043e+01,-1.182359261248305815e+00
6.666483514618044559e+00,-7.680230910462642058e+00
-6.523422392284771831e+00,-7.884430956229846466e+00
-1.408038840647471268e+01,-4.321792032788425608e+00
-1.131033533715911332e+01,1.400992719475501680e+01
-5.308238881469067749e+00,-3.483868810074531863e-01
9.282075682552299867e+00,1.470356052338881092e+01
2.036968159500191611e+00,1.689700781877401425e+01
-7.115026375952073323e+00,-1.168492641651587860e+01
8.334309381445660136e+00,9.442170870857651721e+00
-9.223945776224580229e+00,-5.510920248039758107e+00
5.227115504560065240e+00,-1.598443316252325808e+01
1.365938763654139443e+01,1.051096407230012986e+01
-1.365323880002807577e+01,-9.975553056149250253e+00
-9.296565665415712942e+00,-1.651864595470889441e+01
-9.165302103933255395e+00,-1.198318242857486382e+01
4.114178650376894453e+00,7.827010280054301772e-01
4.661541273275485509e+00,6.822463104125357169e+00
-4.787844696795045429e+00,-1.046480733307495825e+01
-2.171253894719841870e+00,-4.703402939433401819e+00
9.062417614220752426e+00,2.746761130712916943e-01
-1.377393536468689561e+01,-8.023747447044472736e+00
-3.178537611106340144e-01,-6.167013019991767209e+00
-1.477702455179570995e+00,5.169000998852411932e+00
-1.541604635338352125e+01,6.598126009940734171e+00
1.101209088565053662e+01,4.895728457851590498e+00
-9.575384184840152191e-01,-7.874430899669733641e+00
6.611095504628917929e+00,-1.426276100781108447e+01
1.107417200535735979e+01,1.408478489952987367e+01
-4.116729987622649745e+00,7.507189835251329768e+00
-5.987608605172314746e+00,-1.637796327898306714e+01
1.411047178244555234e+01,-2.014769653026940333e+00
9.471212411467066161e+00,4.040922570927052426e+00
3.399084177629821735e+00,2.440900005183630483e+00
-1.308385027807264622e+00,3.303001879648764794e-01
3.984093531372437269e+00,9.438484307161413511e+00
-2.383298655009651768e+00,1.722236268331887477e+00
1.126100999747033704e+01,-1.920650051552248994e-01
-3.077674372582461348e+00,-1.006324103486811872e+01
-2.275407830241698459e+00,-1.350078075098382513e+00
1.292301313632961524e+00,-1.328907572762906719e+00
-1.271295029712108438e+01,6.609611233466122115e+00
-8.027463376260923766e+00,-8.823945527252151422e+00
-1.063654036887794163e+01,-1.097040491670158424e+01
2.518207095780531923e-01,5.546058724313772892e+00
-1.340800863711038904e+00,-2.864326318166445340e+00
5.870411321621065159e-01,-1.456737747027075969e+01
4.732884538814452036e+00,-1.425314211923695140e+01
4.797161345878525829e+00,5.038788787505019684e+00
8.046430469569256783e-01,-3.054952328056740107e+00
8.820588385178925961e+00,-4.496360934881199256e+00
-7.551747987123547112e+00,-1.543401725283900561e+01
-1.821170754177530826e+00,-1.138433578072912589e+01
7.620499342013264510e+00,1.363372410602856633e+01
8.072266315624542443e+00,-1.256518368146043230e+01
1.378188342503996688e+00,-1.622631103169923961e+01
-6.142526617801362221e+00,7.936850730960563816e+00
8.537891651811486682e+00,2.345424856183296214e+00
5.683491087150295051e+00,1.598142603540877449e+00
5.323962156396913059e-01,-8.951831678641973156e+00
4.538185538758382265e+00,-1.763154858855930840e+01
7.970085526453204672e+00,1.721759417356368971e+01
-7.051625221569725710e+00,-6.673222720133390462e-01
-1.644931152923740925e-01,3.796722515806790987e+00
-1.023384425956972521e+01,8.075281680812882001e+00
4.210273280008933305e+00,-1.908486403889124938e+00
-2.959048261423486093e+00,1.218513277562116848e+01
1.538070529092109506e+00,-5.375382637716019651e+00
-1.116814845723352967e+01,-2.437898261704677161e+00
-2.296341926907931708e+00,8.417192016546421129e+00
-1.436274944130679110e+01,5.133823554491228514e+00
-4.258966757910579659e+00,-1.765157550785561913e+00
3.191429014033544398e+00,-4.519859358507891223e+00
-6.420239474032483962e+00,-9.654062238059012202e+00
-5.057700057493697443e+00,-3.386827535524654209e+00
7.351850627884384259e+00,1.005261213292223177e+00
2.199271033813892995e+00,-9.768106638227152416e+00
1.088895203995171457e+01,-1.555265066732902390e+01
6.582016754499157685e+00,9.869361775838562778e+00
8.361691988711173806e+00,-1.501701433855969547e+01
-4.825518112463405451e+00,9.191925772325216570e+00
-3.751418281084560213e+00,1.520497671249773219e+01
-5.431587412491433398e+00,6.212712597685623450e+00
8.819289603705822600e+00,-1.487519741138855434e+00
-2.533491945967993431e+00,6.602065427782676466e+00
1.682716789674183389e+01,3.172871057304236686e+00
5.030744848144685477e+00,3.271194124620673715e+00
4.554831582073972207e+00,1.843026231224590461e+01
3.117093575803994376e+00,4.296654173223448225e+00
1.466783265337868514e+01,5.448997475895690279e+00
-4.550882619234464244e+00,-8.620053746681533013e+00
-9.865742903965898591e+00,1.064306135137865894e+01
-1.041557031180557935e+01,-4.051194391610871470e+00
-7.646218065716633427e-01,7.064777403449773452e+00
9.246757309790861967e+00,-1.123838781344325000e+01
-1.194997190879623616e+01,-1.287015318645896933e+01
-1.566949307283610082e+01,-5.842876355851505110e+00
-5.248465757178945701e+00,1.346486569746493700e+01
6.437620445799364433e+00,6.446945605526053669e+00
1.883137616845664275e-01,1.049300436750735344e+01
-1.623082817839743841e-01,1.538580086313480955e+01
-1.765320992816649115e+00,1.355389504803764567e+01
2.398813043120146205e+00,1.441073665056380548e+01
-3.516920535349155941e+00,-1.043306411063775613e-01
-1.211454307796118623e+00,-1.446825854177233950e+01
-1.157339306769583409e+01,-5.463198220247592829e+00
1.634093557152315412e+01,4.908117694740663062e+00
1.461987363371696169e+01,-5.566461120200670187e+00
4.965504364396331916e+00,-5.391458128024209095e+00
1.070828268811814965e+01,-1.235674696388753269e+01
-1.531011683966159076e+01,-8.947203426299394025e+00
-9.796319430214788682e+00,9.959989188041139530e-01
-6.051139998173693080e+00,1.292057782832300328e+00
1.229687930326203649e+01,3.284820667181003184e+00
-9.081833429271410907e+00,6.469619777101663693e+00
2.555083169147678301e+00,-2.786927871705903836e+00
4.763541553015191887e+00,-3.647175082302339444e+00
1.858266516920803824e+01,-1.611422991283266715e-01
-3.454439748552875500e+00,1.034763389501212139e+01
-7.017714608838593549e+00,1.408573339221963217e+01
-8.237105615285319260e+00,2.924068040878234243e+00
-1.429366856348790726e+01,1.007093243571751273e+01
-7.687384506360904979e+00,-1.736244047544947122e+01
-8.128901129357164024e+00,1.112982263701715091e+01
6.533296315225155304e+00,1.166260644366759003e+01
-1.419600991782255406e+00,1.710901832476298878e+01
1.585746863732351031e+01,6.866431850164231854e+00
-1.226084831736192760e+00,1.894484626760704771e+01
-1.262152221166517663e+01,4.817616495709226676e+00
-4.771459937334152634e-01,-1.266142333380529728e+00
1.807186572691602322e+01,-5.713414573520043227e+00
-1.659920032726485317e+01,1.689677286163456249e-01
6.656882831950719392e+00,-5.890481060109801881e+00
-4.001829677055110390e-01,-4.389084737436232508e+00
-8.806118290664301185e+00,-4.624506383612742577e-01
-1.341035428791128403e+01,-1.175323482360020577e+01
8.583118804995052642e+00,1.119366780790177174e+01
1.556068341164035473e+00,2.600854795152990118e+00
3.376589179862304668e+00,-6.306954258475846231e+00
7.786344682677187379e+00,7.642781643632782007e+00
-2.138210943098775907e+00,-6.561392994055433192e+00
-2.055735591205370305e+00,3.472788785822078950e+00
-1.267696405486758715e-01,1.949595587458847534e+00
-1.177110388183843348e+01,3.196659837355624312e+00
7.669518045871213552e+00,-9.204001817476131109e+00
6.271329236596807633e+00,-1.793360367421903234e+01
5.821173537093526917e+00,-9.339190435811387303e+00
5.762738814604092541e-01,-1.779918865814866535e+01
5.380773058895517380e+00,1.561223008473365148e+01
1.068017151751096883e+01,-4.745668619331722127e+00
-1.029799437209189605e+01,-1.350922833499079090e+01
6.976925959426494295e+00,-1.627846276149271887e+01
7.331324543063465704e+00,1.549974287571289011e+01
-7.906512965560567707e+00,1.165929421929648546e+00
-9.379917325511231141e+00,-2.168522460562142484e+00
9.521844104927199126e+00,-1.366240246187986074e+01
1.196330565223101994e+00,7.262614135990334008e-01
-8.855200198511456122e+00,4.599706570957356355e+00
-6.841828603893198135e+00,-3.569156419452802709e+00
-4.681635167914840245e+00,1.168753167346950761e+01
-3.969174657310779342e+00,-6.864714424233957502e+00
2.944684749096271315e+00,-5.753454736148602144e-01
-3.851069402839780942e+00,3.277454752960809348e+00
1.217928625812119492e+01,1.462884294123307560e+00
8.282601557119623203e-02,-1.101310853418826419e+01
-3.540479450231020397e+00,-1.182227239821389908e+01
2.143600686064917493e+00,8.575014258985881099e+00
5.526824293045187630e+00,8.344924695172949214e+00
6.953890137632117163e-01,1.384191683263157913e+01
-7.283376825721174619e+00,6.539214196020244785e+00
4.039914663560258745e+00,-9.403628529030960692e+00
-3.114755474917465072e+00,-3.200465728344079164e+00
-5.887391863874094966e+00,-6.213219635956829023e+00
-2.640151305791760272e-01,8.754286692250799362e+00
-8.595877489698619200e+00,1.316553835449013476e+01
1.108975006613038694e+01,8.194460570325841076e+00
-1.219938236073859805e+01,-7.168810747740919531e+00
-1.072923871282614350e+01,-6.031466952821769034e-01
-5.141920454760779080e+00,-1.477576169216067647e+01
-9.783868657574888772e+00,-8.546156632445445211e+00
-1.178154803873658674e+00,-9.669633538911881487e+00
-8.256427319522932962e+00,-7.025487877306289874e+00
1.206153790168603690e+00,-7.255778361109273433e+00
-1.265815806002235533e+01,-1.392741746521246382e+00
-1.484595264083078625e+01,5.472323582210723014e-01
5.407770887146665650e+00,-4.820008209544836553e-01
-1.895680334375395404e+01,-1.216951295213189121e+00
1.284142538344520368e+01,4.966130578063984835e+00
-4.277955128927334982e+00,1.484723526557504503e+00
1.229565674496014616e+01,1.208716597135338411e+01
-6.408644458095483110e+00,3.071595027364980801e+00
7.040637933951743310e-01,1.850324073788986823e+01
5.002769390963472951e+00,-1.091637177476201792e+01
1.434506566185762111e+00,6.865888817469783412e+00
1.575951462721883622e+01,-3.846692548531321698e+00
-1.715676559821625702e+01,-3.352274311885111047e+00
-4.313966826977781110e+00,1.846398236850032859e+01
-7.950619252376605495e+00,8.179658069827295819e+00
-1.716280045279990318e+01,-1.591647182282481809e+00
-6.425357129685693280e+00,1.007174860077443412e+01
-1.060860515658900027e+01,4.559480465245315806e+00
-5.327749134972816769e+00,-1.227145471675748034e+01
7.154692098746195938e+00,-8.734764829466180602e-01
1.531037343515093418e+01,1.122914133062828235e+01
-1.934917436404919755e+00,1.532958892920905214e+01
4.007309961765453288e+00,1.360150888526974633e+01
-1.666600185247988719e+01,8.583043938597629818e+00
4.194799557193578998e+00,-1.249182399601292204e+01
-6.502794189380614043e+00,-1.358212111704469471e+01
-9.300500115006846258e+00,1.656332995610938852e+01
1.087557948999430124e+01,-1.045105677927561061e+01
-1.235166103634969126e+01,-3.812393173333951335e+00
7.886920499652350536e+00,-2.998033467714209976e+00
-8.586943279711329424e+00,-3.785941912843684420e+00
-5.197650868695159687e+00,4.441560673543366811e+00
6.037993037500700488e+00,-2.229953913304717261e+00
