-1.044740195012349382e+00,-1.446370229666817409e+01
5.194592141981670963e-01,1.899151476176730213e+01
1.499025794605068107e+01,4.820636698185878366e+00
-6.242486339972083798e+00,-2.391202343312314849e+00
3.363216183611777765e+00,1.219639767819032095e+01
2.109188714749014260e+00,-1.308691491177036603e+01
1.070366565974810591e+01,4.695139296974601528e+00
-5.617785977519121232e+00,-6.952212555322078158e-01
-3.268820944833831010e+00,9.694982894855179723e+00
9.375679847656394728e+00,-1.213972593353347662e+01
1.184367591948752541e+01,-1.440916286547653336e+01
-7.719894964991820707e+00,-1.320285454213365073e+00
-3.503165103256692614e+00,1.677624747506719416e+01
-7.365432251746105052e+00,7.188659445885500432e+00
6.716957310394958469e+00,-4.500666383180639940e+00
-1.290439809951170069e+01,7.375720007356763475e+00
-1.494529506606071312e+00,-3.535461688423727988e+00
-1.225049047082023534e+01,-1.279905132220291897e+01
-1.853535335896285829e-01,6.654830685590872541e+00
1.328256672297240293e+01,-4.475715989196622502e+00
-5.587846816919197046e+00,7.773345787110088168e+00
4.550420998452001875e+00,-5.147746128239433006e+00
-1.577689482282072397e+01,-4.038180994944517987e-02
3.248583690197542229e+00,4.288198480918679500e+00
-7.933907950861885716e+00,-3.161185042954679947e+00
-6.512430754254523890e+00,4.172050586768012437e+00
-4.215713870997688240e+00,-7.165218972339222780e+00
2.504063067463677683e-01,-3.070198527968867719e+00
1.301501886213917736e+01,-1.081250345717354477e+01
-3.960382450719616809e+00,-5.349000562479332643e+00
1.040618324308936948e+01,-1.028745678417317677e+01
-1.015670614827548413e+01,-8.938159031730361193e+00
1.335449495673126563e+01,1.046731629256365004e+01
2.934956352419392012e+00,-5.968704850155864605e+00
-7.176227964741961785e+00,-6.971215044937642880e+00
4.871659817731986308e+00,1.023928756810771290e+01
-3.003463727358719915e+00,4.413671116097003910e+00
-1.049206165671833890e+00,9.825368564907497770e+00
8.145924952500946503e+00,1.336034144197745022e+01
1.555692135077889615e+00,1.181718941322736960e+01
3.373830295721473416e+00,-1.437708701994010774e+01
2.031819492887426915e+00,-2.661838012641518869e+00
1.146954034665099620e+01,-1.168792849575807757e+01
6.180934571079689022e+00,-8.447746519954643318e+00
-8.959516278528106170e+00,-6.947014157474605156e+00
-8.360520656224467828e+00,1.291628546370354336e+01
7.994589583241482167e+00,-1.046746372267050518e+01
-7.359532071788045471e+00,-1.041182259424584799e+01
5.279274374954874283e+00,-6.826224442546625859e+00
-1.130486054276026842e+01,-1.718152147435732413e+00
-3.790790750697375699e+00,-5.622216277993494910e-02
-1.582847373960753146e+01,-6.781526937904773789e+00
-5.710521632638033473e+00,1.158267916458013413e+00
-5.348754417343641876e+00,1.590477547524661439e+01
2.215773607345077778e+00,-1.738673651511322049e+01
1.073861782789372832e+01,2.465490186917438376e+00
5.764144998856068014e+00,1.215354686599521561e-01
-1.870452563980523175e+00,-3.883486010798487542e-01
-6.870251900209304097e+00,1.108215053632030056e+01
7.485149231469657494e+00,9.074350793143858285e-01
2.906675384034101750e+00,2.346153264010933270e+00
1.162411031643770087e+01,1.259774195506414429e+01
-1.525327278990673641e+01,-4.788614194812600644e+00
-1.634437008143931891e+01,5.149768095421204173e+00
1.586756933884349019e+00,3.586313854792434697e+00
1.359341027985743899e+01,-2.707652180939975839e+00
-1.542241300993851283e+01,-1.107446244722162909e+01
5.161824353258201548e+00,-1.762693962045329599e+01
7.103447739277634065e-01,-1.415620258152392452e+01
-7.791647761059623534e+00,-1.650944682151434506e+01
2.706573356656600815e+00,4.926917302585691050e-01
1.275787640369661879e+01,2.414373943030933223e+00
-3.298478027368057841e+00,1.500791528546318077e+01
-1.467271515946442229e+01,4.003948914593713937e+00
1.112928296460026267e+01,1.033796681287909180e+01
9.140109274815992890e+00,-9.076659610021780011e+00
1.535907089697834316e+01,-8.584061415340518697e-02
-1.314079744557387919e+01,-1.305356829692761789e+00
-7.351447285789234343e+00,4.833858834625809342e-01
-2.559597657762495704e+00,1.262463748495066040e+00
-9.478262765496621611e+00,-1.757539824732010647e+00
4.470527822251090022e+00,1.371138409638080979e+01
2.743993877527219460e+00,1.410113740671459226e+01
9.875577677362286977e+00,1.190747848770038075e+01
1.183047009386104520e+01,-2.651872643436445465e+00
1.089538406547783822e+01,-6.137008224718999649e+00
4.374569004103800118e+00,1.239957285085493854e+00
1.026240099788764049e+01,-3.706955009709338444e+00
4.559039188171571944e+00,3.073284953280788212e+00
-6.315029044757889842e+00,1.279001539412493216e+01
-1.231158339277089731e+01,1.328851781764350148e+00
9.950447374293307945e+00,8.547717030202866439e+00
-1.830048762776806370e+01,-2.573399010827139843e+00
1.477305342289586676e+01,-1.110649715573613427e+01
9.260287451654141577e+00,1.019017889746782757e+01
-1.424571960021041939e+01,1.063998354611939146e+00
1.169037543241691601e+01,9.981578939291155805e-01
-1.744484573414391093e+01,7.486041210529786660e+00
9.076712740681092129e+00,-6.116636724028895244e+00
1.002838235004913425e+00,9.187599348758507256e-01
7.630103283284756621e+00,2.795097337210881605e+00
8.609098844470898015e+00,-4.349977440091458369e+00
5.741625546857577866e+00,4.460000251733379883e+00
-8.678098300221007477e+00,1.808643524202710573e+00
-5.893225732071297074e+00,-1.272645841375326903e+01
-5.817416101828188246e+00,-1.769791297726682444e+01
-1.505992594788390981e+01,-1.771842202092547058e+00
9.343009132241803627e+00,-2.155620646803828588e+00
-2.139733148832074328e+00,-5.177110910975144087e+00
1.899677322180616690e+00,1.570959868034019635e+01
1.354940805042208396e+01,7.945144399139000946e+00
9.039617941023637471e+00,-3.331081855775623324e-01
-9.166793925478220473e+00,7.058708193438469891e+00
-8.452548636610393018e+00,5.342814329737435308e+00
-9.713997572583776829e+00,1.411423554144650971e+01
-1.524508029837912559e+01,8.603315761399459305e+00
-1.179320769919837275e+01,-7.966070500694940826e+00
-5.842723606177407270e+00,9.582261501190176389e+00
1.494053050079567413e+01,-5.212490656296131952e+00
-1.821174717081846195e+00,3.062272443587856330e+00
1.003098767132658509e+01,-1.382832530229136658e+01
5.998368208942483903e+00,1.277682944136896381e+01
1.404486840114704371e+00,-4.398503607301903706e+00
1.181698776020459185e+01,-9.136354149381206824e+00
-1.172437424547922546e+01,-9.891960706705347661e+00
-8.729325351307650749e+00,1.117998356194660836e+01
-7.214245320828198693e-01,-6.624214353743290040e+00
-9.602108222528954684e+00,3.478696259315487982e+00
-2.973306154359590892e+00,1.318900095775454773e+01
-1.096063978859957544e+01,1.049140336752504149e-01
3.883439986469718441e+00,-1.616585834427186796e+01
-4.204281208859408814e+00,2.088080648125395733e+00
1.593194418002145873e+01,7.894803059163428394e+00
-2.533446791408705323e+00,-2.067697878709402914e+00
-1.101803598708848675e+01,-1.153062921563632237e+01
-4.540748650643589457e+00,1.216225212098831499e+01
1.160465300734401656e-01,-1.596087650216190390e+01
-7.428356910728248330e+00,-1.470418055439111349e+01
-7.608539011359393811e+00,-1.215892936696180016e+01
-1.474909051038271857e+00,-1.887322685194490646e+01
-8.277629818523887906e+00,8.710398746243255275e+00
-4.390794185061980492e+00,-2.022903694400846941e+00
4.026842736833611269e+00,7.471097417695522935e+00
-1.051936131872374958e+01,1.851033139659305604e+00
3.802409330847185132e+00,-2.373031822715329753e+00
-1.692015705521610869e+01,3.441345543975441679e+00
3.237524608339240828e+00,1.870431233506548452e+01
-9.159083936504327284e+00,-3.641860106763836896e-02
2.680078675833768020e+00,6.255213455850608284e+00
-7.021630477716907848e+00,2.429655580032099138e+00
-1.977283848026420321e+00,-1.027239251023389244e+01
1.049038790761939310e+01,-7.922691672788277018e+00
-2.920665791507682796e-01,-1.089337777688457720e+01
4.390502828744176078e+00,5.650246472471148529e+00
-1.171123503343439864e+01,-3.439150763189843918e+00
-4.607485943574864073e+00,5.610558618251384466e+00
-1.262491669387226700e+01,-6.402332578751604331e+00
1.678136875758673696e+01,-5.430492256581897159e+00
1.415017845183418110e+01,1.250606613526950905e+00
6.784882257504213143e+00,8.212173351617984451e+00
-6.674858068719926152e+00,1.454977610036031521e+01
3.152081627404828001e+00,-4.058062087077172642e+00
-3.366454689494577379e-01,-4.908198934905046329e+00
-1.353339344543156075e+00,1.245456684008050807e+01
-2.447691712711850265e+00,-7.013045248678268173e+00
7.912739636550102595e+00,-1.498461700455313661e+01
-1.374804234956437021e+01,-3.028157951358023237e+00
3.115194373015676810e+00,-9.641169450183426193e+00
-3.444595943174664665e+00,-3.590005808484965755e+00
1.736350870501541266e+01,-3.713864800091758678e+00
9.094233361054143927e+00,5.515589419317164399e+00
3.335210727396745511e+00,-1.149788791803304377e+01
1.792625584542622885e+00,1.767137465944764685e+01
8.021415321708753154e+00,-7.674973848416343891e+00
1.300051192998266381e-01,1.698159371192036105e+01
7.461240126819404850e+00,1.173018435364187262e+01
1.402411355388148628e+01,-1.273410686692530014e+01
5.759571159133351159e+00,-1.584278197191494542e+01
-4.757739533431819545e+00,-8.864374260043520692e+00
6.626630517245901686e+00,1.003491887388637416e+01
6.955518060177949380e+00,-6.234981004017406292e+00
9.988147777388314275e-01,1.365771061068356396e+01
-1.671057527721848901e+00,1.706430897916175127e+01
-2.003639564085467395e+00,-1.207524258983367105e+01
4.151255322193198261e+00,-5.866682704933923187e-01
-1.990563798612088320e+00,8.114482136547614743e+00
-8.011814852888919702e+00,-5.418339615235820972e+00
7.485772391901225120e+00,6.519150245289681678e+00
1.370853765163652049e+01,-9.175433152885023702e+00
1.123171363472086348e+00,5.399378716670891976e+00
1.463304457762571786e+01,6.552376431905980070e+00
-1.807753765720118366e+01,5.797666710514173261e+00
2.789565169626841090e+00,8.713255557764652437e+00
-3.524864775138015216e-01,-1.304150555783628596e+00
1.479482967923234416e+00,-8.461521200673330911e-01
-1.023658802845100624e+01,5.228473905055426307e+00
-1.651075300719523398e+01,-2.792864838866885080e+00
-2.925574175217164008e+00,-8.726595762743070139e+00
-4.364410628334891573e-01,4.355535562324340582e+00
1.913331836833447763e+00,-1.556416262698554220e+01
1.473161504428594526e+01,9.344961797076772214e+00
1.383659154162170557e+00,7.579497214565863672e+00
1.421720489109178409e+01,1.209168284510861469e+01
6.080439025239800621e+00,1.966006429163994929e+00
-1.017699521931541362e+01,-4.810574632824270225e+00
-1.309399111770903623e+01,-4.660540434309019986e+00
1.558700806988698595e+01,-9.494305641608697499e+00
5.526878358930974677e+00,-1.680529649140237503e+00
1.128761608137160977e+00,-6.268737995820098163e+00
7.154218929656238402e+00,-2.766684372188769281e+00
4.591812863113781340e+00,1.747742315394202350e+01
1.324703939362472660e+01,4.193031314018197619e+00
-1.068926913597226580e+01,-6.561792580460880764e+00
9.930896554091335482e-02,2.583034132716888198e+00
-1.859462427457561162e+01,1.153710732634410041e+00
-1.400718124240140661e+01,5.840101639635928876e+00
-8.356114131037974957e+00,-8.685503229713189555e+00
-8.042866925013015811e-01,1.083348975465616482e+00
7.513915086873831584e+00,4.586809069317860477e+00
5.716915082193655628e+00,-1.406794692480849385e+01
1.375429335617611315e+01,-9.298166481672049954e-01
-8.291881591264049334e+00,1.524733775384031986e+01
-1.122062911806499308e+01,1.250349429032053372e+01
-9.210640124675064655e+00,-1.467359568538864956e+01
1.488092827699194842e+01,2.867069898986490895e+00
9.280012190108497094e+00,3.447568091298811588e+00
-1.874211825653954477e+01,3.056994527062882216e+00
-9.859195422057503322e+00,9.760038932289505809e+00
-4.788473209877099457e+00,1.404157408634355519e+01
-3.128722174660347299e+00,6.619377540397337611e+00
-5.490370385361480032e+00,-1.053013801708750030e+01
1.001617562851323662e+01,1.379065586752618522e+01
1.174762776080113902e+01,8.374375576436937862e+00
4.088071768467078648e+00,-8.130638298031712452e+00
1.396198535382528583e+00,-1.142069260471412839e+01
-9.366666835624618770e+00,-1.283325300746618858e+01
1.624897442161647021e+01,1.561108451783886020e+00
7.369973125700252758e+00,-1.324796754073458693e+01
-6.542481113355238520e+00,-8.746079181958476667e+00
2.353950975915666266e+00,-7.666234612018762107e+00
-1.287567508397075144e+01,4.447230803809862465e+00
9.147547012382416298e+00,1.557464012056868796e+00
7.265551428658213240e+00,-9.666587500703396341e-01
5.204614777463643982e+00,-3.474396765293259914e+00
-5.671732849023432443e+00,-5.919846470634561264e+00
-1.329194424658718710e+01,1.078900923272887979e+01
-1.122669662537373325e+00,-8.488276165799918616e+00
1.276922558823289311e+00,-9.646360787412753268e+00
3.107424047585884530e+00,1.045711664482637815e+01
-6.482872176566558231e+00,-4.333011746706349143e+00
-1.139996985525280948e+01,3.471089730883031077e+00
1.701404549304943448e-01,1.522131265596762262e+01
5.744883603096859304e+00,6.798672067236925187e+00
5.915387247174075380e-01,-7.962554942403374802e+00
-4.703776482443800866e+00,3.836720763518376653e+00
-1.655297557946384668e+00,5.625948561321462371e+00
