-1.193958050826793027e+01,1.168954132257430167e+00
4.295444086560414654e+00,1.327014673349280649e+01
-1.720647187994240568e+01,8.000908814399561919e+00
-5.355748843986584795e+00,-4.348841376476936027e+00
1.840961232859928076e+00,-6.296591893862905742e+00
-1.863371743613686604e+01,-3.520148393259460384e+00
-9.956678864089182568e+00,1.485243589736640857e+01
-1.337362911709344404e+00,-1.146810968005203790e+01
-9.299260592907829803e+00,1.652590365101025327e+01
1.202754721011108224e-01,-6.738334769365441623e+00
-2.928937571722859623e+00,-1.723283233067303044e+01
-1.087479992569894094e+01,-7.445700911012561818e+00
-6.192310167368010987e+00,9.434828371331564767e-02
-7.280684026820371635e+00,-1.542803824917415412e+01
6.486869846312503185e+00,1.036645989985809813e+01
-8.603731942059070548e+00,4.813497471256845905e+00
1.499081319077964769e-01,1.611877438826238773e+01
4.686623534265128121e+00,-1.507736719625143351e+01
1.280806582319190134e+01,9.773934900754470689e+00
1.920036904126419808e+00,1.713669525329566312e+01
-1.605129032302771375e+00,-7.293935800584320006e+00
6.440145540354969000e+00,1.189544318416415059e-01
-5.580638459600387513e+00,4.390950233550043436e+00
-1.424744561301664802e+01,6.578518045298218375e+00
1.263952520553282177e+01,6.367754689149489167e+00
8.672287494523880369e-01,3.132044886810664064e+00
-4.955538340272331865e+00,9.671628068136721268e+00
-5.133582957341052300e+00,6.098647117117741878e+00
1.581253718543738174e+01,-1.052618051186455794e+01
-4.871160129191508759e+00,-1.070413474995428382e+00
4.161256406479060921e+00,1.813067848468294940e+00
-1.306247451677880633e+01,7.916947712907909995e+00
-1.064589931995300809e+01,-5.641150281978666303e-01
1.801261887628686331e+00,-9.927939252747355781e+00
-1.420702092047370257e+01,4.108925518979954283e+00
-1.337993223566982337e+01,-4.499041214875109773e+00
9.514711556868794828e-02,-1.034187217407678894e+01
-1.161792191982973677e+01,-1.390600566277430872e+01
4.943076344634498298e+00,-6.363073498845831288e+00
6.225181794580366912e+00,-1.217008563111020969e+01
-1.149301510825193873e+01,7.091115288665586824e+00
-4.584225305121957805e-01,-8.669164282971989266e+00
-7.918301042935120826e+00,-5.953316475980310329e-01
-1.285454255046652960e+01,5.414004076639507446e+00
1.548040330602413195e-01,1.792316985244110938e+01
-1.386408274371411231e+01,7.009205997013316924e-01
1.601728872276928328e+01,5.228562168540184629e+00
1.223944304287652862e+01,1.166358185618028998e+01
1.116114555950548493e+01,-9.285211970805296033e+00
-1.485600991110749947e+00,-1.982091627126641553e+00
5.500507237773371472e+00,8.681616307598988058e+00
-1.169415503725800143e+01,-1.988631945869135054e+00
6.273396017735246133e+00,-1.431353381922055057e+01
-1.721570656928833287e+01,3.974692654544580983e-01
-1.761540071568810362e+01,-7.064706497733049595e+00
1.277707569412314648e+01,-8.374019291213576466e+00
1.580888039916602539e+00,-1.791190480045543598e-01
7.388467219335821845e+00,1.717490403577706104e+00
-6.992991301407633031e+00,-3.540299850899596645e+00
4.922828992655667868e+00,-8.111929043940959261e+00
-4.066668940997091752e+00,1.134300675329628838e+01
-1.528751202831912437e+01,2.638116781679338274e+00
-3.289600727262523172e+00,-1.963943169667816901e+00
1.052380737570804392e+01,-1.612706452696451020e-02
-3.827996350674089499e+00,4.731351512397733217e+00
1.081678137312787058e+01,-3.050649107978343988e+00
-3.651029172211500473e+00,-3.684830656509545666e+00
-3.663098310097761878e+00,-1.385150491586796839e+01
1.745715232947283369e+01,4.067677555251597354e+00
1.864163251760365014e+00,4.623002216024815425e+00
-1.510042995929873300e+01,-8.138607710664352624e+00
9.688753410027011626e+00,-1.041621079306890785e+01
8.016066865328827618e+00,-3.140178956378691932e+00
-1.909537903241918855e+00,5.524987706418615474e+00
-4.768975406347313317e+00,-1.151320768590848687e+01
8.860315985416161055e+00,4.471076800772856963e+00
-7.199905070535526974e+00,-1.351014596521828359e+01
9.932169813580355111e+00,-7.573502850145773735e+00
-6.934902709193653259e+00,-5.414167183889039947e+00
-8.300710427715120687e+00,-7.294118642826236787e+00
2.772948270875199572e+00,1.235558432639998827e+01
-5.768352806998636950e+00,1.179331189872258001e+01
7.435607963150201449e+00,-1.373648914772579444e+00
-1.427418621655061592e+01,-2.904603302954350763e+00
-8.987941107437842803e+00,-1.335444075321245982e+01
-6.636283974311578682e+00,7.167306885578403453e+00
-8.425218137690601239e+00,-1.160826327337665909e+01
1.457697989016323525e+00,-1.168866190889286649e+01
-1.703512383122597740e+01,-5.165845565175746223e+00
7.393199885085781631e+00,1.554358373449442965e+01
3.124753901172687254e+00,-7.547901093029386388e+00
4.904994383772352862e+00,-7.522945728871685001e-01
6.031944451789334138e+00,5.442444549513578700e+00
1.435732660839575203e+01,5.985598740080833480e+00
-1.154496514212631775e+00,-1.341960037525734784e+01
5.692027381177685585e-01,1.262197650206303479e+00
5.239048399138974688e-01,7.925075092040123614e+00
6.233556062543110343e+00,-3.132014581973769474e+00
-1.882520700470492869e+01,-5.161010858399398549e-01
-3.458579082330116794e+00,-6.534831503047283441e+00
1.204851103655415256e+00,6.289460051718996247e+00
1.703654095586745143e+01,8.368560689477822834e+00
-4.454935779332201307e+00,3.002826104664101159e+00
4.317035351513402119e+00,-1.329802555552218024e+01
-1.367118627546965337e+00,1.261438366036672143e+01
2.385264705635435245e+00,1.055647184751236622e+01
3.884168690073969366e+00,9.494786863023808365e+00
1.330112231418517688e+01,-2.110140458486097437e+00
1.303369158507747150e+00,-1.597074169713440739e+01
3.177348653590736038e+00,7.262768334984258445e+00
-7.566489687164162703e+00,1.216751513969965615e+01
-3.196170900754670807e+00,2.726682847329340090e-02
-5.812606768256792233e-02,-3.171611040905933709e+00
1.371898051671187524e+01,7.887573321063764631e+00
5.345703404022801308e+00,1.511739616198479119e+01
3.017434784716341412e+00,-3.400438465079813621e+00
-4.956807641018243338e+00,-8.383566891740048987e+00
-2.127302714802180805e+00,-1.887937842669201771e+01
1.094303834200223235e+01,3.375334041889685111e+00
-9.340116840194061965e+00,-1.822016462491071520e+00
2.157199726626899849e+00,8.722026312594355346e+00
6.963639782152449165e+00,1.373552638704777884e+01
-9.716980178008410851e-02,4.966041912208366327e+00
3.408888277684672286e+00,-5.383287140300647700e+00
6.477251967580931691e+00,-5.314721241496338067e+00
8.215744084667235825e+00,-5.578739129182227252e+00
2.901099422391350657e+00,-1.617534919548475614e+00
1.511688926709282832e+01,1.146053865387681547e+01
-1.592677280460900668e+01,-6.553077354344671868e+00
1.450098965335955725e+01,-4.716773216447630368e+00
-1.336479814706482827e+01,2.460413763498958684e+00
-9.051383666874976974e-01,1.457180157412235921e+01
-8.720543769102892639e+00,2.676965517728489452e+00
9.214974232254887099e+00,1.521046147240830493e+01
5.789928058963011992e+00,2.578560306456668005e+00
-1.763433225786254255e+01,-1.925901400530757979e+00
-1.555954458917969774e+01,5.243637689014105874e+00
6.855754854510887952e+00,-9.968254927216051442e+00
8.972854172383843974e+00,8.355812962168841507e-01
5.034476767397368491e+00,6.964030013814236142e+00
9.118501284883729241e+00,1.138980801646232344e+01
7.459417614610391212e+00,1.197134193289929804e+01
8.582628840525469371e+00,9.719420941799089775e+00
-3.104570558791379664e+00,-8.273463429948098025e+00
-9.430500585316279327e+00,-8.644140084423675319e+00
-1.044591730680883757e+01,2.082717798352135663e+00
1.547922232128847497e+01,-6.717299911734198048e+00
7.778361526220122890e+00,-1.325190813705633630e+01
3.326792084609264233e+00,2.282644054774999043e-01
-3.365004849813875154e-01,-1.517030694226352239e+01
-1.711700912759930659e+01,2.433009238159069110e+00
4.541756529985580215e+00,-2.478250055783193684e+00
-5.419931730065925990e+00,-1.315198575812502746e+01
1.210618386598912899e+01,-4.380144628569994758e+00
-2.861961450419151287e+00,9.930314666366410137e+00
2.214122946509366474e-01,-1.388027303766650622e+00
-4.531425198197625903e+00,1.323877852905470043e+01
-3.861904856026877386e+00,1.527536416110854667e+01
-2.683333101885978067e+00,8.168701515204647379e+00
3.504773614925047909e+00,1.498467643963790508e+01
7.766383634259846680e+00,5.877698605592315495e+00
-4.767469516686173137e+00,1.678653559973550102e+01
-1.687673663125730528e+01,-8.683073857049224742e+00
1.078055082684234778e+00,1.355051210139508733e+01
1.132150880030150475e+01,5.102509047940459119e+00
9.388996966650086762e+00,-4.259603914213969666e+00
1.628183629538153099e+01,-4.846261894915001811e+00
1.095892776876633512e+01,1.549266125365547175e+01
-7.728904007832894330e+00,1.033310095335920664e+01
-1.107058631285126360e+01,5.388175379721061198e+00
1.049489648235261008e+01,-1.579918785642315804e+01
-1.251203660279095331e+01,1.017097445612527906e+01
-2.608843888661640520e-01,-4.946718478408508091e+00
3.190826671525567093e+00,3.304954012555434861e+00
-1.415173074337500481e+01,-1.085292451966904936e+00
1.749615847194917695e+00,1.530854138409896237e+01
1.366619033093558144e+01,3.310495628235512910e+00
-8.612960950832757590e+00,1.358372577633297418e+01
-9.127495870536364464e+00,-1.523305355392217031e+01
1.169395528066067058e+01,1.647406701716053856e+00
-6.623028640307850878e+00,-1.160347345346905890e+01
-1.198732173977658411e+00,1.637552868684592600e+00
-2.754788132021694480e+00,1.381701845862890110e+01
-6.617136435021114593e+00,8.938062410068384978e+00
-6.105246366723628526e+00,2.205253609833417450e+00
-6.504172163368147963e+00,-1.701820239343955521e+01
-1.929401806572610845e+00,-9.743184485584635013e+00
-4.682338694738969131e+00,1.037662910833063279e+00
4.945349226648834140e+00,-4.396813718169632068e+00
5.055142044627010556e+00,-1.032609898484737343e+01
-1.568978281669254748e+01,-3.966901509169395990e+00
-4.497174168971634245e+00,-1.642221686910720635e+01
1.367472417965310072e+01,-6.515658010651014465e+00
3.845044267336411803e+00,-1.679758981117305439e+01
-7.203428245869046620e+00,3.661730781466925322e+00
-2.184763388536329121e+00,-1.545218103265740517e+01
1.187046245330711969e+01,-6.709078214721388989e+00
-3.402065865439327652e+00,6.440280954738413222e+00
1.020774418527447880e+00,1.167401314095593534e+01
8.009795373248428163e+00,-1.129682967525599224e+01
-6.563305689610182014e+00,-1.833975132158106813e+00
-5.844526999965180991e+00,-9.970673069652553622e+00
-1.065122923775236430e+00,3.432430234258735613e+00
1.028627515048910723e+01,-5.815523383803449242e+00
-7.446077969271388319e+00,-9.074170601078563436e+00
-9.351870603400211479e+00,-5.830475372314976923e+00
4.816785131217756977e+00,4.099721743362212401e+00
9.222538437413628998e+00,2.732982848270255172e+00
1.730621367421566603e+01,-7.837344002565922452e+00
-1.190398705988911399e+00,7.140437745037941930e+00
1.772035481980495319e+01,-5.964802925927531696e+00
-1.432745181672306467e+00,-1.598085457134586496e-01
1.376363624632957183e+01,1.267350833237904695e+01
3.584381612789965033e+00,5.473239694267700628e+00
1.161843307678305059e+01,-1.423690917403456435e+00
1.459270976271968046e+01,-8.135270702509378449e-01
-1.971186881840571115e+00,-5.527639568134159020e+00
-8.349508332171414082e+00,6.674865093023209184e+00
-1.333806936946719901e+01,-7.435080335227837622e+00
-1.193695678220857204e+01,3.516368515298412323e+00
-5.216803789837713978e+00,-6.124175517526514234e+00
-9.305780386510626556e+00,5.826521585564150563e-01
-1.759944288366320997e+00,-3.788379294649677931e+00
-9.212008506573534206e+00,8.292405799914007503e+00
-1.127182197476159153e+01,8.884416114293616218e+00
1.649966250965734460e+01,-2.154855943059140522e+00
-1.541665335675294735e+01,1.075528489047880853e+01
8.522775808115454765e+00,7.527307277808385599e+00
1.145114971304569806e+01,1.323397230153016224e+01
1.714751522553507712e+01,1.567767345751754027e+00
-2.966404768632804778e+00,1.967451408546812663e+00
3.574580435758391683e+00,-9.297850992992225727e+00
1.293609912614168911e+00,-8.101944649674882371e+00
2.287741529867546753e+00,1.694857684603363168e+00
9.693497849550226420e+00,-1.278338337090152876e+01
-1.543851294286682396e+01,7.930643958909172397e+00
8.323388681528305355e+00,1.707808232882051414e+01
-1.328233076517335798e+00,1.079773851849089183e+01
-1.424257889847421410e+01,9.382992925820309082e+00
-6.468900971393343191e+00,-7.363319411915445478e+00
-4.612465755596400818e+00,7.905548240755585709e+00
-1.091376735023884059e+01,-4.928148211298982062e+00
-3.861980244312654076e+00,-9.955149527906511864e+00
1.891336154784665879e+01,-8.925667421560304904e-01
1.404916237499407217e+01,-1.121340291152027291e+01
1.178907194999441010e+01,8.059113136219758999e+00
-7.621636438512521039e+00,1.714856049217524259e+01
-3.043082134371679626e+00,-1.210928661057608124e+01
-1.237672630668366125e+01,-5.948090025606503239e+00
2.767626633876719922e+00,1.869868539252457751e+01
1.572913481477759223e+00,-1.394949287950824335e+01
-1.012446531122996163e+01,3.844095092588068585e+00
1.578432172957477420e+01,7.113834021467805080e+00
-7.572362295333741500e+00,1.226630075146014631e+00
-5.583597901971141475e+00,-1.491010533650359093e+01
1.357471816716049107e+00,-4.249258699551986318e+00
