9.362208348082953435e+00,-1.176438289474763899e+01
1.669252098151993602e+00,1.117478955015827857e+01
5.262610664354365753e+00,-1.825628777737549413e+01
8.381089828458163637e+00,-2.565345540870872298e+00
3.836604655133189823e+00,6.227823419200587907e+00
1.497180757911679372e+01,-1.169056544945172504e+01
-4.803667889723754136e+00,-1.795131600233806068e+01
1.093997171712519290e+01,7.361308535167021105e+00
-4.550658718285908400e+00,-7.196533364059762405e+00
5.477291916652109016e+00,-7.159108121525747492e+00
1.629758390276949953e+01,9.754862532619451798e+00
-1.317903075381439670e+01,9.414782968443800470e+00
5.143994732758599753e+00,-4.101187007656235117e+00
1.732017672888631665e+01,3.133355210704259708e+00
7.183328640567695267e+00,-1.031323482665268365e+01
7.460302136567137588e+00,4.949091615005785982e+00
-1.213045978191530239e+01,-1.054773954013231574e+01
8.385157108934633285e+00,1.308152654524539393e+01
4.290847250519948197e+00,7.953546901219692877e+00
-1.464303184660902168e+01,-9.288138466742658750e+00
4.283363649235927717e+00,-8.651076008139348517e+00
-1.011446670410493809e+01,-1.852085107647975626e+00
-9.026822773675595712e+00,1.262483520390217073e+01
1.783744764795759963e+01,-2.118822319137305232e+00
-1.412340606477782856e+01,4.465058350892621597e+00
-5.081506454038255960e+00,-3.812002234975841564e+00
-6.167718256121347942e+00,-1.099398852652727498e+01
-2.739423883404525917e+00,-1.005176751736692964e+01
-2.282661844119174166e+00,1.883588714303529343e+01
-1.188864227383472993e+01,-1.400465814975138557e+00
-6.199690795610859340e+00,2.887056129686728312e+00
2.860247764642771529e+00,-1.555255204455292706e+01
-7.163206268847495117e+00,1.248106053344273114e+01
-3.079985305382265448e+00,7.124037292844949576e+00
6.689058464465399645e+00,-1.378326921494228863e+01
1.383608592299282769e+01,-7.962867697298972480e+00
7.466200377154658341e+00,9.338906539850379218e+00
1.869368849547510436e+01,-4.924860757114958298e-01
1.247736488798716969e+01,6.364532830209065573e+00
5.435295948982723502e+00,1.291887739999147300e+01
1.499736902011035156e+00,-1.441428875780815488e+01
7.821475232759487639e+00,7.000114584129613071e+00
8.064376583853151814e+00,-5.939826552369232182e+00
4.840037080550538384e+00,-1.380833137725144333e+01
-1.340552055347466620e+01,-1.270937606185047031e+01
6.131623161510053599e-01,-6.089374103972658325e+00
-1.537246145368733785e+01,9.146121856539823014e+00
-1.694582467396743297e+01,1.591421961293808307e+00
1.190625348298728525e+01,-6.791016110202157563e+00
-1.028610859855984394e+01,9.525663975891571766e+00
6.016531024448868337e+00,-8.955453728895255594e+00
1.588707695446058921e+01,5.678675111010845988e+00
-1.087552016560657897e+01,1.336162933679296039e+01
1.034209094778474203e+01,-1.337951915989224894e+01
1.677682863994178675e+01,-8.837522092964755771e+00
1.214880313016442059e+01,-8.840271004707652480e+00
-6.329674551871659061e-01,4.404245364175209509e+00
-7.164240929155354820e+00,4.364293934396195951e+00
1.060543191483144199e+01,-4.574860231352947615e+00
-1.342149325041817143e+01,6.171797368924018201e+00
-7.359068414590864693e-01,9.164510208955636728e+00
8.523069506795335926e+00,-1.361051018525446388e+01
6.349975900720911781e+00,-1.525582340139808313e-01
-5.291673891530678020e+00,-1.965682250884157600e+00
-6.215349400507172106e+00,-1.564344776048264940e+01
-5.309491397314354266e+00,1.096124476406122383e+01
7.991305301667241956e+00,-8.066331750416745328e-01
1.411470435561683523e+01,7.008796702918614230e+00
-1.442838685579850377e+01,1.074589379222537744e+01
-7.592760982743944176e+00,-4.542556884503007986e+00
1.654302671927796098e+01,-5.549752508892718872e+00
-7.628714631766730925e+00,-1.367945279553234350e+01
-4.159744652656146791e+00,9.452856536110411767e+00
-2.725295538050981570e+00,3.918586511537802686e+00
8.776444786941930420e-01,-1.038035129954349767e+00
-9.529658125460530371e+00,3.746140647520959988e+00
-1.837688037049877599e+00,-2.753139944775177206e+00
-1.249051088301449119e-01,1.127872543455907639e+01
1.017273679076498105e+01,-2.745867255762830528e+00
1.894818611288658472e+00,-2.522710702380903225e+00
1.539619455336107112e+00,1.399983604814534655e+00
-6.075224413113717858e+00,-1.279400371899227551e+01
9.326782531728721182e+00,-7.364642982274665961e+00
1.120824597770674025e+01,-1.036627954751953418e+01
-6.476414153438042831e+00,3.393228848029862799e-01
3.401765373510977408e+00,-1.547079284242538932e+00
1.454315686961393261e+01,1.027694195747105743e+00
1.411389934173639737e+01,5.155540264397429517e+00
-5.412751369790736788e+00,4.825194510914504242e+00
2.718019063993127649e+00,9.769407445739644591e-02
3.784975413432431601e+00,9.677719871920920980e+00
3.714799963008797334e+00,1.572105306441474282e+00
1.153062455221822269e+01,-1.405473065194191351e+00
-1.411440025971818457e+01,7.832050270370602085e+00
1.243322813143364769e+01,8.479856793436624685e+00
-1.666086768146367092e+01,3.895030312119317273e+00
-7.907623221037367145e+00,-6.380047126741756003e+00
-2.509411332303540298e+00,8.833425734154790376e+00
-1.795053188360437035e+00,5.721114541443673041e+00
8.922316715520258512e+00,7.623971955915437304e-01
1.752510725152648874e+01,5.020115088467464126e+00
-1.741333849906919085e+01,7.465930347713538140e+00
1.686833777365922549e+00,-7.589341097807074554e+00
-4.798749305873105442e+00,-2.074035771752898993e-01
-7.847833594928105505e+00,-1.043776599067847854e+01
1.503436004177172602e+00,4.530052203578710746e+00
-1.209597797208399328e+01,-3.290815328954337371e+00
5.536910281933428379e+00,1.450602124890867817e+00
2.524950914450469153e+00,-1.100080932810564782e+01
-8.491750368165531526e+00,-2.623437113899020012e+00
-4.686424476785792770e+00,-1.452836094245392218e+01
2.053112737293713685e+00,-4.285767650002227924e+00
4.648128554318249783e+00,3.090858027362045846e+00
-9.457073701304848257e+00,7.134886973692506018e+00
3.721858927525236282e+00,-5.174008644122769951e+00
-1.189719246315200651e+00,7.407766726450913275e+00
9.760009662011796649e+00,2.478841946917811345e+00
1.525918685520621487e+01,1.131982289680973253e+01
-1.025655729854175036e+01,5.348990259201498176e+00
4.655171194665854273e+00,-1.557937856336743820e+01
-3.130212828609312270e-01,1.296773177088067497e+00
-1.508007536418643468e+01,-4.258315318498411273e+00
-6.016694038385970167e+00,-5.581399655946283289e+00
1.130604981662310493e+00,9.388826774068922631e+00
-6.727549776749840227e+00,-2.976437854946748729e+00
-3.618439250510284033e+00,1.672981384047882614e+01
-3.717702591708504478e+00,5.423494004587174011e+00
-1.852550239406558319e+01,4.013178168338273011e+00
-4.427301202043016026e+00,3.294084931453369336e+00
-5.856347837190956085e+00,1.451351611726112800e+01
8.739255124646723161e+00,-4.312405744779674421e+00
-1.030160063115418723e+01,-1.018266219135575845e+01
4.281283935022880627e+00,-1.049104912768168774e+01
-7.327564619735854379e+00,-1.279328477075231119e+00
1.096171402417487606e+01,9.557947156961539292e+00
1.320921007046782591e+01,-1.161331550278581659e+01
6.523351220576720344e+00,-1.557907267547042274e+01
-3.038346509550226671e+00,-1.202379306690508076e-01
-6.621089794172476672e+00,6.243033079991209711e+00
-1.063735650820175138e+01,-7.932151384031796426e-02
-1.559560188383512447e+01,-5.637156415653418184e-01
-1.354944121819820246e+01,-2.181699068048863488e+00
-1.484023373957219327e+01,1.940968208759096703e+00
2.663690964788186233e-01,-4.362236187696328926e+00
1.448817943739086012e+01,-8.566487141836965913e-01
5.778722547844739488e+00,-1.163642056156094284e+01
-5.340228141123342098e+00,1.627255490897752921e+01
-1.341595826523072255e+01,-5.223209952432310565e+00
5.077715791943092860e+00,4.821417336245948704e+00
1.199755149949997524e+01,1.110075692707949457e+01
9.453248973267676547e+00,-1.524360620085690954e+01
-9.046254889469971250e-01,-1.005023454272996375e+01
-1.142270112192049547e+00,-6.245027696929464689e+00
-3.579538415694443199e+00,1.215633251017389505e+01
-6.257501456624593672e+00,-9.233527028647307233e+00
2.466440336652768739e+00,2.906142750900800209e+00
3.307072567464355739e+00,4.531921490701237509e+00
-3.509214207571547117e-01,1.858857910349733444e+01
-1.030919701968193358e+01,-3.722611330881874014e+00
-1.386134398161824244e+01,-7.431237302695028468e+00
-2.686752869003927291e+00,-8.252775563364473044e+00
-9.642239502325875122e+00,-1.454919499884356071e+01
1.757387815245578011e+01,-7.182110315785225296e+00
-9.042795967591238382e-02,-2.535807211041546161e+00
-1.158534950496872895e+01,6.536607531875685773e+00
-1.706125650097227009e+01,-1.882995172848960008e+00
-7.335220977675951382e+00,1.565257454582881103e+01
-1.889540282312449904e+01,-1.753107122358013914e+00
-4.285066962725151640e+00,-1.279722312875097145e+01
-1.387632465370920087e+01,-1.091485180931691623e+01
5.243743846374840700e+00,1.823802238603640546e+01
1.728344043542068553e-01,-1.656930031459597430e+01
6.115428268694864222e+00,6.314757395055417000e+00
4.514160266575471425e+00,-1.055771473515924735e-01
7.541898456624429592e-01,-9.148224211499684344e+00
1.211527103354434054e+01,-1.307230469866820854e+01
-1.163461560909793668e+01,8.365589758850738633e+00
-2.854072364392961081e+00,1.655520541404613466e+00
6.448419918120287697e+00,3.246382499182626447e+00
-7.677037832242770143e+00,7.636006610698621522e+00
6.595843636415208877e+00,-1.923158750125737004e+00
-3.526782721459970293e+00,-1.935844030641054259e+00
-1.346974068950922199e+00,-8.953114452462989092e-01
-2.653706114009249717e+00,-1.185061702915853310e+01
9.268209883411291372e+00,8.146256948636244388e+00
1.773075257354390999e+01,6.825380425497954207e+00
9.259318612875940602e+00,5.964425071441578297e+00
1.776329705902032430e+01,1.095217434747167484e+00
-1.572948165455831315e+01,5.462128139066989796e+00
4.562540114830086146e+00,1.128183455937780622e+01
1.380290394216129179e+01,-9.892020237170621400e+00
1.608044475271513107e+01,7.512134520377038882e+00
8.997173885050649744e+00,1.472421205309909631e+01
-9.234391594433325468e-01,-8.094516331803141895e+00
2.541527006161770075e+00,-9.184021768460725710e+00
1.349622328470935351e+01,9.919958974582653966e+00
-1.415041603754256583e+00,2.729131331706375896e+00
-4.357687844441627156e+00,-8.986921669874444518e+00
3.713160089736879055e+00,-6.954098868889126095e+00
-1.153972876094212019e+01,-5.005488234959621252e+00
6.991328979917569519e+00,-3.835344567958785422e+00
5.797144772642546240e-01,3.028104829389795416e+00
-3.320301628938917116e+00,-3.964604781160877334e+00
-1.194176309647727408e+01,4.638148908764869738e+00
1.109668826312031698e+01,4.385000948844000046e-01
1.188985753304152126e+01,-3.276193894036792731e+00
-9.402832228948689419e+00,1.954448888971538567e+00
-8.505125041285577225e+00,5.517618771928244570e+00
-1.404773116701663405e+01,2.896700626813780710e-01
-6.351679690304957049e+00,-7.379386652914820210e+00
6.053171856682195262e+00,8.149406270406124975e+00
3.575341449427482665e+00,-3.298076170254450989e+00
6.301607200059326175e+00,-5.533576787954714860e+00
-8.892238596406480511e+00,-4.169191090274276257e-01
-1.278463325436116449e+01,-8.912981974663445328e+00
-8.498660963523271050e+00,1.080701036364026102e+01
7.475700881330528347e+00,-1.210539992106632390e+01
7.568792046389818395e-01,-1.097916893978498365e+01
1.496193615398490451e+01,-4.676917674706857930e+00
8.926935623353136506e+00,-9.980841827653256004e+00
9.819582400852313597e+00,-9.011707336077511288e-01
7.503851758067177080e+00,-7.831689481608667514e+00
7.294959568302341602e+00,1.437569645291025155e+00
1.641610782366341281e+00,-1.260559236466623467e+01
-4.650283730988828523e+00,1.544306680737112858e+00
2.987515614224069416e-01,5.925900064404284073e+00
1.711424134390868934e+00,-1.891350383785729505e+01
-5.370931062564343605e+00,1.276442916800605332e+01
-1.533042072944138079e+00,-4.528558175557036769e+00
-1.242429585465555952e+01,1.195588522088751660e+01
-2.931800326187889105e+00,-6.379797385169450941e+00
-1.851321204530150055e+01,1.705373671018005632e-01
1.094246592930567985e+01,5.242112062439873377e+00
-7.635437779288921867e+00,1.768839340895514756e+00
3.425627855508134978e+00,1.586961188602891148e+01
3.806966457066597975e+00,-1.720568997340494732e+01
-1.832306634561073722e+01,-4.813600196162768796e+00
-8.002153828303598004e+00,-8.265395584040863497e+00
1.981066716876519251e+00,-1.711863122729260667e+01
-9.942636463029002059e+00,-6.776417094920426543e+00
-4.386311713289744674e+00,-1.084019131702913619e+01
1.236714005954840268e+01,-5.017642145726629366e+00
6.723759289963664454e-01,7.643877214418218990e+00
-1.163267945853960939e+01,1.501275597529464356e+01
-1.532731993500067347e+01,-2.430601052583959198e+00
-1.327009915322940081e+01,2.851296055484020986e+00
-8.143701800389742118e+00,-1.693463851785037022e+01
1.248802020914386190e+01,4.370514682690054720e+00
1.378154392461678768e+01,-6.098168883208783697e+00
-1.635323045772535266e+01,-9.648662415097657430e+00
1.013688990028705561e+01,1.115390821706561830e+01
3.876448117194303489e+00,-1.221149591550311087e+01
2.413993254996534166e+00,8.042035702179113343e+00
3.600131373950014702e+00,1.315346499993939311e+01
-4.765737062756754128e+00,7.728409898364886566e+00
2.052567935039958158e+00,6.251144945668380970e+00
