-1.055498541461834172e+01,8.977437740127680144e+00
5.570334272414160459e+00,-1.735502197430255578e+01
1.841923629525789963e+01,-4.658260732828870765e+00
8.469497513180705539e+00,7.929284726568290864e+00
-7.070091661128413918e+00,9.200772687498307789e+00
1.740689009540562182e+01,7.552422239267928106e+00
-1.455849058541845942e+01,3.347439831009298761e+00
-1.456174830883920635e+00,1.432026673686726959e+01
7.575672283095181925e+00,2.658081061099396347e+00
1.193760834669817150e+01,3.509121309835447011e+00
-8.847374386679452973e-01,1.897794489120729011e+01
-4.924687697862604630e+00,1.831921602211460964e+01
7.430391827134701366e+00,6.328457827751066134e+00
4.306496472456874613e+00,4.183390730373373501e+00
1.159738750453873912e+01,-1.818886614048846440e+00
1.313854755248639927e+00,2.651598519693444955e-01
6.134955276230060761e-01,1.389377097408204698e+01
-4.829245434881527466e+00,5.161624689600921911e+00
-4.138742582088570821e+00,1.898607346116729655e+00
1.172450707323961172e+00,-1.681313299155369734e+01
-1.012346474692274967e+01,-2.267376858050716315e+00
7.744283104413415941e+00,-7.303066876321110179e+00
-1.533780861257330841e+01,-2.108125955932215412e+00
-3.780281685471775344e+00,1.090749140895539426e+01
-1.075889337690527370e+01,-1.068522751031291129e+01
5.441787861915811320e+00,1.200440650558911138e+01
7.400368420675955683e+00,-1.255744290225576343e+01
8.099055005026849940e+00,9.215478738735799480e-01
-1.015294686741105501e+01,4.970107490131685068e+00
-4.777387877397274885e+00,-2.857431788447821308e+00
3.113736671282148372e+00,-2.716941582181861214e+00
1.610126086659983713e+01,-4.749916664721147264e+00
-3.047252549481930028e+00,9.229781106180759309e+00
1.276741533718037758e+01,-9.224147900147924517e+00
1.784981420572590238e+01,-1.250300499142960708e+00
-1.336640957025624488e+01,4.642788587946287571e+00
1.639762099010616581e+01,-1.470146275364959607e-02
-1.828620713879471671e+00,-1.222775549266419848e+00
-3.707356854549018976e+00,-4.608092098514205759e+00
5.812181614730613788e-01,1.566620144798014636e+01
2.316065832501302407e-02,1.010674381626971829e+01
-5.190353492523891887e+00,-6.200145191203943362e+00
5.208485738946983190e+00,-1.538961312351164956e+01
1.439220020391372934e+01,-3.935796880104435846e+00
2.070138028836919997e+00,-9.490527798510376201e+00
7.910674287656685344e+00,-5.509529616394056362e+00
-1.568295649500159605e+01,-9.026420932782706075e+00
-9.600042975707472337e+00,-1.425122075745072614e+01
1.217308945817740096e+01,6.994853042102107565e+00
-1.234082827113072156e+00,8.827221644903195497e+00
-2.267820016062953581e+00,-1.536974744037564733e+01
3.518620811519498126e+00,1.715994613424347648e+01
4.108772543816101575e+00,-8.039382253542971313e+00
-1.777787239695509391e-01,-9.434450398651152980e+00
1.575577548478529799e+01,1.061459273371628775e+01
-1.028485389912806802e+01,-4.343043218582231524e-01
-7.279203154211299598e+00,3.469837952280961701e+00
6.361337385071702322e+00,1.368761983634592561e+00
1.227531167656278122e+01,1.658109777908380211e+00
-1.892811696294719681e+00,1.073192482352870236e+01
6.936731758536558878e+00,-1.605887322892533220e+01
1.788030608576319835e+01,-6.348851309557080214e+00
1.358582361115395187e+01,8.111157434085829010e+00
2.975873762415566226e+00,8.892801377417104414e-01
4.571632274856264611e-02,-1.818694210088458263e+01
-1.389366870048220548e+01,1.692431603275234231e+00
-5.598631712107414060e+00,-1.199733735709119786e+00
-1.541672629794251570e+00,-1.704083233497394190e+01
-1.584975262514576499e+01,-6.814025467702230721e+00
4.202642954180401347e+00,2.230556772799110021e+00
1.244284178375904837e+01,1.207341072877081523e+01
-1.191435269710385825e+01,5.730303196376199004e+00
-1.073546494412228824e+01,2.432443777694096809e+00
1.053827040209628763e+01,-6.768037265955999082e+00
4.872112889467125285e+00,5.870811536212261927e+00
-8.369203385127281791e+00,-7.471123048287573454e+00
5.772432239241283014e-01,-7.856268473043175327e+00
-1.072978735248389270e+01,7.159126542357375556e+00
-2.686697963978094350e+00,1.878302780700223096e+01
3.971873517441264045e+00,1.002100574241136677e+01
4.105316033537766529e+00,-9.820435601561159800e+00
9.360978848425800081e+00,-1.199235721270208188e+01
1.140769877172455793e+01,5.357387657231848621e+00
-1.154883101763624964e+01,8.092521609824976370e-01
-5.209992064693611979e+00,-9.769310984760895877e+00
1.184479887129932685e+00,5.698663345376945522e+00
1.623992572018715563e+01,-8.164075785946696584e+00
2.442352099046725566e+00,1.536556626006752957e+01
-7.088127351170298240e+00,-6.112633562276592158e+00
-2.518012968163756415e+00,4.242486447334506972e-01
-8.660196378869784439e+00,8.298461438170837923e+00
4.661896008508766287e-01,8.330082950427190269e+00
-3.159688146565159172e+00,5.704965706106617240e+00
1.856356662685842096e+01,-2.880382517782608343e+00
-1.291283870894605634e+01,-1.229528344524331906e+01
7.463402971681924569e+00,4.530650883188103606e+00
1.310348846968974357e+00,-1.203940962663857306e+01
5.167542410550968413e+00,-1.262577625815080706e+00
-8.939526151660690090e+00,1.199247655890894215e+01
-8.732838081818239395e-01,1.028805276904374288e+00
4.328289586233683650e+00,1.537184633442067572e+01
-1.475094267548653804e+01,-1.197271633411933500e+01
9.790473686897000150e+00,-5.054577897054767455e+00
-5.586989411079219536e+00,-4.427540564904739462e+00
9.401501750140733860e-01,-4.780940193155927886e+00
1.389255606097110096e+01,-7.441604425316040050e+00
-3.920904878119809478e+00,-1.454147049334835273e+01
-3.856009978094428359e+00,7.614670976827190962e+00
1.272337952635822766e+01,-5.843989108180445591e+00
-3.385503197203974857e+00,-9.902149514993588753e+00
1.106994980069035783e+01,-1.243406558750162105e+01
8.525333045151683109e+00,-3.725728939130131145e+00
1.863909358347971557e+00,9.594884108593953798e+00
-1.188294363763743000e+01,-2.583576289598440656e+00
8.999957319404941813e+00,5.389509680194316310e+00
-5.810694132613760665e+00,1.261514945527468345e+00
9.268604565297411391e-01,1.896339902044400816e+01
-1.841378284504581586e+01,-2.572887170695486780e+00
-3.394254118519036023e+00,-6.396228849224892876e+00
1.648180092001269514e+01,-2.959980692934597979e+00
-1.109028497750856523e+01,-1.244092236294608433e+01
-3.996072240109382445e+00,-1.632314136686489903e+01
9.972865063406709751e+00,-9.946245957837471785e-01
-9.017538935717462678e+00,6.514083638793446873e+00
-1.698508601471754975e+00,-7.067063719316861281e+00
-1.021308818708981114e+01,1.335239913180632421e+01
2.411695753907734829e+00,2.577937690551443506e+00
-5.062499321806525066e-01,4.950924153200091382e+00
6.046712197309889625e+00,7.428502760815073103e+00
-1.590161723525117488e+01,2.199403873254321073e+00
-4.404556930812770332e+00,1.667366916092839768e-01
8.304737257796097616e-01,3.791206662699145635e+00
-2.349674283952709608e+00,2.201603909258031955e+00
-1.532063245086370351e+01,-2.898371657399160251e-01
-3.169127218769748566e+00,1.486576276980169808e+01
3.802728200092178490e+00,-1.690721658262049232e+01
1.713685103350314654e+00,1.704837736047096541e+01
2.280305815302658523e+00,-5.928720350660078964e+00
-1.035664443238366417e+01,-4.025498078686458037e+00
-7.520969892646312438e+00,-1.062230264990775197e+01
-7.257553623296799650e+00,-1.411025784120578130e+01
1.451167190628066095e+01,-5.714525233515907132e+00
1.024826088309637129e+01,1.420555924561168304e+01
8.428336954800752068e+00,-1.966820153365687718e+00
2.508819731841445577e+00,4.349525711233614977e+00
-6.822187161184753990e+00,1.446913699507670437e+01
-5.546515313969257122e+00,3.081713713711128122e+00
-1.180426051244728436e+00,-1.389083670081958566e+01
5.117812072565848247e+00,-4.828737023343335544e+00
-9.937190987172075385e-01,-3.455903212934323676e+00
6.804493827767282843e-01,-1.387221426317706197e+01
-5.711494273105425457e+00,1.054902527494264675e+01
4.033156353145853856e+00,-6.269163130042848309e+00
4.137575598830628643e+00,1.360151633653361358e+01
-3.795614182920750590e+00,3.689387732378949902e+00
6.791314581987903942e+00,-4.098387330734773570e+00
-2.128143670737902227e+00,7.174896346199100883e+00
2.146660938544897590e+00,7.590952184004948755e+00
-4.347611336614725985e+00,-1.143475317148809900e+01
2.856161479245800994e+00,-1.111292653711096179e+01
1.337820095580648072e+01,-1.288342989815601491e+01
-6.976570295747307193e-02,-1.337492052139881427e+00
-1.777839601550056869e+01,-4.240287388322433237e+00
4.891761900608955216e+00,-3.014873217605226863e+00
-9.112259796270674173e+00,-5.800004087273379128e+00
1.144669824583201390e+01,-4.461173540247862945e+00
-1.851289204951650191e+01,-3.278011894979815377e-01
1.725447190131638608e+00,-1.513281589905701052e+00
4.750938561259137494e+00,5.000979098947716528e-01
1.729246364835450800e+00,-1.874701245315122122e+01
5.741177997407823419e+00,9.961168382362345142e+00
1.459575122424559446e+01,-9.085994358922047098e+00
-1.239647769634426855e-01,-6.216901096457000619e+00
4.212088221969709778e+00,7.614609787999077284e+00
5.317781665185156825e+00,1.763554308007978122e+01
-2.694863121762268054e+00,-3.017688910424114024e+00
-1.343507917335204382e+01,6.733568886591403846e+00
3.092108145235295869e+00,-1.285511137426215100e+01
-2.786984263507760406e+00,-1.831453004509292626e+01
-1.167816972430829381e+01,3.920161088798321813e+00
3.332540427458029697e+00,-4.458024181974269418e+00
-1.918302601836543442e+00,-8.830508718778014909e+00
-7.051758570916606850e+00,-1.037290878554427975e-01
-1.648547047820299838e+01,4.956045360563856583e+00
-7.570497993579713203e+00,1.625528655801126376e+00
1.393325156336808490e+01,1.104968762796699089e+01
3.616374768054738009e+00,-1.865266290739681665e+01
7.936423557066229151e+00,1.615469928511830844e+01
-8.628219234677128924e+00,-1.096029468925025174e+00
-9.312197511224471924e+00,1.024083820193661687e+01
-3.365110817487965700e-01,6.764603076885066457e+00
2.702044181847064852e+00,1.872332868432869191e+01
-1.703511150306756816e+00,-5.094696730435868126e+00
7.543878853136848583e+00,1.029149504544009908e+01
1.280619894748352294e+01,-3.143723639092742772e+00
-3.640798535968050587e+00,1.665868974526405566e+01
-3.781893760461087162e+00,-8.141257943992380675e+00
6.813829309268440326e+00,-3.697179749342683897e-01
-2.080165752688781122e+00,4.170966777902799016e+00
-9.384497708873189126e+00,1.209570003463517285e+00
-3.474055631311621234e-02,1.736709369632954392e+01
-5.493170779136002935e+00,6.796924665582423586e+00
3.122556591455424524e+00,6.040130246028756034e+00
-1.226745265144461428e+01,8.354711343590421890e+00
5.937718979100608863e+00,-9.766040829577962157e+00
-1.377104741488862638e-01,-1.543655614731920345e+01
7.655680050526997071e+00,-9.090904877687592034e+00
7.252335820834300506e+00,1.206191200358166782e+01
7.086902475698032555e-01,-2.958476950013602558e+00
1.486882201514332991e+01,-2.106554833720727160e+00
-7.173929538681158569e+00,-8.870350670097769452e+00
-6.584579915928891580e+00,-2.650203126836288892e+00
1.019918858048090371e+01,4.085672075100113432e+00
-1.091389724724708010e+01,1.127895388017637046e+01
2.084006738145330662e+00,-1.494153182561865911e+01
-1.374821926926557580e+01,-2.953030685666443222e+00
1.543461523352950593e+01,2.445263448486958424e+00
-7.250257102845356627e+00,6.964071888182626680e+00
9.987069905200783637e+00,7.003494531838403425e+00
1.370547050449543569e+01,3.623672569113117525e+00
-7.661780832100558714e-01,2.984795323062095385e+00
1.400710446390882957e+01,1.312240397921540014e+00
6.689147349468018255e+00,-2.328246874351822537e+00
-5.570907105761018663e+00,-7.919309440765140984e+00
-7.366412952318732721e+00,-4.318220413078930342e+00
-8.370460161753978667e+00,4.862326324673991174e+00
-1.716035270141967928e+01,-8.037328140319955239e+00
1.212441538669849272e+01,-7.524224367159355609e+00
6.269793747929942818e+00,-6.257515513451504141e+00
7.366797081364012678e-01,2.003676220374833061e+00
5.368895775547048999e+00,-1.333893992654476257e+01
-9.033820254885487344e+00,-1.619269357745293902e+01
2.666663859225227196e+00,1.122299956386366482e+01
5.977604830761799271e+00,1.389361218921213137e+01
-3.595240836177747035e+00,-1.458825765457911539e+00
-1.818579429150013915e+00,1.710774836551117772e+01
-4.620146082632294871e+00,-1.834957138291431633e+01
4.545798229132949508e+00,-1.163100845725976207e+01
3.411592386155517964e+00,-8.586528069791762308e-01
-8.259086446963066486e-01,-1.157389739209739510e+01
5.962733541762279543e+00,-7.986333846466251885e+00
-5.403919167185035732e+00,8.623029352593324148e+00
-8.361946521910407881e+00,-2.867616132602169188e+00
-3.126677691867517428e+00,-1.285457785516825702e+01
-5.636207759837584597e+00,-1.499512265330621119e+01
-9.070965820204861529e+00,-1.160747273707242044e+01
5.965462174392348160e+00,3.504563204538381438e+00
2.346775440254951217e+00,1.356441237232961328e+01
2.380032824113538670e+00,-7.726332011123293597e+00
1.029279739823962636e+01,-3.051965984418036459e+00
-4.979736015542127525e+00,1.459689786317051663e+01
9.433536476254182901e-01,1.165824141702554151e+01
9.908374690088070480e+00,7.673332066334153101e-01
-1.141577755368397895e+01,-9.002363731315060846e+00
9.330753089553066815e+00,2.466243674439652978e+00
-6.634168684748879663e+00,5.230828084523263755e+00
