-4.123284957049157540e-01,-7.298107237969943206e+00
2.201668353340116013e+00,-4.724024946050709772e+00
-4.339444966204629495e+00,-1.276243256599142839e+00
-1.675324931433886633e+01,7.347699936335343907e+00
1.012987796960722608e+00,1.486061993191881481e+00
-6.111160978452100601e+00,-4.585013339629872675e+00
-1.059802860686931680e+01,1.104583039903921815e+01
-5.665311665147607201e+00,-1.626671296184110105e+01
-1.071221258704958146e+01,-1.011541666294025710e+01
2.897969335218042897e+00,-1.264838291713119567e+01
3.313839503242733908e+00,6.872593779983428242e+00
-2.008623829442646613e+00,8.633524429985591553e+00
-1.714079979112088736e+01,-2.671356773306686971e+00
-6.858233201498192599e+00,-1.308165640597592727e+01
-5.711038215640059867e+00,-6.323074935608379299e+00
-6.696256793955192244e+00,6.707200533820986799e+00
9.673900475612398964e+00,-7.717944575166715282e-01
1.127822520324556876e+01,-5.493581128155008292e-02
3.972852820831185294e+00,3.100038533666478746e-01
-1.128028508649488337e+01,1.329826100567259306e-02
-2.135154462714599521e+00,2.801215691011940123e+00
-9.749832941977093270e+00,-1.472440240889469898e+01
1.368972463438114140e+01,2.419422597752173942e+00
7.837453952170625460e-01,9.718385754214935446e+00
7.695213865624944027e+00,-9.038150078739027649e+00
-4.459322240979417096e+00,-1.246233869600154520e+01
-4.462605351213725591e+00,5.161766676023442635e-01
3.991620045194673061e+00,-5.065832856065192402e+00
-3.474270580892619531e+00,-1.089773997553888840e+01
-1.881282259044648297e+00,4.553846413127988768e+00
6.485605969255636261e+00,2.435759392106351839e+00
1.255929160463754357e+01,-9.975049229954283447e+00
-1.613218497954441233e+01,2.718366408189420547e+00
-7.148765264331059299e+00,-7.535527320009065555e+00
7.985274584939389797e+00,-5.354432010612777959e-02
-1.777618937259809684e+01,3.495076350574817692e+00
1.565179241151706613e+01,-3.915269458373492828e+00
8.522278618907549230e+00,6.631842517535885051e+00
-1.496623760620671462e+01,7.365787369600022672e+00
-1.289673858083360081e+01,1.209572485204247450e+01
-1.006781203561141602e+01,6.073013234472570687e+00
-4.239379345651850706e+00,1.831025557964906270e+01
9.941322267851317562e+00,-2.673386620584321971e+00
-3.430105467229113358e+00,5.379106507970655038e+00
-5.639156272101759626e+00,2.577415678694787271e+00
-1.177831153691517407e+01,-8.559498719257225829e+00
-5.190003064574124636e+00,5.619407581552168018e+00
1.362424644791569150e+01,-8.537666030258501237e+00
1.019030694446509777e+01,5.569690606406303424e+00
7.087772098578748015e+00,7.716292654168183773e+00
1.174040258690979499e+01,1.208230242179084968e+01
-5.764752496606861953e+00,8.281135584090202784e+00
1.095654650747374426e+01,-1.260153016184529484e+01
-1.243448885598772868e+01,1.483719699324576258e+00
5.190665242687122038e+00,-8.099998093337445582e+00
3.904624289291054762e+00,9.740084638283279972e+00
7.250857233237433253e-01,1.147909211329501566e+01
6.795293361641234320e+00,-7.265607580755667705e+00
1.501587091598128154e+01,-7.344545788248927565e+00
-1.398954310538086609e+01,-3.622366280139318828e+00
-6.846853028568118837e+00,1.146945475074217624e+00
-9.899061647475988934e+00,8.145506383427338903e+00
1.512232950215419924e+00,5.534280549964102569e+00
-4.296478162215408680e+00,7.129213534734047286e+00
-1.800880722317281268e+01,6.046613130053756002e+00
1.153312527396158416e+01,9.922835652578893217e+00
1.360877358630362899e+01,-1.323101974407510006e+01
1.694581467868830060e+01,7.972481417365115952e+00
4.789843414203854600e-03,4.550333513007043251e+00
1.742042461251478258e+01,-4.327297756259842920e+00
5.482865625572592272e+00,1.613207545545226296e+01
-4.243264990563675454e+00,1.363215005488797438e+01
1.742087151790160249e+01,6.225046257506539504e+00
3.827959999133483948e-01,-4.529952059828626254e+00
5.367469731848896863e+00,-9.619059770947643306e-01
5.971953313861956048e+00,-9.775974925491611955e+00
-3.132633437471658677e+00,1.693451424489943591e+01
7.904197220363174736e+00,1.270759892042643813e+01
-1.507309351465877301e+00,-1.231183088707221351e+01
-1.457980826482907943e+01,-9.310274092935577173e+00
2.471855476979933908e+00,-2.889456936580015789e+00
-1.046140045750122427e+00,1.367578981946252625e+01
4.220956475474501701e+00,-3.258808587533666312e+00
1.195513314774326297e+01,-1.412191701274351274e+01
-7.878761871647880222e-01,-1.109552447291666466e+00
4.922401578709835412e+00,1.441766358615741517e+01
-6.087266706938035732e+00,1.003644406639069864e+01
8.464686919194251757e+00,1.049979103304817762e+01
-8.509581863287603021e-01,1.058614733941592334e+00
-2.163267152985027586e+00,-6.947617602950054483e+00
6.996384092117588160e+00,9.529483788951301548e+00
8.171238873886878196e+00,-5.670978953928718092e+00
1.486320027487576567e+01,-5.507701189878845049e+00
1.592152685454986916e+01,-2.597420384659754888e-01
-4.529403862890328369e+00,3.990495937339097576e+00
6.732008862490128642e+00,5.988956678525738653e+00
-2.715477139480201529e+00,9.567902146900310045e-01
-1.063348190571566754e+01,1.963045858875075433e+00
6.728767405950615732e+00,4.218602377461606601e+00
-2.473137469622521678e+00,6.870245565665900500e+00
1.535109431228218968e+00,3.327763953028030297e+00
-3.112201074609663443e-01,2.792878231263855149e+00
6.500705911619394151e+00,-2.380903219912849256e+00
1.339812113192509635e+01,-6.514838034490723295e+00
3.398614932015277201e+00,-8.950971022691422974e+00
-3.866215646277404439e+00,-1.567755053474904336e+01
-8.788415131725830776e+00,-2.191969950504994546e+00
1.165933062776238094e+00,1.366954872159981171e+01
1.525472211209638118e+01,3.289488582033601283e+00
-1.587031857592669182e+00,-8.694265865081364453e+00
-9.047383240981375252e+00,1.095901336972545215e+00
-1.381961090024299210e+01,2.663953299283128295e+00
1.246820496213794982e+00,-1.719462952342410489e+01
-1.300865584037279632e+01,1.028460564693267187e+01
-1.485101051460177679e+01,4.129505500304058607e+00
9.960770129152987096e+00,1.295324238752589530e+01
1.556964274453824970e+01,-2.085877088965510939e+00
3.819197847036317039e+00,-1.080409936693347639e+01
-3.940697781325607441e+00,-6.721628749233925504e+00
-1.458943549837639608e+01,-5.384277171292622732e+00
8.528060082222105320e-01,-8.661642937378625007e+00
-5.215426734050746305e+00,1.522456133581914806e+01
-4.299048670575046138e+00,-4.870206355255835895e+00
6.959949609456627329e+00,1.481904661351177488e+01
1.299466391679897903e+01,-4.389977670196929971e+00
1.134289873204698429e+00,1.861012152513050921e+01
1.064955025982887049e+00,-6.165713276071532967e+00
1.380372312716369265e+01,-2.670484980138007280e+00
-9.605705028709978777e+00,-6.427936238773988009e-01
-4.349807562282306805e-02,1.512295503333915470e+01
-1.215263774805229069e+01,-3.476507795562048031e+00
1.141214117542350692e+00,-1.189905655898208003e+01
-1.084202184987152684e+01,1.513897638605510565e+01
8.551724577360534596e+00,-7.409319196275081509e+00
2.234386173542048493e+00,-7.568102911014687351e+00
8.526663347036222973e+00,4.772708585872768694e+00
-6.951759452984100029e+00,-1.494390963121549376e+01
-1.284390094939202598e+01,-9.991696290352642507e+00
-2.601893967561252463e+00,1.462398566795843813e+01
-1.406460204079296616e+00,1.629318761503474633e+01
5.383913302959388858e-01,1.682792003389624824e+01
-1.346712543612220259e+01,-1.176834890848376602e+01
-2.351448428487145303e+00,1.884757793520045865e+01
-5.009104238992814651e+00,-1.423809187376024354e+01
-1.334747617453586344e+01,5.212218550063441036e+00
-6.791287198014185345e-01,-1.755833839312237643e+01
-7.645798015547462079e+00,-3.682648225499129957e+00
-2.572971158130191505e+00,-4.448565027053946075e+00
3.942457044018907730e+00,1.858257910271266056e+01
-1.066017985985731009e+01,3.838362493979972978e+00
-8.119129116141156288e+00,7.762564437088201430e+00
8.802519701946112107e+00,1.429983780021046869e+01
1.229201053866802118e+00,-1.601157826655653205e+00
-1.067086974727157234e+01,-2.511944709966843714e+00
2.797092052502508697e+00,1.696525866733024746e+00
-9.523985073533012269e-01,1.005236085476673935e+01
1.544758613195410923e+01,-1.099932964452788475e+01
5.555456075814483086e+00,-5.858780986775001587e+00
-8.446982448355567774e-01,6.139389922956307366e+00
1.081981041150646661e+01,-1.072814157665536960e+01
-7.400882724036795146e+00,-1.747176410333757701e+01
-1.497021548884177911e+01,1.290837644072736268e+00
-1.589806675715915496e+01,5.557094499650950148e+00
-1.633016219109973122e+01,-8.992019075755177226e+00
5.147201039665452171e+00,5.110278292081362750e+00
2.058064240451392024e+00,-2.061016708006258025e-02
5.959672509760935100e+00,1.294966033629225777e+01
5.315256069420709828e+00,-1.548198112068607735e+01
1.031658761013812509e+01,-4.456615209860332882e+00
-6.512605479869326697e-01,1.820401382356578424e+01
5.826167537414852937e+00,-4.057253883542669470e+00
8.235283958349532085e+00,3.039649781466414957e+00
1.252824156957255930e+01,6.446110422733292822e+00
1.196154932228120771e+01,-7.619037078314031319e+00
-4.392319303618534398e+00,1.059653960220422952e+01
-1.324424272615068965e+01,6.976555882275032872e+00
1.034452067407563369e+01,1.589969080780140054e+01
1.650244758999166095e+01,1.403666357725157354e+00
-9.072856794013929971e+00,-1.657963438944349122e+01
-1.058161842061534630e+00,-5.577743740233928271e+00
1.385055328696077481e+01,7.893465794756600040e+00
-1.578817619520901339e+01,-4.016465127523792589e+00
-1.732236022681455623e+01,-4.945391580894361816e+00
-9.939234397505679608e-01,-1.400113708121786971e+01
-6.027573937519691005e-02,-2.816684906346898831e+00
-1.160821230476884125e+01,7.679678328295142187e+00
5.111598836462052375e+00,6.893467270084476795e+00
-9.303684384767564097e+00,9.832414541079863568e+00
-1.747033510885665919e+01,-7.460318468263672287e+00
-8.782194559891545182e+00,4.044444383993542225e+00
-3.890915449965968720e-01,7.880421779306342245e+00
-3.260267480792548689e+00,-1.866650128007345799e+01
1.010140865847548142e+01,8.547320147569719140e+00
-1.887347692768796037e+01,2.019815021816537381e+00
-5.329773753681252835e-01,-1.572093203096051006e+01
4.914753794545005938e+00,3.265215525855111434e+00
-6.944592385593048256e+00,-2.022260498996091282e+00
1.241165719289595692e+01,-1.579365715353675315e+00
1.296490647204653435e+01,4.091872146324200266e+00
6.792489402307347213e+00,1.130424139063048550e+01
-1.184260456651244375e+01,1.357217479228246049e+01
-1.238079195370979546e+00,1.187636169635396222e+01
-8.863698888622618455e+00,-1.042595230159246888e+01
-9.070305026846853025e+00,-4.848583395318433631e+00
1.191468575917489581e+01,8.174513349584911381e+00
1.311862260750564779e+00,7.375654597103412868e+00
3.880148722168054398e+00,-6.869715958131085820e+00
-2.992702316988586020e+00,1.232556011646015470e+01
8.569746201590163537e+00,-3.819778191276825829e+00
2.953748368237840705e+00,1.393336694564162137e+01
3.646521983132343880e+00,-1.541040740899939809e+00
-8.340033446207401724e+00,1.331495579452145428e+01
-2.597116654611974607e+00,-9.250343369441075270e-01
-1.318935917140515990e+01,-1.964717664390153606e+00
-5.967034019989694293e+00,1.779536661399911779e+01
1.162306092375459698e+01,-3.251773605474816531e+00
-5.717885398562227550e+00,-1.807685811432905254e+01
1.620383446560849805e+01,9.626058744693725799e+00
6.028032035567596481e+00,6.820753114477473567e-01
-7.443112968796923745e+00,-5.791957701460188623e+00
-5.962021509551714615e+00,-4.086396203227449786e-01
-3.367187619226532203e+00,-8.415199928205039370e+00
2.346946003297557759e+00,8.884385281776271626e+00
1.658078059001918447e+01,-6.481028634975456448e+00
-3.820897787483481967e+00,8.824100170435054125e+00
1.715526356351859683e-01,-1.032603214171436079e+01
-7.853353344515266343e+00,-3.667616029615763384e-01
-8.467909982038468897e+00,-1.220391450379489484e+01
-1.444770578333516653e+01,-7.541438360591612877e+00
-5.259247139185593056e+00,-1.070000835572803233e+01
-1.682126143978586619e+00,-1.045642177153957064e+01
-8.273736552786308707e+00,5.817623108961830880e+00
4.970510304498657383e+00,1.114858042620933709e+01
-3.866349636811852619e+00,2.294277867614267663e+00
3.584427489989391091e+00,1.567189748172104125e+01
1.011857606288041644e+01,1.111378909360195166e+01
-5.393812199618702508e+00,-8.144715643710625841e+00
-9.063658610517034475e+00,-6.703622650754093470e+00
1.033571552204017152e+01,-6.264741343263153794e+00
5.652527545103913198e+00,1.813970596100834243e+01
-1.859954980342800157e+00,-2.583088858101672436e+00
8.240566126455821205e+00,-2.000472804822776673e+00
-1.831845247784498198e+01,-1.333770822583956184e+00
2.809580691003512598e+00,1.118903132996003258e+01
5.348033470310483040e+00,8.658129316632312111e+00
7.107581024659737068e+00,1.688317905572310096e+01
1.407418360190424345e+01,-2.778962452118440840e-01
-1.078689387201476180e+01,-5.289429779563779022e+00
2.515343709665243566e+00,1.745450950475108343e+01
9.641874592026546509e+00,1.829357630921634836e+00
-3.609880200913078152e+00,-2.948144970119971564e+00
1.023409265426087522e+01,-8.069649354709955702e+00
-7.517544080884555058e+00,2.800401097092460656e+00
-5.403720262728441526e+00,-2.967601206591098162e+00
-7.120440449886433321e+00,1.629925904073428455e+01
1.030071025076201430e+01,3.567652145045050460e+00
