-1.134360758327962948e+01,-1.108929518934362868e+01
1.794405254337160827e+01,4.179866055979583273e+00
3.551406849518508047e+00,-3.326475298265333169e+00
-8.984106003460437861e+00,8.930994075694274059e+00
-1.161861047688337223e+01,-6.747343352272506145e+00
5.953921739803863744e+00,5.775825145048566478e-01
-5.034389629388265952e+00,-1.474433853415910534e+01
-5.719888166701783128e+00,5.037081105813786541e-01
-2.517803907169001487e+00,9.602385159530225422e+00
-2.115280360801446768e+00,1.423403679534313326e+01
-3.778656905690829682e+00,-7.662861512431756950e+00
-1.719377101173199529e+00,-1.071254702506172496e+00
-7.573613807204106152e+00,-4.105111483560118124e+00
1.003962228391549161e+01,-1.139335552337007051e+01
2.820697449064500706e+00,1.275530880164540548e+01
-8.915521460501112383e-01,5.879988594493702259e+00
-1.286274311828621286e+01,1.354055476431879290e+00
-8.786849483261129024e+00,-5.514357540604159169e+00
-2.334799063372388073e+00,-4.402729429315799692e+00
1.722344009796070452e+01,5.955647609790025720e-01
2.998584284156170732e+00,-1.146549601894697723e+01
7.113499600821707736e-01,1.840260755607203436e+01
8.848364492512479362e-01,3.321760543671558708e+00
1.067199260418033546e+01,5.740240670308402571e+00
-4.882255837339349647e+00,-1.653236535514064443e+01
-1.136488318718849122e+01,6.047653716781879574e+00
-5.628961690585320810e+00,1.307988166662611462e+01
7.221294347978854944e-01,1.093483529732002246e+01
-5.951069780726833791e+00,-1.148727305146004163e+01
4.470598552970654893e+00,-8.615304006275067650e+00
4.259461655818530978e+00,-4.943495061753691466e+00
6.490226896213465935e+00,1.160776920797938772e+01
4.057872150354539187e+00,7.127109810816431024e-01
1.041326948326499924e+01,1.205713196982751079e+01
-1.131087669746007407e+01,-3.090549456018746310e-01
-6.841189461321189214e+00,-1.492975514417963190e+01
1.572210716362494987e+00,1.675270538992623415e+01
5.614797621567520380e+00,-1.179428292844511894e+00
9.050510216875107261e+00,-1.339961154616902128e+01
-1.459740587779454302e+01,1.925349267258201547e+00
-7.018369689564384117e+00,-7.689337316491292817e+00
7.039226883616783503e+00,-7.777172463875289488e+00
1.784200452274463222e+00,-6.418745995953240246e+00
5.073065023320888933e+00,1.468582173610259822e+01
1.103574817918856432e+01,8.473520681495559925e-01
7.859282229083333959e+00,8.180760141857117418e+00
7.971803190487660729e+00,-1.667777436658823120e+01
1.372688152283250140e+01,-1.073559169613457698e+01
-3.254213586805252856e+00,4.038292764893400388e+00
-6.267185392519748710e+00,-1.780922887846745795e+01
1.550276847362220600e+01,-3.743798144683978091e+00
-1.662793392921489755e+01,4.829762919962786505e+00
9.504101853699872038e+00,4.384650987679253653e+00
1.086035384293967709e+01,-1.012077062244455927e+00
-9.339888297434365327e+00,1.651088738982973680e+01
-7.287128101768664656e+00,8.396842459746405751e+00
-3.898909983310623772e+00,1.778147926492740538e+01
-2.434061868578630605e+00,7.836920795895425229e+00
-1.635341854279775964e+00,-7.625523911314268766e+00
-1.175297120079782509e+01,-2.059914960938641126e+00
8.217808318305985793e+00,-5.258356448413816331e+00
-7.434201585451103433e+00,-1.032427695001688228e+01
1.008546793940724662e+01,9.362593361311155604e+00
1.718632398965388930e+01,-1.797111066970012550e+00
1.868367526663694989e+01,-6.530973366642763844e-01
-3.178218795721942325e+00,-1.454206748494826407e+01
2.514132693688271303e+00,-9.653069637787066171e+00
1.731994415962391543e+01,-3.767371285946107484e+00
6.474759066907994631e-01,-5.035450109627683801e+00
-2.676039170346355522e+00,5.758546500074005259e+00
-1.105282165705144592e+01,1.335191803740889327e+01
-6.867773320642368340e+00,-1.307777657321110887e+01
-4.131747793647217115e+00,-1.127641970155621465e+01
1.015694528812922748e+01,-2.701318518146199388e+00
-6.172774983392527837e+00,6.222569979040613042e+00
-2.272513825593152959e+00,-1.708692960050703391e+01
8.800479277243434595e+00,1.785640934451931283e+00
-8.286116801890450745e+00,-1.192602659594546211e+01
-1.885602668711475616e+01,-2.170588156537011315e+00
-1.537165001870743275e+01,6.166205548425187644e+00
2.496653667204365767e+00,4.114004406394577096e+00
1.217907837895581658e+01,7.848178037732205681e+00
-1.236496633270724566e+01,-4.803893277333603606e+00
-2.255577924205467433e+00,-1.299389879422988159e+01
1.107614676019392519e+01,-7.992248405012241541e+00
2.771149512783253055e+00,7.658490217284779966e+00
9.368823535341578079e+00,1.550812336866789032e+01
-1.525822718598284311e+01,3.692790179366426173e+00
-6.230738173780330236e+00,4.427977162603673911e+00
1.196006963362020725e+00,-6.661953987582213133e-01
-1.895080848676293428e+01,-3.765091169902419210e-01
-2.163406025230060870e+00,1.239843224918308984e+01
9.428669566414114911e+00,5.869388304030300624e-02
4.442776924930911697e+00,1.830144041538050814e+01
1.129465712382527443e+01,-1.402551242392918063e+01
-4.401518950467937508e+00,9.330771753597597140e+00
-2.736284160558844381e+00,-6.233437590000874273e+00
2.472402814006048555e+00,5.904877822029129142e+00
-5.781584378982957517e+00,-4.484830379707527293e+00
6.630819234229949899e-01,1.551680657143205577e+00
-1.461010243122298391e+01,7.758296820405234939e+00
1.058729702430722597e+01,-1.576564478948795767e+01
7.554669752264323357e+00,1.008023869757520963e+01
-1.189963057005471825e+01,-1.289824476830900934e+01
7.005979436175273634e+00,2.019321934010021913e+00
9.231015940990770829e+00,1.371596007262439088e+01
1.479036863455171513e+01,-5.991881011674999868e+00
1.296352098610942072e+01,-6.046641085073281907e+00
7.539962881894926028e+00,1.314143951885693440e+01
1.167103444194692052e+01,-4.678845166830507551e+00
1.400992127851998426e+01,1.112966736787071120e+01
4.753479231887753009e+00,1.013297367343756683e+01
-6.173739521509109540e-01,-1.099430813045182376e+01
1.713966702008965726e+00,-1.357407148554592524e+01
-1.446742748659607969e+01,-7.445669893134232886e+00
-8.626393518040066155e+00,1.149349833718320468e+01
-1.878421479605057343e+01,2.819685502392004661e+00
1.088449544276021141e+00,-1.855864028137104782e+01
8.720698752735479786e+00,-6.972560341272808770e+00
-1.163578887543675000e+00,7.055420878230606041e-01
1.171016609533071851e+01,-1.226410153581046991e+01
2.949167079231183486e+00,-1.700288122207879482e+01
-8.379443253548054527e-01,-1.407433747246014910e+01
9.445261777832300587e-02,1.575039115668835343e+01
-1.779463159156484120e-01,-1.971145919657554701e+00
-1.431436422212049919e+01,-9.229269208428096505e+00
-4.634256003683938197e+00,5.330670151309149674e+00
-2.660978731972457378e+00,2.353134904655741710e+00
-8.499547138515694655e+00,7.023191107088596397e+00
-8.635211398623036771e+00,1.505623415846002455e-02
-5.931535601478266084e-01,-9.209383738169377054e+00
-8.484490093505216990e+00,-1.649905832859335675e+01
-4.025721638563274141e+00,-4.972196581504267243e+00
-9.632771826482536826e-01,-1.584266709072698021e+01
-1.486656189749380452e+01,-1.830796168477775376e+00
1.703051868820015713e+01,2.375178386125203822e+00
-1.697446327760357576e+01,2.948435620010186664e+00
-6.811504919703260441e+00,1.173681751398788364e+01
3.829532929350885961e+00,-1.325224036412452833e+01
1.038200052430272002e+01,-9.600079004363593072e+00
1.333641103149531837e+01,-8.475590303676689530e+00
6.887210010803993754e+00,1.490309900006639943e+01
-1.336576332533179112e+01,1.135711924130834660e+01
2.566804541159526387e+00,1.099117366613118740e+01
-7.771562092434644242e+00,5.287044867171577955e+00
-1.494210356081602953e+01,-5.628186641468332141e+00
-6.984512769813800759e+00,-5.865325081080624336e+00
1.432852730442771438e+01,-1.983023665564055182e+00
-1.227270859310405360e+00,-1.866173243217232525e+01
7.592479048237721351e+00,-5.060037455443195525e-02
1.412645191998867311e+01,-1.010010436522412181e-01
-1.322318707149833372e+01,-3.214040555591334059e+00
7.712139047555320204e+00,4.558728003106698345e+00
5.672406840947934015e+00,5.367793555289829044e+00
-6.412555732435474276e+00,-2.759665275614068936e+00
6.191300053091005395e+00,8.968893378131120642e+00
-9.363164576715018228e+00,-1.634263019572883335e+00
1.223845234475860444e+01,1.060257352614998538e+01
1.003129473377687875e+00,-3.311731941768647047e+00
1.120568895728064618e+01,2.609166930518889593e+00
-7.251852774632630005e-01,-3.690608855975439528e+00
3.861414185159516954e+00,-1.032576022423659534e+00
2.400885533388622317e+00,-4.749187052830501798e+00
4.170448816648677948e+00,6.376287664639604280e+00
6.279417764001362201e+00,-1.108660031927751710e+01
-9.606795106880458235e+00,5.635613169362359898e+00
-5.729189670301763293e+00,2.627381127820689333e+00
-5.185627079494761205e+00,-6.424582448609305274e+00
1.076484958994536223e+00,6.994701131423373575e+00
-1.618868667071741996e+01,1.158532074056005889e+00
-1.021552573965738731e+01,7.567877351915410777e+00
1.080380150117767224e+00,-8.525640255697794601e+00
2.764546887958576171e+00,-7.870824437478122881e+00
5.833721597605471487e+00,7.190649862535805958e+00
-1.731738098243037882e+01,6.712478897585573812e+00
5.363003522386978084e+00,-3.068533531151496074e+00
-4.988530706102685564e+00,-1.295203382394500835e+01
4.526607818873538136e+00,-1.044992270825617808e+01
3.030596174761229111e+00,2.384444381443010741e+00
1.270711459063481108e+01,1.413536198152863577e+00
6.186771816224197806e+00,3.653947601988043026e+00
1.033274584894815717e+01,-6.264983650351638289e+00
6.756162843758519720e+00,-4.243776224807896291e+00
3.899557575914663676e+00,1.621851490988541045e+01
-4.258875828026873478e+00,-9.485396889368686857e+00
-9.877248953316229318e+00,1.473671176278303818e+01
1.883979968821486750e+01,2.461839290460978269e+00
-7.628726514778117362e+00,2.709357994488351906e+00
1.194363801910324874e+00,-1.094952821287454192e+01
-1.158589489989056531e+01,-8.562310965165252696e+00
-1.013094165852088580e+01,1.007521730527621617e+00
-1.840368685264292736e+01,4.659530824887564648e+00
8.612624772528315376e+00,-1.566783479274943769e+00
2.366423810489305612e+00,-2.017965655846067907e+00
-2.959164220017751035e+00,6.034200247440594245e-01
-2.378455957355731343e+00,-1.112273080879868559e+01
9.865052243969930856e+00,-4.511692174996203342e+00
1.397239825737247143e+00,8.785034901767104998e+00
-1.003901316635868035e+01,-1.245001533989151632e+01
-2.432106275461515477e+00,-9.280463389036262001e+00
-1.798308144342054504e+01,1.212445961846083886e+00
-1.053588786848274417e+01,-5.291570306833558668e+00
-8.698237618662648662e-01,2.438743341652651164e+00
-1.493507259442701463e+00,4.167606930400189036e+00
1.252438753041108299e+01,6.127473839952438439e+00
1.584069925396160805e+01,-6.316475020235976512e-01
-1.127528720582263233e+01,-1.467036212215447044e+01
1.354586285567849124e+01,9.121179754565428510e+00
4.893512047799784881e+00,2.391864179429515236e+00
3.291216621463025849e+00,1.455164544164370710e+01
8.727195777513161445e+00,-8.788283089230279899e+00
-5.316928583214509452e+00,-1.257987124888670927e+00
-3.809726917819172609e+00,1.319895132949985062e+01
-1.270937952884784750e+01,-9.969540183630694941e+00
7.755886960144152020e+00,1.706482449200337115e+01
2.526212052400574226e+00,-1.524982147009114186e+01
-1.679041269583345208e+00,1.593829760466504553e+01
-8.791087023318251426e+00,-8.262702687115954348e+00
-6.463421712904081851e+00,1.000481379818696404e+01
5.922560924814067818e+00,-5.845318717195857161e+00
-7.091502442413048612e+00,-8.947529603777146789e-01
-2.836934682849718836e-01,1.403625566457775342e+01
4.390984920635604638e+00,8.356288327204403288e+00
-8.745195171960681080e+00,-1.368487281773179554e+01
-6.313967516252085854e-01,7.611463280821404886e+00
-6.016840421332672051e+00,-9.194158368631931921e+00
6.507425998378034926e+00,-1.783411229177490043e+01
8.605775991223808319e+00,1.154545265083837080e+01
7.433890189064582543e+00,6.370084805540236594e+00
-1.061666857149652365e+00,-5.648162068489088306e+00
1.407528662585022872e+01,4.378231222348806462e+00
1.548629893622228515e+01,-1.034937726946547976e+01
-1.082908106252323144e+01,4.159064660655698908e+00
7.486104662735144633e-01,5.198965278791811251e+00
1.196709061442378791e-01,-7.008988525877660969e+00
-2.609971802530183460e+00,-2.641732329362619591e+00
1.782658904873628458e+01,-6.418384537909939347e+00
-1.398948073405155412e+01,4.923932684222000589e+00
1.605265024448981492e+01,3.953070923991751862e+00
1.261072635513355600e+01,-1.367741473772454253e+00
9.164868148498971578e+00,6.714636693812347623e+00
2.299779408761535748e+00,6.963268164187571552e-01
-2.553826528772741855e-01,9.418571975227287396e+00
7.007176052575357694e+00,-2.365397852963566638e+00
1.502116257143278233e+01,-7.817964439001523935e+00
1.198557283054972977e+01,-1.050404250964013464e+01
-5.565720117474968198e+00,8.009001490126271605e+00
-3.990171591752788238e+00,7.013966709958240564e+00
8.437261707556704238e+00,-3.456217572390140713e+00
-4.955032657477121738e+00,1.111509497650541434e+01
-1.494117194286867445e+01,-3.823945819373027355e+00
4.224396568524285911e+00,-6.759402616785164852e+00
-3.511742985307026554e+00,-1.134990547890788903e+00
7.938312804925400812e+00,-1.193017235357902095e+01
-1.282603002918373925e+00,1.087190243052182304e+01
1.527452917697913248e+00,1.457613832800141829e+01
