1.875461468583340674e-01,3.892103862712476214e+00
-3.235894145037547954e-03,6.994186675525663865e+00
6.324049423588347985e+00,-1.790330669318920442e+01
1.586467238812516278e+01,1.560860901135697754e+00
-1.046196801478509641e+01,3.950265050302335545e+00
9.303787734089072003e+00,4.248607151406564419e+00
6.637252169670027069e-01,-4.175254217275520041e+00
1.038030516702991335e+01,2.690663310118712293e+00
-1.417688003664724938e+01,-1.446710555962285483e+00
-8.403862357261466798e-01,5.323431730269875928e+00
-1.030644091644845339e+01,-1.382435219796557213e+01
2.933624713331347000e-01,-1.107411524369879352e+01
1.326452527153215044e+01,-3.233218324685744882e+00
-8.889100577792804714e+00,-8.764488117387866595e+00
6.453646176776367760e+00,9.190752931847004703e+00
8.803957834711313879e+00,6.050208561876613267e+00
-6.027285825673772024e+00,-1.347278439723964993e+01
-1.560789401947123167e+01,-4.695556711024549301e+00
7.132045494993519696e+00,-1.051914060700678633e+01
-1.010970361648843507e+01,5.690833899668552576e+00
-3.054175090390694791e+00,-5.687689289453623509e-02
-1.451511584646813269e+01,1.151963739562024713e+01
-8.786038329449782580e+00,7.666501326023235308e+00
2.400684499624356594e+00,-3.157156075465054723e+00
4.913168733275933953e+00,-1.680735864486599596e+01
3.069837855081087419e+00,-4.821579603714766904e+00
-1.193609309701925980e+01,2.765378903342388561e+00
5.974447751913439575e+00,-9.192096354903513955e+00
5.967253226302435820e-01,1.589420779470076894e+01
-3.790246743957285780e+00,-6.195023138240571825e+00
5.413333814582240500e+00,1.114790132825818736e+00
-1.128793234977732496e+01,-3.567403251439239753e+00
-1.166075902769309813e+01,9.633492732537909387e-01
1.386547540260320899e+00,-1.842669060701284067e+01
-1.296193835536956662e+01,1.053909574348217859e+01
1.373880048343840521e+01,-1.310013857377304269e+01
-1.993859629819196178e+00,-6.264848841083671793e+00
1.323693230491733175e+01,-6.411102131395676196e+00
-1.106222984244706353e+01,1.192589289048542156e+01
-2.194549120453254787e+00,1.815556206814883833e+00
2.164000457842251368e+00,8.920089327051871075e-01
7.965256142463572608e+00,-1.724087600984564972e+01
1.113636660892323604e+01,-3.370800244799993628e+00
-1.398008597274844433e+01,6.881951912372675118e+00
6.139249340273555955e-01,1.401233099296246110e+01
1.179384657733923314e+00,-6.859400117026742683e-01
-1.743744915766578973e+00,7.235418126567099151e+00
-9.527375120092937522e+00,1.094125539651403578e+01
-1.188142498298175909e+01,5.288312661597835529e+00
-4.011580281885431809e+00,-8.006072921314496327e+00
-2.812118592454447175e+00,-4.080487970830479760e+00
3.351458377470069028e-01,1.776834110336801587e+01
-1.723423682218977859e+01,2.611543642646276364e+00
5.661941717091694137e+00,4.550747580812787518e+00
-9.919727489411004129e+00,-2.353657723761334974e+00
4.008753199634186082e+00,-9.243492028863437682e+00
-8.491791117070434325e+00,4.789005762539352951e+00
-6.094995938377469002e+00,7.881564162386175632e+00
1.237571990989305881e+01,-4.810858719128840555e+00
1.878329306171116642e+01,4.559800333905371650e-01
-9.697104247440131886e+00,4.847826671872177418e-01
7.729991603572137215e+00,7.450913334985222569e+00
4.720528945407350463e+00,-4.087937711331996127e+00
1.332954733519704282e+00,2.441266595824933994e+00
-1.169117357968528914e+01,9.260524423750823075e+00
5.214161049308544627e+00,-8.294554149698110113e-01
-3.222581262291291715e+00,8.747127264959949855e+00
9.072317876608677167e+00,1.663753542568293042e+01
-6.840572132144536965e+00,1.401999618177947404e+01
8.260234271638086767e+00,-6.391530480781220547e+00
-3.645689625493451658e+00,1.204854422949904702e+01
-4.202236944532771190e+00,4.824810564294515380e+00
-1.930407479948891836e-01,-6.401016365074283954e+00
1.241410996459709359e+01,-8.026965339178040892e+00
1.641798651078942184e+00,-1.508517258095332636e+01
-4.386345230777329185e+00,-1.062324693698384337e+01
-1.786839065069577970e+01,-6.435164082309677624e+00
-1.197748478709871378e+01,-1.311899764816152647e+01
-1.573550310910545136e+01,-9.761143643145011595e+00
1.538511130452340048e+01,-8.516833633398478653e+00
3.358632759739942353e-01,9.014025433809521815e+00
1.316268613942419563e+01,3.073773559882513773e+00
-7.718342671804286681e+00,-4.067539732956510612e+00
3.318225964966100783e+00,2.211003592654269045e+00
-1.232922994379658732e+01,7.551383557162978377e+00
-1.631445717231244785e+01,9.142824939609244694e+00
-1.842351597229096782e+01,-5.237754346841435593e-01
-1.371142369398639183e+01,3.257299798707154359e+00
-5.332091103700578927e+00,6.171839531554164537e+00
-1.133853323473455710e+01,-8.130285063364967257e+00
1.032550269943576460e+01,-1.242151887336204830e+01
-8.722914937350195075e+00,3.032447087357884818e+00
4.735347034880621031e+00,1.234510699235803699e+01
6.463834597516243008e+00,-6.125663405247633975e+00
8.437793582218919397e+00,9.154937920497772552e+00
-1.499751408957107301e+01,1.620885421119774294e-01
-7.488540383009241630e+00,9.061146203365806784e+00
-2.631633965427754074e+00,-1.776653595727264667e+00
-6.013469590737018144e+00,-3.467174682631192884e+00
-9.405420535412989391e-01,1.496366448665282434e+01
-1.560445276540337822e+00,3.551658537567426333e+00
-5.389416535169877953e+00,-9.094972812085440950e+00
-1.076785328220680249e+01,-5.609448572625538532e+00
8.058759832434526871e+00,-4.584593059867617448e+00
1.408268611704660778e+01,1.380420836040748611e+00
8.820914397356375503e+00,-1.370454330470854565e+01
1.210196109974570255e+01,-1.236406032795533960e+01
-1.370178130858987942e+01,1.473871855400330722e+00
-1.832821624058590615e+01,4.957231902883568964e+00
1.039761992860294981e+01,1.365123964907817466e+01
2.215475784229252287e+00,1.483907494945261973e+01
4.641319182156025569e+00,-5.877974788560375252e+00
1.452207130944458591e+01,-4.780442046184544047e+00
7.857232063323169591e-01,-2.406162266059292065e+00
1.168940387772071787e+01,-1.026494388309588679e+01
-3.955875488344033020e+00,1.824122477740419512e+01
1.412709271455743298e+01,5.185107514825993746e+00
-9.919016840678594349e+00,9.110233806004305990e+00
-7.555603819471527594e+00,-1.241380185282384296e+01
4.367275044429968389e+00,1.720447773644435330e+01
9.855178118150734745e-01,5.530763572325228417e+00
-3.498149990459276104e+00,-1.865968286043184321e+01
-1.304351924644316973e+01,-3.584196553666250118e+00
-1.566374633943416761e+01,7.501628914521834446e+00
-6.931419214571511667e+00,-3.800849743706128381e-01
2.053860516782787915e+00,4.077093919021579360e+00
-7.375259187139061368e+00,-2.278331613869946093e+00
-1.478072804599491974e+01,-3.125619543679358348e+00
1.330599952935848318e+00,-7.616712773918644430e+00
8.816302877637545166e+00,-8.334221435772255049e+00
1.002302006915954280e+01,-6.262000834853339803e+00
-1.052272898899729014e+01,7.418428405085325750e+00
4.031496753410761968e+00,-1.314592588712343435e+01
7.183162068554894475e+00,1.499407341775076041e+01
1.470803462290560581e+00,1.044223214741005812e+01
6.791269676950502543e+00,2.253827939733735519e+00
-6.544881509655321672e+00,-1.520590143727712018e+01
-1.943253956271223437e+00,1.257930171182131218e+01
9.004838849758623809e+00,1.486755283474311007e+01
9.526240665970043153e+00,-1.230962568236285692e+00
-7.260202955035365058e+00,-6.927387368747851326e+00
9.367918130145799438e+00,-3.358872139001677581e+00
8.299907228992129404e+00,-1.544693793066041465e+01
-6.123025544298545064e+00,1.277395124190317643e+00
1.309025512458372731e+01,7.290208139322880143e+00
1.401334553225574808e+01,-4.870089381056230127e-01
8.629121633387772050e+00,3.357986562582350176e-01
9.914602028062255101e+00,-1.619273291301152540e+01
1.260630788196088758e+01,9.036403035650765858e+00
8.883663370058469511e+00,-1.124052911658101372e+01
-3.338551743060527155e+00,-1.376233129378353759e+01
-5.385835569708895543e-01,-1.566545706495506529e+01
-7.737169185251333126e+00,1.617852810223494231e+01
-9.670693147757507546e+00,-1.041038419440216423e+01
-8.399411111324871726e+00,-1.398758464864278572e+01
1.471789503779519226e+00,-5.812947935989638104e+00
-7.139722885428769317e+00,5.977138037477621069e+00
-1.558786220272542522e+01,1.941411132489290203e+00
1.125953101328401118e+01,-1.568933149879291999e+00
-5.128054929227476855e+00,2.837364282196110921e+00
3.081318740837686754e+00,-6.794888964766987449e+00
3.808536092136144191e+00,4.141191273056826105e+00
-1.291408328092250457e+01,-7.192237986292338014e+00
-5.593842903284416579e+00,-1.723359790950955484e+00
-1.024153026187309079e+00,-9.837907109576805809e+00
-3.549123138333687977e-01,-8.188228495996630940e+00
-1.388338598964636184e+01,8.700672835542732741e+00
5.253460461296358908e+00,-1.108383003006844447e+01
2.133273996652277127e+00,-1.681389624173360886e+01
-8.556511467430116369e+00,1.455052826454946846e+01
6.850557876905111421e+00,-7.574340246636661333e-02
4.589608777045731891e+00,1.041604609551343330e+01
-9.338249453467366124e+00,-1.220344116896555420e+01
-4.053072551198100726e+00,1.031356143448869922e+01
-2.086091949027067294e+00,1.080868307095916414e+01
-2.653718295766375856e+00,1.428322157717974505e+01
7.429526080986718739e+00,4.268156925061964202e+00
-4.141541216931361902e+00,-2.779576899398268353e+00
-3.417010490655327359e+00,3.206195635006912070e+00
9.965755980710685469e-01,-9.428935424620938477e+00
1.669035050530598951e+01,3.161631952590074679e+00
-2.607257979180710894e+00,5.614486488066773973e+00
1.845032313048807771e+00,7.977760724372525480e+00
-6.062136179413092130e+00,4.509297988063252660e+00
-9.659642421053691308e+00,-7.111001169915963871e+00
-2.846216129042532295e+00,-9.701769495606964000e+00
-2.142396990269219703e+00,-8.025116506592649301e+00
3.081010981566490781e+00,1.148742795013405171e+01
1.578169523591124346e+01,-2.935422992853738977e-01
3.544559313802657652e+00,-1.552251334623014678e+01
5.965154296661642874e+00,6.849845739948023926e+00
-1.094973407915305064e+00,-4.749181009389820574e+00
-3.875355677547728250e-01,1.860884340174574936e+00
-4.002596073579332447e+00,1.496810807550957634e+00
-1.092080374033567303e+01,-8.645473360238074001e-01
-7.967568228481341386e+00,1.228505146232588663e+00
1.084654515815695142e+01,8.869940022016354675e+00
-5.858750131476234024e+00,-1.158148134410548558e+01
-4.769622123821150694e+00,-1.478247916280298035e+01
-1.712702992170791561e+01,6.413074779850713725e+00
8.599763198938559228e+00,2.176465826228850542e+00
6.800871500195193597e+00,-1.429987791045936518e+01
-8.693290939877384105e+00,-1.026352627907945569e+00
8.240061873629526801e+00,1.133991239470941181e+01
-7.122498368432724547e+00,-8.770485047944754697e+00
1.834493283342140302e+01,2.286345019926709465e+00
-1.257221570607484118e+01,-5.342638138166559969e+00
-1.683657596179907046e+01,4.261992152820600066e-01
4.325934232300518545e+00,-1.849847735838912755e+01
-6.322571834125043644e+00,-5.277090560167608579e+00
-3.102860464137714658e+00,-1.194732827773002626e+01
6.451655033756158453e+00,-3.596465589943270036e+00
-5.689702397028010061e+00,9.604679328139424044e+00
-1.890722398879203681e+01,1.772831150431722902e+00
-8.505511660051018330e-01,-1.608119905187817666e+00
-1.029453268081094741e+01,2.136653355896338535e+00
-1.670456643837892940e+01,-3.245190860334206118e+00
-9.548486767204341419e+00,-4.188224549596665902e+00
4.046849185920865288e+00,7.645192585079771952e+00
-1.322479474575413594e+00,2.827350263479024295e-01
9.741027474596092972e+00,1.037745849607294701e+01
-3.726385197354671774e+00,7.049225680307825925e+00
-5.459820104146372088e+00,-6.869015598518052101e+00
-6.955052252623179498e+00,2.894444985710777019e+00
-1.476624720396794288e+01,-8.153738007767891816e+00
-5.832459576441807236e+00,-1.682754522302511191e+01
-7.305630686665200102e+00,1.081900299220248307e+01
-2.800884986825307732e-01,1.103916145506431157e+01
-5.890413489807847292e+00,1.624447909742897167e+01
3.847632569786621826e+00,2.893730015252005128e-01
2.590314324801778145e+00,-1.030758826586286681e+01
1.064358814299206202e+01,-8.038889236547605677e+00
3.153531032208870766e+00,9.208446568403489962e+00
2.625224480484150913e+00,6.311054472604745946e+00
-1.370177464284323854e+01,5.123111846903144695e+00
4.949949857387103691e+00,-7.740662680366272141e+00
7.552758650205297464e+00,-1.240315126973858462e+01
7.103775734082931059e+00,-7.810678258842897570e+00
6.609617729190379265e+00,-1.609309075471870543e+01
1.221130177996642452e+01,1.275600712198103004e+01
-5.075209387031820896e+00,1.316574691095579119e+01
1.341068766523332911e+01,-1.100232315080130974e+01
5.066538065185686612e+00,2.869404605702611910e+00
-4.536205032846182483e+00,-4.520988651676197456e+00
9.983889056701084286e+00,-9.759375121282941379e+00
-1.239754130344993044e+01,-1.937687999338659095e+00
-8.543329787207408543e+00,-5.688052756604689009e+00
1.690634010568605916e+01,-5.919468088861489896e+00
-5.628609503804788972e+00,1.146619496382690251e+01
1.482687767358656750e+01,-2.097448658879199623e+00
4.480524962547402623e+00,5.901678237998325471e+00
4.313526040451646892e+00,-2.363780084389822012e+00
-4.954218033826753853e+00,-5.619877445307562558e-02
-1.182334646984760340e+01,-9.975462526613315006e+00
2.858766716107910888e+00,-1.184234137293198597e+00
5.755259846961681802e+00,-1.281483278495431222e+01
