3.854676032008202302e+00,-1.698578508570725232e+00
5.773956512413087161e+00,-2.719875651437763331e+00
-1.896967347265293213e+01,-1.997335026100174049e-01
-3.651513069317710247e+00,-1.550650888989860476e+01
7.969019003101193377e+00,8.284628182492655313e+00
1.188799379404231082e+00,-1.061810440756724283e+01
-4.264623275453738316e+00,1.310053155951312442e+00
-8.323407372475931654e-01,-1.086440080275367848e+01
3.680217265440463237e+00,1.496775396755789522e+01
-7.719127502724353995e+00,1.123158276315865400e+01
-9.910640324225157727e+00,1.426066202194510879e+01
-1.133051611288834870e+01,3.691011075326255941e+00
-7.511641617196434417e+00,-1.188040541031668695e+01
-5.455314731140141760e+00,1.164594401707498150e+01
7.996366240666337610e+00,1.011042392071961160e+01
2.926516673701856419e+00,-1.032143443930604398e+01
-4.549971592761954398e+00,1.551082028491143561e+01
2.890174255426510297e-01,1.656454361951977461e+01
-1.221275194527163954e+01,-3.234673332935611878e+00
1.098499658402344359e+01,3.965596211363270562e+00
1.651699821850298022e+01,-2.928784353883691072e+00
1.575498746012591056e+01,1.048435279995055680e+01
1.045404597864379426e+01,6.409591849646993467e+00
-3.932081495442393049e+00,-1.503196375262720430e+00
-1.741444391437489969e+01,8.258235733638324971e-01
2.071710240781101664e+00,1.143272598440185561e+01
7.651917111952317718e+00,1.190323434346217901e+01
-5.126773997495874369e+00,2.842680580609498353e+00
-2.952643226150845734e+00,-2.177727370817338082e-02
-4.920871529483972218e+00,6.396725413086418399e+00
-2.543537708542863429e-01,-5.260394979458395959e+00
1.345957481260646960e+00,1.303172026828423746e+01
3.877301213583374206e+00,1.115905892059422655e+01
-1.792518597610721898e+01,4.578500617885702617e+00
1.381247711052618321e+01,9.087662238848507101e+00
-1.680148086236353322e+01,-8.845282816903555556e+00
-5.497704688312091470e+00,4.635594809799110649e+00
-1.071823384045043071e+01,-1.074048165862014059e+01
1.489753263157414409e+01,6.742653172382946813e+00
3.055300231202489059e+00,6.810251804913916018e-01
3.235347940281914081e-01,-3.061078434076705879e+00
-1.889025485450759589e+01,-1.998090371351026739e+00
-7.680151037105540368e+00,-9.203642808920143636e+00
-1.501187258702730531e+01,-8.829425184183904207e+00
1.294911845639917480e+01,-4.128221725002442000e+00
-1.269946634980518574e-01,-1.346921125874058767e+00
7.306442590372403068e+00,-1.698579253068804196e+00
1.375343782258820191e+01,5.275895652941247072e+00
9.749172151365394612e+00,9.455380144774247597e+00
-6.680247921902463304e+00,6.446048129494666767e+00
-1.983895174467284361e+00,4.334161500227220465e+00
1.670059041948075773e+01,-6.000182483244587139e+00
8.247733486198381314e+00,1.563924384854537308e+01
2.699520037119608418e+00,-7.098371329216917935e+00
9.416754466684779112e-01,9.324911718734455235e+00
1.522498313225327249e-01,1.748645658106727563e+00
6.773095806946193953e+00,6.080411110481921177e+00
9.375705310519323987e+00,3.092766292648817306e+00
-8.902110253693342301e+00,-1.050342953054296302e+01
-5.555262997897029820e+00,-1.791837957028244688e+01
4.321119438249600542e+00,8.844440055346190377e+00
4.737281988639075792e+00,-1.012603678539619345e+01
-1.012698926253028731e+01,-6.581358463239034506e+00
1.566175157013080188e+01,8.646199990893334686e+00
1.252130096865029252e+01,7.781318655376824545e+00
-2.051480544888296897e+00,-4.943169183200827987e+00
-6.030179387546752423e+00,1.232969870029255954e+00
1.294246753057611521e+01,-1.390186758945802659e+01
1.558260194340951088e+01,2.175015068467606838e+00
-8.340464041763782532e+00,-6.399232653273627669e+00
1.369573190149315067e+01,-8.976348088241267176e-01
6.085388754088539187e+00,2.445560220234043847e+00
-6.947875753000876564e+00,2.947756452725884380e+00
1.102794860200028104e+01,-1.453409538724652839e+00
-1.484493761158292102e+01,3.301676525241175497e+00
-8.892290624418780709e+00,7.784386229480543484e+00
-3.729792334834852729e-01,1.898591343590261360e+01
-8.542422395334696716e+00,1.556311098579868535e+01
-8.070713735607693451e+00,-9.217584870610390224e-01
-1.297114504686072500e+01,-1.186843376008679307e+01
8.415861316601629838e+00,-3.109520173658264941e+00
-1.278955984184077632e+00,-1.345347700572560790e+01
-1.301513870044480825e+00,8.881780159270922681e+00
9.384961331436549870e+00,4.937324216054668646e+00
1.154400904599656208e+01,9.343430514739631931e+00
1.399108756354278782e+01,1.254401850787323447e+01
7.746014461258634576e+00,4.035758936169421496e+00
6.922885268025206429e+00,-1.628184700339075164e+01
7.860558628031793837e+00,2.135508231517885935e+00
7.185293922273482403e-01,-7.291868708654132725e+00
-1.515714455818013739e+01,-5.622271562184467442e+00
6.209518806461631790e+00,7.861691098496063290e+00
1.020642672292107456e+01,-8.448013140535074683e+00
-7.890042868702938250e+00,-4.607382675148475215e+00
-5.939391388334240851e+00,-9.637704296954835215e+00
5.639826362138401272e+00,1.146790093685367573e+01
-1.272799364492346985e+00,4.841286472378353301e-01
1.014242759997114884e+00,4.396311369694364757e+00
1.196349986580892732e+01,5.481470775639587956e+00
1.472235708899693130e+01,-4.133282434586156739e+00
4.733234009428250566e+00,-6.619715650457640155e-02
-6.577930364881012792e+00,8.209980170089377083e+00
-1.304673110085554866e+00,1.205067547433989716e+01
-6.519093541951147763e+00,-5.879735640206764202e+00
-3.199318404032119645e+00,-1.377332030686492459e+01
-1.597952499558011752e+01,-3.979922626724564427e+00
-1.594358014787901467e+01,-7.230126340691060527e+00
5.611668125246229266e+00,1.328462443931721282e+01
1.054791503828093902e+01,1.573145614624199418e+01
9.604513076984268594e+00,-1.400960039930066081e+01
1.269257603982689986e+01,-7.844604277260310177e+00
-8.126563288318404688e+00,-2.791356754761380010e+00
-9.388517111259123027e+00,-1.224624251759096616e+01
-1.898487907614049064e+00,-1.449080919653433552e+00
-1.338538782955976814e+01,-8.141744488441062799e+00
1.857077867478097488e+01,-2.064258943283756143e+00
4.077528046471492473e-01,-1.505224502437766354e+01
-8.774248925011599809e+00,-1.401823546128227882e+01
-9.610710289348521229e+00,1.116734577280740481e+01
1.500433641704034216e+01,-9.972491201092569924e+00
-1.236596586551834598e+01,1.794787552944761222e+00
-1.656054091861793154e+01,9.260237463782457823e+00
7.006696258442663972e-01,1.480294848802296670e+01
1.215720382499265639e+01,1.254145994468241732e+01
1.920998381060855520e+00,-3.825695819065056291e+00
3.707157197191476961e+00,-3.481575834366289257e+00
6.729746634556710294e-02,7.792578423422230394e+00
1.256308187335214477e+01,-2.356816441039174759e+00
-9.534071560864260775e+00,4.681694097753050787e-01
-1.145108844424683525e+01,-5.347075252469335460e+00
-9.194446756837727719e+00,-8.175714506581146068e+00
-5.082825837523734513e+00,-2.879410009292387329e+00
-1.392559421622158489e+01,5.660336573822842832e-01
1.187041013053730154e+01,-1.155843253333283549e+01
9.450246622072793201e+00,-4.617302794520503184e+00
1.365260105901588439e+01,-6.255273097476696798e+00
-3.695384745439906915e+00,4.987090175104587075e+00
-1.597520167937086555e+01,6.870833164065849097e+00
2.092542739206068703e+00,-1.571252542428662080e+00
-4.321902022813879363e+00,-8.658483986617360628e+00
-4.220155030211398817e+00,9.932641447875733220e+00
-6.654823679829696026e+00,-7.671204886981539239e+00
-1.339398026684126641e+01,-4.577783669502035302e+00
2.684696984503292416e+00,5.018321050583071319e+00
2.714111152434013352e+00,-1.474497150538300261e+01
-4.932318287255752054e+00,-1.314922374901417612e+01
-1.652405652747564790e+00,-8.873257352679731369e+00
-1.850527474780429671e+01,-4.301234587967110556e+00
4.541222070505118502e+00,-1.487076130590430978e+01
-7.855464254580068584e+00,9.420475028385510541e+00
-1.209326875968569937e+01,7.519251440987776647e+00
-1.488802087496863535e+01,5.203615680961982903e+00
1.779709189602482411e+01,2.177045500691891622e+00
-6.860395337580278863e+00,1.275995603192118111e+01
-1.069753422813149335e+01,1.256230408653638619e+01
-5.419747800713662578e+00,-4.920490484874263104e-01
8.614866902031097950e+00,6.524697358460324281e+00
7.078271329787402699e+00,1.428624483930257227e+01
-4.353066718913956024e+00,-1.053541519845128072e+01
3.903326194910962776e+00,3.608170810208184864e+00
-6.570334274197052515e+00,-1.878154886886446162e+00
3.209465641858133989e+00,-5.220591446426531057e+00
-2.828469220689762587e+00,1.468547462162167960e+01
9.083334478590542327e-01,6.214270190951081574e+00
-9.356597637766864040e+00,4.018562502845085760e+00
1.447962110899385202e+01,-8.194346540397953405e+00
1.285446461540837859e+01,1.069639519961329377e+01
-1.208732846713545506e+01,-1.273634437326356394e+00
-1.659968262943038653e+01,3.360416141568301818e+00
1.669654195654506879e+01,3.610735250195205914e+00
-1.328284152488430570e+00,-6.687253629569100077e+00
8.308649050727360930e+00,-7.850407410800567476e+00
-8.682368907355211718e+00,1.292699285339109494e+01
1.114682243634439018e+01,3.794756147346908803e-01
-7.740465791354687930e+00,8.636300331665041075e-01
1.482719116859031239e+01,-2.272607949950447015e+00
1.884035050680637369e+00,-8.731447792570904198e+00
-9.115334579343782329e-01,5.882077549770930780e+00
4.404032437221518492e+00,1.851112596678772482e+00
-1.047991761465072891e+01,2.064865801098565878e+00
-2.314405942990204856e+00,-1.684661376688258727e+01
-4.599441147712520772e-01,3.421578342981149934e+00
6.900153730789417850e+00,-4.095005534831739347e+00
5.960967634570392804e+00,4.231084143710508449e+00
-3.615241208469067047e+00,1.168540294995944073e+01
-8.412174406701861784e+00,6.096616877182372107e+00
-7.264916194491208401e+00,4.722960166218910238e+00
9.402058117801091797e+00,-6.458784665735786135e+00
-5.309057367113157788e+00,-1.489467874587171536e+01
-1.579635648629577460e+01,1.591843457099725745e+00
4.701277761652773890e+00,-8.275898616456082380e+00
-3.381854401992307135e+00,3.194547222153480970e+00
-2.892804052037204254e+00,-7.592999752656316659e+00
2.214907590895924372e+00,2.993674748048008372e+00
2.676222276709320003e+00,9.671138847075672729e+00
2.745915030711132854e+00,6.839377144329411351e+00
4.948490864935852329e+00,-1.304412105311629588e+01
-9.805227966787786187e+00,9.301070251347603346e+00
-1.267598653347666904e+01,9.237261259524620627e+00
1.150920930160634725e+01,1.422982224803056894e+01
1.140625680579055584e-01,-9.158803513509928607e+00
-1.580971150512108814e+01,-1.867800425410348408e+00
1.305160120225840359e+01,-1.019251771542493579e+01
8.161529856893245949e+00,-1.144115942517023576e+01
-6.072379532713171102e+00,9.980547975459815646e+00
7.835980788198010139e+00,-1.095192228314603201e-02
-1.147928292602721445e+00,1.393751151686587164e+01
5.815916085015061299e+00,1.600837643997565252e+01
-1.889907985956539704e+01,1.865579449204485263e+00
-2.998813422203031376e+00,8.314513088485728787e+00
-1.020148688412533922e+01,5.721172693615081073e+00
-5.085183458786638688e+00,-4.855889267937088860e+00
1.100660267662107472e+01,2.145193334452403899e+00
7.644382544183417671e+00,1.738819877677429204e+01
-1.937460430182761817e+00,2.120667911199858757e+00
5.969140386984806312e+00,9.606580833378989936e+00
-8.656640023738333412e+00,2.388586694544302169e+00
-4.185695464508161212e-01,1.046715055452954601e+01
6.237193456901897193e+00,-6.684748771236286302e+00
1.303364599090638842e+00,3.369735981750387466e-01
6.680140881467464098e+00,-1.258823584747853452e+01
9.399012471220437703e+00,1.089645742996566469e+00
-4.801045383748480333e+00,8.154402156395107681e+00
4.497859833617144254e+00,5.298638753191104556e+00
-3.017631491677260414e+00,1.663798121672315133e+01
-1.442945944752072585e+01,1.086595289846138357e+01
1.288040089128982224e+01,3.692271248813460804e+00
1.061435639464125735e+01,-3.242962966752599208e+00
1.723737205433905118e+01,3.984251798198423788e-01
-5.027886313948512154e+00,-6.942909108489986991e+00
-1.132656064619204273e+01,3.730976375418240121e-01
-1.120167407416307270e+01,-8.013155885360623287e+00
7.746837413994003718e+00,-5.721797442706042958e+00
5.115719961279785011e+00,-4.592253231238700550e+00
9.367823054213491929e+00,1.133172970570954341e+01
-9.851573032262994190e+00,-1.384447658668893855e+00
-1.442062888868773207e+01,-2.998487455498579202e+00
1.193780230021016919e+01,-5.619437595679086073e+00
-3.571383189469774067e+00,-5.855478684428580216e+00
8.674844983832896261e+00,-1.556673823909244803e+01
1.485879189006434231e+01,5.559754333059452325e-01
-1.423459937115907081e+01,-1.051983387894595090e+01
1.477071835290425517e+00,-5.610115401197416141e+00
-2.735455369461300190e+00,6.560354101822096773e+00
-1.295544155855409230e+01,-6.311295313197476275e+00
3.095342577093517455e+00,1.320863372539616698e+01
4.578476709426587909e+00,7.066655644592366059e+00
-1.101815293260981043e+01,-1.412590178039314104e+01
1.304148722483327205e+01,1.339495013894812292e+00
-6.671066933674143051e+00,-1.354591493658845813e+01
4.463197947471599036e+00,-6.533940062614324695e+00
-3.583873545436423225e+00,-3.855713773290405211e+00
-9.912761902712597717e+00,-3.156078614152468376e+00
-5.839506431164034339e+00,1.425656580400384676e+01
-1.589904664463367645e+00,-3.221251301315737781e+00
-1.408984411901220390e+01,-1.227917144986533593e+00
