3.902632999792177149e+00,1.859442949775090881e+01
-9.785876559329716784e+00,9.861755273429189117e+00
1.246721857422535606e+01,-3.115627634457377226e+00
2.681146617120226061e+00,-1.837865256283859239e+01
1.586198914162506668e+01,-5.600886706570132878e-01
-7.264014561277926774e+00,-1.755532628556237995e+01
-2.435004085219297565e+00,1.262903301094649677e+01
6.741397271457592488e+00,-7.246571641953465814e+00
-1.884136944696918903e+01,6.184851071227438490e-01
-5.287606875123902483e+00,8.768110810169670088e+00
1.220321205631677586e+01,-1.168320119188849304e+01
-1.198954418086037865e+00,1.387278420468128282e+01
-9.388013921590319555e+00,-3.923980684439571043e+00
-8.526585891906256265e+00,-1.321983254136069519e+01
-5.269701832222164484e+00,1.060587158932196772e+01
-6.400541380206998809e+00,-5.072179513341247947e+00
-1.308700665239152094e+01,8.151508351018328824e+00
-6.482932885321666561e+00,1.425090878651712778e+01
2.482722555716359913e+00,6.096508613731193904e+00
-3.018758333509909075e+00,-1.145137630962079278e+01
-1.090617192894603571e+00,5.684882769147065140e+00
9.676586981422532929e+00,-6.746490345484207118e+00
5.745500619636983330e+00,9.278058934815796022e-01
-1.393375521096761993e+01,-8.917066958358960349e+00
1.874828496981672998e+01,3.023018955212523284e+00
1.523799407993979615e+00,-2.092651717477915785e+00
-7.100606191303413084e+00,4.552330239396450984e-01
-7.044605588493628723e+00,-1.471958044839619673e+00
1.704589650677929669e+01,8.366904691306114472e+00
9.908358109407920722e+00,-1.822066852307254514e+00
1.737387609995886351e+01,-1.513051135454337448e+00
-2.488216223320142806e+00,-1.573849602228713529e+01
-2.572206672382826645e-02,-1.129830691450349001e+01
-1.676970250191974543e+00,-5.967726036054256333e+00
-1.052201792778055278e+01,-7.033696906734423493e+00
-3.197022793269746810e+00,-1.376855404243193881e+01
5.496637383278216937e+00,-4.443502925047233099e+00
6.366346279016060983e+00,-1.664995367770634260e+01
5.610577132297495773e+00,1.582698937211713108e+01
1.399802058666079141e+01,-4.730696829047906227e-01
-1.208607601530823494e+01,-7.853912440926241523e+00
3.390259215775409896e+00,9.880568877708707731e+00
-1.725888758068206030e+01,6.309170991815493679e+00
-1.467324288105340990e+01,-5.544701170513957500e+00
-6.203115527133942209e+00,-1.559848552915840791e+01
-6.552550535330018633e+00,-9.849880485723607748e+00
8.108447575248701966e+00,-5.966323265060149872e+00
-3.569355373635802131e+00,1.579673256247739666e+01
-4.617060225559667330e+00,1.434472219813390836e+01
6.375168172292648094e+00,1.782531145065704337e+01
-3.372941054152217788e+00,6.029574515454840800e+00
-5.226656342971994995e+00,-8.616215704822716148e+00
8.357547108447237250e+00,-7.988420555614228924e+00
2.120903305262640259e+00,-1.068702223061691292e+01
-3.062941869088663172e+00,-1.783917208638601792e+01
1.343225653296548217e+01,6.114718352216347519e+00
-3.735394652658744263e+00,-1.152123900773228238e+00
-3.558669774125704066e+00,8.175476837210732484e+00
-2.439278355406249155e+00,2.751706495930882568e+00
-1.589083145639335548e+01,-1.038675139625505395e+01
2.360661047246406685e+00,3.079020828884296623e+00
-8.767067919574166979e+00,-8.610811890550154502e+00
-1.380931641169347834e+01,6.470987175605015906e+00
4.220666091315623092e+00,6.544148348092392986e+00
1.945092259270301827e-01,-7.757168166302538026e+00
1.323533899607565623e+00,4.558885386451643207e+00
5.254129741271133802e-02,-5.464784257888452679e+00
6.974532288026112248e+00,8.809798186155159527e+00
4.014670325616836344e+00,1.675272958171128934e+01
-7.059124373725400581e+00,1.596072964150783946e+01
-1.335582587655266273e+00,-1.712928654102586279e+01
1.382617427421705258e+01,2.794227533848707257e+00
-1.708341680533709450e+01,4.221765230383605627e-01
-1.793653989922116887e+00,9.025661147321738298e+00
6.994976341865238645e+00,-9.217514137935408414e+00
1.525551643151194980e+01,8.576856669423731816e+00
-3.567836081419627270e+00,9.945314755213574998e+00
-1.102710983359525088e+01,-2.677137614610552774e+00
1.873995193064237563e+00,-5.082794896060843115e+00
8.679029393431681783e+00,5.009681404383321102e+00
-8.704571427097762992e+00,7.106775698335232150e+00
-5.084316327515123746e+00,-1.332856867576407112e+01
-7.766931279588393799e-01,1.153660721170997050e+00
-1.760526212096183540e+00,1.570313170068883935e+01
1.837124928278286973e+01,4.771553833106541020e+00
-8.676424049956887430e+00,-2.170473501111179537e+00
6.338944442069204044e+00,-1.369926001972968344e+01
-1.743898395414168023e+00,-6.199328993299981772e-01
-1.311121960806725362e+01,-4.593282487818695969e+00
4.579926907947543313e+00,-1.312447140817386781e+01
7.442703591768933258e+00,1.582868959652226870e+01
4.279467310617419251e+00,-5.312669207327676280e-02
-6.965228290731796612e+00,-1.225805333650199636e+01
-2.870103883770211972e-01,1.132710748052918426e+01
5.906198129458190671e+00,1.215569801514851278e+01
-1.166211627044271992e+01,-1.495299522863703423e+01
-5.496170436588838193e+00,-2.417863632701166665e+00
2.865087967721547724e+00,1.153144352848806786e+00
-8.141101336175438519e+00,-1.600605225697796996e+01
-1.177460212758481539e+01,-1.057083025957914035e+00
8.503176240687201348e-01,-1.889869598629249836e+01
1.608931802274794043e+00,1.822304131356638379e+01
6.075011247035648765e+00,1.033707743221338760e+01
9.202673723804416284e+00,1.714338819980561368e+00
1.405828723198151131e+01,-4.674631829689340989e+00
-6.673401144766260451e+00,5.807700319941200284e+00
-4.873426498517225092e+00,7.012178030422075103e+00
-5.413935108656625417e+00,-1.760413233699794944e+01
1.396996027554679287e+01,-6.908330533598453727e+00
9.700520194493846837e-01,1.366462975488515141e+01
6.976589605602341315e+00,1.363085137732546670e+01
1.256350934790315499e+01,9.394567462111515610e+00
-1.502378236841826897e+01,4.035047927924355626e+00
2.706064209665183518e-02,1.527963965560775783e+01
-1.071528800044206164e+01,1.149775471222929468e+01
1.218393348963645373e+01,-1.354748578263268000e+00
3.421652872422892067e+00,-7.435080894112795491e+00
1.450280636888547292e+01,-1.116398412887617297e+01
5.351376711451218959e+00,-8.449787809543414241e+00
4.237406227704577089e-01,-9.561232105434362083e+00
-8.632841526805401955e+00,-6.819487761456499264e+00
-8.142885978656735801e+00,1.355698070669136968e+01
-1.553615240123006735e+01,5.796765132933333398e+00
1.818176317525648900e+00,-3.412974342691729723e-01
3.031995647007651229e+00,7.886449464384987174e+00
5.966513139304505664e+00,2.997124787995515849e+00
9.223399799205354910e+00,-1.848636369685631997e-01
-2.646406490073180517e+00,1.858171838906308082e+01
1.480688841769972264e+01,4.371601441733275806e+00
-1.583747248722446876e+00,-7.770539530687282870e+00
9.748160686642933115e+00,6.440487935836169520e+00
1.148196212735715527e+01,1.089706904912407381e+01
-4.637319093498658340e+00,-4.561504545247752063e+00
1.615454962279770967e+01,-4.895299782399391120e+00
-1.272669703593680168e+01,-1.085979696377899728e+01
6.397852069861569291e-01,-3.752365134286390624e+00
-1.141056730883931891e+01,-9.509250091112365411e+00
1.108585124602008065e+01,1.437343676323691866e-01
6.858570442376857867e-01,6.224937528760762895e+00
1.677954171773689396e+01,1.125974330058807871e+00
-1.792398729052984407e+01,-2.552626217467742542e+00
-6.121949133473041371e+00,1.249642428212733236e+01
4.395960558667389328e+00,-1.675222975815396254e+01
2.735058158760721447e+00,-3.401476331877873793e+00
1.086869961970345910e+00,1.276448564977740840e+00
-6.706837245655304258e+00,7.620837376125185081e+00
-3.739735133274107337e+00,-2.982337388721329141e+00
2.322610227647918801e+00,1.483500983234397630e+01
-7.861354528690284837e+00,4.496205755732705533e+00
1.139225671738055112e+01,-7.142421028897579127e+00
-1.067231592439373244e+01,-1.287139428499271965e+01
7.179087737812166026e+00,-1.100929753549714896e+01
8.474113994726293342e+00,-2.883420249489482945e+00
8.358097955670096724e+00,7.547938231783198226e+00
-1.004400227153827174e+01,2.233393451435024879e+00
1.178919848047809715e+01,1.266623183187618373e+01
7.309397569547929407e+00,-4.327075785342491265e+00
-1.314978749384002832e+01,4.278543521657729443e+00
-4.333240381948685105e+00,7.964696881239163861e-01
2.314841438018086617e+00,-1.403499381009196512e+01
7.540029420544854588e+00,3.637574305365850469e-01
-6.766583613037886025e+00,1.774866864752909379e+01
-1.196314981629417851e+00,-1.895012196806122873e+01
4.385805487900944044e+00,2.128357696575675639e+00
3.155295002544112465e-02,9.521448760477808193e+00
6.832636184840673366e+00,6.064994092524327307e+00
-2.003925015648515995e+00,1.082957496669116537e+01
-8.638927258226781092e+00,1.692243882621728801e+01
-9.982736554464624490e+00,-8.934201925076227235e-01
-6.922481287428037255e+00,-7.943101742182470559e+00
1.895070461769626036e+01,1.122724339733044197e+00
-4.203536181827460361e+00,-1.013500130075421701e+01
-1.681046410324560014e+01,-8.794476895961613749e+00
-1.290154666521419458e+01,9.964759865947293349e+00
-4.198669146601100799e+00,-1.622674987403281222e+01
-7.569285367948446641e+00,1.141120675791886718e+01
2.690736617844958101e+00,1.302003841826845587e+01
-1.136117565353084835e+01,9.670146466469766722e-01
8.073926897329773311e+00,-1.411674403636660102e+01
-5.008898200214960461e+00,5.196493038361261974e+00
-1.203991159783479326e+01,5.634193250447452783e+00
1.578465112733981712e+01,2.676900900014171469e+00
-1.139024656527674750e+01,3.816589925961086038e+00
-8.290919158425365865e+00,2.676238692726396362e+00
-2.085298870652414038e+00,-2.395638660221236282e+00
-2.806954303038683429e-01,1.721667744828034685e+01
1.598614095779668354e+01,6.841557553708780048e+00
4.258945128138315606e-01,-1.708368180859268648e+01
-6.875525440043317005e+00,9.684520551589484327e+00
1.130235273179146560e+01,-1.335208629758994903e+01
-1.296119029281978863e+00,-1.439054374146491178e+01
1.071705268550914347e+01,-1.069523112506790241e+01
-1.152488110707269975e+00,-3.994963473098050333e+00
-3.424565527690737632e+00,4.253673748133790511e+00
-2.573589247922881462e+00,9.961105141569656096e-01
-1.249731178772925233e+01,2.332424358837338563e+00
1.615927343140824490e+01,-9.922607364088602111e+00
-1.023224462200994189e+01,-1.096119145029649111e+01
-1.028478115867222265e+01,6.111465397781099540e+00
1.245917569908169398e+01,1.372551945196537337e+00
-1.419924219194194137e+01,-2.643180563135234529e+00
5.480112620950738034e+00,-1.025035501091386791e+01
-1.064109870120559798e+01,-5.251997724841281467e+00
9.228280591199972349e+00,-4.553072305657469343e+00
3.778688222379604778e+00,-9.324499204534005159e+00
2.113119605626862629e+00,-8.730464977362322188e+00
-1.467367784112732221e-01,-1.417455065033197403e+00
1.065057906583236758e+01,-3.422423998497310382e+00
1.507661164677956123e+01,1.144517705647424144e+01
-4.241494542742261231e+00,2.686569149868627715e+00
1.319746394403778567e+01,1.158178211218055154e+01
-1.348713953595793713e+00,-9.558667615378258375e+00
-4.060392933393034198e+00,1.748935647352741540e+01
5.655218231074711221e-01,2.956868009556978816e+00
5.705523295233587255e+00,7.572214489444514030e+00
-9.755119995998612348e-01,3.854185380738937905e+00
3.188705453290914260e+00,-1.454845004993651214e+00
1.568426194181077626e+01,-7.698202762513503217e+00
9.088626587151496850e+00,1.068792042709485557e+01
9.618049404711506156e+00,-9.252208576143541308e+00
8.907885646932376389e+00,1.470049840773560668e+01
-2.849352360622282365e+00,-4.557687054381939440e+00
-1.973818643840857368e+00,7.267210920637277027e+00
-9.926498083511884118e+00,-1.452800737568039935e+01
-1.206379278028596325e+01,1.327469397641600324e+01
9.967874592200235639e+00,1.229819077557439222e+01
-3.152828903360119561e+00,-8.569924199399100218e+00
-2.006932589214377727e-01,7.767354965941803080e+00
-5.323423018965922182e+00,1.619226055110451767e+01
-5.880847982493507153e+00,1.859430366059874773e+00
1.365511125322462993e+00,1.642158723495104056e+01
8.514758465203035698e+00,-1.696185830288460394e+01
1.770407700313502630e+01,-3.775157771021423692e+00
-1.628239002376453826e+01,2.097694240976569979e+00
1.474389010461367633e+01,1.166004595267543742e+00
-3.484950636006730829e+00,-6.242098063001814801e+00
-1.018289729040123426e+01,1.600717621054604223e+01
-9.676125783140342662e+00,4.386795562483519539e+00
4.486089031592184639e+00,1.330989767576216565e+01
-1.448262655459095782e+01,2.305018710239524093e+00
-5.487044052697682694e+00,-5.550775785113215566e-01
4.050754888715061064e+00,3.869709290259260026e+00
5.207160608906010069e+00,-6.281842615011146158e+00
1.015563780664343518e+01,1.602801773529816742e+01
-4.316911973259553115e+00,1.254082823126946167e+01
5.324733612718587139e+00,5.077634581068793729e+00
4.681544999766085624e+00,-2.606869734625124835e+00
-7.109749595099134289e+00,-3.327458680245602540e+00
-1.615769680143777531e+00,-1.254650969605255639e+01
-1.395821180839898723e+01,1.144802790491010747e+01
1.253857855025476198e+01,-5.790578781462634161e+00
-5.634064740343423416e+00,-6.669450641606714747e+00
3.577051574697009517e+00,-5.614545872954987971e+00
5.854574888696831181e+00,-1.202550098186148997e+00
8.952284849770663300e+00,-1.112222122267764490e+01
1.763373825966232822e+00,9.104410567319989767e+00
