8.441968983874543753e+00,6.818756940740633432e+00
-5.642438302064627820e+00,9.617052705964512782e+00
-1.173241977252362211e+01,-5.969961230456301671e+00
-1.059902910116652208e+01,-2.502198923745229564e+00
-9.021004499403099786e+00,-1.646162424669058710e+00
5.099140734508482709e+00,1.041007218322028294e+01
3.241946503894433729e+00,5.742586172572581305e+00
1.297608609347592612e+01,1.141712581549035832e+01
4.586087998378789443e-01,-1.395047944365282433e+01
-8.483347712843251287e+00,2.624628572113688385e+00
1.663894513864812552e+01,-8.504835055458887183e+00
5.424956678302842450e-01,-1.665897352821214739e+01
-5.171828770918584617e+00,-1.111612334553663750e+01
-1.021068574410499430e+01,-1.147521088376116261e+01
-8.671402453900604712e+00,-5.069483930382026493e+00
6.468202290093037377e+00,-1.093962948859402751e+01
1.745251823788792622e+00,1.004419822691636988e+01
3.144646084787855678e+00,1.115972612413431797e+01
1.485318785917690931e+01,6.505233902635158216e+00
1.730556583633759971e+01,6.668981946456853382e-01
3.322895448012577635e+00,-7.974397095517296918e+00
-6.498593388807272220e+00,1.478992061285853410e+01
-1.166785305250543381e+01,1.121774933557681209e+01
3.604399713430152641e+00,9.330067192244229091e+00
6.092488486075520626e+00,-1.030646571417974444e+00
-1.113993422955551083e+01,1.298815069061726746e+01
-1.103533118557621684e+01,-1.308220462308305976e+01
-5.139330886281586075e+00,-1.803184681290516522e+01
-1.243139174272118508e+00,-1.646178558753984689e+01
9.153134467491774728e+00,5.157176134691480840e+00
-8.429113373769453688e+00,3.750188300476359898e-02
-5.288598453321958104e+00,7.738800236674180155e+00
-1.137945827057430037e+01,-7.843930052419356258e+00
-2.790045796811962298e+00,1.061750460464888590e+01
-8.734119370821513684e+00,6.229388461159317103e+00
8.869118001295952070e+00,-1.457910244481478657e+01
-7.228849959159155958e+00,1.300601867525984190e+01
-9.949559436128653900e+00,-6.294092313848513420e+00
-3.241246507389887732e+00,1.503481526607141516e+00
1.319923838999459065e+01,7.176157314718974334e+00
-1.357910341375753838e+01,-3.520231237788014500e+00
1.080205569533138954e+00,-1.037085664612488500e+01
2.853277399196919806e+00,-1.378586485332103351e+01
-1.755674861872942927e+01,4.894708925031901359e+00
-6.014096555828600366e+00,-9.497035167758822283e+00
-1.548247344012990645e+01,8.014379962448568762e+00
5.052953899738557908e+00,2.657660225711138136e+00
4.278210397422727240e+00,-1.594813580430317579e+01
-1.360730753433633211e+01,-1.496417052941646730e+00
-1.599036333827845802e+01,-4.115351460726003552e+00
1.165669940936800941e+01,1.267160128383838114e+01
-1.033494379668735696e+01,5.261586407532775844e+00
1.744724838082602858e+01,-5.242997187793337233e+00
-1.036164210021604859e+01,7.011811217856877221e+00
4.074818973660235599e+00,1.457334025174048442e+01
-1.724703113510818397e+01,7.890975703791829332e+00
-6.216442327200444318e+00,1.131958987603698752e+01
-3.091913822844514215e+00,-1.232394299566929341e+01
-4.908728815899077169e+00,-8.032630645695967075e+00
-4.156950751600317240e+00,-4.132528431476042208e+00
-1.487676918095441891e+01,1.144535161093689357e+00
-1.045757563136488777e+01,3.374709402554745719e+00
1.629400717577703972e+01,7.695532933004379572e+00
-1.027279524387937393e+01,-2.801308257380050182e-01
-7.203883611615561122e+00,-1.905129066256973758e+00
6.806346243470250634e+00,2.771700866330617963e+00
8.100486790245410518e+00,-1.631690126682340036e+01
-7.380094586723670025e-01,-4.261487360511220679e+00
1.704219295403466816e+01,6.004046933387848561e+00
1.420889434504995164e+00,1.689914886581048492e+01
1.006691799164202905e+01,-4.846034136849690199e+00
1.452589856648635802e+01,1.223524193452890430e+01
1.026262481009015026e+01,3.721138659249664027e+00
8.445168435060878664e+00,-6.118783625008319405e+00
1.527742646421998707e+01,-4.648298873477551219e+00
-9.990917494318429348e+00,1.641946671959901627e+00
3.050151205941121213e-01,4.648927717424943928e+00
-3.857216332930500258e+00,9.181227720899414635e+00
3.056793518520170228e+00,1.604369843420375119e+01
1.942996163603005755e+00,-6.796597656514433261e+00
-1.381552923863308857e+00,-1.279716977409235490e+01
-6.096405414093748476e-01,1.200385551614009172e+00
-1.027030768494843427e+00,-8.661504597140879724e+00
5.555093476260521079e+00,1.252809185770664513e+01
2.852292226557184396e+00,2.962628010514894994e-01
7.568756650912170869e+00,1.547586565863612762e+01
1.444392933434121673e+00,6.095855032277449403e+00
5.000748315746339046e+00,5.994028838554726235e+00
4.740802422199821287e+00,-1.419028122614148657e+01
2.675304911688207721e-01,-7.308872373191138472e+00
-4.598229644397486382e+00,2.708730777689968949e+00
-5.410453026399120624e+00,1.055273224944317301e+00
-1.796742883948469149e+00,-1.606519526857890012e+00
-6.070246138548247572e+00,-1.643294642243542825e+01
2.085263211432435870e+00,1.887935180502094923e+01
1.414081586632006804e+01,-6.282888138606065986e+00
-3.243125290240314040e+00,-6.629926503667809001e+00
-1.667959693344217698e+01,4.148305563986484645e-01
4.211109164758818579e+00,-1.052986332619077281e+01
6.796314166823810510e+00,6.127369160993623609e+00
-1.804768184688589727e+01,-8.525630351547698327e-01
-1.450164075086064308e+01,9.724143145038363301e+00
5.858753277106086843e-01,1.138953559936465432e+01
-1.523690381994097187e+01,-6.424760538573868196e-01
1.129311012397142377e+01,2.886718931665946952e-01
1.619809703420924007e+00,2.647342993756474083e+00
-8.569427671311585115e+00,-8.560394146092663803e+00
1.305140126809238632e+00,-1.215033394144815837e+01
3.633738718490879815e+00,-6.027220619798120183e+00
-5.138941916697048473e-01,2.964181306750111489e+00
6.500822371581559400e-01,-5.471235861165714809e+00
1.177378531697097497e+00,9.027716046043368081e-01
-6.016801490417605258e+00,-3.288249735793183248e+00
-8.183368769518585495e+00,-6.770306950369239019e+00
8.098369538129773559e+00,8.558253991163292440e+00
-1.399238721346573477e+01,6.644058746031037188e+00
1.875518789003223574e+01,-4.659954173888617990e-01
-3.575571838549517434e+00,4.278287627586069064e+00
-3.254307663707517673e+00,-1.433353394994386321e+01
1.789670330048287461e-01,7.330860868340515424e+00
3.476664062480767647e+00,7.536285513559647598e+00
-1.105127358110918401e+01,-4.287299310662461949e+00
-4.033556082979645296e+00,6.015066784725688009e+00
1.428413183164268752e+01,-1.157528007418700078e+01
-7.201847105681445704e+00,8.677769323510096555e+00
3.929248761080048613e+00,4.091923091174368921e+00
-1.080476392939907937e+00,1.510394322455866600e+01
-1.217392346218210086e+01,5.525890014292594188e+00
-1.865708008014621555e+01,1.361949064380045371e+00
-7.081327571025025414e+00,6.900500945687633170e+00
3.804345110772954897e+00,1.280412321613761151e+01
5.837771426424339438e+00,1.499588069211450048e+01
-8.469369815294044201e+00,-1.197945431780897785e+01
-7.294874412211584946e-01,-1.074150150222348898e+01
5.703095846949081782e+00,4.310283425841359595e+00
6.244841554027568797e+00,-1.512292645234224864e+01
-1.163064105494038181e+01,9.394767799855355817e-01
-5.441404624172386129e+00,-8.267718732361706291e-01
7.363156883743406933e-01,-1.169006921397800269e+00
6.113733203213171485e+00,1.150318449450414615e+00
4.184203869169669687e+00,-1.696573476436723737e+00
-6.748144393636254179e+00,1.670674927501787010e+01
1.044508692668055971e+01,-1.276971038678153203e+00
-6.846518096109143414e+00,-4.882535218793493392e+00
1.024962237546184207e+00,-3.477430020246997433e+00
-2.531003460422450502e+00,-1.030622646642375528e+01
-1.447636324126052809e+00,6.543490226119238251e+00
1.118416814324951147e+01,-1.210532550947949382e+01
-1.209090490381056249e+01,7.325521460173159305e+00
6.419348190698896950e+00,9.186796042124461437e+00
1.461910747236781560e+01,8.407425691462734108e+00
-4.950019334702619567e+00,-5.824794170850603692e+00
7.684445407638681225e+00,1.053551395144333824e+01
-4.157185241364689254e+00,1.424724382981588988e+01
5.252540034091399690e+00,7.793898728277625310e+00
-3.691793959620158549e+00,-5.478863121284485160e-01
-1.876098086201700044e+00,1.227659377265666762e+01
2.274480260550545641e+00,-4.758309357382283444e+00
1.504140151378794066e+01,1.465801479906801319e+00
1.012701176288216587e+01,-6.691155555147606293e+00
2.713231489766187554e+00,-2.818909403992130969e+00
-1.019972935218501320e+01,-9.620766232433705767e+00
-1.013010332714298301e+01,-1.459613931046377289e+01
7.284622718437397282e+00,-8.810222450687486884e+00
-8.305244540242377127e+00,-3.303392951233113273e+00
-3.028343570143607444e+00,-8.455454848487862662e+00
-7.071375334492110198e+00,5.130590080305686307e+00
-8.887095121869002412e+00,8.059200221167913014e+00
9.856246640876067389e+00,1.239525565583462630e+01
1.202248629189302420e+01,3.965122448211904516e+00
2.107812338018635323e+00,4.338912024275434653e+00
1.104296126577221138e+01,2.126285301536455563e+00
1.281247037085346285e+01,1.402860816173568814e+01
3.605563639100343387e+00,1.778750788681992034e+01
-1.539238077858592568e+00,8.666856590239021330e+00
-8.769976124733776857e+00,4.462285951403463180e+00
-1.627918300703445809e+01,2.210432009530359121e+00
8.689164046601765889e+00,1.689669873588456994e+01
-2.576526497942999150e+00,-3.254338617917580834e+00
-8.004664817786611763e+00,1.114656428409426780e+01
1.248681110713366316e+01,-7.112690932926247989e+00
1.183220725514925675e+01,-5.377671440387430835e+00
1.597573223803143527e+01,-6.393797428836185404e+00
1.769349120922105500e+00,-1.526764754105050947e+01
1.218661883029413495e+01,-3.119951597916136077e+00
6.985631567931663177e+00,-4.887618429919887930e+00
-1.278189895307348500e+01,9.083277713662049280e+00
-9.622753691510911311e-01,1.049070907922140172e+01
-1.256487965765361814e+00,-1.464428123750229638e+01
5.308513910847571182e+00,-5.458285515655143527e+00
9.366159179214815111e+00,1.515031984957967381e+01
1.008809785144796578e+01,-3.026139318696157599e+00
-5.375825964313828642e+00,1.290346118130000086e+01
4.643173136235224874e+00,-1.240236597765454896e+01
-6.374430628294987855e+00,2.955594712079647746e+00
8.966403875183676320e+00,-1.084682229683710908e+01
1.283164048715634031e+01,1.557748532518347995e+00
-1.302434443029513389e+01,-7.173146595491424193e+00
-8.756649598072879570e+00,1.611377025612329206e+01
2.067136101612657484e+00,1.256474906434458561e+01
2.440766873770057188e-01,9.105177164993149219e+00
-2.989071090566999267e+00,7.511122085027312600e+00
9.504181883559276400e+00,1.058075296780229024e+01
5.722957272855200728e+00,1.685342142093791651e+01
-4.219229889871018990e+00,-2.341870986595916193e+00
7.883909234693768475e+00,-5.216888558701114897e-01
1.192797874524237045e+01,9.903285824436590445e+00
1.756804461001268791e+01,-1.821316933883614153e+00
1.661012592146840916e+01,2.332424976842009112e+00
5.169220996417474900e+00,-1.772616073483580479e+01
-1.300565224338842718e+01,2.062233517767066093e+00
-1.185227788288001705e+01,-1.120641795752018721e+00
-9.159197636729173198e+00,1.258362470095821806e+01
-1.756199560646629410e+00,4.747928834933489384e+00
1.164958032835313162e+01,8.160736868839912006e+00
1.278679335657563243e+01,-1.381813997307536290e+00
-1.060622444510641138e+01,1.576288725337139063e+01
1.366899750166947847e+01,4.805271965339405149e+00
1.100097210668609016e+01,1.450964010902922219e+01
1.659376978873438802e+01,-3.402539313836945745e+00
9.518863778499364159e+00,3.444048329907405948e-01
4.657313789424170736e+00,7.560427704892999645e-03
-2.037490546343925235e+00,1.640930551068808252e-01
1.251977733397150949e+01,-1.094590438302393132e+01
5.449355204212769088e+00,-9.250780996089288166e+00
7.464764377602452150e+00,-2.305112960787462750e+00
-1.569235902085279832e+01,4.629562050192877365e+00
1.259902155341536734e+01,-8.939031540635541617e+00
4.958998781591676064e+00,-7.215697453465922173e+00
1.399753606005673667e+01,3.018880421214493737e+00
-1.455715467823949005e+00,-6.619682720871646886e+00
3.316204286975878546e+00,2.041918830617670988e+00
-1.423357774478859028e+01,-1.027543478419404899e+01
-2.321214016920948531e+00,3.043932851117311600e+00
-5.360369011889727808e+00,4.455403795872600270e+00
-1.725961633068542156e+01,-7.560278206565815395e+00
-1.482818818225391944e+01,-7.700748862414714679e+00
2.329589171585573659e+00,1.433503551816572852e+01
-1.228689740804296271e+01,3.776331092526631128e+00
-1.455907428775643808e+01,3.044002099411621032e+00
8.457294473658038214e+00,-3.821803167032401305e+00
-4.379199733853828214e+00,1.138880866229745514e+01
-6.420110264910186437e+00,-6.883566888673067652e+00
4.586205604484557274e-01,1.401230085678149706e+01
1.551359290287107662e+01,-1.014748709663527038e+01
1.158145022560152704e+01,5.765160708257088373e+00
1.025515174774131388e+01,6.998927138421217720e+00
1.814114642155109092e+00,8.228691509247335389e+00
8.658951993109182510e+00,2.992522013984366680e+00
-1.388268345825330208e+01,4.725415711075122260e+00
-1.508946009955293199e+01,-2.495287590499045027e+00
-7.217769409263373070e+00,1.372244452326248032e+00
4.075887039479199281e+00,-3.996277888527430378e+00
7.477191778594167282e+00,4.456633398362047416e+00
-2.384172196332138505e+00,-5.073974391846879151e+00
8.019893566251795392e+00,1.344520199298661955e+00
