-1.389563204144225494e+01,8.152974995377091361e+00
8.720462054646775485e+00,-1.622853601302243831e+01
4.412838453648940451e+00,-8.269224828443121567e+00
6.885989411000234206e+00,1.235378765724619043e+01
4.294574819500515339e+00,2.284406171765378524e+00
1.558196847761650572e+00,-1.389027785525804326e+01
-1.617320068271417455e+01,1.316476946367150180e+00
-3.525517447194360887e+00,6.632885467021774950e+00
1.050536405990429500e+01,5.887263152055274951e+00
1.073841469956476402e+01,1.114119586535498208e+01
2.546434537713985424e+00,-1.085019022182346760e+01
-3.268925259031733699e+00,3.068549071376379445e+00
-1.309106499068550811e+01,6.526569338696582179e+00
1.113835584559462433e+01,-1.532119573764636655e+01
1.384425444602783628e+01,1.524531690804143080e+00
7.761021817065416606e+00,2.895359054009929878e+00
-1.166304089638939612e+00,1.343998963544494352e+01
4.334438210865933172e+00,-6.444403677340301506e+00
-6.366811933465224449e+00,2.470324784386666028e+00
5.221191605520422385e+00,-1.660518561529062609e+01
-1.108318227528477173e+01,-6.416618327708365044e+00
1.845923446132216839e+01,4.485238688602531276e+00
5.044096373031470293e+00,-1.680768657040597081e+00
9.581559886247131841e-01,-8.826274222158037475e+00
-1.785948578051920066e+01,4.340603040249786937e-01
8.524910447397111568e-01,-5.380108759852157085e+00
6.562770599833013918e+00,1.438402818063614141e+01
1.203858779054678152e+01,1.238070801847606761e+00
-1.312865662100046116e+01,2.643245056863820164e+00
-7.788243996671892155e+00,-7.333532457783040748e+00
-6.109613235352532534e+00,-6.756118817421849165e+00
1.345361793549105833e+01,-3.588885979844520513e+00
2.634189992164773564e+00,-5.664079605867645029e+00
-1.171045017214217054e+01,5.372233792388819040e+00
1.208453272281959023e+01,6.765733540873420715e+00
-1.655777036956693848e+01,3.052220336008094392e+00
1.730619565223571854e+01,2.155774145633331695e+00
2.097115557944361885e+00,-7.332667387332738151e+00
-3.748190170464205551e+00,-9.550829048961702483e+00
-5.256056766787092549e+00,7.190146454886230387e+00
-8.411674320933816063e+00,5.021856265409518905e+00
-6.719999911360463152e+00,8.205228878637898404e+00
-7.080808342248023912e+00,-3.065401720628004423e+00
1.562145828695369687e+01,-1.225514487291992527e+00
4.327508612485965855e+00,-1.011722339269249815e+01
1.077359327755977603e+01,-6.552751693756926343e+00
-1.402471368155597276e+01,-1.211124930341707362e+01
-5.338504783814857824e+00,-2.062423897431254094e+00
9.724396317494662378e-01,6.565561775597760885e+00
-1.120900651484475929e+01,-8.570177400579531479e+00
7.485769894951157521e-01,-1.699271934299553877e+01
7.378112026887988506e+00,-1.012074751129266303e+01
8.559461508690597853e+00,-8.636816119678602632e+00
-1.511713295758446263e+00,3.962981290042989713e+00
1.338824158522477781e+01,1.340716613609018282e+01
6.663774586660011323e+00,1.052377238197560594e+01
1.620707857714000255e+01,8.615083194195783278e+00
-1.189648965827178051e+00,-4.869507291253937886e+00
-8.046694534521538600e+00,-4.553850321377126975e-01
-5.620006656130474454e+00,1.087962267983379583e+01
-3.647837469611664218e+00,-1.132544497747735690e+01
-1.332957087486578551e+01,4.612874966191309767e+00
1.210617160976262419e+01,-7.838010623007120259e+00
3.252509287142952399e+00,-1.692298142562425056e+01
-8.600020825858612383e+00,-2.140942413201061711e+00
-1.562518225902800673e+01,-4.235130669540869697e-01
-7.869095396054633262e+00,-5.570278546385874385e+00
2.080944480328315305e-01,-1.872346893269849133e+01
5.429110365006056121e-02,2.662870311456360994e+00
5.965349168693834692e+00,3.967629005408758847e+00
2.627204476437470682e+00,1.567673650113565520e+00
-1.476605440758994447e+01,3.371123427584970411e+00
6.983796871550502772e-01,4.361736752452449295e+00
-1.432940196200843008e+00,-1.127048329453247710e+01
6.127430877063967607e+00,8.789081295806932204e+00
4.515453537631772818e+00,-4.624026164531869654e+00
6.026510146407856539e+00,-8.999427460907343246e+00
1.478966414975449339e+00,8.294936753726993572e+00
1.328475148642000825e+01,-1.100719921433141835e+01
1.098343407996229892e+01,2.702032722671950271e+00
6.772522754747966722e+00,-1.217922109676848885e+00
3.208453860478440056e+00,-1.283071041359702402e+00
-8.730976757700823043e+00,1.096322197978768820e+01
-1.401575211873254645e+01,-2.551346781363575289e+00
-4.816220163435396273e+00,-1.304060654077084358e+01
9.901149036757347588e+00,-1.580297754022383483e+00
-4.709400898581680650e+00,1.736958127177503641e+00
-4.831710808971189097e-01,1.567920800614066756e+01
4.474590335411781084e+00,9.427297141844118045e+00
-3.477694503414953342e+00,-2.399575847986738175e+00
-5.646196096518661278e+00,1.812433198121060585e+01
-1.026849367765993115e+01,-2.907938200517593774e+00
2.767228116836713436e+00,-9.031977043608353739e+00
6.621622786964005414e+00,6.223908423390878575e+00
-1.052949102611813537e+01,-1.459763335099032311e+01
9.428095295675328558e+00,7.761708395844967967e+00
-7.812429920762379965e+00,1.295228188749465659e+00
8.464716328041490101e+00,-5.517074131240412571e-01
-3.131354150885881094e+00,9.561616466461314578e-01
-1.718309420266510301e+01,-1.355231582145250302e+00
1.541463673140813739e+01,5.147861753364924020e+00
8.760975338265674095e-01,1.050186942099067489e+00
1.285033014569713217e+01,-5.671136288720818541e+00
-9.559333226286048202e+00,2.387513157460450230e+00
6.090458731942171688e+00,-6.049999211927513443e+00
1.564961274061882079e+01,-5.393165068069583512e+00
-1.882176029814830676e+00,-1.592858200896585075e+01
-3.048082751627329667e+00,-1.447554093410799325e+01
9.716221312781595287e+00,-1.419470113364480746e+01
-1.088777746157209236e+00,-1.392919577230581396e+01
5.714487540501695051e+00,-1.139803796919341927e+01
1.173627993189338703e+01,-2.577450841777052304e+00
-1.204699958614759048e+01,-3.204271266735617019e+00
-1.271791301712596045e+01,-5.433197416560932247e+00
-4.886428110830847160e+00,1.652838763465481620e+01
8.565945114075359967e+00,1.179799983870429259e+01
7.593706691727645008e+00,4.710610691106269066e+00
-1.760923149379632591e+01,-5.908080841492028057e+00
5.505913054811248930e-01,1.406897543922205429e+01
3.974742559469158110e+00,-1.192924406127727011e+01
-5.511009837715845627e+00,1.268114441833812656e+01
-1.579646128589540233e+01,-7.421819613640706415e+00
-1.410274186941745178e+01,-4.304279084015399270e+00
1.673057215152821797e+01,3.897418991469553617e+00
-4.566377361223717735e+00,-3.653080306438705738e-01
-1.266277803277539427e+01,1.153755910496725434e+01
3.141928142422058645e+00,7.352859574612278237e+00
-1.137659175828219205e+01,7.952042169987243447e-01
4.993924349561972953e+00,1.136115518579152450e+01
-2.522358736042167315e+00,-8.244709378391881671e+00
6.659304304541953101e-01,9.962773113313298623e+00
-3.961481599172507639e+00,1.366172991183805685e+01
-6.589970635003578714e+00,4.399587414105659455e+00
-8.260816745994915777e+00,9.141903048249643504e+00
-5.850039341257123660e+00,1.453556510183110184e+01
6.840751527024049317e+00,-1.571657594011690406e+01
-1.624960340015572990e+00,1.724523576167422334e+01
5.073834470194586110e+00,7.272595363613503672e+00
-1.263154091763198394e+01,-7.459755410698231337e+00
-6.543320071825234230e+00,-1.272944833811250653e+01
-4.709649687343376634e+00,-1.512710435143294951e+01
1.645388207691867422e+01,-2.838112065751115853e+00
-1.650735528766881677e+00,2.107712216398939908e+00
1.155474335386196749e+01,-8.228938050706499086e-01
1.948029697287669559e-01,-3.713156357661706153e+00
-9.412068582728490895e+00,1.297931847632246161e+01
-1.290551864817921279e+00,3.825445817324054087e-01
2.041958079576330576e+00,-1.557934551276968982e+01
-1.842373961146896377e+01,-3.947873308668441439e+00
-1.727873769257028402e-01,-1.334011523381295250e+00
-1.777609626160385980e+00,6.944783127483286300e+00
-7.249511890067291020e+00,1.193497645284744735e+01
7.112181155717813397e+00,-7.608787683135497915e+00
8.067163984871680071e+00,-4.121027205383938075e+00
-4.836270693304012269e+00,5.402026680188249053e+00
1.125562645460498423e+01,-4.754686870688533240e+00
-4.271248645250958376e+00,8.808404248593483032e+00
-1.384174026236497568e+01,-7.476666846417951984e-01
-4.634240674158857765e+00,-3.779424129361713458e+00
-4.733572263222779242e+00,-8.014244103006948450e+00
-6.291310154991633929e+00,7.895249499676144922e-02
-1.439306275954514991e+00,-6.669388282796717249e+00
-6.299230084854258394e+00,-4.655159339362237247e+00
8.280143170408823750e+00,-2.359134848994717704e+00
-9.673252426087138645e+00,-9.596574052711353886e+00
5.005875588151486255e+00,5.444049975298151267e+00
-2.712874126620218318e-01,7.985192493649793555e+00
-7.973430725156800847e+00,3.296160085031889508e+00
1.590370116722390703e+00,-5.862131359286510968e-01
-3.176668009294502326e+00,1.588567739245692678e+01
5.188027312136094693e+00,1.314715540053519049e+01
-8.849752871517008401e+00,-4.023497670630501233e+00
2.657464858069720215e+00,9.638432655269609128e+00
1.003608706828068087e+01,-3.427415626379655134e+00
3.207611355844358858e+00,1.137003235781624078e+01
-3.258060531414799676e+00,-6.610496312051449941e+00
-1.423898299274695667e+01,1.149971936694036856e+00
-9.590499569331599972e+00,-7.775532276109924368e+00
2.250022662458026623e+00,-3.950500529622208212e+00
5.305503746855715796e+00,-1.325379784450950105e+01
7.859134874501092938e+00,-5.938592531071126501e+00
2.271694324732884684e+00,3.340731950539734374e+00
-5.453537941790131960e+00,-1.001080369827565164e+01
1.716855773822547349e+01,3.435150977389235805e-01
-6.724878247626008054e+00,6.204120529615318347e+00
2.327189274971447119e+00,1.296748511364774537e+01
7.338695608534935744e+00,-1.750764543018264163e+01
-1.141008366184409040e+00,9.620801756266256888e+00
-1.061664710887616714e+01,-4.668882611848244046e+00
-1.168749813351333877e+01,8.960853079923138509e+00
2.007172263648941968e+00,-1.826705715219932458e+01
-3.787825964856653127e-01,1.897702207510943850e+01
1.242035758860021932e+00,-1.209466910820638041e+01
-4.781557049456083952e+00,-5.545747621285864959e+00
-5.131400641443601973e-01,5.632414966210889773e+00
-1.195028191010854002e+01,-1.279436684455796502e+00
-2.479836538853799954e+00,-1.271901698901702638e+01
1.012966332713169493e+01,3.762954920272886250e-01
-1.488136978632898000e+01,6.614278024500666930e+00
-1.010851460113011946e+01,-1.112638109292267252e+00
-3.486831281257944060e+00,1.802895070758669860e+01
-1.134854514658830027e+01,7.146546740497453420e+00
3.881534062159420095e+00,4.078840181901120410e+00
-3.777762422205745096e+00,1.051217837249196663e+01
9.682771447587262159e+00,-1.160507073283920754e+01
-1.015942791151289448e+01,4.384012851904640407e+00
-1.708395448453563858e+01,7.040786460441758265e+00
3.949428244431304247e+00,3.301307145264182896e-01
6.313315829075976104e+00,-4.264634285001147163e+00
1.529075937486501147e+01,5.077732583720642179e-01
-7.075757556684335370e+00,-1.099625997980247760e+01
5.762940824240037507e+00,3.033438286080644697e-01
1.174597003068603129e+01,9.537785385482724365e+00
-1.328660412883114006e+01,9.838090231821308151e+00
1.849774113122657582e+01,-2.991736954676730953e+00
-1.420380468027389753e+01,-6.510585463671818118e+00
1.544764137255956626e+01,6.954916101991548416e+00
-9.933859173240033869e+00,8.256205126069007250e+00
8.125690099771288644e+00,9.470174310078137481e+00
8.681142626660017569e+00,6.159187917033621673e+00
9.415864985111257468e+00,4.052216811897951132e+00
1.365015866603844508e+01,4.514850919677944496e+00
1.299909045093720558e-02,-1.532254838379280848e+01
-1.570686432513535102e+01,4.945376560204564065e+00
9.335775296637995879e+00,1.992947177496778854e+00
-1.134049481228661449e+01,2.606239615599408310e+00
-2.681643296100238771e+00,-7.719933619891370391e-01
3.765918758307569725e+00,-3.019747398021599416e+00
2.626201478712508752e-01,-1.046817750755847953e+01
-1.899499886949155503e+00,-3.215926027160583622e+00
8.161660169547957366e+00,-1.258178042916064499e+01
-1.811893794051535167e+01,2.210303346229256505e+00
1.047662395683604863e+00,1.167444762149865056e+01
7.470294710459955745e+00,9.618480524565919954e-01
6.086509949916481865e+00,2.128046463870379768e+00
-4.937665121098604004e+00,3.650937767659622413e+00
2.247197370156055918e+00,5.250303675282421700e+00
1.692502035994543741e+00,1.548925768122807511e+01
7.951263636107655408e+00,-1.433904188274677338e+01
3.440907384428942617e+00,-1.373747860249011588e+01
9.566725678989989490e+00,-5.258136150327345604e+00
1.389191164932336298e+00,-2.410300416678605284e+00
1.273008252432253862e+01,2.932848381037441055e+00
3.001831749031365626e-01,-7.164509695052555749e+00
-3.622085319496759492e+00,-1.660026429152479110e+01
-9.151199818396750230e-01,-8.995062631448226043e+00
7.569039551188059711e+00,7.745208993678033949e+00
-2.989566850339437032e+00,-4.823818861316190088e+00
-9.507170872888901059e+00,5.669292412271229598e-01
9.910266420352925820e+00,9.491870637526448107e+00
-7.719899947752498548e+00,1.366464304224080628e+01
-6.461811550502449819e+00,-8.521781967961265636e+00
-3.077077945008917403e+00,4.832937027098948235e+00
-9.163382081271763013e+00,-1.140810975280369099e+01
-9.707770760376325470e+00,6.279689301070702001e+00
1.527925415190651037e+01,2.617131423142407876e+00
