-4.843920126777591095e-01,3.865572400833221067e+00
-8.165281738105897302e-01,6.322554249586159081e+00
1.036244256544475917e+01,-1.589224214448292294e+01
1.502834034282359355e+01,5.272250018257989446e+00
-1.117791220778403094e+01,2.284137726771271915e+00
8.183998210294671338e+00,6.503768928365245117e+00
1.265212196695167712e+00,-3.379255347054776148e+00
9.598771842198770443e+00,5.131754827338625091e+00
-1.423974936933651847e+01,-4.923327653727178621e+00
-5.274674161279576445e+00,-1.259855924619009926e+01
-6.746204789643035937e+00,-1.601195437780920017e+01
3.128648170825707009e+00,-1.106069707619802855e+01
1.405477958329545629e+01,7.031317722661470371e-02
-6.882458537632909490e+00,-1.085620175271876775e+01
-1.281635694844430517e+01,1.359208204834558176e+00
7.170125950312585594e+00,7.953134557087778056e+00
-1.061933771178092023e+01,-1.218551750236269271e+01
-1.404024845259391974e+01,-8.568120118992274215e+00
9.283644293848240636e+00,-8.545434596951439588e+00
-9.139524264499701900e+00,7.148879292582788203e+00
-6.271100639655525555e+00,1.513174989234502377e+01
-1.732486867285659571e+01,7.636401763718268398e+00
-1.101202396412097961e+01,5.360998343813804468e+00
3.001939127713364019e+00,-2.948754132068281741e+00
8.648417701889652420e+00,-1.512712632262740975e+01
-1.074100508097014917e+01,-4.557914352990303897e+00
-1.415401702997974454e+01,4.945689754398415600e-02
7.471691885688676926e+00,-8.366962884154425240e+00
-3.184093410384325029e+00,1.561864295046327378e+01
-2.508386624249431929e+00,-7.145975690333390418e+00
4.940335361358708433e+00,2.624237198135289439e+00
-1.106509820333761418e+01,-6.355979976098677042e+00
-1.149294075707010521e+01,-2.730368744687419635e+00
5.774662121490193201e+00,-1.756550966491308330e+01
-1.507738610702078752e+01,6.770465742463173342e+00
1.649943207221416230e+01,-9.419239120061771331e+00
-8.248985774130280779e-01,-6.557146933796299315e+00
1.472214106727452432e+01,-3.164134326300154676e+00
-1.363877623991998611e+01,8.926858396604915313e+00
-2.269156457209219102e+00,1.562972002484938505e+00
2.277231142825429266e+00,1.823942166499161077e+00
1.182856327042854083e+01,-1.486415242695789551e+01
1.178572856716072437e+01,-1.075473325306034678e+00
1.551164854670317617e+01,-7.906783400962458686e+00
-3.400551156020910515e+00,1.302012676012955161e+01
1.449031261310260943e+00,2.588191934910169523e-01
-2.493168834137176049e+00,7.040660567392020397e+00
-1.186424338913506737e+01,8.704074542497124867e+00
-1.321250101735722282e+01,3.077224235525143570e+00
-1.878669314118535105e+00,-8.882301751959548852e+00
-2.013819020230900758e+00,-4.521794887668688645e+00
-3.912473367415559622e+00,1.729756525362630271e+01
-1.761571092521208826e+01,-1.463348924490439185e+00
4.590553998326635465e+00,5.977722772672002804e+00
-8.271319789317360005e+00,-4.193788213780341501e+00
-1.694942626058445256e+00,-1.756079540308446374e+00
-8.780123762255778175e+00,2.451179153685495216e+00
-7.588397074570372602e+00,6.157274086923123946e+00
1.346383442326253110e+01,-1.778592097441949793e+00
1.811404324946335720e+01,4.953194581540778962e+00
-9.601613224422175463e+00,-1.252624469622712899e+00
5.932642436165187050e+00,9.398031429973800144e+00
1.096161841963987271e+01,-4.979546321637649875e+00
-1.571444046310906018e+01,8.562928759084844188e+00
-1.328761721912690774e+01,6.366882276416582442e+00
5.010881409248323592e+00,8.009207178087555112e-01
1.536858022695086312e+00,-5.199445148934652927e+00
4.772637487466873552e+00,1.839005469511021218e+01
-1.014460521486628508e+01,1.199004110277987145e+01
9.867066469202098844e+00,-3.607513544723731869e+00
-6.456842364691000924e+00,1.112912026258718967e+01
-5.109369277586797153e+00,3.756770845372912948e+00
9.217291634182837035e-01,-6.883340763387756134e+00
1.462146629669843989e+01,-4.976952183536908159e+00
5.211493564943788570e+00,-1.428065177427035870e+01
-1.628100359359828442e+00,-1.155099866509439543e+01
-1.580601539465543404e+01,-1.051596311889007573e+01
-8.453466197597281351e+00,-1.559672835430760607e+01
-1.297521966497451196e+01,-1.325881499412534659e+01
1.700087289774537425e+01,-4.537180379359107008e+00
-1.899215546430508494e+00,8.773227623844899625e+00
1.201672026407535654e+01,6.160469375991401542e+00
-6.733157155958577000e+00,-5.826884411567454514e+00
-9.129933165756003888e+00,5.259000804550406194e+00
-1.413859975524443868e+01,4.720854316451213784e+00
-1.808114134452332422e+01,5.039571188484964992e+00
-7.545851703218396267e+00,4.310000760246881946e+00
1.002118148963509725e+01,1.459213714069922396e+01
-6.014259224944816573e+00,5.288153342784298161e+00
-9.029683210183192088e+00,-1.071534234761735860e+01
1.287671711365048566e+01,-9.780159862239699464e+00
-9.947218131090767912e+00,1.025449047157627191e+00
1.627477197095434924e+00,1.315216284343133424e+01
7.947578204611279062e+00,-4.150475315066397108e+00
1.048045559131356264e+01,2.820063713362093161e-01
-1.264429105200900416e+01,-1.375334696220455566e+00
1.274099813645925006e-01,-1.357915503540021218e+00
-3.453994418875995454e+00,-2.149263815530272570e+00
-1.094041691559480789e+01,7.197590580349640277e+00
-4.608078501987241893e+00,1.435868203945170229e+01
-2.281471722723523943e+00,3.697969962472256178e+00
-3.408785207714081888e+00,-9.838127500958281146e+00
-9.556239467474190619e+00,-7.422691799364908860e+00
8.513876504172200654e+00,-2.431416176516346894e+00
1.333488408159646355e+01,4.719909973954377946e+00
1.194019880503382680e+01,-1.133414292393003642e+01
1.467869102849211771e+01,-9.549519552491895880e+00
-1.421415540294827196e+01,-2.404458849788237984e+00
-1.893227688456266478e+01,4.495445381806865703e-01
6.643715644300300482e+00,1.564460496191829364e+01
-3.387578452566127329e-01,1.490035366672598016e+01
6.495172874927437334e+00,-5.216530498278320493e+00
1.525816823997217853e+01,-1.290747720800752285e+00
1.944132431777913395e+00,-1.505958575174619840e+00
1.405386056221507118e+01,-6.920048347274190270e+00
-8.258604494548826835e+00,1.677098534702801302e+01
1.248143616426439095e+01,8.439511319008568435e+00
1.644551874847059025e+01,3.602117684171543543e-02
-4.176164408747128576e+00,-1.407617452995582141e+01
3.307518768205971460e-01,1.800243910806226566e+01
5.167329011898159408e+00,-1.133040867927986106e+01
1.088666915806704383e+00,-1.893954995046363976e+01
-1.266591526283625591e+01,-7.184350155105559743e+00
-1.711919902129472248e+01,3.509381316626508873e+00
2.324927519613557703e+00,3.642101931202299525e+00
8.891414557763226423e-01,4.991899122108056197e+00
-6.540282451199575853e+00,-3.860622051180661263e+00
-4.844071368264096122e+00,1.195282892997819246e+01
4.348685092418471676e+00,-7.594283173707799151e+00
1.068608197171417018e+01,-6.722285727994179894e+00
1.182471241697489894e+01,-3.342471843095850659e+00
4.812765356347892265e+00,-2.775226232080119537e+00
6.997747616429054851e+00,-1.194338347828810853e+01
3.369047296349795495e+00,1.622758942451499919e+01
-1.187955012688236112e+00,1.043565048129514317e+01
-2.071729414637347055e+00,1.417798380456316387e+01
-2.758951545465821553e+00,-1.669114880984107785e+01
2.779178220591743464e+00,-1.714358349143571303e+01
5.145694736000897329e+00,1.658035559593956876e+01
8.950995252349722264e+00,1.341756937909966307e+00
-5.710040092415686885e+00,-8.766723923352632397e+00
1.002560062922633044e+01,-1.485819436540508187e+00
1.106453223294024468e+01,-8.818722728960354473e+00
-5.673388190003970877e+00,-4.126153875974761243e-01
1.097285048767133020e+01,1.021501561585798790e+01
1.371770466430078272e+01,2.916428617051008310e+00
8.254425711223110085e+00,3.000314740344481201e+00
1.357276959234569524e+01,-1.328104191638855802e+01
1.010593787353508510e+01,1.182603126919894621e+01
-3.721645002484577969e+00,-1.163240947367702560e+01
1.591008864348940899e-01,-1.423057455574681640e+01
3.599936371056205786e+00,-1.534308601695651220e+01
-1.139257080917285414e+01,1.383027648014026312e+01
-7.079300333759145580e+00,-1.265196593978151007e+01
-4.838390296256068979e+00,-1.571758397895574078e+01
3.303500885273400467e+00,-4.706351751704484165e+00
-1.014098793302231272e+01,3.755293156470543625e+00
-1.584845250371613368e+01,-1.715026949096247089e+00
1.118131019269520365e+01,1.978910954511335474e+00
-5.162240168147272712e+00,1.459675498297206664e+00
4.785723108314520857e+00,-5.773337806290529173e+00
2.771930620175484972e+00,5.437617433603449513e+00
-1.085666972379334538e+01,-1.027944738804440661e+01
-5.190228903360919688e+00,-2.682613062528201642e+00
1.666415609185061042e+00,-9.936309669785849508e+00
-8.743617370594755078e-01,1.659122539695285781e+01
-1.586207690638794787e+01,5.074428160632393769e+00
7.163728223931319583e+00,-1.014435976716079679e+01
6.117413326458042810e+00,-1.580983774083735582e+01
-1.196117802080941495e+01,1.213411189791494138e+01
6.694744078542207433e+00,2.045824876277395621e+00
2.152320499723543890e+00,1.121805086177060673e+01
-6.232816376833895333e+00,-1.425400307052041349e+01
-6.185926430753416305e+00,9.272499423146674857e+00
2.883962006258369737e+00,-6.522825001170390991e+00
-6.183975864360937713e+00,1.329093531574223164e+01
6.365335346460534893e+00,5.948146668189290054e+00
-3.730642192515966737e+00,-3.946428280668604405e+00
-3.704653530638160053e+00,2.652504389325141876e+00
3.603981425654800841e+00,-9.345893697485234242e+00
1.545302440649335551e+01,7.107195400218620840e+00
-3.704379393412125854e+00,4.858485304283258976e+00
-1.654698175799118598e-01,8.044080811182245938e+00
-6.657749621723050737e+00,2.721302932559293897e+00
-7.916514865693673464e+00,-9.321559195108415352e+00
-5.508427030746188002e-01,-1.008825280049281936e+01
-7.689353536594485672e-02,-8.388913662836751328e+00
4.006384948181069272e-01,1.135715199476601711e+01
1.540618088971217148e+01,3.506433065303440344e+00
7.160664369872100643e+00,-1.417283700187271300e+01
4.460829743433692762e+00,8.395750786218645345e+00
-2.318858550072836755e-01,-4.878297132754535248e+00
-4.292280002688896867e-01,1.891738494406600690e+00
-3.872416257774175197e+00,8.076893192946707489e-02
-9.747225931009836586e+00,-3.051514519171163453e+00
-7.240143212617452306e+00,-1.374126358055099306e+00
8.339718432217830824e+00,1.118223761322695076e+01
-2.562994460410775499e+00,-1.309177187108737073e+01
-9.677338864277765795e-01,-1.566164713814238318e+01
-1.819474977457103293e+01,2.052965196967925010e+00
7.803152506830691948e+00,4.767029711913719936e+00
1.008453689718295720e+01,-1.233826212262270872e+01
1.577161927165129152e+00,1.648033765795727135e+01
5.255066057761243137e+00,1.301333757799924662e+01
-5.090830186242060407e+00,-1.047937460088983386e+01
-4.218028287769739926e+00,6.597265239845709672e+00
-1.106106282977926902e+01,-8.429170528077554181e+00
-1.662654593296293370e+01,-3.698506872870176210e+00
8.574988212441436275e+00,-1.695398317216714545e+01
-5.173986661353251471e+00,-6.773102291338178205e+00
6.046370319623125544e-01,-1.140648863287027126e+01
6.900800406059863334e+00,-1.577979817940347029e+00
-7.606398833862034081e+00,8.159337704014637538e+00
-1.877582499408010364e+01,-2.895800135130036868e+00
-4.846156380217047643e-01,-3.080368869185500014e+00
-1.124729879817367006e+01,-2.673317454471620391e-01
2.241363160734321180e+00,-8.215365082312040101e+00
-8.582639062470880376e+00,-5.957874077434562210e+00
2.266161223219699927e+00,8.751710807503460643e+00
-1.358666728693953329e+00,3.875834684410159325e-02
7.017105651390769694e+00,1.239923044802496221e+01
-5.978742532133991539e+00,7.083668428957290431e+00
-3.998176592973684773e+00,-8.171610079141492733e+00
-6.849996456915824261e+00,9.552445676703874566e-01
-1.238997569124856390e+01,-1.148845592123852732e+01
-1.410023423019382438e+00,-1.800130106107042849e+01
-1.001100403592986154e+01,8.863302368892341576e+00
-2.994801501752339057e+00,1.068153329775880955e+01
-9.613096173610223616e+00,1.432130761676486763e+01
8.448009733681676181e+00,-4.646648867932113847e-01
5.471666498084699626e+00,-9.466763280251170087e+00
1.273195618636557747e+01,-5.139735907861119557e+00
6.639867357414624971e-01,9.588161089267597248e+00
1.075676616893339377e+00,6.757002277832836690e+00
-1.458339174961330897e+01,1.811802276988672356e+00
6.043336630118630204e+00,-7.130315898234226957e+00
1.027426211602129058e+01,-1.053360032827691306e+01
9.204700731255371693e+00,-5.477950547155404415e+00
6.748421198298434120e+00,2.666599594571364418e-01
8.460692939819029590e+00,1.568377649259325501e+01
-8.259739713852690457e+00,1.213471293978857801e+01
1.650915286960373507e+01,-6.343211610677680135e+00
4.199306909147415112e+00,4.221755554561087642e+00
-3.640976307786711441e+00,-5.730087779025967443e+00
1.227474689976875943e+01,-7.542061323298518971e+00
-1.242355048024681352e+01,-5.131657134294297151e+00
-8.359332260733539854e+00,4.470094391417324398e-02
1.783581861720786677e+01,-1.709891568689701380e+00
-8.032561534727795660e+00,1.030609208164907464e+01
1.499751465647251436e+01,1.672065900565839147e+00
3.027443003830714296e+00,7.172668519659666231e+00
5.235343418211497735e+00,-9.717055497130400177e-01
7.833496460798410332e+00,-6.585051381047399843e+00
-8.895413307176397666e+00,-1.258035395983147886e+01
3.474297050181276880e+00,-1.002025904184110916e-01
8.621894675619577342e+00,-1.121797969522253702e+01
