-1.631204454410747573e+00,-1.430808214161946701e+01
8.387040874795547163e-01,1.898136714846124207e+01
1.577372875125546869e+01,4.464321417658756452e+00
-7.940768396987740729e+00,-6.975685522751088108e+00
2.355218588577974170e+00,1.228817162031734078e+01
1.964973607589901583e+00,-1.322993717565054617e+01
1.039997697722123959e+01,5.165911520954344915e+00
-7.593426021013760518e+00,-5.902394459359778800e-01
-2.970479823729608171e+00,-8.120896348769650608e-01
8.809244680734542143e+00,-1.316914573425045631e+01
1.157456877055771471e+01,-1.480386655573913224e+01
-9.028787286308572746e+00,-1.641118889947540405e+00
-3.090204423708358128e+00,1.684891561585342501e+01
-7.431122494360347552e+00,8.331453500217204322e+00
7.618466808411995750e+00,-5.054622060727928634e+00
-1.261131219155875804e+01,7.784384519143074499e+00
-1.591553979861735524e+00,-4.109507440916593701e+00
-1.268275979887005533e+01,-1.243931901897318149e+01
-2.066794245208977976e-01,7.451620718056235937e+00
1.309881449626205629e+01,-4.952310960636069126e+00
-5.642264371645549836e+00,8.729889526110072850e+00
3.984064888527336645e+00,-5.298365690289753793e+00
-1.593356979313270649e+01,6.253525120393027548e-01
4.465653841304533245e+00,4.393223769214043450e+00
-8.788483769288815139e+00,-3.432943424314509606e+00
-6.725331918712101675e+00,4.963778541404093581e+00
-5.415199172916380199e+00,-7.444712446990103594e+00
-8.410917691045657563e+00,5.515520262103843052e+00
1.263742489418343595e+01,-1.124423790679867530e+01
-4.344871120586154767e+00,-5.930920136258282405e+00
1.058511186643513113e+01,-1.103187716926206186e+01
-1.051575333826188441e+01,-8.778366204276110807e+00
1.367114728678274815e+01,1.006702388717702235e+01
2.831413650685687067e+00,-6.706503062843208518e+00
-6.483801708794413088e+00,-5.985563289144749000e+00
5.988252502182288772e+00,1.644505048268789338e+01
-1.945775102256740441e+00,5.040056620313897007e+00
-5.782775818640334409e-01,1.005319800090298266e+01
9.230616466749420823e+00,1.313846108510020194e+01
9.020666531842472802e-01,1.120774828266355350e+01
3.710551987468375224e+00,-1.392207164141828457e+01
-7.018458723083743855e+00,-1.216234640421209612e+01
1.137167462521954597e+01,-1.262282199122062387e+01
5.995523979444925544e+00,-8.883296048319655469e+00
-9.722492451303402561e+00,-7.051124560515286355e+00
-7.931563569893073762e+00,1.321484004190817529e+01
6.926180884637005875e+00,-1.067274198785335493e+01
-7.685375079584228608e+00,-1.024397860542369365e+01
5.029402477174977903e+00,-7.373367957962573271e+00
-1.141317307911626777e+01,-1.846640377973887359e+00
-4.840215255884048773e+00,-8.782765105011027806e-01
6.286090685312700543e+00,8.742432543052586880e+00
-1.365797069008972464e+01,-8.099549456059497388e+00
-4.862231266554849718e+00,1.607872434280243112e+01
-1.318279283144827785e+00,8.052646402238783363e-01
1.103022872868043258e+01,2.295386801814673472e+00
6.395219805159077175e+00,-1.887595261034754335e-01
-1.207974512829715907e+00,-9.674417185855874735e-01
-6.551534071379666813e+00,1.123444924708588388e+01
8.037090947040089972e+00,5.179965898329914609e-01
4.266310416487571366e+00,2.589760500586165914e+00
1.251431162057878055e+01,3.253133692079805073e+00
-1.542742854573413425e+01,-4.324107822514019261e+00
-1.607793214238531476e+01,5.753460225067581923e+00
2.855636851597015635e+00,5.437065691766889586e+00
1.363531233169731394e+01,-3.169694455941428402e+00
-1.576289532473836630e+01,-1.060641321868640574e+01
4.615315936378883599e+00,-1.779203739045653876e+01
2.442852117863862638e-01,-1.423325780371312455e+01
-8.323224028568940724e+00,-1.621649763497607566e+01
3.115510800612650844e+00,8.807852502055041333e-01
1.315042139552486589e+01,1.600197310571157105e+00
1.090832387033881190e+00,4.396536178462197242e+00
-1.476883434390116001e+01,4.401122934624352112e+00
-6.390159893208890551e+00,6.770961771327480783e+00
8.268789682259308549e+00,-9.510483191032118810e+00
1.565170782969899932e+01,-9.909774461397380385e-01
-1.335794434969201028e+01,-1.187231597840370245e+00
-7.100023699555573664e+00,1.224662435624012335e+00
-4.364173662437447199e+00,2.306234557811118524e+00
-8.804717929253140785e-01,1.524564140634215192e+01
5.417668194808649140e+00,1.346541431861204607e+01
3.652116927790140632e+00,1.363005868764847328e+01
1.033000111767768558e+01,1.160460468840645376e+01
2.203343091942618681e+00,-1.499402952264238387e+01
1.011616809901076763e+01,-7.554152081850117995e+00
4.953881395362026652e+00,9.029957225117877240e-01
1.078799161016098296e+01,-3.756015676215820331e+00
5.930815122460220579e+00,3.245602310256527900e+00
5.758519809038555870e-01,-1.271936679321108210e+00
-1.267095840555985120e+01,1.425310510161017286e+00
1.020450542735811084e+01,8.167802180784029531e+00
-1.847274159061832677e+01,-1.944555789398856538e+00
1.446731665729569549e+01,-1.159316211734322621e+01
9.512271834468553067e+00,9.901242913529154421e+00
-1.447822947593763843e+01,1.655551498777021457e+00
1.138168077895715768e+01,4.795468749997848779e-01
-3.595186245591610597e+00,5.785650808933663569e+00
8.629000759211031379e+00,-6.557447291930543543e+00
2.833747494000134370e+00,3.685647018205687964e+00
8.199433406854012674e+00,2.485702126864662187e+00
9.369521067046278517e+00,-4.926640508262428497e+00
6.384632739882603047e+00,5.106725322387638322e+00
-8.653493598273540144e+00,2.085858219706237193e+00
-6.305213759230534620e+00,-1.851838533875448389e+00
-6.386399566019802521e+00,-1.752893302689865607e+01
5.779477027726930949e+00,-5.474336089504002523e+00
9.252647905171734521e+00,-2.552326192033699481e+00
-2.570608788391710586e+00,-5.669344810286235159e+00
2.786892622057448143e+00,1.524451008772616767e+01
1.374783155036032056e+01,7.547634469696124171e+00
9.614566597345346466e+00,-7.246405899762679015e-01
-9.167689997959415749e+00,7.761271827319215610e+00
-2.769966111242888954e-02,2.047374917624354751e+00
-9.290956540836772248e+00,1.439239046193832117e+01
-1.500330020059423575e+01,9.041265168576620326e+00
-1.187793370008954064e+01,-7.616313697870805477e+00
-5.388660566397882157e+00,8.107592644782207758e-01
1.481301558578015864e+01,-5.705794898754102284e+00
-3.465866678085694375e+00,3.940379679280738401e+00
9.739463628200688561e+00,-1.474300477181470015e+01
1.224265918080027582e+01,5.100672480016715582e+00
-5.413891189830931649e-01,-8.262350878211192295e+00
1.186828639491586479e+01,-9.522130382987064934e+00
-1.211866779878140932e+01,-9.556426185947239915e+00
-8.363179200433147997e+00,1.143972701352362797e+01
-9.197818069355612192e-01,-6.456799397751602498e+00
-9.080168013970054020e+00,3.825930707605690539e+00
-2.685562068549183223e+00,1.349613572579273502e+01
-1.128584344898140834e+01,-4.844358664555608457e-02
3.387571260629261616e+00,-1.629708008985457113e+01
-1.157012410905897326e+01,2.958084176012935274e+00
1.619920304922539600e+01,7.384908146307403776e+00
-2.624568927637684457e+00,-2.650400987072477399e+00
-1.131480769893115834e+01,-1.118238657280096859e+01
-3.979672988087556984e+00,1.210560540410609143e+01
-9.766640655887778300e-01,-1.603474252568447866e+01
-7.831240239485492083e+00,-1.449687966268687944e+01
-8.812336949623757576e+00,-1.196977274723736429e+01
-2.083968468914741745e+00,-1.884353007148927261e+01
-9.997818188175889631e+00,1.612802639302922714e+01
-4.743965609480548906e+00,-2.726371589666637174e+00
4.692328049068652973e+00,7.947901201807451521e+00
-1.041601131429970728e+01,1.560225487022246504e+00
4.551201624863350226e+00,-2.900752098450923189e+00
-1.646006566978131858e+01,3.609648355843328105e+00
1.334404887738294132e+00,4.287036860411816974e-01
-9.175514965024602176e+00,1.822494695640723972e-01
2.987273326321993494e+00,7.249040398115575989e+00
-7.318589937090419717e+00,3.265916167812173310e+00
-5.430250532677594499e+00,-4.481525985131244560e+00
1.003747182315671438e+01,-9.305874744765366913e+00
-7.815934598871316918e-01,-1.113996917658911201e+01
4.849550701426002419e+00,6.114417505772064665e+00
2.323511382647418966e+00,-1.044002048491175216e+01
-4.643932320169987804e+00,7.220109562882949916e+00
-1.303010655059282286e+01,-6.132411287758916529e+00
1.662838700059695540e+01,-5.926884108986495647e+00
1.455963414858497806e+01,5.153077386051329034e-01
7.947130200944178213e+00,7.984519337176863019e+00
-5.667363958777318800e+00,1.279286737750595826e+01
-1.412268448117512243e+01,-9.826541814056220403e+00
6.557657138969974486e-02,-4.927872245317796107e+00
-1.305378521116316692e+00,1.220233505551950159e+01
-2.939741626219057213e+00,-7.403085002661498493e+00
7.368581420496925105e+00,-1.522210278420326368e+01
-1.420384798268448634e+01,-2.778453382723189868e+00
3.927749910219598295e+00,-9.635913180369234610e+00
-3.572432558624586196e+00,-4.146821577784277402e+00
1.723443443008860854e+01,-4.262974985736855515e+00
7.530903857163197657e+00,1.377048381914345399e+01
3.341594458727100925e+00,-1.197255084310761397e+01
2.676933928726364709e+00,1.881001250637901379e+01
8.746060427421779693e+00,-1.131145544109631729e+01
5.376400971242460969e-01,1.716649429185811471e+01
8.042018569154610219e+00,1.184370437439835300e+01
1.361381508384575056e+01,-1.318931070504411274e+01
-1.771843546625648713e+01,4.888937821028037867e+00
-5.383458066736297454e+00,-9.325343377323001448e+00
7.599883019094248127e+00,1.008218890773544629e+01
6.856394475176649905e+00,-6.969546569638485067e+00
1.062214135646165847e+00,1.356538032434279728e+01
-1.323702290611314503e+00,1.713574671211247491e+01
1.786715072053011166e+00,2.212843154746631846e+00
4.579322048902199960e+00,-9.489604549506011066e-01
-1.689545799719998964e+00,8.558088113357174009e+00
-8.610955642847525127e+00,-5.296049429329856117e+00
8.039397545764812136e+00,6.142077221518317032e+00
1.370090253858944784e+01,-9.538029576935633358e+00
1.342313289873031446e+00,6.393819333065363431e+00
1.491314804289160811e+01,6.069762155112435664e+00
-1.774440649101540757e+01,6.758169187849884629e+00
3.057293866848610708e+00,9.002462493661546716e+00
1.292106598552010599e+00,-2.876356935705352225e+00
2.924801910915210357e+00,-3.560763481532820851e+00
-1.002581233827000062e+01,6.218990855350113200e+00
-1.675390138724971223e+01,-2.523114468088251350e+00
-3.524465601826869854e+00,-9.119957551373177651e+00
-2.245176262995448868e-01,5.604358097806137806e+00
9.045496204504054338e-01,-1.623910606090888820e+01
1.499512608880217357e+01,8.878510717930545582e+00
1.456122681159978116e+00,8.261092526858556440e+00
1.460781806702500241e+01,1.166767437299121823e+01
6.645700101739183907e+00,1.611381893262101794e+00
-1.032192668111933465e+01,-4.332747149553794586e+00
-1.342510189515358476e+01,-4.383071913178867796e+00
1.545654438209674453e+01,-1.004659819221231309e+01
6.197172707667792046e+00,-1.989875482888263658e+00
2.308479844803444259e+00,1.698747277629170682e+01
7.515428142124356725e+00,-3.192446609674934432e+00
4.741890052137796907e+00,1.782853899731055947e+01
1.396267261701277285e+01,4.250139191610178280e+00
-1.118238301253198408e+01,-5.918521494606811650e+00
-5.843320712610168277e-01,3.765298873917528155e+00
-1.852539943891556362e+01,1.524767654995862864e+00
-1.406426822774554708e+01,6.647971233526820178e+00
-8.733780953205103614e+00,-8.784229548780270846e+00
-3.156674073610312270e+00,9.466518634915201957e-01
8.021146648527961887e+00,4.372398478784782050e+00
5.485721628744067324e+00,-1.430171105822332933e+01
1.368588515432086439e+01,-1.393043336792753495e+00
-7.873192531150528417e+00,1.556605593700143331e+01
-1.080418751226263652e+01,1.285360243277945536e+01
-9.699062857968069551e+00,-1.447137246220727924e+01
1.499291919103934489e+01,2.394934705621445836e+00
9.634257248071405044e+00,3.518879511541627370e+00
-1.870083667821688778e+01,3.291456064035364726e+00
-9.541457947714246046e+00,1.004844645074099319e+01
-4.398602785745176824e+00,1.418772536764385706e+01
-5.117869500537639560e-01,-2.651320167521233451e+00
-5.024541325268759628e+00,-1.107506999658037827e+01
1.105182221182199598e+01,1.364856752240786619e+01
1.203708228616557463e+01,7.992252803159165531e+00
2.718674961389062172e+00,-9.667021091404679467e-01
9.353681516785607997e-01,-1.167292464383887918e+01
-1.039863656846623918e+01,-1.278898732790243820e+01
1.629368307506414837e+01,1.023649207364338620e+00
7.072711480782064797e+00,-1.339133674296075327e+01
-6.961835888541143547e+00,-8.501028094454843753e+00
2.443028535401345902e+00,-8.509681644791756483e+00
-1.312407176331962155e+01,5.073699578171463997e+00
9.744292027437758463e+00,1.097943377879551763e+00
7.881692298918647310e+00,-1.376782535407677033e+00
-2.256444135468818502e+00,2.534378722757701041e+00
2.005065608595503868e+00,-5.128986707263122113e+00
-1.290058124300375120e+01,1.119889399079855252e+01
-1.773886863212289500e+00,-9.591340122249444988e+00
6.583463868466469249e-01,-9.566480002379826431e+00
3.343508155344545152e+00,1.081990515802122488e+01
-7.179945712773030841e+00,-4.180612818475296422e+00
-1.079033060811716460e+01,4.580822968592516808e+00
9.601279747811451992e-01,1.542240508977239521e+01
6.481509448500890613e+00,6.969246182947104629e+00
9.919005995799499154e-01,-7.303639011853690910e+00
-5.236988686346100152e+00,3.882041489380235522e+00
-1.987071598183828725e+00,6.814814315937207212e+00
