1.142180765990928926e+01,-1.030864848984557547e+01
-1.768203930266479262e-02,1.426624030724943593e+00
-2.843379606345403321e+00,1.252550285733462410e+01
9.994392610762332652e-01,1.137131370955108700e+01
9.071767518662455787e-01,9.410268873683730106e+00
7.926365914821531966e+00,-7.826996977289412349e+00
4.812201945220847321e+00,-4.595219245890408644e+00
7.759160808013080945e+00,-1.521863240752183444e+01
-1.342282443154384985e+01,3.100459372258747237e+00
5.137092309714208049e+00,-1.784786032784875331e+01
-1.247934035664618513e+01,-1.388975643106749835e+01
-1.619298173463452883e+01,3.711891044747645640e+00
-9.444996715692642653e+00,7.850204754157457998e+00
-8.461853445383258787e+00,1.282571405569772693e+01
-2.534142406841890960e+00,9.358009438993827089e+00
-1.221118087372713035e+01,-3.428137708373575343e+00
9.943907749596780477e+00,-3.903545275299850736e+00
9.906996438998012522e+00,-5.712992633627820283e+00
2.539182509417875711e+00,-1.595637766286517056e+01
-3.779394813085815041e+00,-1.687849242192231003e+01
-8.490731944478099535e+00,-1.149291936351092724e+00
1.594109485932492909e+01,2.488155995218917393e+00
1.383928721284859442e+01,8.419604122492295062e+00
8.094435607969849400e+00,-5.949271188820374867e+00
-2.154742980188613988e+00,-5.322969533086653549e+00
1.539822311250977549e+01,7.434629904454677529e+00
-9.821690206205330398e+00,1.402862164848844273e+01
-1.611910100092840281e+01,9.589608008434483466e+00
-1.554041724377100309e+01,5.408367888122993072e+00
2.636148673844911805e+00,-1.006501853761609055e+01
2.362357420237221728e+00,8.174037314357217809e+00
1.003388294137654491e+01,2.740247366058849998e+00
-4.673351774370705591e+00,1.300965830774500276e+01
1.046228380077971210e+01,9.892424250420703280e-02
7.848833297458765124e+00,7.046601257514197414e+00
-1.636570744965662527e+01,-4.837890085430498921e+00
1.440019001116542974e+01,3.590161632768368971e+00
-3.581835375995534143e+00,1.080014350237977361e+01
2.164555874578039774e+00,2.704764412978033050e+00
3.689698622532816330e+00,-1.456737530730621799e+01
6.245196101438058728e-02,1.404225514269654518e+01
-1.026297885417961098e+01,1.688318413113339300e+00
-1.410355971985339174e+01,8.232495405867790161e-01
9.192317322931440771e+00,1.565567340733845292e+01
-7.645121315119975947e+00,8.245623217049768527e+00
1.171326456655479120e+01,1.290548117824504537e+01
1.462159908899474114e+00,-5.657148810553067619e+00
-1.651229802464376917e+01,-6.114060749247649668e-02
2.414500351624359720e+00,1.255503095929529422e+01
1.662223717548319823e-01,1.646738983114451926e+01
9.340142166937498658e+00,-1.379939813644852009e+01
7.392400112841232662e+00,8.758826281684418902e+00
-9.507944045313410086e+00,-1.551861662600625280e+01
9.167923199124899725e+00,8.299860362695669735e+00
1.280351507439622516e+01,-7.732774545738761773e+00
1.205348688091747889e+01,1.465020729343884298e+01
1.186268903715687451e+01,2.960371275377492228e+00
-1.156316287628842154e+01,5.587451970001284351e+00
-6.445603043631003004e+00,6.847292843967262677e+00
-2.602012550504527510e+00,4.257936528123681619e+00
4.750468447192305099e+00,1.412378597970396221e+01
5.647275809298061056e+00,9.112796706668362390e+00
3.285871658351916302e+00,-1.770406362905951170e+01
2.508771865288592195e+00,1.027739084400117342e+01
-2.722891945932258140e-01,7.230238355184375187e+00
6.466852334187926932e-01,-7.286234443190827470e+00
-1.782945048809860467e+01,-3.655607674159515597e+00
-3.878536485896557640e+00,1.712576043095440648e+00
1.459185057478498360e+00,-1.800300506371033293e+01
1.589735358937225840e+01,-5.727036461900513409e+00
-6.863753115037780184e+00,-8.746362188962294226e+00
8.134779160647543250e+00,-1.716467755327411027e+01
9.662283158512620318e+00,-1.065862503324733979e+01
-7.989947328524038106e+00,-6.540035353853195232e+00
-8.455438493719444892e+00,-1.359029273099406687e+01
3.874865276084302756e+00,9.114810524427106486e+00
3.166794126849690194e+00,-7.644436577540749678e-01
-1.886389833615664102e+01,-2.212877141697048078e+00
1.459988209512605550e+01,-7.036114624426579311e+00
-6.993619495311417467e+00,-1.788872516758324149e-01
-1.691699979969647716e+00,-2.108633776760636014e+00
-3.339151689263104156e-02,-1.702188307550965263e+01
-8.075089044926139437e+00,3.138916741012374167e+00
1.069417377750546905e+01,-8.581970601319357073e+00
9.003644598413787503e-02,-2.506712542335185923e+00
1.301746835703034222e+01,-1.126564083710631081e+01
5.789821080523490870e+00,-3.050268474752310333e+00
4.653889682805921524e+00,-6.342270548094360194e+00
-1.491699931116322553e+01,-9.378530526855535232e-01
-7.070354879606561838e+00,1.686037289488636404e+00
3.894604751675835974e+00,3.055786935109371605e+00
2.740375111102998584e+00,4.378133386789215820e+00
-8.120748816893087252e+00,9.949498878562714310e+00
-1.435232843786366530e+01,1.006584222112545390e+01
1.770361160446679349e+01,-6.849961325948191515e+00
-9.687358121431339342e+00,-1.207406010927305573e+01
-5.330332427360728431e+00,4.907487772375690227e+00
4.686773999100299903e+00,1.601618174484125845e+01
-1.127962544562943670e+01,-1.367059078265607353e+00
4.263558408151754797e+00,-8.159797187793426332e+00
3.821323839250666321e+00,1.766971588781836999e+01
1.286017651676704432e+01,1.130408848535420319e+01
1.158208499135778347e+01,-3.170203670673667595e+00
2.993040666433921082e+00,1.431153573248530009e+01
-1.911068225607042592e+00,-1.085732908214526660e+01
2.140558863610809492e+00,-2.317553296011251707e+00
-5.019325756333617328e+00,9.748075776241355683e+00
-1.211360944242724891e+01,1.888471589114885996e+00
-6.520426383484648092e+00,-1.995839520870541950e+00
1.591666220766027040e+00,6.696290971831836414e-01
-5.524428475713959230e+00,8.013778055052688254e-01
9.756115942496437210e-01,-9.807648627243140682e-01
-2.067043518333036900e+00,7.480874705076619335e+00
-2.160921056656752715e+00,1.196814685168852588e+00
4.992198306525697404e+00,-1.017341673961271020e+01
9.849009165364089213e+00,1.153126387581623469e+01
-5.254876356359200251e+00,-1.802775743289267396e+01
4.810568924931770241e+00,-1.548148081070878312e+00
-1.302743964762380990e+01,6.808994742147711499e+00
7.160041883194431023e+00,-1.948631931870987710e+00
6.357693011931601745e+00,-5.430116869386025336e+00
-1.026592353026815951e+00,1.173340067632781469e+01
5.741656386442462789e+00,2.369701647060236116e+00
-1.484365595124356219e+01,-1.087328864979434506e+01
1.016194192612722347e+01,4.633458931626663890e+00
3.087247023601925378e+00,-4.995995416455480509e+00
1.488911656970403818e+01,-2.822178411177779900e+00
8.513382968386231653e+00,1.023436070638448747e+01
6.068399154196423062e+00,1.768586051882926569e+01
8.241294136738449794e+00,5.245570848065581160e+00
1.133631334984998951e+01,-6.773416563909362864e+00
1.298870785230866964e+01,-9.495913310830390586e+00
-9.410858821147625619e+00,1.122524035045618440e+01
-1.017784525497459747e+01,3.454271819322954684e+00
2.847589420576116748e+00,-6.756805104651347094e+00
-1.622318937409302464e+01,-2.219380622998048391e+00
3.891126555908287266e+00,1.156502045697458492e+01
9.364761164237676017e-01,4.894175307312385037e+00
-1.276870714563782538e+00,-3.934124150344293080e-01
-4.035535507707823100e-01,-5.776257663209031001e+00
-2.693884479824710798e+00,-3.561653617536095329e+00
1.788091479346212154e+01,2.250940006300298890e+00
-3.379686071332082431e+00,-9.705640429595604246e+00
1.546999241334697217e+01,-1.012525564970221170e+00
-1.452357068158724829e+01,-5.931855179177707882e+00
-9.320907549652527990e+00,5.018854997922416850e+00
6.504940522835940264e+00,-2.468042089151416540e-01
-1.455634787391216634e+01,-7.716111140416171743e+00
8.132768012009378156e-01,-1.535593199317224311e+01
6.568563725056214331e+00,-9.198030511684383015e+00
4.356760944011139891e+00,-1.621933017629557838e+01
-4.661305515717064196e+00,6.553246645967304218e+00
7.880803272578398300e+00,-1.044665548558030110e+01
1.466932982897907678e+01,5.837038394981131084e-01
6.154432515149927063e+00,-7.314148157142864370e+00
3.770612451531766829e-01,3.195984245700486337e+00
1.229680410280906422e+01,-1.317189076009959603e+00
-5.057069537518263047e+00,-9.340101930426916166e-01
-2.387000350097383983e+00,-1.487981418337414397e+01
-9.026828801849434925e+00,-8.080034264539822431e+00
-3.466135478880171039e+00,-1.943616343916816591e+00
-6.713747202951418913e+00,1.232106224835232133e+01
-1.152322797462362480e+01,1.352672959939255826e+01
-1.038284229670344239e+01,-4.730829052469357698e+00
-7.979086572025493318e-01,8.943783506390909466e+00
-7.117555094752971989e+00,5.070550663177466610e+00
6.472372673755344863e+00,5.609144606570163560e+00
9.934328432297538924e+00,6.614058178683114519e+00
6.094473674335263880e+00,-1.580201618925342189e+01
1.607243548976413194e+01,4.374557004759353163e+00
3.697334050485181933e+00,-3.146199835149184665e+00
-1.109026706759359548e-01,-1.128600691946073908e+01
1.036479886640664994e+01,-1.591807187817116187e+01
1.625454328465046316e+01,-8.027172420618661874e+00
8.738081548605640236e+00,-5.985276738336742230e-01
6.015830681373608435e+00,7.350068553703867913e+00
6.308253247050940260e+00,1.515892322010031634e+01
1.408312780391969099e+01,-1.274582886610736487e+01
-1.371236168969583558e+00,2.817267450416650387e+00
1.280402141411935091e+01,4.465072130549674334e+00
-9.988722084684260594e+00,-1.024542983444187350e+01
-8.223358068991052150e+00,-9.927799070296106976e+00
-1.020614543235308957e+01,-1.382340698662465073e+01
-1.510951868575803303e+01,2.257924552727763157e+00
-5.452048266369682317e+00,-1.131775422562756539e+01
-6.442610360147937421e+00,-5.594744522037722767e+00
1.102428379264481073e+01,1.014922435073618523e+01
1.046183615125081090e+01,-1.717951912637219136e+00
-1.321158960208039979e+01,4.865612429411129369e+00
-6.567751846943845173e+00,-3.783989831520669700e+00
1.227155598523714808e+01,-1.292973032725470794e+01
-5.004910091721312071e+00,-8.882961911085201834e+00
1.353382986837731039e+01,2.046683764838503894e+00
-1.316945535154808056e+01,-1.311639017045196587e+00
4.175791455575727618e+00,5.550261143221586480e+00
-1.277289656955699293e+01,-5.899307186807279280e+00
-1.592458864520618800e+00,-1.261976051609844340e+01
-3.516541224522204967e+00,1.441594041179148888e+01
1.783366267942462713e+01,4.326185640715714875e+00
1.162597685751447507e+01,-4.937333655679889688e+00
8.859525052650454313e+00,-2.501755361214612616e+00
7.849788362708191691e+00,9.704726210444657442e-01
8.616826537924300311e+00,-1.220266533778915807e+01
1.482075538543504578e+01,-9.872949425053247907e+00
-8.519598082070103384e-01,4.547035239055875699e+00
-2.224012719533441818e+00,-8.242769211524844764e+00
6.210560714313147379e+00,-1.401410769010059632e+01
-6.280740395856913239e+00,-1.654950966130049039e+01
-1.980093290813128792e+00,-1.664949009554588599e+01
-1.844821182483087085e+01,-4.891927476275294562e-01
5.600111529839010949e+00,1.086985470514136765e+01
7.132870339021208927e+00,3.759761865854788443e+00
1.430824495079158254e+01,5.534745918292455436e+00
5.009202612810184085e+00,7.270077323752136556e-01
4.736657481539778836e+00,-1.303018875199867921e+01
-3.613235905252632829e+00,-1.162078506991134930e+01
1.795813597324648825e+01,6.205268113981075473e+00
1.178733276211219927e+00,-1.338353385155159536e+01
1.105773363680302346e+01,-1.426549481723742296e+01
-7.526782224208650618e+00,-1.518716805642218226e+01
1.485221253262301033e+00,6.604460302438830865e+00
-7.947911021883593552e-01,-4.050889201039677090e+00
-1.386042096547795754e+00,1.554826939202834346e+01
-1.379132713951857525e+01,-9.306332979509161163e+00
-1.034283091494291362e+01,-2.965039386570199831e+00
-3.241437289772592933e+00,-6.760656555844805737e+00
8.482661116330517004e+00,1.392044599473795508e+01
-1.178229212907707435e+01,-9.892523050218654745e+00
-8.176904799405857460e+00,-3.003216334525538933e+00
-6.951830795245810268e-01,-1.428060847133912148e+01
-5.980783857070257170e+00,3.119245352689076878e+00
1.275708535377080732e+00,-3.842897541413400564e+00
-6.296310491013346500e+00,1.638833944599773673e+01
3.311794918348187178e+00,1.330896167519573847e+00
5.339835359860158448e+00,4.212148363087134584e+00
-2.866694160934397217e+00,1.864275180114303154e+01
-3.387551502347512233e+00,-1.058847773719767404e-01
1.315348789755664072e+01,-5.881852962609861457e+00
1.102105256121612342e+01,8.274638471069174273e+00
6.650815388300126862e+00,1.328502236496146516e+01
-5.845930501012358782e+00,-7.269959217090618431e+00
1.192082661083042794e+01,1.179249281536069116e+00
-3.846073270733699978e+00,8.200315505407697714e+00
1.341919823544176005e+01,-4.077481897926276133e+00
-1.377246176568338143e+01,-1.243333141153756749e+01
1.680521221064080972e+00,-1.156776970632586377e+01
3.705920384302252568e+00,-1.154201107055138209e+01
7.559943836020036834e+00,-3.867838393006922892e+00
8.816430616362928019e-01,-9.824088533673831947e+00
8.005403864748311449e+00,1.214085595115795257e+01
1.456909808185109068e+00,1.524323141410943983e+01
4.214417068476713268e+00,7.346451031478292037e+00
-4.979244085973354217e+00,-2.937614266248990358e+00
2.045375219147298473e+00,-8.368252032497501602e+00
-4.248774405306989799e+00,3.497077594766645703e+00
-4.853994878214939468e-01,-8.678632836611830825e+00
