-2.963735366085311185e+00,-6.381687667088852933e+00
-2.981712828943894333e-01,-5.073400890193732415e+00
-4.110092759539809570e+00,3.358205403272336853e-01
-3.879604509506277221e+00,-1.334481904417869202e+01
1.039277228327818436e+00,1.187182013916651124e+00
-7.115618252904663876e+00,-1.608880823412427219e+00
-5.572925921146088868e+00,1.427282731884045930e+01
-1.146395260853870113e+01,-1.282299110210193227e+01
-1.239216495965244924e+01,-2.852357372240282185e+00
-2.183824684211065570e+00,-1.278157092755701285e+01
5.650082594598317520e+00,5.194464418016138119e+00
1.077533475661582196e+00,8.133863855816761301e+00
-1.680227633318598279e+01,4.099632399852539244e+00
-1.138881604266326519e+01,-9.412641903957792877e+00
-7.355086886509561772e+00,-3.500612207959403310e+00
-3.514916491099007612e+00,8.613256388455399204e+00
9.105503335445394697e+00,-4.699958736577265483e+00
4.716273109406896147e+00,-6.676653658242877931e+00
3.778610042252928292e+00,-1.290387217737547498e+00
-1.000127528070016325e+01,3.694279319385024518e+00
-8.052686637850900997e-01,3.166499783464493234e+00
-1.466812798796327577e+01,-9.844795320737153688e+00
1.390932717180285394e+01,-2.941017041813665411e+00
4.595406873908224554e+00,8.703666357449606039e+00
3.654773167467777473e+00,-1.116507657843002299e+01
-8.907482369911406295e+00,-9.778766266362140414e+00
-3.222944118397903956e+00,1.953349593230618408e+00
1.419066843908433739e+00,-5.501019343143097373e+00
-7.106774608193477505e+00,-8.695347439005335133e+00
-4.785079395318820455e-02,4.772023032972041001e+00
6.707932848264726466e+00,-2.773569735059566721e-01
7.759652301870570312e+00,-1.402940494591763709e+01
-1.375419720967565773e+01,8.449941104530232394e+00
-9.479310570328644658e+00,-4.129885280326618613e+00
7.707838641715889061e+00,-3.448025747808768138e+00
-1.492484416781151602e+01,9.827470987692583648e+00
8.758384788503606799e+00,9.689317184894512991e+00
1.037162432354137387e+01,2.712163735555993771e+00
-1.104737290022232621e+01,1.253171248359326739e+01
-7.257024489907861309e+00,1.610797976757883987e+01
-6.952898577498326738e+00,9.474815070907482095e+00
3.123536509144345441e+00,1.853334989977480163e+01
8.089581915735676532e+00,-6.140464497211559625e+00
-6.754665281276575062e-01,6.542224421878890084e+00
-4.229485409047351041e+00,4.036180965395936404e+00
-1.432160484345332740e+01,-4.198688752356709131e+00
-2.477107651684830714e+00,7.163861420096303334e+00
9.179102326166049153e+00,-1.288609001248179275e+01
1.148134175738014484e+01,1.228948891334471938e+00
9.209192160696394680e+00,5.066491455832235147e+00
1.520207457957322816e+01,6.569120697566989797e+00
-2.048693811017933353e+00,9.640850973164459603e+00
5.289989291743622424e+00,-1.585775729438603321e+01
-1.125179540771241449e+01,5.615009119306164642e+00
1.384584512122598809e+00,-9.041489376949828127e+00
6.361953532827701707e+00,7.007158635798923285e+00
4.708603132817957615e+00,1.050412186137745429e+01
3.361421772104440375e+00,-8.782533290123746283e+00
1.098639237436034399e+01,-1.256348679726147033e+01
-1.433216808698787581e+01,2.098207212619946915e+00
-5.968637715469648164e+00,3.500293108406562936e+00
-5.961916336829729879e+00,1.121834723499510034e+01
3.388317594143458233e+00,5.443495812619174146e+00
-7.342219250130898045e-01,8.391408570317031135e+00
-1.354470408258449332e+01,1.268398660501517661e+01
1.422730837548508909e+01,4.932883880133720034e+00
7.457646137759136984e+00,-1.745328209276438614e+01
1.866553869133778321e+01,1.137324949653877537e+00
1.731530886055754781e+00,4.704096981007634071e+00
1.442156411404447347e+01,-1.070800953701462710e+01
1.112624621153381277e+01,1.251027015386296348e+01
1.419547092287363199e+00,1.409869894423164460e+01
1.851942376457105865e+01,-6.664167677372245802e-01
-5.896384137644447576e-02,-2.156189211265346017e+00
4.351495170539744883e+00,-3.023702717523310213e+00
1.874214406171331060e+00,-1.111020909823043823e+01
3.675514857592020679e+00,1.677999139099825143e+01
-1.123803570613703151e+01,-4.580997504660317965e+00
-6.476673075509457256e+00,-1.044474621038154183e+01
4.332390272535477926e+00,1.826975801911551178e+00
9.063346764619937268e-01,-3.723244113301016345e+00
4.242328916400546213e+00,1.266897136337960816e+01
2.124076892451422616e+00,-2.199188883833772756e+00
5.657743638472423342e+00,-1.763288996387969831e+01
1.580138252591589776e+01,-9.857923004188601235e-01
1.007445690563237584e+01,1.094514852640206826e+01
-1.798691011839038678e+00,1.141712671336298790e+01
1.127806239189776072e+01,6.752302391351937771e+00
4.850409411239689383e+00,1.065636825040343488e-01
-4.365181910796983367e+00,-5.247494837749869134e+00
-1.348788717812290727e+01,5.428471497826814485e+00
5.438321017557650627e+00,-8.344619835751363013e+00
1.165926066428373353e+01,-1.070795201621468173e+01
1.413307231105612871e+01,-6.358897938283319284e+00
-2.036176296504766725e+00,5.417861389589361920e+00
8.691986341670654426e+00,3.378230449360524190e+00
-8.162412943985368763e-01,1.289652727112762021e+00
-9.470120189668582711e+00,5.987840485213124175e+00
7.888869770055297437e+00,1.551955205541015737e+00
-2.384527779165644290e+00,-1.093167023391424841e+01
2.559787629123223773e+00,2.092336567881984521e+00
3.347351901120722673e+00,3.657769260623620955e+00
4.918366899525990377e+00,-4.766381826313768499e+00
9.895900653877506059e+00,-1.116630938281801200e+01
-4.605365415869027701e-01,-8.480845419308481681e+00
-9.610950696366669987e+00,-1.300436087321938139e+01
-1.719119725137925769e+01,-1.443988541145744542e-01
5.931780738159244670e+00,1.189500653328757451e+01
-3.881446171752571672e+00,5.839008720843903433e+00
-4.330719743433689040e+00,-7.578649013068004869e+00
-7.730393817513397714e+00,4.111693326259562298e+00
-1.224543572330990315e+01,7.493147854749325987e+00
-5.468434977006543463e+00,-1.636310953202938023e+01
-8.047292249038084933e+00,1.451572258767034462e+01
-1.204746929080692297e+01,9.391060615989790250e+00
1.397062951984971235e+01,7.873246477106455643e+00
1.317853028788128356e+01,-8.015691794602155085e+00
-6.114685635156266175e-01,-1.143871552013280457e+01
-6.046292191260386417e+00,-4.666115372941464834e+00
-1.555087881511677494e+01,6.364529256169989546e-01
-2.331985582558720793e+00,-8.072381107698516800e+00
1.040665139336522271e+00,1.584464865848240578e+01
-5.683690615508741217e+00,-2.779623852286768226e+00
1.207990188537496756e+01,1.096831093937086976e+01
1.027847395709546596e+01,-8.865918197739111051e+00
8.127765965174637230e+00,1.670098964635202421e+01
1.099238570672072690e+01,4.921529528365540251e+00
1.139558823186136038e+01,-7.444640086589695116e+00
-8.589251583476148255e+00,2.499112831978503202e+00
5.794036877045769529e+00,1.377715641244744837e+01
-1.215117865937533637e+01,1.555496727627825315e+00
-4.708567927216408933e+00,-1.074167765551212383e+01
-4.209221152050626635e+00,1.816444923743311790e+01
5.224666930167475520e+00,-1.017893218572085345e+01
-1.156896487927222772e+00,-6.621109388683459329e+00
9.681507512300857599e+00,1.088381838403122970e+00
-1.216728955502450837e+01,-1.113434296530964929e+01
-1.602667174199820010e+01,-4.691284004499917337e+00
3.359255022519462397e+00,1.425489690597157200e+01
5.003453282280402981e+00,1.546913083777677755e+01
6.886796281529901975e+00,1.523187594827559010e+01
2.754439519527568159e+00,3.021419822093174834e-01
5.104976066566748294e+00,1.830134474184289672e+01
-1.011555396202276214e+01,-1.120083350048608573e+01
-1.036535587128218872e+01,9.942889194865227154e+00
-7.384734693561873620e+00,-1.595564243308792562e+01
-7.343339730482531635e+00,1.970974875591368081e-01
-4.017059457669648559e+00,-3.355069325993452090e+00
1.078175337796446520e+01,1.563162300888293110e+01
-8.244761080029777034e+00,7.541690288493337668e+00
-4.523566896644878099e+00,1.005622365090091996e+01
1.334152012784960561e+01,9.573781920217536268e+00
-1.159828791704362150e+00,-3.541440384646196815e+00
-1.042227242440549340e+01,1.958217723037935398e+00
9.772347095228658409e-01,3.009914788579587608e+00
2.831388334383387217e+00,8.895773564948495249e+00
1.001391433524167418e+01,-1.607337838290915144e+01
2.562228936448383454e+00,-7.191387854837935301e+00
1.153423147110028468e+00,6.366797593398623611e+00
5.880703222552178033e+00,-1.405795267303221507e+01
-1.356166475231617952e+01,-1.329726676261020479e+01
-5.039425833886285844e+00,1.932024901253985183e+00
-1.256869898538433894e+01,1.112443482861541533e+01
-1.849165928874034037e+01,-2.067106371106163021e+00
6.829459933871418365e+00,3.042816104113887032e+00
1.205042851412107874e+00,-6.332168636245059101e-01
1.049728739241388098e+01,8.999962350375305675e+00
-1.050674279853118787e+00,-1.636577217593369227e+01
7.841319809276267705e+00,-8.127244777519917918e+00
6.393699508365454420e+00,1.705517077549441396e+01
3.323693221254248709e+00,-5.602581985894088845e+00
8.462001890685915129e+00,-2.797789537310951813e-01
1.406464557791174386e+01,1.327715217743225429e+00
7.920427621142470898e+00,-1.163164305485684835e+01
2.127128356145913113e-01,1.128883156338029181e+01
-9.501880797139110157e+00,1.163225578700410523e+01
1.566290276249016244e+01,1.071370342080990845e+01
1.577841735935142076e+01,-5.054227836817483777e+00
-1.471882914939576281e+01,-1.185339778806117828e+01
-2.696944152756577395e+00,-4.618147778772316414e+00
1.580396434932709937e+01,1.962174628753893479e+00
-1.607455058038504347e+01,2.433859351977226027e+00
-1.785560338122850155e+01,2.076946493370460001e+00
-6.185842166008638010e+00,-1.220589514783103091e+01
1.336554608909161335e+00,9.908904715376179340e+00
-7.712297296046321193e+00,1.152233368523373613e+01
7.452950993029332949e+00,4.817350142260587553e+00
-4.861460488432043370e+00,1.262322386186651002e+01
-1.899756798150911763e+01,-1.666331735806615977e-01
-6.364078815537233424e+00,6.907028384054082260e+00
2.764902422742515409e+00,7.115402476719332014e+00
-1.016153888634548075e+01,-1.599875293081869287e+01
1.254488835917452327e+01,4.075766352382874658e+00
-1.663391195701720093e+01,9.162781765402204570e+00
-6.530485445825248370e+00,-1.430290132108488343e+01
6.078157692209116725e+00,1.456399497898643425e+00
8.762528797027513860e+00,-9.751054873490183184e+00
1.071873736976638547e+01,-5.816124285160326757e+00
-8.007397798971622294e+00,-1.151846860131266048e+01
9.555713549557543374e+00,7.423584218002526214e+00
-5.723193332260999355e+00,1.708150737294199928e+01
2.952246416813959495e+00,1.078021267866311561e+01
-1.248833033584990915e+01,-6.077678231258521357e+00
-9.698333659752011116e+00,-8.897409329177228265e-01
1.415925798804419067e+01,3.171284334522381343e+00
4.519611080975467488e+00,6.805466745361985481e+00
7.342501389647750898e-01,-7.134300331510985416e+00
2.159701777816706247e+00,1.248960596551846969e+01
6.480345257691527472e+00,-6.899292227005786593e+00
7.527709931568018042e+00,1.107823073722010321e+01
2.734993760497152593e+00,-3.877801977464401251e+00
-2.557026182691515270e+00,1.547218612163816331e+01
-2.302324316555194095e+00,2.826364650752983820e-01
-1.297764950867736644e+01,3.219793480244650397e+00
1.332096797787195142e+00,1.871380392815684957e+01
9.573301013643852997e+00,-7.180142718693019788e+00
-1.220269534380692633e+01,-1.445515415861611785e+01
8.234776858670503685e+00,-1.575470101489444197e+01
5.534394797025532498e+00,-1.651785943134395085e+00
-8.756428458311544816e+00,-2.430493969886926564e+00
-6.900974333572133190e+00,1.903280473645157400e+00
-5.719464415970735516e+00,-6.427852100161202564e+00
1.586761846471362425e+01,4.248776132496109526e+00
1.280189589958599328e+01,-1.234671629085580769e+01
-2.657029144925373121e+00,-1.536798509276904845e+01
-3.415473622489080263e+00,-9.455346503869055397e+00
-6.825544612322371307e+00,-1.766097825235930330e+01
-1.249017558204978329e+01,-7.968712722010554472e+00
-1.642770355837312124e+01,-1.835332097099674264e+00
-8.858561461633986056e+00,-7.943618759760901149e+00
-5.376256266806988648e+00,-9.072699598113761255e+00
-5.324598567690315143e+00,8.415867750515078072e+00
-9.046891585942267611e+00,7.589566895236738997e-01
-2.513804938818383850e+00,3.619244460828398680e+00
8.948033010944069332e+00,1.249458877563626658e+01
1.298386284602457508e+01,6.331540581955134250e+00
-8.041758581812059603e+00,-5.183558562447649898e+00
-1.061730897419648656e+01,-2.607127098011694954e+00
6.999515418701142799e+00,-1.006575330360359466e+01
1.239294778179408496e+01,1.438573337405047603e+01
-2.508834436682203961e+00,-2.244283867461918103e+00
6.667171040323829345e+00,-5.035999568534152537e+00
-1.741290308415601018e+01,5.752364619671480384e+00
7.652704784827464302e+00,8.251268075119451595e+00
8.088775656291126381e+00,6.462975978188808313e+00
5.110654850526305637e+00,3.445630150618882226e+00
1.249181855696432208e+01,-5.563025073668169895e+00
-1.149206395909786238e+01,-7.627284293591011233e-01
9.005462293225004800e+00,1.515177317913020261e+01
9.494473579048127831e+00,-1.824884051594191758e+00
-4.147029991993936626e+00,-1.523846839948649778e+00
-1.492614639207625338e+01,4.247418792967407875e+00
-5.571311143331742599e+00,5.326723156090571010e+00
-5.684204419655289442e+00,-5.513641235863984136e-01
-3.126675808284592462e-01,1.779379356371878274e+01
1.087917568413054603e+01,-6.418957580976302202e-01
