1.222238131759568169e+01,1.400962965615065592e+01
-1.256516286122757009e+01,-1.842301336563909597e+00
4.749386753075471646e+00,-4.589972875803142394e+00
-7.149214822880103348e+00,-1.688064429118069398e+01
-5.974178242872969946e+00,1.894062596857304659e-01
1.209824999818090996e+00,4.401152729919267870e+00
-4.314061901672980426e+00,-3.269027919888372047e+00
1.965556656635876642e+00,-6.919814767686304435e+00
-1.035743755684173451e+01,1.157858661851865456e+01
1.716818352361882916e+01,-2.891549267865117234e-01
-5.046062093313526731e+00,4.727229170340599751e+00
-5.158617301151007695e+00,1.001440381047864570e+01
-6.391963733195004105e-01,1.199525138889020459e+00
-7.133827485919491451e+00,1.532318669757327179e+01
-5.832310462453581756e+00,-8.504489784690901999e+00
1.540453393997800369e+01,-2.921413940200120241e+00
3.558294132941918431e+00,-6.084827880386205479e+00
-9.499422624211073085e+00,7.444255128365506735e+00
1.167070657437104408e+01,1.200776671573049015e+01
-6.376315994115956620e+00,-6.750544338719532078e+00
3.389384649440026820e+00,-9.615092126174307197e+00
3.524580459581648118e+00,-7.851290753638240361e+00
3.343629457421263051e+00,-1.237802402913442990e+01
-3.537789346029423410e+00,1.491971501591961058e+01
1.812972178088751107e+01,-5.680279845745986655e+00
9.316658287435670260e+00,2.804124118674369726e+00
6.940012854347753724e+00,-9.673772897510046320e+00
-1.897748329972245740e+00,1.594373225899386881e+01
6.126591075464737912e+00,1.803895427068544555e+00
-8.910663903799699526e+00,1.283473933423882585e+01
-1.246146953856637829e+01,-9.125523518376002841e+00
-1.053832699622958025e+01,-1.575431930315885332e+01
-2.063420137308733082e+00,-6.703452512838446786e+00
8.309136694769259535e+00,-6.180872457067295933e+00
8.717713094430473930e+00,4.964710452466190027e+00
8.104396536550634522e+00,6.674726405686485009e+00
-3.073048599101686484e+00,-5.048738919385707291e+00
-2.809929839303987098e+00,-1.752163490129541401e+01
-1.399752148744577518e+01,-3.796810790403113978e-01
1.523955050086106944e+01,4.273236341408116479e-01
-1.784892112889146620e+00,6.660596733774438505e+00
4.640594802332651980e+00,7.921368624952781268e+00
-1.235127614257329931e+01,1.328202836263093367e+01
1.293551512025239880e+00,1.842917747677353946e+00
-1.357038358685169399e+01,-1.141878400504979041e+01
-8.103325395953170585e+00,-6.004265065786802857e+00
-3.878442097520083731e+00,1.669352754355832857e+01
-1.745429300913791337e+01,1.174599230900174041e+00
2.075717593251022119e+00,1.488967797726965614e+01
1.377235214991051038e+01,1.289876122220290711e+01
1.001688987534484809e+01,-8.546344926470188952e+00
-1.819999208755922027e+00,-3.673284621115055604e+00
-7.784999208252854075e+00,2.480153578236826417e-01
2.402450771980382704e+00,-1.406174288203840916e+01
-1.121312585853397792e+01,-1.404358643367921289e+01
-1.210356842680272216e+01,1.036902873185291440e+01
1.512733328443907688e+01,1.059291340066596554e+01
6.309769699982075153e+00,-6.689576949832460429e+00
5.708385264450928087e-01,1.395165487825133432e+01
-1.793258892907363844e+01,-3.143730211780405348e+00
1.149708109527923128e+01,-2.196966090623000412e+00
-9.225762670749777072e+00,-3.159763637109065826e+00
1.541879602531840376e+01,4.957031601162556811e+00
1.873123225990453022e+01,-3.051561453910371924e+00
8.664736578913389664e+00,1.412238439994551875e+01
5.254471360338634156e+00,-8.276017008998850955e+00
-3.713711702758901723e+00,-1.088812321575456288e+01
-1.552751982700147249e+00,4.010826884788438740e+00
-4.188391260416763018e+00,-7.247234064168334378e+00
6.171989793508887712e-02,-1.562243703795871186e+00
1.365685368937632482e+01,-6.457454588159444953e+00
1.171427229768710276e+01,-4.871641572369277640e+00
9.652629655147750398e+00,-1.258658582175272933e+01
-5.732073727923102879e+00,-1.452584275422376336e+01
2.484116352365671077e+00,1.142882147839147677e+01
-7.571937180312167115e+00,2.801229280551499112e+00
6.724827443911838287e-01,6.996911225053336736e+00
-7.885694732194918621e-02,1.566244875942704873e+01
1.155062594090051853e+01,-1.430694936422892738e+01
-8.511747156242547518e+00,1.698197158050848188e+01
-6.512127964002213609e+00,8.201555179668845952e+00
1.345320243047768649e+01,4.996154852472249885e+00
-1.756842784013581849e+01,3.996112169347155518e+00
4.325372761228538643e+00,1.474889639122801555e+01
1.683184999308696206e+01,-4.350986433582008317e+00
-3.658599135238757682e+00,6.558582830162337451e+00
1.185698969020166471e+00,-1.136807074437819587e+01
-9.612884248566130552e+00,5.657307771722309475e+00
-1.137749294195062255e+01,-1.070621845641674241e+01
2.250746298597390727e+00,1.772654065642065291e+01
-1.340526488805735461e+01,5.343875282571384666e+00
-7.631384933548136296e+00,-1.364234051401450998e+01
-1.772390344782990113e+01,-6.407730781488724325e+00
9.940179425387336565e+00,-3.015200311706469183e+00
9.093380126738571434e+00,8.213062266336194739e+00
-1.634963621856587324e+01,-7.783580255449915164e+00
-8.712936375191478788e+00,1.077599720047550669e+01
-2.694679033302238125e+00,1.906533564531942115e+00
-1.365477937975159506e+01,1.160599907645567264e+01
1.411535496100478149e+01,-1.325602098464956136e+00
1.561800981624653417e+01,-7.257140480930702076e+00
5.664884558204751064e-02,-3.582804124849533700e+00
2.790080286460091319e+00,6.739421445019836199e+00
7.291557738337950845e+00,1.754206267208381576e+01
7.272555711436466730e+00,-1.599617053436356251e+01
1.362584401873601259e+01,-8.336068246325336162e+00
4.049057923862056541e+00,-1.631039245341528243e+01
-1.186381157690989419e+01,6.300203896811506610e+00
-1.550745687449319199e+01,-1.001509073486660917e+01
5.820149344610896058e+00,1.125506754289065725e+01
2.892774378219932219e-01,-7.897915963018896868e+00
-1.554203388552376808e+01,2.000738467283539102e+00
9.631281727332297038e+00,5.442734308527170661e-01
6.914920719265717608e+00,1.378748100856668479e+01
4.518997259433533920e+00,6.018432657482063242e+00
8.766184268917317723e+00,-4.464222892601747539e+00
7.426025046114643757e+00,3.563802379020854172e+00
-1.874575368189153490e+00,1.388116623267714012e+01
8.283361623843104482e+00,-7.964422394996257815e+00
6.850702233037538669e+00,-1.420795495834668998e+01
-1.091715215899397862e+01,-8.027604325591278567e+00
5.185509614797098044e-01,-1.602876033114849008e+01
-4.679555548483126159e+00,2.773581509439178472e+00
6.393773889024626733e+00,7.279947913961641426e+00
-6.970279491690555496e+00,1.005510721262807827e+01
1.034135255435845302e+01,-6.586505960592107023e+00
-1.496429781622206967e+00,-1.510501474415126033e+01
5.027886280875529579e+00,-2.260363465103940150e+00
1.160440357951461543e+01,3.300922755594033031e+00
-1.578547581008113099e+01,1.048331903893865125e+01
5.595347330127785845e+00,-5.032119057227227854e-01
-1.622090598831066544e+01,-2.429077569615741172e+00
1.129570740833830200e+01,1.463973385205070477e+00
1.233110996993771025e+01,-1.113937009303911019e+01
-1.162352699926620936e+01,-5.995143029578436256e+00
-7.716283151105220561e+00,-4.291974394112724411e+00
-7.557722457769633362e-02,3.060335470120813195e+00
6.331223904498240351e+00,-3.790876900994154752e+00
-1.395920239679600527e+01,-7.186754143690937013e+00
-1.016915088191075256e+01,1.601965961282354201e+01
-1.708848038428649119e+01,5.825447092188674070e+00
7.708203742439116546e+00,1.162436054119301687e+01
1.112614023286138476e+01,9.810655347000391657e+00
5.754866273658694631e+00,4.420256314703729039e+00
-1.294115626062611035e+01,3.461000231441021757e+00
-3.410878482312993398e+00,8.291348049500621542e+00
-1.138650096862908612e+01,4.522544275571653394e+00
-1.361244578128828131e+01,1.620560239079749554e+00
7.891761222097151141e+00,2.452205117705072990e-01
1.130763699310025672e+01,-3.901514650711484511e-01
5.455053336358463234e+00,-1.768847134212045802e+01
5.232438300096174721e+00,-1.035851920992378083e+01
1.184780205114978280e+01,-9.132930279930734585e+00
-1.821234549648724110e+00,-1.082058251280650296e+01
-4.061964833100743633e+00,7.213109741097876171e-01
6.963918047679766854e-01,1.094880198355653000e+01
-5.611501059395895830e+00,-1.815243939145366525e+01
1.367730414285376339e+00,3.899217213009900651e-02
1.697324162713661266e+01,7.253331604606895411e+00
-4.752944209914279128e+00,-1.288212405588882170e+01
-8.703331499610509780e+00,-1.165103961476396677e+01
-1.363490357343618875e+01,-3.361747026813084904e+00
3.406068655828658365e+00,4.714575135045499521e-01
-1.385425932715943453e+01,9.253774388446926125e+00
1.048021772196230161e+00,-1.773544080065804707e+01
2.718018661900411637e+00,-1.191952715537422991e+00
-3.619338598873680368e+00,-1.566954850269704203e+01
-8.677434041072937254e-02,-1.015918020533827537e+01
-2.413994605489513390e+00,-1.877990118224083460e+00
1.896013179695414763e+01,-5.820096511566096309e-01
1.745048324946414553e+01,-7.357917631962395788e+00
-5.949420228893913531e+00,-3.945362496157091226e+00
-1.897443909422475983e+01,-4.472341322680675746e-01
-2.508068470189703802e+00,1.851319340872505137e+01
-1.172035508725843833e+01,1.495100247622025336e+01
-5.114163230093543788e+00,1.378847821781845262e+01
9.417744666802132514e+00,1.047707373896340144e+01
-3.165642977101285283e+00,4.785573206692092185e+00
-1.016450164955045032e+01,-9.760117665549208343e-01
1.736535693496650934e+00,-2.712496788603666165e+00
-7.866162678204447367e+00,6.494775995782756439e+00
1.348628723597296464e+01,-4.660272563344367569e+00
1.679914328988413175e+01,3.604507431616990498e+00
-3.399377052021647305e+00,1.035141343029168226e+01
3.919258101064445832e+00,4.278141185081738129e+00
1.414383452320206835e+01,-1.157964421393522692e+01
8.620647037360425813e+00,-1.425515640125420447e+01
-3.133858309845530599e+00,-8.871351079318497312e+00
-5.493028431764370723e+00,1.772673361206123488e+01
-9.017493537044256158e+00,-1.672168560795919845e+01
-6.897289214206884900e+00,-1.128660547082057697e+01
7.846284124976557806e+00,-1.252335350882804121e+01
1.281433768414623131e+01,9.293152399254532625e+00
1.459184335230787610e+01,3.095289060309414086e+00
-9.495735315339086213e+00,-9.630627599204936828e+00
-1.540534533190517230e+01,4.920207020039811141e+00
9.807611982270980633e+00,-1.626486124349303353e+01
-9.106703990178717234e+00,1.460980561831943980e+01
-7.923109487291237762e+00,4.710807779130571582e+00
1.048391795019198902e+01,-1.030391742050084680e+01
1.353748285672592999e+01,1.060834973493821165e+00
2.694325415543358027e+00,-1.880557465969996755e+01
-9.633046719648925560e+00,2.700699206626593352e+00
-9.476379696462393198e+00,-1.350893623470709315e+01
8.255789297984316155e-01,-5.467727333385875355e+00
-9.222688716768806527e-01,-5.218983446033631957e+00
5.502828722619898194e+00,1.614647267958984145e+01
8.514660893362763217e-01,9.155573963458513376e+00
1.861140571380775910e+01,3.819862694225383493e+00
-1.026059786574803623e-01,-1.403935560035925434e+01
-7.369551052875735309e+00,-1.597217793468707292e+00
1.205375893720108493e+01,6.236512749624830931e+00
2.523823848083176724e+00,3.116970115310873535e+00
1.522617936609841749e+01,-9.505826122645039788e+00
-8.751225531830213455e+00,-7.968645002153198043e+00
-6.984638299593168398e+00,1.331613781124877960e+01
4.241103788370305772e+00,-1.452077603360922708e+01
-7.809774341407763609e-01,8.178730860929738000e+00
6.275437573497767652e+00,9.115302137866082788e+00
-3.406897258485990787e-01,5.460688033187371282e+00
1.518756790746254026e+01,8.635656812836874252e+00
-1.098732046252460748e+01,-2.623802163761860040e+00
1.019515168130388183e+01,6.479841102917066387e+00
8.275015354410699686e+00,-2.185228639158694808e+00
4.636280982540855078e+00,1.813041088790447830e+01
1.506751782279101270e+01,6.821080334422534364e+00
1.341351762424316796e+01,7.410038626533943962e+00
1.056477265445788483e+01,1.490272268280305923e+01
8.461174099916139113e+00,-1.069461636517198144e+01
1.807385889451613181e+01,5.739339166329617825e+00
9.859916372976574195e+00,1.256373860379381213e+01
-3.055504516104501911e-01,-1.898910809049048254e+01
1.318095233826622348e+01,-2.827744018090420308e+00
-1.227986960999043120e+01,8.243620354041953036e+00
-1.976782901146967086e+00,-1.261240100425063204e+01
5.428153083206923135e+00,-1.315609427850174207e+01
4.448689760135473570e+00,2.470440341831554143e+00
1.570160531632198042e+00,-9.391393657692598040e+00
-1.061708901943276828e+01,-4.412285100678211336e+00
1.520807085918547408e+01,-5.189407279215666691e+00
2.368923524218558896e+00,-4.601913268063312579e+00
3.483895382462177892e+00,1.295920219030905685e+01
-1.474460996147544201e+01,-5.496773514515590264e+00
5.320355627897504824e+00,1.300695441115387219e+01
-9.994065541288703614e-01,1.173447872224734567e+01
-1.192801002354816120e+01,-1.237329789301818828e+01
-5.475614632278446692e+00,-1.023933806292650850e+01
1.208421161593906845e+01,-7.288217696002670110e+00
-1.229109278632886104e+00,9.950505268001908377e+00
3.530099186494379815e+00,1.646804721873292365e+01
3.465507397328188244e+00,-3.186854857035182675e+00
-5.318661794054411196e+00,-1.632994586677100557e+01
-1.398630293095393640e+01,7.193233915539560819e+00
1.331868777447532004e+01,1.111007694973219095e+01
9.171653368990801525e+00,1.639014445133987152e+01
-1.546893584289663615e+01,8.194540037602756399e+00
