-5.661140883669949275e+00,2.057704319462103637e+00
-3.070062190363440635e+00,-8.251769321003758761e-02
1.401321688086295048e+01,1.724517239182189909e+00
-1.371118343488860347e+01,3.132054492186183481e+00
-2.257553369970183077e+00,-5.408085690913179810e+00
9.848217781716039454e+00,8.396152612351190925e+00
1.318712176325008834e+01,6.305088552059664231e+00
-1.358509795239627849e+01,1.076980965618701980e+01
-1.628708570484057594e+00,9.959785030076723444e+00
-1.283487115224935948e+01,1.499588162997653740e+00
-7.952290949129382724e+00,5.422273549707965046e+00
7.810716480731636935e+00,6.279745973042275553e-01
2.988777098404976407e+00,1.687818954450812470e+01
-1.000151732102073510e+01,1.077722172925891542e+01
-2.285234297141721438e+00,6.956246494009743486e+00
8.090909605134067206e+00,3.289923043180448925e+00
-4.414228227748918876e+00,-8.389143360410857397e+00
-5.741252554928204965e+00,-4.618945513215546583e+00
-5.969810521986909091e-01,4.698205375335584577e+00
2.705194890046881184e+00,9.879295907749913397e+00
2.258602803946626825e+00,1.129750017514110194e+00
-1.080215783877772218e+01,1.405385202175158454e+01
-2.033650594170347325e+00,-1.406147642107692697e+01
7.489341979112549730e+00,-2.764341333351413521e+00
-1.059253620947216490e+01,-4.904875173302231772e+00
-1.030354862492906420e+01,8.344648349044542002e+00
4.852553362681517601e-01,1.262607435576418524e+00
-4.021785197489932351e+00,-1.614303688418054605e+00
1.166218440137567569e+01,-1.323131674129005297e+01
4.083723876883407655e+00,1.482539634827750641e+00
9.936666615119376544e+00,-1.433659320602194676e+01
-1.359323366323428672e+01,-8.835850783936470165e+00
7.768194911999019681e+00,1.359249412692827264e+01
-3.890363907198731042e+00,9.595005942083455253e+00
-3.346027391215035340e+00,-6.959379886464342135e+00
8.226757900784676281e+00,1.538527730675973260e+01
9.598780994768471686e+00,-7.863635510727971401e+00
2.563124291740910277e+00,-9.746627262992873852e+00
1.173525725862448610e+01,1.170353836821922400e+01
1.530097214966087904e+01,8.113500946301893890e+00
8.181360119276384069e+00,7.534146352649571554e+00
1.855151569149609614e+01,-2.009642029151301301e+00
1.215967821694336415e+01,4.504237449711196106e+00
6.036710535139510725e+00,6.970628927888185000e-01
-1.169449379201350681e+01,-6.413585962947998986e+00
-5.256900635430433510e+00,1.445069815233405208e+01
6.385997737118950468e+00,2.475121113088893932e+00
-1.210112734293445236e+01,-1.046239926755740335e+01
3.200832390776894520e+00,-1.143917435480219424e+01
5.506684033937561118e+00,-9.620596555028791741e+00
7.036756701439692563e+00,-1.429120119318253934e+01
-1.479825302530453257e+01,-1.238316629889677944e+00
-1.545688791972892950e+01,-6.328075864664779004e+00
4.012387127529636111e+00,1.199433129286559918e+01
-8.358307795164845899e+00,-1.949261257705556583e+00
5.439353706204284933e+00,-3.649368797182505286e+00
1.082822516511262734e+01,-3.447834503469309642e+00
-7.068663507464314932e+00,-3.382025629656546961e+00
-3.920798638602959407e+00,1.572288519426288644e+01
-1.282886998457816841e+00,-1.042414125219027810e+01
2.142694894929121130e+00,4.435122803727776564e+00
1.477423957172870672e+01,-9.604640847849095664e+00
1.593806773445474612e+01,1.900436024378534983e+00
-1.518570278730234868e+01,8.006907411025879995e+00
7.369988023870722493e+00,9.242563672268740760e+00
1.402030658567760213e+01,-6.619251981233531090e+00
-1.676945998745507538e+01,-8.864657373341556124e+00
2.321561135791358588e+00,-1.857470891763183474e+01
2.156849737014540747e+00,-2.103606424030409539e+00
-9.758337234022581796e+00,-1.506177105697871532e+01
-1.528566585844750136e+00,-7.113967091304044921e+00
1.397398544564246414e+01,-6.408397609466566225e-01
5.483855353351123618e-01,-1.851479948218826976e+01
2.991744043506971540e+00,-5.531236627290911922e-01
-8.216292677941128275e+00,1.020545750016405506e+01
-1.136110156060708398e+01,-3.255377488923209217e+00
1.689534512386999410e+01,-2.701666537016265579e+00
-4.338480224815480568e+00,1.134684436047033174e+01
-1.095805263165579113e+01,5.440127275201231960e+00
1.798717026406229103e+00,-3.838763680105743425e+00
1.501003264609412691e+00,-1.191083871675858497e+01
6.069968826684148944e+00,1.299602849259107806e+01
-1.750286075794263319e+00,-3.648213583226123990e+00
-1.709398553438476043e+01,-7.097919501490269845e+00
1.137508204564457656e-02,-1.583928791549893411e+01
1.176748946944005603e+01,-9.511582600215527705e+00
1.164106540793414979e+01,2.800033525897148934e+00
6.777435407181945592e+00,-1.098340158523873988e+01
-4.175823121291524775e-01,-5.405399116013388294e+00
-3.765150322947893091e+00,3.982281576387677102e+00
4.513813098682669001e+00,1.388930902354745101e+01
-7.228226965353625744e+00,-5.630072575893062314e+00
-1.026454335058592626e+01,-1.209003437368186518e+01
-5.234372707713991879e+00,-1.404049723477334410e+01
-8.807331418561220815e+00,-3.881655765684704384e+00
3.936921474715249225e+00,-8.628140048847361854e+00
9.839562904781105956e+00,2.454440802974379443e-02
5.346866537930395680e+00,9.575979313806172399e+00
2.294304149365117063e+00,-7.219820352602395630e+00
-1.104852196290013211e+01,1.726465141881679877e+00
1.196384568364934564e+00,-6.357549531055207703e-01
4.149282452323641124e+00,-2.198490350718419695e+00
-4.114760825896263796e+00,-5.315068737686714506e+00
-1.019050892659135421e+01,-1.024410741965622229e+01
-6.492630225247608244e+00,1.715847287208777661e-01
-1.354804090831887287e+01,8.931055746857627042e+00
1.980438612694810585e+00,-1.371125631496176211e+01
1.228570899717064435e+01,-4.478745600328956300e+00
4.779827195593710165e+00,3.207880196534440120e+00
-7.334125106419490336e+00,3.573118539465413246e+00
2.511336963518421062e+00,8.041903986667334081e+00
9.172554131762344909e+00,1.806485587905185985e+00
-1.666343340743104307e+01,4.392837030789756625e+00
1.355733807580626937e+01,8.291309092585912310e+00
8.446485848433349375e+00,1.196303802773865677e+01
8.495366959586233335e+00,-1.322441295470031619e+01
1.670811656285559721e+01,-9.027519210786378423e+00
-1.128265174331994380e+01,-3.474414611278189846e-02
-4.253922943331636120e+00,5.793714591693447602e+00
-2.725483057863753444e-01,1.596203490137520298e+01
-7.445101801420614507e+00,1.799525097123925832e+00
1.564440704542470151e+01,1.497989647728574791e-01
-2.342272953910052635e+00,5.110227793701589860e+00
1.164442410963400398e+01,-1.128124249612781149e+01
-8.248855323839867637e+00,-1.002537633401286321e+01
1.688913390373408419e+01,-7.224215269483651447e+00
5.010255747744063015e+00,-1.137113395613998890e+01
-6.988538203029777129e+00,-1.186940941992757814e+01
7.431767908900719366e-01,7.859168989125814520e+00
1.407649099366050471e+01,-4.853264889782729519e+00
1.442845068405730347e+00,-1.691630205358550398e+01
-1.141485280549648884e+01,3.557218585172003067e+00
1.780272196797423234e+01,5.410813922559152722e+00
-9.090032208425046889e+00,-5.891519913559952748e+00
-4.745415484546419371e+00,4.857382770433000818e-01
1.099693843513710245e+00,-8.623366627143647989e+00
-1.178643813681953567e+01,1.121537659885856542e+01
1.101542570740819826e+01,1.536157642412728208e+01
3.394552331848232907e+00,6.498032428287943141e+00
1.561546408409449249e+01,-3.997463276899464457e+00
1.561382248202812306e+01,-5.882691758019878314e+00
-1.401994322565807138e-01,-1.819764399846814484e+00
1.856817304547028513e+01,-3.992574257637243829e+00
-1.176847165789132355e+01,9.334988791580249412e+00
8.832092219805947053e+00,1.023562349814610073e+01
-1.616668998787807254e+01,6.196832712149788591e+00
-4.974440810663788293e-01,6.493149844600836218e+00
-2.183846006393406647e+00,3.079594030036987728e+00
-9.476704654439211950e+00,-2.468677755501010596e-01
-2.231869277595070145e+00,-1.868134750255164178e+00
-1.305448207892209167e+00,-3.722878322540239537e-01
1.007042433755850830e+01,-1.231953465736622633e+01
-1.476844919788750099e+00,1.452094037787228231e+00
4.961865862117010861e-01,9.618937476523781172e+00
1.179700444780110580e+01,7.711824994205916717e+00
8.326790058699245378e+00,-1.181536172081603331e+00
7.191535648270384051e+00,-4.524321073766039092e+00
6.138400382211401052e+00,7.978034820143856898e+00
4.779786223389058897e+00,-5.428218327074100236e-01
-1.375982274565376784e+01,-7.041864501650462849e+00
-1.438345796351915240e+01,1.238658398523473103e+01
1.409507204158511495e+00,2.770822999614264592e+00
-2.635511283410472583e+00,-8.641612726581726633e+00
-3.195775876553480277e+00,1.833356767112395858e+01
3.236503611355494137e+00,-5.689812480819005813e+00
5.624467397353372533e+00,-5.511925562835118697e+00
9.012755098264113585e+00,-9.530905329895649203e+00
9.042051209284496238e+00,-3.673138196477879980e+00
-7.513328425356978535e+00,-8.344979003368214521e+00
1.740520381010051310e+01,-5.364764288416652427e+00
-3.580657272686748716e+00,-3.512752784336348189e+00
3.135895249031102061e-01,-7.037758982099350469e+00
3.882927639680527232e+00,-1.342158426064056442e+01
-1.079330680021501365e+01,-8.569531453298081303e+00
1.137267988729192147e+01,1.008942989984413119e+00
1.068356349950446038e+01,1.010825135812070918e+01
1.163538707169798592e+01,-1.500849388736122414e+01
8.526189141104886460e+00,-5.799163301902566126e+00
-1.315594446433342668e+01,1.366157681453035977e+01
-3.309589321381869453e+00,1.715179990022356993e+00
3.185915651764758660e+00,-1.510830909744447581e+01
1.390363936218501850e+00,1.476807081583012682e+01
1.226782980060291406e+00,1.704813093073294894e+01
1.366802791345924639e+01,-1.257890344959253781e+01
-5.226115232431800095e+00,-2.901078261386680790e+00
1.398786868584387832e+01,4.623719561193641248e+00
4.554241764497825251e+00,-6.925088527418648887e+00
1.114696143366112402e+01,6.006526931246741086e+00
-1.386755018844795018e+00,1.888326974425595139e+01
6.659672815779251742e+00,6.296557702369028675e+00
5.942116608327065563e+00,-1.912572935128680429e+00
-1.664325582739154541e+01,9.156682763984834494e+00
-5.909941562693153294e+00,1.048792117034921922e+01
8.204097065909362385e+00,1.713573538152148856e+01
-6.746267872696533274e+00,7.841295100509620752e+00
1.341740223431553636e+00,-5.588763324705096736e+00
9.975023872256175039e+00,3.429452490506259110e+00
-5.369287987402544537e+00,-1.101888575766229472e+01
-1.194906812679365693e+01,7.037284317735483796e+00
7.229507265997133558e+00,-9.273260264125774199e+00
1.653147720701525003e+01,6.785949371627427062e+00
9.974023690566669487e+00,-1.791345071021364310e+00
-6.906795176154786553e+00,1.205925223967146387e+01
-1.060417394838687022e+00,8.215085286130911157e+00
-1.404697440771592021e+01,-1.067076317597315693e+01
6.026080009150535766e+00,4.506790867252441046e+00
-6.508684291710906678e+00,-1.605462029127499024e+00
1.176628890569785391e+01,-1.336372201559401729e+00
-5.289136248596893353e+00,-6.616706287361573402e+00
1.168494155405169366e+01,-6.151593871787513379e+00
6.417312481934708046e+00,1.711348024126182921e+01
1.556119470111058334e+01,3.687942696667520615e+00
-1.447083400745699677e+01,-3.124367267084797284e+00
1.420956037686703421e+00,1.120696411905349521e+01
1.875442217706730830e+01,-1.326797188558341833e-01
-6.019989934113332275e+00,-9.352301927354568889e+00
-6.093731051440831159e+00,5.646944148109675155e+00
-9.239835701789727906e+00,6.714131297827338862e+00
3.935553381075368451e-02,-3.597147408535049884e+00
2.712660483146794643e+00,1.329427420660587877e+01
1.595522102255330976e+00,6.120580204799173529e+00
4.334438654760575105e+00,8.083763814021583727e+00
5.287562998344588650e+00,-1.495285856376798961e+01
-1.147333016320232701e+01,-1.337825325911508045e+01
-1.537794266929132725e+01,1.947336782841524006e+00
-9.042681575195732790e+00,2.669369004839898363e+00
-1.800472575601809311e+01,5.664137078804441394e+00
-8.692312153328996871e+00,1.199147675069857399e+01
-2.414442010930415883e+00,1.667489915809822776e+01
-8.513097997277071727e+00,8.393341409834670586e+00
-9.407189004005466870e+00,4.398816437932393519e+00
8.145453780973616276e+00,5.119008973277082042e+00
-1.769207176026179162e+00,1.334674182797912501e+01
1.019079131996877230e+01,-5.159972821334188886e+00
1.301673566614415911e+01,-8.089649686665138617e+00
5.653321812924787082e+00,-1.305308496409658758e+01
-4.223252462977503008e+00,7.604717824113054192e+00
4.300188224414864813e+00,-1.652869153969569638e+01
-9.228853559224543091e+00,-7.724566777340158730e+00
1.516875403694682767e+01,-1.143435748176077205e+01
-2.564660728952193658e+00,1.152716739012828562e+01
-5.596934667460870649e+00,3.883460281859328234e+00
4.617230966668953940e+00,1.755006591980580311e+01
7.857858886860210390e+00,-7.496591552855115914e+00
6.030301114382679906e+00,-7.908360554292987565e+00
3.563260285173722064e+00,-3.961128904620847546e+00
-4.294432552783336909e+00,-1.255212477673690685e+01
-3.587608862088393913e-01,1.134419507145987360e+01
8.520891091973654241e+00,-1.141343798682857980e+01
-7.041959112145708133e-01,-8.735012588782399945e+00
-3.625836812393403163e-01,2.909956040145260658e+00
3.164772887003225676e+00,1.509744265264184548e+01
4.007673082048976987e+00,4.813732644902758651e+00
-2.900997772864130742e+00,-1.114323842885655758e+01
1.762766529472372312e+01,1.389046637069820234e+00
5.735213992353230816e-01,-1.041161432602844350e+01
