1.092587310837875947e+01,-1.554047533936444303e+01
1.408569335895067809e+01,4.212086548407651398e-01
-1.092354346040574775e+01,-7.044783588734373936e+00
-1.522008947616039087e+01,1.059838872119842712e+01
-1.121110947504537947e+01,-1.122244142587012128e+01
-7.866164209484539427e+00,1.729128256222705673e+01
1.199720183119834616e+01,-7.304059827619293621e+00
-1.000528087825198575e+01,-3.669722716076952336e-03
1.336039113305866621e+01,1.334753052934094875e+01
9.906999348976640363e+00,-1.784504823439938770e+00
-1.698764624150442160e+01,-1.901647432687071371e+00
1.092668708220839946e+01,-8.784449135447976786e+00
3.927156636754664643e+00,1.071908725478589908e+01
-3.559133148835001315e+00,1.581093448735989959e+01
1.131073570554722529e+01,-2.882533369295198433e+00
1.006217729323071852e+00,8.284664341655460618e+00
1.487587977016961283e+01,3.957328775698495171e+00
1.479419087889730910e+01,-5.018442545513560837e+00
3.809201974514059952e+00,-7.574630261021590094e+00
-6.325301334953731924e+00,9.877556756145670747e+00
4.975531321818886354e+00,-3.636475426861737859e+00
-1.158241238377238602e+01,-2.779990202423030077e+00
-3.728488258779205644e+00,-5.435555483564066037e+00
2.798683275263299297e+00,1.595708789630789148e+01
-8.752825505632952030e+00,-1.330523847205509647e+00
-3.017563477751666223e+00,7.598076160197707596e-01
6.110593850642562330e+00,5.724951841591016333e+00
3.348368463435626996e+00,6.809038653134226848e+00
-5.507115367715046617e+00,-1.816417592670795145e+01
-8.262200535043186633e+00,-6.061347816469725203e+00
-1.296101714381660308e+01,-1.170224869104810850e+01
-9.919419618923695836e+00,1.223623588232358372e+01
-8.374056787442702543e+00,7.754027002760417453e+00
-3.220933270084497035e+00,5.679030377035887867e+00
1.293663554937630744e+00,1.313650371921825588e+01
-7.598737355292992213e+00,1.118265261637912289e+01
-7.017008855929424804e+00,-1.737602861286038136e+00
-1.649032948164319734e+01,6.706745686887136237e+00
7.926796776641447551e+00,-1.457465292406066837e+01
-9.892782608866230731e+00,-9.899195639435266258e+00
2.788644118499491231e+00,1.406851650227990369e+01
4.272245778961346829e+00,-1.002455390917937983e+01
1.641393231999034441e+01,8.352123556597877752e+00
5.993106074994136279e+00,1.450474393675234808e+01
-6.728276273727241019e+00,1.539425609785483395e+01
-3.146551946003726119e+00,1.140725558565291387e+01
-1.484172861814429112e+01,-7.964477199980472655e+00
1.407144004220141831e+01,-8.537458168987175355e+00
5.714537100574363926e-01,-1.215600851972318264e+00
-3.725124332232171209e+00,-8.359857573392330821e+00
6.749123720492281819e+00,-1.967353070109390645e+00
-2.789550285503636928e+00,9.617062551569006246e+00
-1.154863102230329197e+01,-8.398973806470726444e-01
-4.899188225283427123e+00,1.459657228288630115e+01
-1.171683993236519505e+01,1.479671211135827136e+01
-4.724249752602475816e+00,-1.394792413765920003e+01
1.459242911683302557e+00,3.835247841262599433e+00
8.367663920459259330e+00,-2.816007298477584797e+00
4.885417079610651747e+00,4.921543204925709486e-02
2.792786322261694654e+00,1.877956473567021334e+01
6.853276051123208257e-01,-5.770015050313113569e+00
-1.425401069315758606e+00,1.199963391166564008e+01
1.417275843673455604e+01,5.613904300483791410e+00
2.137997771967614646e+00,-8.162508951366639565e+00
-5.930132175211295653e+00,5.081377069468344665e+00
3.202056521156106950e+00,-3.639834562499303150e+00
-4.354984691670212626e+00,4.172872548107584123e+00
2.417637259454596510e+00,-1.096161303377755658e+01
9.660517275306322205e+00,-1.419154708617429428e+01
1.640285665838000995e+01,-5.829716070051725652e+00
-1.164291439582350129e+01,1.268286499704481507e+01
-7.420415558898970865e+00,-1.198499586198163769e+01
1.197742145147693726e+01,1.222591386745455999e+01
8.290436633225407803e+00,-4.762683226490871391e+00
-1.140277024383273918e+01,1.179492795694358831e+00
5.689739508721708638e+00,-5.252907622604065629e+00
9.832860829930613278e+00,-3.921308740138555571e+00
-3.882834700288563479e+00,-1.082050163384475994e+01
-5.295274635205529101e+00,2.648590953987485008e+00
-2.484929057889567527e+00,-9.622009706316246636e+00
1.141597736727474022e+01,1.489184188784255847e+00
-6.238166135815939484e+00,1.282763872804054905e+01
1.392774111037203388e+00,4.379479144401032809e-01
7.642934467994912495e+00,6.759953022184197913e+00
-9.073553614589261684e+00,-1.669008737886226612e+01
4.842992761074883745e+00,7.814583358021851112e+00
-1.433612746867359533e+01,4.784248345368025568e+00
-2.318040038488587140e-01,1.622650220069677829e+01
-1.008380989268427008e+01,1.409096921539456027e+01
-1.271119276366502504e+01,5.599862219486376524e+00
6.451834587656052555e+00,-1.743010903564575642e+01
-4.246537401814677537e+00,-3.624575257187188537e+00
-4.226770471016019215e+00,1.295346278549257235e+01
9.066988656713048655e+00,-7.945960275569110998e+00
-1.637298309278790720e+00,1.430965598320354815e+01
-2.977523172306515420e+00,1.874910179767644181e+01
-4.650315302187967070e+00,6.710300286063139552e+00
-7.523658373052315440e-01,-3.927929912514183997e+00
-6.070098123456427963e+00,1.711462410377846055e+01
5.137468351576316650e+00,-1.310493868498587844e+01
3.183749007598104086e+00,5.875333939370175340e-01
1.225179419235180234e+01,-1.371644354904698204e+01
6.519321212412468314e-02,1.657695520172311587e+00
-5.539224924875673750e+00,-8.530031253809275071e+00
-5.494471576200216312e+00,-1.160296335314132143e+01
9.716139655897398697e+00,9.555885971665032397e-01
8.302830511455589146e+00,-7.837424863120847629e-01
1.711774342035529362e+00,-1.270366394031504598e+01
-1.458712347216829563e+01,-5.499433287498002976e+00
9.269395862959736831e+00,-1.001997534818559110e+01
4.717621014840810645e+00,-1.480844506604566035e+01
-1.715514116893576357e+00,-1.559970247753142303e+01
1.305805726333302630e+01,8.291572614591155244e+00
1.101976692906674948e+01,-1.057605399570864790e+01
1.579880396739725157e+01,-9.281003258812695056e-02
-9.382837568905577186e+00,-7.998984260008286107e+00
-8.145221409916009847e+00,2.857173871638417406e+00
-1.828087781525294986e+01,-3.245352728424070854e+00
-9.642802653321941975e+00,1.754611398128216759e+00
-7.214998760236471576e+00,6.360840699835881296e+00
1.633347902921489458e+00,1.004529518817779810e+01
1.535250534888508156e+01,-3.233765194304785151e+00
1.505553429397071596e+01,7.158373674124521635e+00
-2.395180618568095277e+00,-1.105475040926399366e+00
-2.584989338712050611e+00,-2.951379249577544162e+00
-2.646492563065455883e+00,-6.932045756467293707e+00
-6.591094446480814106e+00,-6.652334486476623177e+00
1.530648287815412090e+01,-1.110419378929759660e+01
6.500811460625484095e+00,-1.560020069107924634e+01
5.646559363627400963e+00,-8.814718183605043222e+00
-1.977892704504751187e+00,-1.170405616035781904e+01
1.208030940654337970e-01,-1.585382995513664106e+01
-1.339844584478876999e-01,6.942331755891792078e+00
1.718987503010028206e+01,-4.034846969856738852e+00
-8.149227615214737597e+00,1.285381266412102264e+01
-3.491542630068880548e+00,2.584364483303363436e+00
1.027218151584809114e+00,1.497784120944515251e+01
-7.534044375063586152e+00,-8.203583828487891694e+00
3.885604297141111552e+00,-5.341415605547832790e+00
-1.066359287273735390e+01,-1.304190304530531463e+01
1.292443295883385446e+01,-5.433068608251000242e+00
1.354073095466479515e+01,-3.782219823339949549e+00
-1.529197220576843463e+01,8.259501245110865142e+00
-4.922978126443230629e+00,8.990407736171815989e-01
-9.468461354412464059e-01,-2.171114027406618519e+00
4.447913046763905531e-01,1.134988478612336493e+01
2.631686076449868406e-01,5.122128607143065615e+00
9.249787208181018627e+00,-1.188477425213038607e+01
8.686750161747591292e+00,2.747421900329274358e+00
-1.325337122672959644e+01,-3.682534660234957347e+00
-2.033916574507695696e+00,1.671385915050505133e+01
-1.290797533123681795e+01,2.664899369769766491e+00
-1.358099752856226416e+01,1.034893652204067482e+00
-2.327686555548039438e-01,-1.130017329946247528e+01
8.909756159495355377e+00,5.449119527602606539e+00
1.165786135848622784e+00,-1.735048629336695925e+01
1.057942154442920213e+01,7.494824078967378789e+00
1.223348802771424992e+01,6.650584893561457989e+00
4.075365442486340584e+00,3.299000491583538697e+00
2.362003039460871978e+00,-6.351261815957736978e+00
-4.793376128775081568e+00,-6.835486704376793732e+00
1.757054243704042662e+01,-7.230217041566699976e+00
-1.316349590876179576e+01,1.368857686301700127e+01
-1.979100159235267498e+00,-5.284579064745480892e+00
7.298057757299761583e+00,-8.036523715204744178e+00
-7.137869073286050581e-01,-9.594226670042482752e+00
9.481789989304918009e+00,-6.202480007270134266e+00
1.816271687993466699e+01,-5.553004496057194928e+00
6.630949325952023798e+00,8.259809231261083795e+00
-1.065973857210218867e+00,1.024710388136587191e+01
-1.213585947145117494e+01,-1.459576244142326296e+01
-4.593384265687190826e+00,1.023229764314558565e+01
-1.285820957473603698e+00,3.856777461948576735e-01
1.614121924723643176e+01,2.583310383089445050e+00
-8.333765527077304114e+00,1.464237650714790284e+01
1.360680883244855544e+01,-1.919534468467336552e+00
7.670431426688006482e+00,-1.082167790339010338e+01
8.838582541399432557e+00,8.117758859440208141e+00
-1.587168747992570061e+01,3.755543368086267542e+00
7.973487454569943900e+00,1.148759130138878870e+00
1.253060480029957624e+01,4.883455765404864479e+00
9.010250603598944252e+00,1.169715371746031352e+01
1.073825450302006601e+01,5.620078236027165275e+00
7.497848988655835711e+00,4.283390147095809120e+00
-3.494561348285214475e-01,3.455875958235230527e+00
1.277123011128523444e+01,-1.155077352820699765e+01
-6.516625143383040886e+00,-3.655081496567252897e-02
6.883680159151793099e+00,2.597047153778373474e+00
1.196514090008675701e+01,-1.210331646292436059e+00
-1.754494696013427557e+01,1.754891833539352630e+00
1.087552155131991549e+00,-3.981229961191691036e+00
-1.580101493179314609e+01,6.994583340214341471e-02
1.913444814615536060e+00,-2.431538789433911329e+00
6.652936894174290572e+00,-1.252569115715312653e-01
2.538642091720998639e+00,2.285740818026472887e+00
-1.471620264734281491e+01,-2.635615093200981196e+00
-2.791582770194129370e+00,-1.377324936139643974e+01
-1.358353782413412070e+01,7.565759224798179083e+00
1.173426675013609888e+01,3.263815280554327902e+00
-7.924980813913796496e+00,-1.004825087035315079e+01
-2.078866144055949938e+00,3.944953759451131692e+00
-1.103737588637679856e+01,3.014231232166387997e+00
2.431507501745986399e+00,5.311966026684522113e+00
3.934704540026262798e+00,1.742911619591543371e+01
-9.578391915361182285e+00,4.058702926086488638e+00
-7.820561488746064605e+00,4.634562018324224653e+00
-1.762742227834348530e+00,2.114132037513182016e+00
-9.961482863913595054e+00,-5.502870828839989237e+00
-1.927571081837248457e+00,-1.882115742464820940e+01
5.249453781888255399e+00,1.860007134680224494e+00
-6.659235463285338996e-01,-1.757438873814700386e+01
-6.108907289544140973e+00,7.811173153759709109e+00
1.579591073657530131e+01,-9.355306249706821120e+00
3.230961809697895593e+00,-1.196841304182975296e+00
1.161343669170210147e+00,-9.712678131908308643e+00
4.944946090225452728e+00,-1.766935236140770860e+00
-4.175648161703243488e+00,-7.417913847357683332e-01
-1.635105483835914697e+01,-6.177062997010785317e+00
1.782885867009377012e+00,-1.448891201561816899e+01
-1.423346158019447216e+01,-9.230661538826946400e-01
4.506047698925010891e+00,-1.659644766906745517e+01
-1.456420575380135807e+00,5.669063441478368937e+00
6.844888062664137962e+00,-3.753663591146234157e+00
3.364888069981834651e+00,8.954569728150740815e+00
1.795688844762010206e+01,-2.668662297363621483e-01
2.489783417257682263e+00,-1.617501445845864794e+01
-4.094608202907582317e+00,8.416459370624819414e+00
7.191156417746151774e+00,-6.268123616790910901e+00
1.575730353398372330e+01,-7.595955195357357859e+00
5.692247485211773039e+00,4.010119438013232340e+00
1.103218201300805390e+01,-1.240158662230954434e+01
-1.822815404443581500e+01,5.332864648325863044e+00
-1.483816198605584091e+01,-1.034616761430818066e+01
1.266509538417404812e+01,1.048676486284538711e+01
-9.217916300939906549e+00,-1.155730939764608323e+01
-2.328648363198212223e+00,7.202324834643690110e+00
1.872491860128974750e+01,-3.142427722844384430e+00
1.005906679977649532e+01,3.966811316523509046e+00
6.809923406887660846e+00,-1.238123144829468636e+01
2.376257301530953381e+00,1.172944952681265463e+01
4.170997627452389445e+00,5.100324723764090962e+00
-8.549915864922226216e-01,-6.645805159597395928e+00
-8.244395896087493014e+00,6.259458369312534964e-01
4.724149942521198575e+00,-1.840126697704216241e+01
1.104272726087085310e+01,-5.265577860972193491e+00
2.834232078697380142e-01,-8.054182898809555624e+00
-5.284967257859445766e+00,-2.175915803405887861e+00
-1.758682105482137814e+01,-1.786010648525146738e-01
-8.363941098277095421e+00,9.576945918325236562e+00
1.791881216771261265e+01,2.139312509718204414e+00
-1.281346393631629077e+01,-5.381032675148858857e+00
-1.050410470506213612e+00,8.461685996736560966e+00
-6.813380665219973764e+00,1.706940281057584441e+00
-6.372462458403980179e+00,-3.622004594259612631e+00
-1.522091188353889635e+01,1.742144217839219467e+00
5.500857607289601603e+00,-7.046819216144304399e+00
