-2.959600882978872693e+00,-9.513836921477724085e-01
-7.949489009942586337e-01,4.449961764031459488e+00
9.235422101311828058e+00,9.622686618534567415e+00
-3.019553929105997181e+00,-1.028815434249686689e+01
-4.975538224271288001e+00,1.175381772944923853e+01
8.184781321688955558e+00,1.480570334173982205e+00
6.027178005004007133e+00,1.259109854295438069e+01
-1.689947068311908396e+01,4.038818524802267329e-01
-5.737753113658744297e+00,-2.814328704030677475e+00
1.436425390608932418e+01,-6.810954485234059774e+00
1.744974471660563964e+01,-6.890849197258001269e+00
-8.859756759936596282e+00,-7.262899274200056432e+00
-3.120204133137315594e+00,-4.252854437835858370e+00
-4.930402443924545963e+00,-4.459461695676773196e+00
1.068452855825013614e+01,-1.278859479869875360e+00
-1.500423380711707289e+01,6.736807903887360727e-01
1.834349440497098360e+00,-6.997304674229590127e+00
1.178525476594494670e+01,-3.350677976393039437e+00
-6.844540167266126574e+00,7.169962153239660019e+00
-2.548356055993894476e+00,4.426316430795270485e+00
-1.985894300134766421e+00,-8.791841260151096904e+00
7.030659280609000916e+00,-3.900742849700777004e+00
-1.400920494289048968e+01,-7.526974315941988181e+00
4.288726949977497149e-01,3.101943980932183376e+00
-5.569831521764524673e+00,-8.986620632055400293e+00
-9.776195479234955243e+00,8.719896973664803541e-01
-3.706347963801949197e-01,-9.769854704499005393e+00
-1.157597871582294857e+01,1.025283347960608715e+00
1.671730892819051562e+01,-3.381078162219685268e+00
6.185226618683225652e+00,4.705972693827164655e+00
1.510474099090230382e+01,-4.647340868598629271e+00
-5.475700575883394983e+00,-1.424781852080421629e+01
1.640707723054990019e+00,6.856507771939402751e+00
6.825760335808642942e+00,-5.791067415748966773e+00
7.841918014455316666e+00,7.036376899637421189e+00
-3.199475445458476397e+00,1.722052624382822827e+01
-7.859071743296733636e+00,4.099918710662360688e+00
-6.289304893598547608e+00,9.410111258359963315e+00
1.639885940892952032e+00,1.624491384654302806e+01
6.773729588705387883e+00,1.564810407548962878e+01
-1.401308879753373837e+01,6.745598689726551633e+00
2.809094968677025572e-01,-1.450674818207171057e+01
6.109763974062135894e+00,1.031120567463249316e+01
-8.205634281457324875e+00,8.464917093036465445e+00
-4.784456545401946315e+00,-1.068382074167992180e+01
-1.335015143441275320e+01,8.394826269434711108e+00
4.779765633944824010e+00,-1.267248869614978268e+01
-2.160349799134142934e+00,-1.434736818444622131e+01
8.551790952858766559e+00,-5.151269159057823011e+00
-1.675189651562176607e+01,2.183334023422268899e+00
-6.779457817458907520e+00,-4.267584695765076042e+00
7.715341215956817988e-01,5.285200855129412290e+00
-7.806357015802445787e+00,-1.418823024006429456e+01
7.410459203661617922e-01,1.242775231240803357e+00
-1.897859671768298062e+00,-2.404427815539738944e+00
7.390092664273423040e+00,8.988642797431660725e+00
7.344263696618813952e+00,3.069399851789276212e+00
3.826536423094535899e-01,-3.671258244095415346e+00
-1.184997037033911838e+01,7.117024210046275279e+00
7.973082291490902307e+00,5.287204274273245019e+00
9.437212040830159410e+00,1.674710110571577260e-01
1.103537966435823847e+01,9.109077916760483618e+00
1.090696185729235879e+01,1.088919635839737587e+01
-1.695010607280050507e+01,-3.020176616685446902e+00
4.615691922523593171e-01,8.201809402600526155e+00
1.437976626846798567e+01,3.909633716847970675e+00
-8.219109980483272793e+00,-1.708264912282712800e+01
1.317124273013201119e+01,-1.334612573813792302e+01
7.668891425479532842e+00,-1.161135563020432748e+01
1.487004557971964847e+00,-1.792221955804234312e+01
1.301606286614322983e+00,-9.904916167561459428e-01
9.605525103846357382e+00,7.547646176133380180e+00
5.811080664937259499e+00,-5.283063885259277059e-01
-1.451343270414739806e+01,-4.863679963129046158e+00
-1.026160852912356702e+01,2.634495829340952611e+00
3.642768450470307062e+00,7.065631874753909969e+00
1.476007522886976986e+01,6.790383930623296038e+00
2.779135994757834904e+00,-1.168558674033167399e+01
-7.529654409060653641e+00,-2.302977468874037648e+00
-8.728232324520371677e+00,-9.835660164467944222e-01
6.231149203054910046e+00,-7.492414485202493424e+00
-2.288198308808153225e+00,1.413105811623597141e+01
-4.067394424492454696e+00,1.395973550704378852e+01
3.309116596512130748e+00,1.543432493348096379e+01
9.763343942966720590e+00,-1.216867646850331930e+01
1.406372563579470558e+01,4.350049943081922554e-02
4.603262080243608168e+00,5.560864883095825384e+00
2.639171469105838774e+00,8.542157399528056416e+00
1.254305883682588174e+01,-1.669111827523820590e+00
-4.998675128161019110e+00,-1.177021329003649974e+00
-1.147134986617900587e+01,-7.143711127216995749e+00
-6.071080891357507170e+00,-5.953885232259780835e+00
-1.005244629043221316e+00,-1.574683890721058965e+01
1.849228788447868510e+01,-2.906553845030560801e+00
3.150728585912875968e+00,1.361443545651762577e+01
3.188177113276826624e+00,-8.948342535374262496e+00
1.151943814308434000e+01,5.641276883836487954e+00
-1.335976451497471018e+00,8.158201376331748023e+00
3.763458322783949317e+00,-1.947069531783403029e+00
-8.584488797434268292e+00,-3.750299966489975212e+00
6.106456170783737925e+00,7.666722952883454845e+00
1.136620259661737542e+01,4.984524433481544170e-01
9.713369188496450590e+00,5.597458338654518251e+00
-9.938649255911096603e+00,-2.511606046861891262e+00
-4.912188896071599586e+00,-7.314734374679448869e+00
3.333410542871936055e+00,-1.829701288437896523e+01
5.865281741664119863e+00,-1.735101431995314414e+01
1.075596905984800244e+01,3.906837406645418564e+00
7.892548498529371237e+00,1.095138320076345551e+01
-5.721304818122570524e+00,1.463993981948383372e+01
-1.344737061176467963e+00,2.699256028514783523e+00
8.990892928639867776e+00,3.765943896500225208e+00
-1.584878412278705895e+01,-6.951819273818431455e+00
-1.646770978904696037e+00,5.992402976656049596e+00
-1.576041744026417923e+01,7.191725322764492390e+00
-1.412563158906440464e+01,1.042560293309091790e+01
-7.055323685435499925e+00,-1.252298758614845831e+01
-6.921295881135095307e+00,-7.496092980203040490e+00
-2.799993682798624040e+00,8.710207791770353536e-01
-1.015348001363530805e+01,1.216360489961597224e+01
8.837954856287788985e+00,-3.407960188703464066e+00
7.809522453878025239e+00,1.278339127670281172e+01
7.550931172130090019e+00,-2.959128343333576328e-01
1.524454520739292107e+01,-2.223688697661316827e+00
4.665948940457537164e-01,-1.136522649229326909e+01
-1.285077340781113442e+01,5.277629350583877610e+00
5.454953045069688145e+00,-4.671852471443544097e+00
-1.047972079628593534e+01,-7.999273045863906084e-01
-9.063969707483416016e+00,1.070942048519383505e+01
1.257420365934960849e+01,3.825082101800106216e+00
1.155660141763506310e+01,-1.244387273755502044e+01
-1.105645607200239056e+01,-3.870975439989083888e+00
1.060660419302618074e+01,1.524939424341832961e+01
-2.477365777620604614e+00,-7.099944243210474681e+00
3.931511277783160008e+00,3.861738520749115722e+00
-9.980738653118082837e+00,8.660535460431843191e+00
7.714928814095953769e+00,-1.490882233053452843e+01
-1.261994489654139429e+01,-9.030674206271736892e+00
6.402133967177952023e+00,1.154236123342673226e+00
1.333882945522417529e+01,5.597809109305761588e+00
1.264799261168940037e+00,9.824722781706128671e+00
-1.079459384314647785e+01,-8.889153656734363196e+00
1.695985403197790475e+01,8.116234874305625624e+00
-1.893934584937763121e+00,1.600830851279156875e+01
-4.639017211611287106e-01,1.401304112484896081e+01
-1.639802328156872235e+01,-5.140342836800417814e+00
-6.799496099681661576e+00,-1.029255752628222353e+01
-9.770016928176087134e+00,-5.176652589568254470e+00
-9.570585255276989889e-01,1.001144461520478934e+01
2.260459652619349225e+00,-1.532097179287718269e+01
2.341394780654233454e+00,4.665890629170258985e-01
1.375252078930505917e+01,-3.299012709263628107e+00
6.029156428879518970e+00,-1.091947133572847051e+01
-3.163341559920423318e+00,2.640921197279380461e+00
7.781922310450615221e+00,-8.411932785573421612e+00
-9.683662698336892305e+00,4.290766814883568259e+00
5.941119340532474702e+00,-1.552103627553586129e+01
1.787442901845765064e+01,3.769006456893408075e+00
1.331760661541953006e+01,7.969353349024773436e+00
-5.254776237753728374e+00,-1.237231896828015820e+01
4.993024626476443295e+00,1.605887267668637008e+01
2.791862272719010107e+00,5.446700821184887964e+00
3.248567387014081653e+00,-5.554347258989173142e+00
-4.914091447227275644e+00,2.377009355495898646e+00
9.032649035012789707e-01,-8.552715141432278401e+00
1.431768741666329525e+01,-9.408790381873613384e+00
-7.919311556407461872e+00,-5.669045562482812883e+00
8.855704930861779900e+00,-7.013680978194657634e+00
-5.921466411370784888e-01,-7.607697945670057749e+00
1.697614220980236865e+01,5.384678542410125779e+00
1.872641859054727220e+01,1.790945096327704933e+00
-3.722104493306217954e+00,-2.565836725141260821e+00
-7.207154454288795975e+00,1.757856989032649864e+01
-4.385381427229702922e+00,4.178294195904593167e+00
3.412443914919896404e+00,-1.385090425185871510e+01
1.435918534710469041e+00,1.412340314305600586e+01
1.839565306287503432e+01,-4.723935309297944585e+00
-7.421264447013049825e-02,-1.899196478166184576e+01
-1.881671765565254617e+01,2.420761211179715655e+00
1.378479315617932910e+00,1.177735132324533929e+01
-1.316812735982135107e+00,-4.130285825217441698e+00
-6.775081677643484568e+00,1.192398035205602547e+01
-9.964598930676482169e+00,1.405657533191358510e+01
8.944392041237367863e+00,-1.593308926188561125e+00
-5.413134597918897173e-01,-1.242309354541928368e+00
-1.347982188843228357e+01,1.220386886594495657e+01
5.523933410251539833e+00,-2.545289844300091975e+00
4.296822005407380018e+00,9.791280938724799654e+00
1.636190698097331619e+01,-7.545666430419414317e-01
5.507151178569258398e+00,3.054747307133826695e+00
9.446616368413584652e+00,1.390631213367501751e+01
-1.874784475959051377e+01,-3.066032175316197872e+00
-2.859785502218359365e+00,1.118246776993132308e+01
4.037302185250569941e+00,-1.838206578893543108e-01
-8.440379970224602957e+00,2.398311877769114364e+00
1.352551496810925613e+01,-1.147000442090332051e+01
-1.721409312186312768e+00,1.825086850171348374e+01
1.801526842263976969e+00,-1.014271360419757784e+01
-5.289194593544054968e+00,6.350119358395446945e+00
9.167608732694148443e+00,-1.388900992744108720e+01
8.562848184609578084e+00,1.550739186554864091e+01
-2.660288418008984745e+00,9.431444577983560507e+00
-6.132479247299839287e+00,4.673416512166765457e+00
-3.572790681827731962e+00,5.908579214601361151e+00
-4.476302695347427196e+00,-1.687283625906714235e+01
-1.032169419953356915e+01,-1.101088661189067608e+01
2.975695700937877053e+00,2.193632721082669157e+00
4.675569035299418807e+00,1.509973855733917958e+00
-1.141364804117144249e+00,-5.887941926641705237e+00
9.862176478485075393e+00,2.133649405223831952e+00
-5.007011012454399612e+00,1.766980418114814810e+01
9.422565697101765281e+00,1.201496506858051916e+01
-8.505344999230059599e+00,-1.081621145726485089e+01
-3.074819812361306859e+00,7.636083951349599275e+00
1.068482803748341325e+01,-7.215069341163200534e+00
-1.577331527206406392e+01,-1.283743410294978959e+00
-3.587791182109070665e+00,-1.329399127618950516e+01
-6.701175285300187134e+00,-6.905535490473103666e-01
-1.520597805728603547e+01,-3.189918697951262150e+00
-4.476426909965840473e+00,9.896655780980328387e+00
-1.017040212717854164e+00,9.047558105704609499e-01
-5.006452043909137117e+00,8.153276135512999900e+00
-1.683221164326384311e+01,5.708870416125102487e+00
-1.230425556405822407e+00,-1.759758789036941096e+01
1.266871092639386909e+01,9.889083647211869277e+00
-1.512854469408865832e+01,4.959958236334140125e+00
-1.778933613690515969e+01,-6.662611778259499573e+00
-1.310952880637467111e+01,3.510050758426151329e+00
-1.096979634174343055e+01,1.010681893133237885e+01
2.116647716755561071e+00,-4.036672730530407982e+00
1.604371165878396788e+00,-1.322721830560119294e+01
2.096928833420960370e+00,3.815777051441564538e+00
1.688060739814357447e+01,2.300899975938738073e+00
-6.248906231862309646e+00,1.096454876512506615e+00
1.172323682819073198e+01,2.257163382045998645e+00
-2.616826730460529937e+00,-1.651567027907394802e+01
-4.567429137652988302e+00,5.330242828861929683e-01
1.286727584658092560e+01,-7.755593900735625823e+00
-1.569761005546267407e+00,-1.142189014108008216e+01
1.898469319170511582e+01,-7.705378943051992280e-02
-1.355081472490157779e+01,-2.343766363273503295e+00
-9.621368873935530530e+00,6.902809006113053591e+00
-7.214462799304853569e+00,1.573941871980835572e+01
-6.654824592102487557e+00,2.823651594735294701e+00
7.231299136070314937e+00,-2.043346664934189150e+00
-1.724840639018366772e+01,3.989072697177547422e+00
4.191657889286183547e+00,-1.055653151270436396e+01
5.509439972687622422e+00,-9.241539675029624590e+00
-1.202168518467219727e+01,-5.448754131880617635e+00
3.887357649361701029e+00,-3.704342080702184514e+00
-1.180382883829956420e+01,-2.150008757525796455e+00
-7.301112878009377027e+00,1.376043159059534560e+01
-3.865620245619236339e+00,-5.891946306561067104e+00
4.846338841246577545e+00,-6.360479095777933800e+00
-7.997383029424208978e+00,6.377623605571363097e-01
-8.142351561796383308e+00,5.910946552057378511e+00
