2.361695947697449505e+00,5.563562589828765503e+00
-1.355875750344734225e-02,3.050594669642458179e+00
1.132809443814144279e+00,-1.408511656300945170e+01
3.706534004578683650e+00,1.357417089150931844e+01
-5.090685524271289175e+00,2.162588228125023715e+00
7.983008484165220686e+00,-1.018656933976176049e+01
5.701514140819662124e+00,-1.347506826219013654e+01
1.133317557593933600e+01,1.312348797538072276e+01
1.005114100270088429e+01,1.192931120614037610e+00
2.038667474825657244e+00,1.276702503830007274e+01
5.602083456861727484e+00,7.856826670599012630e+00
2.022813209557644265e-01,-7.564455554660525216e+00
-1.605060041904362578e+00,1.006117516043464022e+01
1.118821751554676425e+01,9.551709482450720046e+00
6.829466862095769919e+00,2.018456454465611394e+00
2.945220410578190950e+00,-8.223788896734774312e+00
-8.169906752366918212e+00,4.798217695273879535e+00
-4.499860329927090064e+00,5.713812755642161179e+00
4.698147062310589206e+00,5.880446193095281160e-01
9.688206931472793215e+00,-3.105270793095222359e+00
6.947168244148332894e-01,-2.437019982971458720e+00
1.449522030637593062e+01,1.021694380288872672e+01
-1.395602890142636632e+01,2.606042818602336109e+00
-2.981527783792774944e+00,-7.198874027314857038e+00
-4.524808958891552990e+00,1.065255847512015031e+01
8.785263266322647979e+00,9.955588289459289086e+00
1.277478896871474978e+00,-4.409525000953987139e-01
-1.578368186171980492e+00,3.875468236563264224e+00
-1.368285896507687660e+01,-1.105652246921814275e+01
1.261063673275535590e+00,-4.214074618173513365e+00
-1.471042947253250333e+01,-9.333862974948146984e+00
-8.319644544256957985e+00,1.396622180222222198e+01
1.337572158951753742e+01,-8.365231780406436002e+00
9.746169621129686433e+00,3.496270670434271199e+00
-6.798340379280398693e+00,3.639012026695185753e+00
1.510709904109174673e+01,-8.784219349592127912e+00
-8.233402190506852847e+00,-9.190017516022768618e+00
-9.610793073623094429e+00,-2.015020500749622467e+00
1.121911858929114025e+01,-1.222932934962122431e+01
7.487136720614464558e+00,-1.555476656558312953e+01
7.187830372797118450e+00,-8.491483059750363438e+00
-2.790162486502656414e+00,-1.845113584982384580e+01
4.053957264713504927e+00,-1.232596275009204057e+01
1.408681907775400077e+01,-4.623850317847045255e-01
-5.916226524094356343e+00,1.194214065805222447e+01
1.465122606873796940e+01,4.648191492343129561e+00
1.465283872232118645e+00,-5.982973397716492947e+00
-9.955384469500039302e+00,1.252351501926855804e+01
-1.128026421088700992e+01,-2.741048829254881358e+00
-9.760084745870813094e+00,-5.051076907294956619e+00
-1.448077010746567517e+01,-6.425299286928996878e+00
-6.239805679308223496e-01,1.484582443527212625e+01
-5.680738399259591453e+00,1.571970262105261362e+01
1.182759270867964396e+01,-4.531700199749400859e+00
-1.592583611199331228e+00,8.291299879893776037e+00
-3.868475748982842966e+00,-5.323307221643231557e+00
-3.856449668245526041e+00,-1.063761026313912161e+01
-3.093091548367905119e+00,7.130833042786852261e+00
1.588005356694464432e+01,3.263888640039661837e+00
-1.032243388572892151e+01,1.614544580203538082e+00
4.305528466741003868e+00,-2.378654341601022182e+00
-1.022364782974281638e+01,-1.435675350721027144e+01
1.298783942436396055e+00,-1.599181154910290381e+01
8.668902681685695555e+00,1.477231076992035419e+01
8.940898508734463235e+00,-7.744607950650594042e+00
-7.194170396293581682e+00,-1.371704147934219797e+01
-8.172786684975354987e+00,1.711832829695488556e+01
-1.866886767558054672e+01,-1.550674327376990069e+00
-2.344176521296990501e+00,-1.784368286889507882e+00
-1.464480625259046498e+01,1.037302242075435998e+01
-6.838404974311630191e+00,1.824366108405734987e+00
-1.204084166781531406e+00,-1.392882052755736666e+01
-1.852689655059179685e+01,2.315941932670124159e-01
-9.912698866404446862e-01,-3.082411367063659480e+00
1.055084778150076197e+01,7.799537933298339887e+00
-2.857053679712722172e+00,1.144226860708533167e+01
-3.400371983738355919e+00,-1.677776213386433213e+01
1.152182217059257852e+01,3.863191780417081667e+00
5.006131956592644983e+00,9.648623162893350980e+00
-3.622322993235462807e+00,-5.822773098646345513e-01
-1.180891334136841841e+01,-1.062557244431597603e+00
1.281030030318881963e+01,-6.625483911645034141e+00
-3.590834853706063701e+00,1.228131681586863699e+00
-6.397046805742949260e+00,1.737999913922649498e+01
-1.582416461081374415e+01,6.577912314117104753e-01
-9.957418062324524755e+00,-1.141373415270972025e+01
2.364187480704462274e+00,-1.178995747412196771e+01
-1.124176329932517149e+01,-6.289962544278588474e+00
-1.132877756106953271e+01,-1.285767739963475975e+01
1.888179489386721421e+00,9.156516729418266110e+00
1.369766166847502120e+01,-5.069026873334405714e+00
-5.130260929780211754e+00,7.368068328490106289e+00
-1.166091499340990900e+01,1.075902422317763829e+01
-1.380385856832073799e+01,5.822862135803662298e+00
-3.491395922088491588e+00,8.899582269102749521e+00
-8.747041364701010124e+00,-3.565138491004488763e+00
-3.753559843171903054e-01,-9.831728318215041895e+00
9.352884401219792920e+00,-5.736862959442976084e+00
-7.182525674666275783e+00,-1.988053502563221997e+00
2.244801882291262984e+00,1.097409607089335459e+01
-5.964098121293419652e-01,-1.232812031655933005e+00
-2.636619371433908121e+00,-3.987277020119397886e+00
-4.995359554319676931e+00,4.008990869770820531e+00
-9.804474475692263269e+00,1.060669197086715876e+01
5.509025693690479120e-01,6.518545656387209064e+00
9.473629158005396178e+00,1.317101455181302683e+01
-1.378454195169199004e+01,-1.415256687976339300e+00
-4.918491269306583646e+00,-1.206212274439382526e+01
2.953187979036684840e+00,-4.991123412422457939e+00
3.839893274805809664e+00,6.746488004492710466e+00
7.926898012415547257e+00,-2.880777157391822385e+00
1.261672243244440272e+00,-8.998369818289255306e+00
5.082451508935744044e+00,1.646194218799821840e+01
7.656026757952144379e+00,-1.375045259989379431e+01
1.167558519306202136e+01,-8.884447034577618751e+00
-1.358535123357017760e+01,-7.952344807109824387e+00
-9.711971412974877538e+00,-1.632783983301490949e+01
4.344351150533731776e-01,1.137349987181942979e+01
5.680943131315388861e+00,4.016389540371262612e+00
1.597866641537177657e+01,-3.948268463757464986e-01
2.123988019935816318e+00,7.381340165395476660e+00
-5.172042560232271713e-01,-1.562692047453878352e+01
5.036251428182173306e+00,2.350403146249897546e+00
-1.178074016207459174e+01,-1.109570606474783361e+01
-9.678655488960774989e+00,8.662484555432644839e+00
-7.930353106482464831e+00,-1.656249596477850972e+01
-1.157572758508040245e+01,-4.545226934735662638e+00
-1.647933238268118217e+01,-6.102059403670826221e+00
7.771548170487459828e+00,-1.078940867830746386e+00
-5.403997017590302931e+00,-1.377681507454515319e+01
-1.695284789946483528e+01,-7.483052305349515709e-01
4.000878088624282292e+00,1.122481847714952075e+01
4.666844969711472224e+00,-1.801973705733038855e+01
-5.475937111644856969e+00,9.107238016544631165e+00
7.696738119719100935e-01,4.691536767800234209e+00
-8.441701028065738299e+00,-6.831107721581195502e-01
1.169468638794978332e+01,1.130688264175468305e+01
1.490617482023808371e+01,-1.163878829151747851e+01
6.288928651241542767e+00,-3.664021876730285676e+00
-4.649549615821807258e+00,-1.543513757051607804e+01
-6.533413049942890183e+00,-1.536137876758247955e+01
-2.015027605448476589e+00,1.839886437393693785e-01
-4.756242691255536670e+00,-1.838961992258486688e+01
9.807695685007116637e+00,1.143349197559203922e+01
9.896448500857532693e+00,-9.245260304597165302e+00
6.865839062322981690e+00,1.587995866216653518e+01
6.491980672301501443e+00,1.678174382683771393e-01
3.278773543006752611e+00,2.125348963658730828e+00
1.603715771184319183e-01,9.625343815970065720e+00
-1.966817874282935863e+00,2.027414003636273332e+00
-3.528742075527039335e-01,1.295575278084988735e+00
-1.268081190221663057e+01,-9.484373047458944939e+00
1.423489168306197650e+00,1.376017699159902463e+00
9.592278188460118926e+00,-8.962787109027682275e-01
-1.407323317010184383e+01,4.267882119520328144e-01
-1.456682919514406649e+00,-8.233854322573709084e+00
-4.730837287503970146e+00,-7.063969055002146114e+00
7.713388302530239216e+00,-6.457965248587372642e+00
-3.508723548803886483e-01,-5.065920500961163420e+00
-6.431591032662434593e+00,1.405117705495606728e+01
1.295811292047141983e+01,1.384628996770770115e+01
2.780533652319134408e+00,-1.469692143920154459e+00
-8.525790723313203756e+00,2.999205882811036172e+00
1.846622156092679390e+01,2.420147315418131662e+00
-5.642018057579452517e+00,-2.946568769261721066e+00
-5.669891461403214095e+00,-5.347140866211050891e+00
-9.891353490008533811e+00,-8.538854409222237152e+00
-3.992551505710443926e+00,-8.809028867203320345e+00
-8.029256980622150763e+00,7.859931350688476037e+00
-6.073784445559719636e+00,-1.716144710564560683e+01
-3.443016671952788155e+00,3.187170470534488764e+00
-6.766466393124392908e+00,3.529082976474211958e-02
-1.357343070431507570e+01,-3.289197256329095875e+00
-8.092672202861809438e+00,1.107275302791693505e+01
6.123180176454279255e-01,-1.141863953691356137e+01
9.649658299143846207e+00,-1.101342841660452265e+01
-1.547756481949592633e+01,-1.101504826315943042e+01
-6.144514255470659769e+00,-8.200081044902043814e+00
1.420238409127895451e+01,1.258582337286866704e+01
1.839966427393332493e+00,3.225306095281479823e+00
-1.522012935319163063e+01,-2.549650466682324979e+00
1.473360064555726900e+01,-2.146500072971270434e+00
1.694541030473348897e+01,-2.283303285302983099e+00
1.106830647772165221e+01,-6.291385568118591287e+00
-2.643181990202958076e+00,5.318178439282577941e+00
4.030661654573262531e+00,-1.413710021236203929e+01
-7.067715679855422373e+00,-4.175205982802892457e+00
5.731985223007344032e+00,-1.163329249774218610e+01
1.890598254597681205e+01,6.065580475473602018e-01
5.989806762314060506e+00,-6.934607925033246190e+00
-2.018243490545824859e+00,-5.636164595215998219e+00
9.845446476278064907e+00,1.624799805718599188e+01
1.070636785854722106e+01,5.473058626488000122e+00
1.691205218472372351e+01,-8.650580155631256929e+00
8.115378063159679911e+00,6.413257676571678445e+00
-5.436832937285478451e+00,-1.120933580952481190e+00
2.959495328772223210e+00,-1.007608406725529804e+01
-1.084965669274265210e+01,5.931327433801734550e+00
7.515409705298158549e+00,1.166241692663765050e+01
-9.533220864361917180e+00,-6.795308237740937507e+00
6.093990569786521760e+00,-1.680393056264236051e+01
-2.212104556452143100e+00,-9.829512056574509771e+00
1.233286346024935654e+01,6.406458462774859086e+00
8.255709465937998814e+00,7.151118098335352835e-01
-1.000274476289860459e+01,1.445225620358429452e+01
4.328232958968862398e+00,-6.241125601714403892e+00
-1.242427565758492447e+00,6.446181570980702880e+00
-1.852252567269769834e+00,-1.163904596908379929e+01
-6.394460955836716920e+00,5.555800817345015297e+00
-6.630533580982558739e+00,-1.142581563351929752e+01
1.691698072398244790e+01,-6.781974699559599529e+00
3.054203245111549947e+00,-1.560999809717667119e+01
-2.524765443712958746e+00,1.458653738847976378e+01
1.114380788174592318e+01,-1.897599972057738782e+00
1.387366842208743556e+01,-1.012448080180957355e+01
-9.040462849279988333e+00,6.325678115788137212e+00
5.580146952735701937e+00,6.002277230991685641e+00
7.068223156600596191e+00,8.900463799457540404e+00
1.219086406527645572e+01,-1.061933043344415672e+01
1.342442557464103992e+01,-3.320757597218451096e+00
5.986303150469415080e+00,-1.865383032766382954e+00
7.895506084343843156e+00,-4.670158085033023099e+00
-1.515924913947740649e+01,-4.656962246107107184e+00
-1.289084744643074032e+01,1.200638121787145174e+01
2.581704162009315962e+00,1.527977773264113104e+01
3.613774058721939575e+00,8.506623472400207220e+00
6.417820132605247530e+00,1.775583425066369969e+01
1.234387023709082953e+01,8.195362058509509495e+00
1.677046718133578551e+01,1.726918424203007119e+00
8.748301453624970137e+00,8.162096346748576536e+00
-1.192796171898921997e+01,7.440828085540735159e+00
4.825034523106469742e+00,-8.298403539895685910e+00
1.340538312657028897e+01,1.202112790260570163e+00
-5.556881686746814708e+00,-9.856926797195111334e+00
-8.683813787290826980e+00,-1.262386001478920505e+01
-1.325572938766317321e+01,-5.136821500709523036e+00
7.634975460992493801e+00,3.905287329018529707e+00
-1.670203469711879762e+01,-3.609941399693209263e+00
-7.256551136729207485e+00,9.512873197268403302e+00
-1.236335220212826691e+01,-1.432825196644039600e+01
1.160211454341553861e+01,2.076581671510948635e+00
4.104537943502167607e+00,4.942086554034688106e+00
1.679123942939241942e+01,-4.955552634240870447e+00
-7.843620200666719278e+00,-7.466280873446583755e+00
-8.017330760830176928e+00,-5.664189381047116001e+00
-3.887600407445475081e+00,-2.630451929269956857e+00
-1.229141628924812579e+01,4.842975046102149683e+00
1.128737186909602741e+01,-8.273171427593378757e-02
-1.176809376510985672e+01,-7.987861262796853268e+00
-8.496226719465663990e+00,1.170030152693008141e+00
2.907106366281830834e+00,3.821942045475515415e-01
1.541117071726433352e+01,-3.817037946708859320e+00
4.576428625459532995e+00,-4.129070531951280820e+00
-1.099244313347122493e+01,3.286589551015223432e+00
6.398190415711911827e-01,-1.767459850094902052e+01
-1.021121333118938601e+01,-2.062613255425563841e-01
