-7.143892163555295660e+00,-1.237207668218766266e+01
1.605990508437967890e+01,8.636882222486837790e+00
1.247403126698578113e+00,1.893990602515444266e+01
-9.203081856288660489e+00,6.649417040483090346e+00
-8.505721591583146335e+00,-8.888225441041210928e+00
2.818515985183161821e+00,7.549755594607319154e-01
-9.777679275175211737e-01,-1.529086444208408224e+01
-2.957357739370427563e+00,-2.728417839742161566e-01
-4.161618990367080606e+00,7.300884259228255679e+00
-5.928642265125395383e+00,1.106118995293376805e+01
-1.374031184475535383e+01,3.555977239622310382e+00
6.792813400443370453e-01,-1.162939286785481752e+00
-3.703119355976087768e+00,-4.565162205276274143e+00
-5.112000262046487720e+00,3.836729318579544135e+00
-5.564834887167983135e-01,1.138928746035237793e+01
-6.465122229244457674e-01,1.582995548147347220e+00
-1.375785162913365944e+01,-2.016788372613484537e+00
-4.916749943334519202e+00,-5.846418928408655624e+00
-8.870773798906820273e-01,-5.145868642386090208e+00
1.652161631451234314e+01,4.533012615941381718e+00
4.768866444617092526e+00,-9.357183991108467325e+00
5.516807178508150500e+00,9.850569688039152894e+00
4.784911202927732532e+00,-1.499695119684084155e+01
7.777850942528972134e+00,6.934684281290964591e+00
-5.593256210698788200e-01,-1.721703836351278127e+01
-1.207006782454899607e+01,2.883910389976312771e+00
1.126519542311339350e+01,9.788339663663053969e+00
-2.532588610415634989e+00,8.044388412028430579e+00
-2.855829638932366965e+00,-1.115917718059696284e+01
4.534875874511039129e+00,-4.116563220617183383e+00
2.109794392612750702e+00,3.995686191392346043e+00
1.824048363906090042e+00,1.688067574083434152e+01
-8.721854228918301644e+00,-4.779679688823709860e+00
6.794792055253211949e+00,1.429030897908673126e+01
-2.035264530567836072e+00,1.779460473693255551e+01
-2.612913082690783373e+00,-1.456588043221735163e+01
-2.961164280881844135e+00,1.610118490170685135e+01
2.625059481777124226e+00,-1.039105544180514373e+00
5.560808332631059336e+00,-2.607752300949596425e+00
-1.551134152119622911e+01,-2.297925887927704913e+00
-3.745098954907184030e+00,-7.237620773646303185e+00
8.124411991076147643e+00,-4.414207394034114884e+00
1.417524308657283960e+01,7.912198338839717238e+00
1.149837112915339299e+00,1.525550727774729332e+01
9.259177858700484265e+00,3.663708978858349230e+00
3.990075298052590647e+00,8.985646412366028457e+00
1.173297048895692285e+01,-1.376051624430890996e+01
1.571076181271812722e+01,-6.845787023845363528e+00
-9.235601800125721184e+00,1.069638978047102107e+01
-8.958899195326468501e+00,-2.896224405538462499e+00
1.604100119097338961e+01,3.195192089768199573e-01
-1.752280268075853797e+01,3.497887158909787075e-01
6.897639642834194618e+00,5.339276782967258939e+00
1.000598992041630630e+01,1.146096769651098635e+00
-1.328797332998436787e+01,1.357767060925219482e+01
2.261547586069349691e+00,-1.023133205398175249e+01
-2.043716933259604129e+00,-7.680018287687882861e+00
-2.675023102532858577e+00,6.238989130620143264e+00
-4.040171164408643989e+00,1.088182031706431552e+01
-1.044100204771111784e+01,-3.920276691419825710e+00
1.454161980929365683e+01,9.761442788313713592e+00
3.029526751667813933e+00,1.873903242329226870e+01
-1.050981825343840548e+01,1.194288628440541267e+01
-1.699342875282321419e+00,3.022237122206158588e+00
1.808715262979271543e+01,3.581138605104433825e+00
4.491735052547671803e-01,-1.417184882411348212e+01
2.376133242061430284e+00,-6.955567804633444595e+00
1.792907142705832513e+01,1.781230611829195398e+00
9.595822357658981616e+00,-1.431737402470578857e+01
-3.310788232069805215e+00,4.551216326456713368e+00
-1.415071521153356571e+01,1.002989895976283741e+01
-3.600154666746873566e+00,-1.287662579316753586e+01
-8.864363483430894863e-01,-1.132138376604595464e+01
4.936597582509578253e+00,1.155274660841075907e+01
-6.892228039263788908e+00,3.843479094650998018e+00
2.385144002796140139e+00,-1.669813548093569366e+01
6.692567546872861151e+00,1.922448520862043653e+00
-5.242932141922548084e+00,-1.218131274341433468e+01
-1.828326891695272138e+01,-5.159747079119399338e+00
-1.039270400206212486e+01,2.345099217901932764e+00
8.899795748535296980e+00,5.517470796011993528e+00
1.007909627962516552e+01,1.139506464502856531e+01
-7.475582669692794724e+00,1.013384800337422220e+01
1.187892659952532792e+00,-1.184517228064635042e+01
1.061899827338868718e+01,-3.620454512312614614e+00
4.771893756729729263e-01,6.143718190767559761e+00
5.059604857005232326e+00,1.744483391376354575e+01
-1.581307150312564147e+01,-3.297389944283795060e-01
-4.705290987230396738e+00,3.668516402590071279e-01
2.775455624527868870e-01,-3.703606227374955484e+00
-6.613767971735017071e+00,-1.064029733647426212e+01
-9.238483512691454180e+00,-1.062447054012743308e+00
-5.610892073157028648e+00,-4.220466261305976907e+00
-5.527362635002022184e-01,1.878396557482688323e+01
1.447016521580696136e+01,-1.043383117825296047e+01
-6.171524312239496268e+00,6.886559475250239259e+00
1.250155472399372414e+01,4.953361301865413679e+00
1.959528239320633136e-01,4.262004362894587395e+00
-1.024502531771313762e+01,-1.095454940635151253e+01
-1.209733883995843140e+00,-5.654159244805327944e-01
-1.590318231462613596e+01,1.456967116419653818e+00
1.442918481237459005e+01,-1.230647903707654223e+01
3.355962174402938203e+00,1.064524451025775065e+01
6.361542696054016233e+00,-4.342787847945528412e+00
5.014394436627096496e+00,2.520766854471820473e+00
4.758084525402654030e+00,1.516402795858167707e+01
1.468491823864740908e+01,-2.116772731016505205e+00
-6.942946988838684774e+00,-5.379082969042328521e+00
3.443298805258616646e+00,1.357723120554880225e+01
1.077464476092894508e+01,-1.759997091642709899e+00
1.020745494726948799e+01,1.318149261329595312e+01
2.132525059627587094e+00,9.302314809039154753e+00
-1.005091657963678031e+01,5.624376024843560362e-01
5.548154028994751741e+00,-1.175875452370756769e+01
-1.206942791198583720e+01,-1.092405417029111625e+01
-1.017499764611712010e+01,8.145515409264499240e+00
-1.878949430502150619e+01,-2.608123849928405846e+00
5.864778584849388743e+00,-1.766265634595809431e+01
7.376535005972669090e+00,-2.783029648875818829e+00
-1.139265640029737264e-01,1.674356000773449793e+01
1.426075139644702539e+01,-8.653689458456486960e+00
1.694378609627655763e+01,-1.246100950316405775e+00
2.129820423664953388e+00,-1.340172131816200185e+01
-4.747036145050127054e+00,-1.047260227729691806e+01
7.728982145683133353e+00,-1.064058182219123516e+00
-1.124078924256102319e+01,-1.250745188728580182e+01
-3.575219846857968342e+00,2.803288957378249346e+00
-6.177050129804419143e+00,-6.650326458127526763e-01
-8.460420704312147322e+00,4.755266145182921456e+00
-5.892166277773985605e+00,-2.417743354947905932e+00
8.184437722112108959e-01,-5.772297601047900351e+00
-3.916532269530656585e+00,-1.811307480324807884e+01
-7.470502756474725059e-01,-2.280198375755996043e+00
3.001725217606038942e+00,-1.499981666062404884e+01
-1.389065197544014296e+01,-5.687720728045146501e+00
1.585385798753528519e+01,6.840150958310633023e+00
-1.727849342811350652e+01,-1.471262316329077224e+00
-1.721844310335433903e+01,-6.602208713986946087e+00
6.370307098666417644e+00,-1.018824909530091283e+01
1.192279542305417017e+01,-5.496189343974981156e+00
1.515579493938937894e+01,-4.623100369485840133e+00
2.962649673313030974e+00,1.533668447458349782e+01
-1.585601312287803388e+01,7.513272700628574441e+00
5.227308738049206427e-02,9.127956610308777030e+00
-5.327375251376194498e+00,2.044171587505600574e+00
-1.297007381042512186e+01,-9.296504798286935767e+00
-2.449440667532573723e+00,-5.956862484404012115e+00
1.379743162527078404e+01,1.466175344413462645e+00
1.619514377917804282e+01,2.133993844957369213e+00
4.575507077300724035e+00,7.483609359870129207e-01
1.319700920217940343e+01,3.248896463370777532e+00
-9.687911686995349214e+00,-7.545558566737959438e+00
5.132066328635714214e+00,5.511058384872093541e+00
-1.410473706940643268e+01,1.625142014665976520e+00
-2.027956746822837442e+00,-3.798667680512745282e+00
2.942562849382293066e+00,7.414536714455133293e+00
-7.291990180548894251e+00,-3.619042587521383858e+00
1.953885391944106820e+00,-4.385769567754520537e+00
1.231927035903280476e+01,-3.094860887547403738e+00
1.066142036295296514e+01,5.141095472253993215e+00
1.021487273943656326e+01,1.547574139276112781e+01
1.036470091260513593e+00,8.427639236433073222e-01
7.468313052007919950e+00,-1.665215299053816622e+01
2.303056934407020417e+00,5.741496273117073557e+00
8.008777861746823490e+00,-7.909341490457121537e+00
2.398210996338915990e+00,1.213877751135114735e+01
3.697202196146486042e+00,-1.814875238839765004e+01
8.607267136721912237e-01,2.598825663891772830e+00
-1.482276285206489241e+00,4.802194497366834902e+00
1.818223711951337407e+01,5.375964225221645520e+00
-1.071360490025989343e+01,4.123538887949288245e+00
6.324200702685994102e+00,1.603232326526031670e+01
3.381709177779264941e+00,-5.437180819876157756e+00
-8.657014854154647665e+00,2.898768187604611857e+00
-1.834637350704421621e+01,2.000956799447951351e+00
3.552267327662084195e+00,-2.585237282211690246e+00
-1.764407724033155489e+00,-1.297935335600675089e+01
6.258429899404286623e+00,-8.232896836517877404e+00
1.898081446744973633e+01,3.814108153629532927e-01
1.083020213715337121e+01,2.701140739256495671e+00
3.893081076903436522e+00,4.228584408869664912e+00
9.450616125616020824e+00,-5.331586951259947860e-01
1.317562046609950466e+00,-8.421736441221385761e+00
-2.420113865971100786e+00,-1.705379945152165178e+01
-5.275737127245521130e-01,-8.612377940228158835e+00
-1.342847436018062979e+01,1.170344234450084286e+01
1.762074815500261948e+01,7.055266465074923943e+00
-1.733157663349212996e+01,4.881046618835061857e+00
3.088745838147434419e+00,-8.648127423566792871e+00
-8.489875684235721920e+00,-1.098950216545457614e+01
-7.572745315726801429e+00,-1.800675165492002794e+00
-1.897596304232196829e+01,-7.291490334217126668e-01
6.157189736873594832e+00,-1.731211574160131383e-01
1.437169615106232534e+01,-3.139739568177609130e-01
1.163378174564394074e+00,1.341008116582964860e+01
-1.534264988795376183e+01,-6.837213264141230873e+00
9.143348116135737058e+00,-2.487029533991732322e+00
-1.018803220325524395e+00,7.133166957989415913e+00
-4.182987563560320865e+00,-2.870613932949666491e+00
4.466683140628965876e-01,-1.016270422971973275e+01
-1.704087158192051277e+01,-3.292044459801184875e+00
-6.232899339919433679e+00,-7.066533519758495530e+00
-7.119106798515892898e+00,1.908255550271383605e+00
-5.924685713628273120e+00,-1.383622840081280536e+01
9.895430152079702779e+00,8.643275742197156220e+00
1.500082571780216689e+01,3.579383261058270982e+00
7.277010649378638618e+00,1.033933503288283440e+01
-1.315753238135155101e+01,5.375294303725931755e+00
3.176974357409978467e+00,2.525894035965162931e+00
-6.051968346191053394e-01,1.499819060494405676e+01
1.006815221757507928e+01,-5.401109384561111781e+00
5.117941669015731776e+00,-5.773836031513011058e+00
-5.970151403605666651e+00,9.229919536966098903e+00
-9.119777139825210099e+00,-1.280789198616742475e+01
1.432048728375614743e+01,5.262886460914113940e+00
5.852365567964555204e+00,-1.358766358958397369e+01
-5.234364917620061064e+00,1.472905472103796676e+01
-6.672142483160679483e+00,-8.835328332095096826e+00
-8.451517274631399346e+00,8.663391337691374261e+00
4.551548832779195308e+00,-1.073696732492910311e+00
-2.497514286173918574e+00,-2.039862460757016827e+00
-3.861472073033453523e+00,1.353769099411677601e+01
1.174998253375210355e+00,7.756450179837562686e+00
3.936074442501749537e+00,-1.091499790196248831e+01
6.798350000514685298e+00,-6.540872438849711479e+00
-3.151518364262409388e+00,-9.378241519217496602e+00
1.100108414058061612e+01,-1.541644255612083114e+01
5.267868711633623136e+00,1.340515517196099538e+01
4.724030075402393614e+00,7.252182839831855965e+00
-2.431515021900349627e+00,1.420132487783374309e+00
1.227415505023694564e+01,7.788646513263463689e+00
1.755783928381083214e+01,-5.928045208173046809e+00
-1.179464136407980490e+01,1.089931627892053445e+00
-1.549497378464702813e+01,3.314601356775622065e+00
1.726578656254589728e+00,-2.593811214945266119e+00
8.140154983508438136e+00,8.206606453828354519e-01
1.891729510335871112e+01,-1.472302116924915971e+00
1.065131291395078605e+01,6.987022723159926230e+00
8.131631235336644892e+00,8.723556894277052720e+00
1.176366857752535644e+01,1.187961235198476739e+00
6.233748549894104762e+00,8.197748546576205442e+00
-7.995738682438572553e+00,-6.926005166568525162e+00
4.374547970465159530e+00,-7.435491313662867086e+00
1.284971047989660065e+01,-1.378264434361168300e+00
1.621951670060144224e+01,-3.213254073744740591e+00
1.309730184972506351e+01,-6.804839412282977840e+00
-4.874562465530345889e+00,5.623309615394066263e+00
-1.404895702561006487e+01,-2.305581894410403121e-01
7.434605796303847214e+00,3.615999403702593540e+00
1.106013753265518318e+00,1.081805586439853073e+01
-1.346817340508036764e+01,-7.551272963549767070e+00
-1.181956935410595122e+01,-1.163632956316283495e+00
-2.535094289526241162e+00,9.811608628162680645e+00
1.091296751951283461e+01,-9.549501170626365720e+00
-4.142106777027087183e+00,9.091009638856464292e+00
-4.894708851178839026e+00,-8.626866439016058763e+00
