-8.701786311888289660e+00,1.048213254445749953e+01
-1.209672697550286058e+00,-1.168376280170886794e+01
-6.033949347942381358e+00,1.800908140999052520e+01
-7.447217235214854902e+00,1.911451211504052061e+00
-3.613878470544912513e+00,-6.341180435144429417e+00
-1.550484572073036560e+01,1.096928267437885829e+01
3.888489324174248196e+00,1.798080555197734753e+01
-1.000005470899500892e+01,-7.945604537123718281e+00
3.146273372788484846e+00,6.106025588227056211e+00
-5.490591081582568478e+00,6.401236821432184421e+00
-1.505972101540364250e+01,-9.894302826661006023e+00
1.335335328399978749e+01,-8.012265854447244706e+00
-5.242161773813688086e+00,4.580716030204346367e+00
-1.696732118718994187e+01,-4.450216188335684997e+00
-7.498615401373698752e+00,9.185405353872587497e+00
-6.824536904742330101e+00,-4.742035539122727350e+00
1.166100161372913391e+01,1.116026585158525464e+01
-7.833611258108900799e+00,-1.367768802129250361e+01
1.587311216662168434e+01,-2.616586533659908564e+00
1.399830459258768478e+01,1.071623653734572734e+01
-6.855726246217306752e+00,-2.883562599795313819e+00
5.364674553798784551e+00,-5.624034156108543847e+00
9.603402011565071561e+00,-1.214257867847474337e+01
-5.256706555227860456e+00,1.511634899859938486e+01
1.336010026594236599e+01,-4.686487707922490031e+00
4.694344316310047560e+00,3.226995265436637172e+00
4.642115875980604933e+00,1.069874656905457400e+01
1.382889128600427897e+00,9.315264516183528798e+00
3.203814426648776692e+00,-1.870029777568541007e+01
1.217830037479374639e+01,2.742941166265345565e+00
5.718046798445861612e+00,-1.719339342087977007e+00
-3.433870925175465327e+00,1.525734852291942367e+01
6.439302017119187482e+00,-1.229426373140813133e+01
2.698754607896669100e+00,-5.628943937673269282e+00
-7.119363504888692518e+00,1.339027304595712664e+01
-1.329256987180659877e+01,7.516521689938583606e+00
-8.224297762157647185e+00,-8.000802360397267776e+00
-1.806134709022485652e+01,-1.057895536602300846e+00
-7.156224310880062944e+00,-9.442180254851047394e+00
-4.760937714621476857e+00,-1.319593564953566123e+01
-2.308409191710206088e+00,1.382831051253532628e+01
-7.324472454117390008e+00,-6.481089999290189141e+00
-6.962931989628146745e+00,5.279837076558848707e+00
-5.301846399932822251e+00,1.323857874118221112e+01
1.309681155177420209e+01,1.223285840151850401e+01
-4.186527966600778750e-01,4.628935248238729372e+00
1.513853267007537795e+01,-8.130735345331039809e+00
1.687785724655632080e+01,-9.718152831382032009e-01
-1.206469062740656994e+01,6.206556709375226966e+00
-3.375874971360542709e+00,3.216201048637817306e-01
1.200059392880681308e+00,-5.881952387811659744e-01
-1.046366420669741615e+01,7.842709007721171410e+00
-6.112889735455998341e+00,-1.451496747724997860e+01
-1.097027195175446046e+01,1.285066449892337026e+01
-1.716138599955678856e+01,8.004410556666444521e+00
2.677045081187024334e+00,-1.546233414327022437e+01
3.992016615550386671e-01,-2.887691972165737919e+00
6.786172357610015027e+00,-4.393198343244338666e+00
-1.019291268957403673e+01,4.228000364006955891e+00
-2.112054171276656955e+00,-1.005859534179117176e+01
7.925285962831523090e-01,-8.495615065624708251e+00
-8.895287771429712720e+00,1.299619911643961068e+01
-5.159280671928336837e+00,2.482103151355085358e-01
7.266719800582476019e+00,-7.950988599657692113e+00
5.225395818930171465e+00,1.571347391657869252e+01
5.756778729306191167e+00,-1.065879155044055793e+01
-6.965946050449728588e+00,1.219676437725299573e-01
-1.357655531853541930e+01,-7.901153657675399344e+00
1.489406739582502581e+01,-9.999961202986490605e+00
6.284596339198918358e+00,4.068716988765557652e+00
-1.674571503259705452e+01,4.706625738194145647e+00
-9.429694496495194533e-01,-1.421964820648308070e+01
4.726082155027544474e+00,-9.105344089568319532e+00
2.192052347067958262e+00,-2.071887052469345125e+00
-1.220726832856393962e+01,-4.274075602991377565e+00
9.600061750531970972e+00,-3.372418417487762277e+00
5.661604154712427395e-01,1.547387710071725264e+00
5.908563543402162166e-01,-1.132223595630889967e+01
-9.146996096085116434e+00,2.487934955672543413e+00
-1.265796919014609045e+01,1.593087012810729952e+00
1.093477789834502900e+01,6.878800397104635422e+00
5.133854462823306264e+00,1.290050620371467716e+01
-8.494042704980412140e+00,6.243650078651036495e+00
-1.198438000310593310e+01,8.860818880045462365e+00
5.820893672410495157e+00,1.789549023007616535e+00
6.700546815487294916e-01,1.095852114635665231e+01
-1.445049175156764321e+01,-1.543488765765309356e+00
-7.754337313341266302e+00,-1.122353794124843418e+01
4.677262278768428594e+00,-3.921059553648465368e+00
3.347013249449950489e+00,-6.169584496220927861e-01
-3.818372578407070783e+00,-9.204263680275770909e+00
-1.592414312020347644e+01,6.398530527661273837e+00
-1.044356181234747893e+01,1.143674724983091640e+00
1.408211008499130124e+01,-6.333262234152588377e+00
-1.176098018796483125e+01,-8.307407040449231062e+00
-3.983895801012347970e+00,2.474118777832063021e+00
6.243174927115241246e+00,6.215397889965628586e+00
2.557104780535722099e+00,-7.441160424518137084e+00
1.118802320693022656e+00,-4.599261777846972876e+00
-7.947527831884568350e+00,-1.475041760968431204e+00
-1.627105226137678429e+01,-6.093372465633640545e+00
1.778743061468358988e+01,-6.639604539584544440e+00
-6.603872547744912280e-01,6.505067729972188850e+00
2.298687725967792250e+00,8.133908314961929564e-01
7.738330252808540699e+00,1.012998561755767923e+01
-1.449826337008374821e+00,-2.873337717432035365e+00
1.073660330134003082e+01,3.957814444098399775e+00
-4.094380224075526264e+00,-1.339218347443282831e+00
-3.060815243701390909e+00,9.908202328421239713e+00
7.632709359303404106e+00,2.756669126190567365e+00
3.944494481486247928e+00,1.448371801452939955e+01
-2.526548586123285922e+00,3.571361756321417502e+00
-3.198972453188568821e+00,-2.979493649114545839e+00
1.515541217532199347e+01,-4.349564338103963479e+00
1.533650157853962348e+01,7.287657199596730528e+00
1.234574044916791624e-01,-6.121080460636644460e+00
-9.293715972313165707e+00,-2.683718033691467220e+00
-1.498070310218999879e+01,-1.167825175913128533e+01
1.001804198341594976e+01,-5.868687464615715221e+00
-1.024575252724500096e+01,6.004668708117342213e+00
7.888232876053956844e+00,5.418306907602349121e+00
1.490156891491318447e+01,4.447183370843775130e+00
4.825272049861927037e+00,5.125108431128619912e+00
-8.273035037304434791e-01,-7.755317376215093539e+00
4.450752186557446421e+00,-7.349970984555908693e+00
4.460500651815231699e+00,-1.655376393985319439e+01
2.811870778451742936e+00,-3.847779987507451427e+00
1.869361718173503562e+01,-3.166322815126080048e+00
3.988221180945100031e+00,-2.301154816882986953e+00
6.501202575509794634e+00,-1.407862617157312535e+01
-8.412981320354445458e+00,4.107175405410695923e+00
9.868557465820787300e+00,1.057984370214026626e+01
-4.761281506390467655e+00,9.286048828285100143e+00
1.745861111063186755e+01,3.785816028713097747e+00
-1.079797041631227295e+01,-9.777867431387342378e+00
-1.370944284285859105e+01,1.095851633097083422e+01
-7.039704655742164086e+00,1.519238011822831602e+01
1.270496189298051526e+01,6.387179736189679602e+00
7.194227839687117765e+00,-6.153198037514471253e+00
9.161377527026294487e+00,8.903861388536737920e-01
1.470174504532489479e+01,1.095146658942486306e+00
1.394272863006330709e+01,2.707485556180942332e+00
1.393467615324848374e+01,-6.194746770141589254e-01
-7.861584091907669603e-01,2.853730012167331243e+00
-1.403396424318816393e+01,2.153220454685308705e-01
-6.155664507513754380e+00,1.043135019524984308e+01
6.147904840429397666e+00,-1.581066273459224902e+01
-4.366084608112117849e+00,-1.500529020524711221e+01
-4.295480761913391454e+00,-4.576690540795349982e+00
-1.155051300161627204e+01,-1.151374723181047699e+01
-9.959243200729295253e+00,1.443301473819293257e+01
-3.855265082814163941e-02,8.205476296194488484e+00
-1.399299767987903387e+01,-4.553179777402019290e+00
4.594738172625900674e+00,-1.212040770801484335e+01
5.276178681418158156e+00,8.902322919251798083e+00
-2.308364237136887986e+00,-1.172481533267359932e+00
-2.452974280978612143e+00,-4.602715192106813902e+00
8.479139684389950915e+00,1.325500213217226353e+01
8.964051627961902469e+00,4.008781587904010735e+00
1.350186497367058180e+01,8.011885755980696189e+00
9.835295524028834890e+00,-1.598620442719650425e+00
8.943141454873106966e+00,1.503351323926771244e+01
-1.789270413881012445e+01,6.304118292368891652e+00
1.055149030037648927e+01,8.644276716603775057e+00
1.178765270820405142e+01,-5.475535577706511781e+00
1.582448549177297537e+01,2.848732660501446912e+00
7.980420561723393647e+00,-1.519540912585370229e+01
1.880952339363892278e+01,2.635373600233475333e+00
3.218056697651559439e+00,1.283625167472974127e+01
-1.313625354492498953e+00,3.125071048712380062e-01
-4.338709139238942747e+00,-1.849297464268154911e+01
-1.143737478277849995e+00,1.653752622446254961e+01
-5.473468131414501947e+00,-5.954973431865392186e+00
-5.177242567124864525e-01,-1.335413619165543242e+00
-1.035570924336319720e+01,9.666357988653116351e+00
-1.274548488593231355e+01,1.247073449536414458e+01
1.156858071161601842e+01,-7.636256201905965213e+00
3.426784353940984573e+00,1.625598686013916705e+01
-5.058855225962243019e+00,-2.974969676665299545e+00
9.032471440681668184e+00,-7.389465372726471415e+00
-5.692986524881225918e+00,1.996390654826620370e+00
2.502852280344847191e+00,2.613036382711902306e+00
1.387503472472903399e+00,1.270571102031025035e+01
2.448280927659113537e+00,1.114741956466866313e+01
-2.414723741811624524e+00,7.013723005675022826e+00
-1.749675907789191243e+01,-7.362336851592929499e+00
-9.102769024805928311e+00,-6.408605145049051544e+00
-2.084086586633008942e+00,5.277758717599144056e+00
2.559217319332783180e+00,-9.207074269506444253e+00
-3.931208274463338981e+00,-1.098999075610490372e+01
-1.413311335642427657e+01,9.138467479541388272e+00
-1.539468852529679843e+01,-8.029642394361538038e+00
1.595912267021956588e+01,-6.129317955147820740e+00
1.147035229400803491e+00,6.832768105592756491e+00
-1.754771283938469928e+00,8.679559900967184660e+00
-1.325923828948290684e+01,-9.742727297437516754e+00
3.385266596967816621e+00,-1.376313720758613712e+01
2.642699437593677203e+00,7.789667683968895417e+00
-3.836308894994804763e+00,5.795005396888205595e+00
-2.746469387666987672e+00,-1.412838534002947277e+01
-6.676141805142781216e+00,3.540599928459295498e+00
-1.158710610939104058e+01,-2.504423796464974039e+00
3.204973931252333319e+00,4.219648107741620358e+00
2.813356698975651771e+00,-1.202739705505289258e+01
-1.132384482010923143e+01,-4.188309603813576976e-01
-1.132325137574850160e+01,2.737447885997282171e+00
7.498221137613942489e+00,-9.570848274402260492e-01
8.516376975266007676e+00,-4.929675310096111041e+00
6.123281664953750258e+00,-1.793823296670357337e+01
4.711237809358933326e+00,7.075281423450919149e+00
-8.616018909304550277e+00,-4.650908436259314271e+00
-2.322591622669775369e+00,1.799923355240366618e+00
1.864250610051448831e+01,-1.355766557784463755e+00
7.409946813141726096e+00,9.516823276397544662e-01
1.250264560122223756e+01,9.570960529813705264e+00
9.055950255456382436e+00,-1.046088745790539498e+01
1.149456695630630421e+01,-1.232428572069057537e+01
-9.600018435774133607e-01,1.027805981611050434e+01
-1.508649757537266467e+01,4.119406789932208213e+00
-8.971295255391785517e+00,-9.882339311531787018e+00
-8.698275070097000850e+00,6.339272606127731580e-01
-7.033935380158959028e+00,7.434909187730795566e+00
-5.891549244030405141e+00,-1.420531058285068760e+00
-2.281379595382666547e+00,1.161731038372421132e+01
-7.733692410137587014e-01,1.480951957038796429e+01
9.744835640316992453e+00,-1.397157197517190674e+01
-2.717458156494763966e+00,1.879332264153906706e+01
4.032342357891058882e+00,1.569785199397062847e+00
8.967708794345127243e-01,3.391568412431179791e+00
1.299900799852412980e+01,-1.133780127943833627e+01
1.490879310133085944e+00,5.103996004662568531e+00
-5.425909964317539469e+00,-9.959459824645721326e+00
-1.086455028293735303e+01,-5.896942365336096614e+00
5.058350331658902022e+00,5.166402403260603182e-02
-2.671292113121793044e+00,-1.602474260236816050e+01
-4.698313852561129877e+00,1.679287518275050317e+01
1.811314592934903089e+01,5.685509542300222208e+00
6.967360189131615478e+00,8.321827431998373825e+00
-2.859712552941375829e+00,1.701087666258388964e+01
-9.635066735112930658e+00,-9.481730637970924302e-01
3.249823514270368641e+00,9.490459864953079361e+00
-1.205406386848574485e+01,4.352460556050386842e+00
-1.038055337069587125e+01,-4.168822725032597099e+00
1.233163992809853049e+01,-1.434850174114473376e+01
1.531818490171080516e+00,-1.789150720212821000e+01
1.390208480118026735e+01,-2.898907258315071456e+00
7.266754286710741972e+00,1.725077579925013893e+01
-1.263777508383477333e+01,-6.047721873110698532e+00
-1.370524600997614328e+01,5.265468218759685293e+00
1.577884305581028279e+01,1.054923308722987407e+01
-9.563366129683272376e+00,-1.164337587166582111e+01
-4.500057979471054459e+00,1.112896899982102639e+01
-1.716849096349531090e+00,-6.220072655663738459e+00
-4.113296464553591214e+00,7.534067434360070870e+00
-1.447981792297116677e+01,-6.314807333146764456e+00
-6.454532574717118942e-01,-4.513822903966239863e+00
