-6.533736052494983682e+00,3.757218538719034662e+00
-8.171330138600230164e-01,-3.507543725781453681e+00
1.870037397640095378e+01,-3.224317768661270733e+00
7.028891244599575927e+00,-1.760728732963159260e+01
-1.139814173257995122e+01,7.920816543420353462e+00
1.126269142796595624e+00,1.172572617715785803e+01
6.130833724836212362e+00,-2.546460140209013900e+00
3.554719608520358953e+00,1.151442534172368681e+01
-6.547892807303793639e+00,-1.535052668229822892e+01
-5.241763584522064479e-01,1.085412889046404494e+01
-4.279986184180597952e+00,-4.205037323844229569e+00
1.232421885988758525e+01,-6.883781817924502278e+00
9.402181741739845222e+00,1.104333603668393060e+01
2.080993304520528664e+00,-1.313449843328597844e+01
-8.210760081106637243e-01,1.879325370841411313e+01
-1.382634473687295751e+00,1.277370306194577410e+01
1.061027171572259675e+01,-4.655873803699251745e+00
-4.719453547352929768e+00,-1.612148119321054196e+01
1.322367543024295600e+01,1.829789446543820919e+00
-1.290713939268709609e+01,-2.726128606376529095e+00
-1.632585728544598780e+01,6.293440006111790552e+00
-1.730484408285715858e+01,-7.791871596091409558e+00
-3.558585464803027509e+00,5.765542272788912292e+00
5.922936630156801385e+00,2.580406063243429582e+00
6.952228092129266734e+00,-7.374526493577555186e+00
-4.943621993239045942e+00,-6.380436887144455005e-01
-9.770380492685619700e+00,-1.029519340239684411e+01
5.759049097068141165e+00,-5.933475680746137293e+00
4.248995951036028451e+00,-2.608112741384537969e+00
6.626008260246056381e+00,6.530940436796810467e+00
3.066443459811777572e+00,6.165503272848948946e+00
-2.622713272565115439e+00,-1.354979598893588033e+01
1.268385051589467682e+00,6.051109325278978268e+00
-1.032711262457406320e+01,-1.425530200784263535e+01
8.296530380472480815e+00,5.865707500028395138e+00
1.822720285903877624e+01,5.274359855533782060e+00
5.479513716043778793e+00,-8.509353040365814635e+00
1.298356614634519701e+01,8.851966156252350615e+00
-1.542999196557590480e+01,-3.740247267566688016e+00
-7.151387643616030410e+00,-7.858348383006934570e-03
5.189673589835872569e+00,8.624379425997409365e-01
1.893825429073809374e+01,-1.332536331779849537e+00
9.831019980743311848e+00,7.235261886668221898e+00
-1.132017852293186699e+01,9.703839726483066030e+00
-2.585709805833181552e+00,-8.707005687260625848e+00
1.709004237408724425e+00,4.306380777761435574e+00
-8.066694322041978893e+00,2.871604149967874609e+00
1.514760499031967989e+01,-4.470632757939848823e+00
-1.523129830568100651e+01,-1.123110401078210252e+01
-6.723817768642132542e+00,-6.805746040572892674e+00
-2.610057310950978593e+00,-3.595685649244639848e+00
-4.529896143966559485e+00,-1.800678727457352934e+01
6.706135911939959726e+00,1.431789991584450128e+01
7.781165579105275398e+00,2.815890979042618980e+00
-2.745003703829620445e+00,-1.073961183092029614e+01
-9.854156773687426707e+00,3.149103117976186805e+00
-9.472592405874815213e+00,-4.090510221015710712e+00
-1.089838973089207386e+01,1.802617030740887860e-01
1.127087158190714966e+01,8.390075363478912251e+00
-5.739331212453920195e+00,-8.416426748845180938e+00
-7.526373233847499122e+00,-8.757255130508001528e+00
-9.156652476324744327e+00,1.055807547195425755e+01
1.249263288586830356e+01,3.685968480408527093e+00
-1.760060504221127076e+01,-6.037683601609484363e+00
-1.374814207553274059e+01,-5.158482741173987307e+00
-1.884483759370213729e+00,4.931120633733218739e+00
7.079432099910423659e+00,-4.062361592271838795e+00
-1.044920275522762232e+01,1.584143902047874342e+01
-1.504710030857544822e+01,1.492881592352982290e-01
-6.312402061471545700e+00,9.049382043374585294e+00
-1.399921120828802934e+01,3.250067626168950508e+00
-4.987646744696074386e+00,1.130551479971388273e+00
7.711648002279709146e+00,-5.769168755311143038e+00
-9.976101531220816776e-01,8.367155982774660217e+00
1.773775883576502288e+00,7.942564414591513966e+00
6.921835776097614357e+00,-9.862935094033769445e+00
-3.216109830333850450e+00,-1.398024704388303174e-01
-2.593680044828488462e+00,1.881365669082209990e+01
1.086936139279034208e+00,1.865294742619144941e+01
1.483060915517021527e+01,9.468697189561869010e+00
-7.297580508389716947e+00,1.060092507021263586e+01
3.864213853250182851e+00,1.361373973417033945e+01
9.720452805691923714e+00,5.521218235427759469e-01
-1.121993641125325247e+01,-3.647587886314255901e+00
-1.375114477770088683e+01,-7.472377944674317263e+00
-1.622682624208723823e+01,-9.621076806534990311e+00
-9.962940356122496510e+00,-2.308734040285314926e+00
1.915310894680627651e+00,-5.416272429783315800e+00
-9.226963970433455842e+00,-5.324419224180305665e-01
-1.133855521735731919e+01,6.063238949184271753e+00
8.081092037764747715e+00,7.699745820145981412e+00
-8.746652934245570776e+00,-7.469481169922049801e+00
-1.749828533323046642e+01,-4.154276546352864585e+00
1.071479270102571668e+01,3.769785942389496824e+00
8.669111847919600322e+00,9.350173900380490011e+00
-7.924804898622096694e+00,-1.058301410385294616e+01
1.306726249569767351e+00,-3.765880802004296424e+00
-1.142647807271098603e+00,-6.912602225761581565e+00
-2.185303336375792771e+00,7.011714200377562989e+00
-1.413297701013343044e+01,7.014957106524504660e+00
-8.568558798554137823e+00,1.114309371503708901e+00
-2.644345497030699210e+00,-1.710988203287629261e+01
8.944363184873022732e+00,4.205575685741376191e+00
1.015277127329532014e+01,5.476594437092972001e+00
-9.613687748187567550e+00,7.635808787778763929e+00
-2.722145729700617078e+00,1.155436196448018116e+01
3.438729206135499705e+00,1.141157851771748444e+00
-8.120062056610503731e+00,-1.355918906013527270e+01
-6.439915761207497091e+00,-1.676150932726907516e+00
2.475696889865039552e+00,-2.369346951013043157e+00
-1.091121573063847094e+01,1.146885994415787913e+01
9.598996491185587843e+00,2.337652273402889058e+00
1.105131303095649109e+01,1.023664276466470291e+01
4.136121380968691419e+00,2.748815179878191461e+00
1.277318520408630143e+01,-9.497306230782704972e+00
-1.786374288355276718e+01,5.319691623720092188e+00
-2.535303360198288392e+00,-1.827163563744277575e+00
3.654360666042101524e+00,7.961874075818526464e+00
7.745826641845791727e+00,-1.242766997746613100e+01
-1.295841191487627064e+01,1.262758773550246616e+01
3.521658028243715433e-01,-2.193629129465024974e+00
-1.591751044198859155e+01,-5.442502690700037782e+00
-2.985539296878704008e+00,-1.534388982011111224e+01
-4.271008238302353988e+00,-2.355842492900551477e+00
1.581265358763963746e+01,-2.797064469927731389e-01
-5.053497929223870422e+00,4.765495248773489401e+00
-1.190795916266646604e+00,-9.852639810649494123e+00
-6.301972099149601547e+00,-1.346800795766002601e+01
1.237591333479903177e+01,-1.796723196957697999e+00
-1.785987097323089401e+01,-2.365854312156581596e+00
1.195077418973292716e+01,5.397551473278353384e+00
7.138406234322456356e+00,4.489333998665087755e+00
-1.221936500012604299e+01,2.638696227668200223e+00
-1.124480168908917932e+01,4.270458472526160953e+00
-9.564874381068200648e+00,5.816589721393063073e+00
-1.301050318453083143e+01,8.989441485703897783e+00
2.175257236819338136e+00,-7.847661237518741117e+00
1.459554570879167024e+01,-9.653390213939326614e+00
-3.378529805443714729e+00,3.853373209611896222e+00
6.892165413360891613e+00,9.013415797329660251e+00
1.990151027426093622e+00,-1.133668815260472407e+01
-1.816594148680616527e+00,2.972993714869149873e+00
1.442664767662154901e+01,3.130633682446041011e+00
-5.753102325394136685e+00,-5.291084035305478217e+00
4.874597079501645780e-01,1.539081574293891919e+01
7.240076767687487092e+00,1.263874447564651504e+01
3.864232576466970048e+00,9.720122998964651373e+00
1.893058235692884850e+01,9.250400992941077982e-01
5.136363222728320466e+00,-4.162437184625686903e+00
5.803679725404729872e+00,-1.131191267134558487e+01
-7.849294107618171701e+00,1.341272960757823896e+01
-4.376027396185736329e+00,1.827590521320156824e+01
4.852778363378379645e+00,-1.280799977590418237e+01
-8.438071365403684965e+00,1.524368632890698372e+01
3.980688070687573799e+00,-7.519248844403277232e+00
6.104709026936593119e+00,-7.067996811659074119e-01
-1.134300853738061388e-01,1.349919231270216624e+00
-1.077144878223619884e+01,-1.228468557546837125e+01
5.554378981354910039e+00,1.037614224188912004e+01
1.468686074913541439e+01,7.486800140542936077e+00
7.002462465947393078e+00,1.158010125146353042e+00
-8.122908550040664366e+00,-5.745546102148891165e+00
4.225960219855658950e-01,-1.477866012916986094e+01
-1.296668459079447544e+01,4.834790967936751116e+00
-1.290516768929240721e-01,4.947164418678915432e+00
-1.285421940371695904e+01,1.076659076932213033e+01
-1.552392982544782285e+01,-7.973034881274839059e+00
1.403326492944873749e+01,1.374326046699639314e-01
1.599321065259221264e+01,-6.070971168342691904e+00
-1.719306876456644417e+01,-7.109719300583906554e-01
7.898824753836185764e+00,-4.847978868217261428e-01
-5.543917955823356003e+00,1.064958237287790865e+01
8.476892000195464405e+00,-1.409541231782086790e+01
3.611573376702129412e+00,4.499473682128837027e+00
1.585001829283462804e+01,-2.713623391223297876e+00
-1.473813632152805475e+01,5.269880928075100002e+00
-3.449807208394350067e+00,-5.783206992882525377e+00
-5.799234386668265101e-02,-8.470953429376750776e+00
-8.192704084316972057e+00,-1.972056478161265503e+00
-1.156144915307020327e+01,-1.502943275150508073e+00
6.391430351790499564e+00,-1.372806625501143785e+01
-1.691149370653883599e+00,-5.190859226856979092e+00
-6.522176957942387610e+00,5.799929940324976663e+00
-8.013988100870827580e+00,4.785718726100904874e+00
-1.118846851809166987e+00,1.452116752293921742e+01
1.996231353550154575e+00,1.325405170214221151e+01
4.891574124113008182e+00,6.150204132329482931e+00
-8.038233847341308191e+00,8.629622930253187718e+00
-1.096312090300224806e+00,-1.566048405461101289e+01
-2.003868027473312274e+00,9.892954718918732127e+00
-3.846966975553944401e+00,1.014775724145618518e+01
3.169136645225136384e+00,-4.030344863067743866e+00
5.425642730624057997e+00,7.987173914829323706e+00
1.640000847456771105e+00,9.714828113503858331e-01
-4.470045597193485598e+00,-1.125346062032420313e+01
-4.854545484918295628e+00,-6.844649422022524909e+00
-5.938067261677414166e+00,-3.471146228789662835e+00
9.452181157651736498e+00,-1.334497221977409387e+00
1.076072307385572557e+01,-1.221428024257577682e+01
1.113687421971259717e+01,-8.339310282826398080e+00
2.123311039934408395e+00,1.016743908703429966e+01
1.717003597598420939e+01,-1.423895913636638255e+00
-4.445782908774474684e+00,-1.364203816665618874e+01
-6.094436872752466705e+00,1.379172325339768257e+01
3.793953991693959527e+00,-1.118091270760691280e+01
5.371418443322710790e-01,9.312241071175293428e+00
1.396455525040643231e+01,-6.103232893119033164e+00
-8.453940454033476826e+00,-1.535214429725011520e+01
1.826493011912342723e+01,-5.198048739097776760e+00
9.708186242817484768e+00,-9.386995871899856070e+00
9.340452562643200451e+00,-7.646619587259901429e+00
7.017443146656682451e+00,-1.582791933233804471e+01
-4.279082226659760124e+00,-9.479349759405293341e+00
-1.008899777277436627e+01,-1.606991476138896147e+01
1.261443327628535283e-01,-5.117009128858697409e+00
1.122672006293890412e+01,-1.036546971329899591e+01
8.876683174625107142e+00,-4.286677080814004448e+00
-6.690362808168871744e+00,1.711734113530150481e+00
1.120154789734988476e+01,-4.584510279327314586e-01
1.273978160780329283e+01,1.085656372832359118e+01
-3.321759716379175664e+00,1.965106569168751260e+00
3.935166861478222255e+00,-5.748530984031209101e+00
3.760163781643608427e+00,-9.382815821308639670e+00
-7.659597386624792392e+00,-4.040552866956578448e+00
-9.016556225304741545e+00,-1.200763439018645684e+01
1.228766457233421860e+01,-1.324992225647044641e+01
-1.376797425190256519e+01,-1.159632028440374274e+00
3.989758156707872594e+00,-7.470064950680683769e-01
-1.643220429648798486e+01,3.791463512149286341e+00
2.326675901692579540e+00,2.631105467181285906e+00
1.240106925945436167e+01,-5.109468263867438687e+00
1.263017805973381336e+01,7.081246021261127233e+00
-7.987815053686150968e+00,6.824134142666712144e+00
-1.363163344836600122e-02,3.126028566612815585e+00
6.783583074034872373e-01,-6.802608622567144714e+00
1.140027956252034613e+01,1.929579788753221115e+00
8.694207542655766119e+00,-1.090474072395684502e+01
8.739834597935526972e+00,-1.658846984575583150e+01
-9.490297831316756305e-01,-9.645217475233106574e-01
-5.820334247841115527e+00,1.689305404759381091e+01
-1.516684046232451699e+01,1.904918709786092901e+00
-4.912343139188963370e+00,3.001091092123184367e+00
-3.706484539340849094e-01,6.708945507822185128e+00
6.775626428381713584e-01,-1.007932733674012837e+01
1.531286985512528886e+01,-7.800820542868732943e+00
-1.234396390778120534e+01,-6.337698435307014044e+00
1.553477379872131969e+00,-8.734808780798778427e-01
1.377226572707615659e+01,1.237208525952333815e+01
7.368162338043033444e+00,1.079563490199394060e+01
-1.794185301074417760e+00,-1.869044175412083320e+01
-4.657692289520242390e+00,8.463700098769269431e+00
5.392859598862451698e+00,4.333651238475408896e+00
1.089867979685701549e+01,-2.887628507701053060e+00
3.025288362947026854e+00,-1.516877984373330968e+01
-1.861135576888334198e+00,9.826295042652606337e-01
1.440341750455263004e+01,-1.587171381124203640e+00
