-7.394758590518269337e+00,1.194785641469577797e+01
4.006531984326701767e+00,6.031389178468419487e+00
-9.818735652038728112e-01,-1.469401738371912636e+01
-8.290096184855197947e-01,-1.347872839137914669e+00
-4.024887593682088927e+00,-2.072930431937725082e+00
9.460130440710464939e+00,1.072157451374203063e+01
1.710918140023333223e+01,-7.437384801044034432e+00
7.675715310215764919e-01,-1.435772413884041399e+01
1.362036320445984394e+01,8.054852531731084397e+00
5.443850375616722026e+00,1.358858457666591235e+01
-2.689278719408429996e+00,-5.691320512380602104e+00
8.671723547625751038e+00,-1.271087964933709813e+01
-1.019891951592421631e+00,4.603280671918811962e+00
-1.173298254532048190e+01,-4.230428832560273023e+00
-7.476032915418916680e+00,-1.564457237964432679e+01
2.557536426882963898e+00,1.685544504891520079e+00
-7.324897483902236495e+00,-2.631153930626382031e+00
5.853471541189196437e+00,1.562749917923167686e+01
7.121676486953718133e+00,1.186624974582131919e+01
1.466374951793188686e+01,9.686869237076273009e+00
8.699181853909555562e-01,7.802720259303154826e+00
-1.258449340140840000e+01,-2.581147478841178344e+00
7.082170668584639728e-01,-2.403869461458828738e+00
-4.320479969333404391e+00,1.173272072815601952e+01
5.596327657484855500e+00,-1.388521449390211338e+01
-1.569251864877002056e+01,4.075206786079007770e+00
-1.387271736625301166e+01,-7.097296794512465645e+00
-1.261216264437102907e+01,1.454070787058419967e+00
2.196100308180557459e+00,-1.093707279645078145e+01
1.702675396296083932e+01,-4.273428819813155144e+00
5.327936077271997029e+00,-1.066429254446869557e+01
-5.634284320470633212e+00,-1.152833155684942845e+01
-1.211320372221310393e+00,-6.722038853282574777e+00
-2.146926243027523107e+00,5.984856225868401047e+00
-1.397025315041001114e+01,3.636005250250871956e+00
1.536168449285345083e+01,-7.111073924891367248e+00
1.826645067348980467e+00,-6.951054014881528964e+00
-7.635785611948459284e+00,-8.447907763494045819e-01
6.263105584242080859e+00,-9.179833606829063797e+00
6.233340527114597407e+00,1.794099232161618929e+01
-4.877866137210334685e+00,2.554348826811950079e+00
3.366823914505002513e+00,-3.545404053972560643e+00
1.028659216432416201e+01,-8.993536403165332871e+00
-1.471082057006753985e+01,-5.419980137022390565e+00
-1.222852499108583579e+01,-1.038522157310660177e+01
-1.356099079662230444e+01,-4.071177764244090724e+00
-1.158208264704282975e+01,7.878507665300308993e+00
1.249579280146547333e+01,-1.053400902797385008e+01
1.981396958090170024e+00,-1.292169719375076653e+01
8.862313930719434296e+00,7.783791296582771579e+00
4.359032199044400868e-01,-1.771643795161235602e+01
4.298446202165902896e+00,-2.038498494715143661e+00
4.975576859324491785e+00,-3.808273115076510340e-01
-3.452547942934887537e+00,-3.830251956253294399e+00
-1.106677916884996549e+01,-8.668863716344429093e+00
6.310218376420101194e+00,5.542642220183859436e+00
6.915546984797449781e+00,-5.634833464238035716e-02
1.662230178020837101e+01,4.734641365999049611e+00
-1.614995425310213051e+01,1.755578608576947586e+00
1.280747345350520305e+01,9.739544503844717482e+00
-8.589955917774410921e+00,-4.565569001672941774e+00
-2.257738490065260173e+00,-2.452513168130223686e+00
7.078361146904266654e+00,1.435573537389851140e+01
-7.558766086610859247e+00,1.724196390310199689e+01
2.982823890622273044e+00,1.752258087350963223e+01
-2.551863468832101578e+00,1.173747984649694587e+01
-8.957038826791099417e-01,1.477430115911563036e+01
7.068427832302373481e+00,8.029431323902311846e+00
-6.818629806069794519e+00,-4.400335378274404796e+00
9.074369137485227554e+00,-3.592623158293956287e+00
7.513185180991611034e+00,-4.491535981354001450e+00
4.704814911065872352e+00,1.707089256879704919e+01
-5.283953534087118875e+00,-1.421225291417631986e+01
6.148955245977132833e+00,-1.696462738172698215e+00
6.230448736603790394e+00,-5.767541127598455830e+00
-2.766595355759642771e+00,9.986732392682744930e+00
-9.546380554636749949e+00,5.001724890553973069e+00
2.876639063901676452e-01,-7.871848825205153055e+00
-7.805284625980872804e-01,1.119794443209619317e+01
-8.298189043757873140e-01,7.383919980635152314e+00
1.244793721307355661e+01,-1.388227205905620032e+01
1.116092480891623850e+01,1.246133681163088269e+01
1.189499890908149027e+01,-5.679722165758656516e+00
1.847737925537145642e+01,4.350386971926652357e+00
-7.288206530187702370e+00,-7.917511483442607023e+00
1.285499879947619828e+00,1.317233196602344591e+01
4.443976967036263659e+00,-9.106734298571318220e+00
-2.748715610577403989e+00,-9.682940392862528611e+00
-1.436487307768538635e+01,1.574723489763965256e+00
6.570651444390726681e+00,-1.635547325354940185e+01
-1.344086304404155108e+00,-1.295960102584324680e+01
2.442310216658967637e+00,1.572981958778877321e+01
-1.457213817756706398e+01,-9.016008483191548351e+00
-1.876665131725735947e+01,-1.478929524862647060e+00
-4.641543066148023478e+00,-9.462071354966123948e+00
1.436080378052409579e+01,2.473593664605476139e+00
6.151735115273905485e+00,1.564622587176236701e+00
-6.495961484618369752e+00,-9.666554219234452461e+00
2.995788346594600249e+00,1.365972040931557885e+01
9.277167369535936459e+00,-7.519432110071024411e+00
1.774109618613841199e+00,-4.474072668329615254e+00
-1.700324230924752555e+01,1.513816454232357056e-01
1.414104290039142731e+00,1.855144975803791141e+01
8.749415525656959458e-01,1.171779539167455697e+00
1.069498282741200157e+01,-1.074214841632279160e+01
4.189638576931264069e+00,1.500692854506872997e+01
-2.864291514774178538e+00,-1.811039132010353825e+01
1.028337597444491713e+01,-4.877271766789973206e+00
2.571276506159470454e+00,-8.657063761022051551e+00
3.089426639919075623e-01,5.960551102412830815e+00
-8.708073573798184697e+00,-1.380982783594447483e+01
3.802654751509701558e+00,7.803631595198366355e+00
-1.010675350683616580e+00,9.439196501126305705e+00
1.019389805535558047e+01,2.025161961208659545e+00
-1.136622207047039756e+00,1.795019659407997281e+01
-1.168897009508310703e+01,-1.024496743296210655e+00
1.417553411705955568e+01,4.313581976777584259e+00
1.130635418386287228e+01,1.066105074874144520e+01
1.166155146076397209e+01,-7.740337181386562904e+00
-4.295781757683146296e+00,-6.422439442998873815e+00
-1.092595480886620862e+01,2.413575536298248281e+00
8.442487893019352541e+00,1.313496850796767923e+01
1.018474711398251031e+01,5.487763926418456784e+00
8.230794447032906191e+00,9.455169008468024217e+00
9.839113749922200336e-01,-9.587050628558429821e+00
-2.502309067149016464e+00,-6.416602414904178930e-01
-9.162279374900995421e+00,1.163531455674516124e+01
3.751538425505600571e+00,-1.357796570433574423e+01
4.744077102308402516e+00,-4.842001742051773583e+00
7.994630257537533424e+00,-8.827116217968589140e+00
-1.063464128531574016e+00,-1.887999518539256627e+01
1.729630653293743592e+01,7.855787451704391522e+00
3.413657735081295552e+00,3.306908460894088186e+00
1.376842326614820422e+01,-5.902089143492220025e+00
-9.936205302066825951e+00,9.917274989379873062e+00
4.295090921700289499e+00,1.291061220667846454e+00
1.183519848003957442e+01,-1.129555056474905061e+00
1.352821488964419494e+01,1.133880316466300009e+01
1.104463095016331220e+00,1.135014474410735374e+01
-5.069122833287374341e+00,-4.788669173086425701e+00
-5.760124695667862227e+00,4.196064332488514736e+00
-1.842614725335877068e+01,-4.472669216296670136e+00
-1.120040243698654869e+01,4.271417397208141509e+00
2.489130936297210273e+00,-1.484412010877734467e+01
1.334673604562647498e+01,-4.188866643821604896e+00
-9.683144050433998729e+00,8.129995080814200747e+00
4.980006833013071343e+00,-1.555629943401920379e+01
5.858469807029830001e+00,-1.806834461146162241e+01
5.481131256206307062e-02,-4.088831099854614237e+00
-3.178923949366990076e+00,1.931053181600626001e+00
4.207197524329574279e+00,1.224005412182125063e+01
-9.991404840846213276e+00,1.544584221096938847e+01
1.532848488734476966e+01,-5.099597073667792024e+00
3.080840143083095395e+00,-5.708058367158639790e+00
-8.229299319775453370e+00,9.356897088612370794e+00
1.201729115600173436e+01,-2.948060721199913470e+00
-6.204736370318534533e+00,9.617297669530014304e+00
-3.708237110162827754e+00,6.866331036236424268e+00
-1.420853614994538461e+01,-1.742070248916397723e+00
1.698092622577169308e+01,1.116297713239070344e+00
2.380226493543054378e+00,4.826096296091660243e+00
1.110926438145130746e+01,3.933543593045966347e+00
8.613888629937979102e-01,1.489197679023956056e+01
5.944750286280542362e+00,-3.570055488536565402e+00
-1.204384656865799919e+01,1.395389561095697850e+01
-5.575450808320217000e+00,-3.029336036987487102e+00
3.688581861007735885e-01,-5.895331696282462453e+00
-9.168477490128484675e+00,7.362032370757747024e-02
1.318005667227403421e+01,-1.221376968540569763e+01
-1.307115034957939415e+01,6.760853198637014394e+00
-3.818207214101254632e+00,-1.107871644556353807e+01
4.844025995123069528e+00,4.395732504256181450e+00
7.675767567728665419e+00,4.404655630506677078e+00
-6.919432856039010815e+00,1.496057733916280519e+01
4.821072604884440338e+00,9.268988748744515505e+00
-7.161769465398145629e-01,-1.008867013715676464e+01
-9.620139198159144200e+00,-6.104575052403809821e+00
1.081259810034861069e+01,3.314454573077113553e-01
-5.816697823402310341e+00,-1.157554851969121890e+00
-4.713035413665792817e+00,1.409199582068898948e+01
1.297869650874030967e+01,1.334457676305833784e+00
8.791737956819723365e+00,9.464876041856749023e-01
1.614320775676335629e+01,3.047437542624895634e+00
3.428740445724007824e+00,-1.639391599369092845e+01
7.815695145458966486e+00,2.411377215192064938e+00
1.553405600746755333e+01,8.038283253384983951e+00
1.199761173455141439e+01,7.328355881989385701e+00
1.296533205666814048e+01,5.713599272026688602e+00
-1.200263891241799330e+00,6.500420770302275386e-01
5.640364332355495947e+00,-7.472331533047932517e+00
-7.158930544867313728e+00,7.878209193947840916e+00
1.162663646865312650e+00,-6.794816973320367826e-01
-1.277242812049119358e+01,-1.274216246894417282e+01
-1.137514935969693397e+01,6.059665192388506760e+00
-4.456244909918225972e+00,9.238000816260546699e+00
7.984681669677954119e+00,-2.005925719774518168e+00
6.450617444359800778e+00,9.926629647710822013e+00
-3.724238556964361901e+00,-1.315559796716354946e+01
1.271176978114112543e+01,3.097945505231198826e+00
-2.482907764192160638e+00,8.243367742222803329e+00
2.428173979752990430e+00,-2.010988528551490795e+00
5.062263211400649388e-01,-1.139832442095245213e+01
-8.352320694546053303e+00,3.565757108164807399e+00
-1.326650492166264517e+00,1.307688631854517070e+01
-1.173665708873557456e+01,1.015828224529774815e+01
9.801520884421693225e+00,-1.430892176854169939e+01
2.905375341325129757e+00,1.100540778708791123e+01
-1.728537408231775929e+00,-4.203378806477974017e+00
-4.230977193573836281e+00,-2.571171205769620660e-01
6.909944685318090585e+00,-1.260614206515115221e+01
3.822696343186308354e+00,-1.172799910767795950e+01
9.381438614717527713e+00,-8.461169785509048413e-01
-8.819504694088001528e+00,-8.802212194167550408e+00
8.835613141497371537e-01,1.672656702894492753e+01
2.737061035267804421e+00,9.213498798190357775e+00
-1.105045110017800702e+01,-1.199081859223228896e+01
8.816116709761024239e+00,-1.091879858770510481e+01
1.032794617745386745e+01,-2.362888403464169063e+00
-4.300591291631000956e+00,5.183848619297561022e+00
1.544196852958912380e+01,6.218936404617439351e+00
9.265261406402339972e+00,3.634759735214976306e+00
-6.189523956184211251e+00,-6.169830115946471238e+00
-7.887422907216508072e+00,-1.094481440669300021e+01
1.545239141945651262e+01,-3.273683871640882259e+00
-1.004112038238473303e+01,-3.502409885402459011e+00
6.257637281687919995e+00,3.353546036449870815e+00
1.158979305225876821e+01,1.420677078307105745e+01
8.725657312152669931e+00,-5.807814397695723052e+00
6.804699051778887453e-01,4.081517966915057194e+00
-8.047629041005492923e+00,1.359090118101160627e+01
-1.096307317433365647e+01,6.079508371996629190e-01
1.513670020023150009e+01,6.481225594420056968e-01
-1.430323712299957917e+00,-8.480410510725560513e+00
7.845423956072252736e-01,9.602672973028838044e+00
2.276273961776805077e+00,6.693222191778835040e+00
5.475261503841228006e+00,7.160491001736622785e+00
2.849372894274420087e+00,-1.277469472298174424e-01
-5.389205596483685135e+00,7.672892863145421849e+00
-9.233799127093817560e+00,1.928339454721558655e+00
-9.044657138799243157e+00,-1.980447216531544097e+00
-7.696062362918783428e+00,5.231719435382098382e+00
-6.034324923610875580e+00,5.954061233847701473e+00
3.822226036833675344e+00,-7.354250626818333636e+00
-1.997413244011939204e+00,-1.132808977850118737e+01
-5.492752078503020385e+00,-7.809617202559555160e+00
-1.496954126045124589e+01,-7.655941007208116877e-02
-7.471383395118312620e+00,9.700621606567370048e-01
1.796255257345343281e+01,6.099506622919134813e+00
-8.599385795643700092e+00,6.741294240635167689e+00
-3.086443525537397203e+00,-7.861056892087831649e+00
-2.926517331476519157e+00,1.390952340262553300e+01
-6.718781064825625648e+00,2.690710368388549156e+00
-2.785369168505139825e+00,-1.478645752011491510e+01
7.474824844133333812e+00,-7.128815011495339249e+00
8.441400685134071935e+00,6.008935720409909642e+00
1.319319838315672833e+01,-8.858413319092891314e+00
