-4.815243128498347680e+00,4.264208431425924317e+00
-3.773341924563688554e+00,1.407201560032634857e+00
1.391985608531839524e+01,-2.445955698173858828e+00
-1.165705157278328130e+01,6.912773999542276115e+00
-3.849802347923993118e+00,-4.648620339543885649e+00
1.160296151350941862e+01,5.732304408403856577e+00
1.478393331577424519e+01,2.383577065344180568e+00
-9.856121111820286274e+00,1.430112268790759344e+01
1.409796393075627874e+00,1.002024026172156113e+01
-1.181114823310228346e+01,5.124255362055494700e+00
-5.957143652070809203e+00,7.515033381684372848e+00
7.720116229861839763e+00,-1.686417945593105872e+00
7.772835456791447051e+00,1.528730415038884338e+01
-6.442526640122774317e+00,1.322146485730305443e+01
-1.799595220740971280e-01,7.561808137877975788e+00
8.711853618529115550e+00,8.289428765024423607e-01
-6.901802105495031370e+00,-6.852567207571362395e+00
-7.271000672080110583e+00,-2.695097778142363953e+00
8.553062907583233176e-01,4.710946255870225308e+00
5.472365408607627657e+00,8.652761826084139685e+00
2.719355005990655716e+00,1.918511930541665911e-01
-6.203251665268529003e+00,1.655407813820359664e+01
-6.062265394391292084e+00,-1.284955894463214854e+01
6.387564467342816243e+00,-4.888339013976498393e+00
-1.167962339267867655e+01,-1.405765601206928173e+00
-7.424603347037828982e+00,1.097982593457419043e+01
1.294517676359081770e+00,1.350797215079712288e+00
-4.567282483071146260e+00,-1.724088732624940723e-01
7.305986165303320234e+00,-1.608496292930116667e+01
4.550453704058361915e+00,3.035779045564178033e-02
5.321258542166229510e+00,-1.661480229256941499e+01
-1.573708686301480419e+01,-4.366706691801584661e+00
1.122409072613432635e+01,1.097023579851592601e+01
-9.242218856054408294e-01,1.009554679882270634e+01
-5.132603117999918751e+00,-6.598153082130858493e+00
1.247988320427396403e+01,1.224025275792048895e+01
6.977470851318693157e+00,-1.029725455077543650e+01
-2.193419938242588407e-01,-9.965488031014205106e+00
1.464391142627330034e+01,7.788620987413579222e+00
1.714112722095076435e+01,3.346748359689299068e+00
9.954543457268162143e+00,4.764158679839423094e+00
1.722513070045798855e+01,-7.338098678477944503e+00
1.370454174036103012e+01,9.453060326644960876e-01
5.947134226954672087e+00,-1.062003595166932879e+00
3.787065819642857267e+00,1.791346367375679094e+00
-8.093465272958266787e-01,1.534863601850991621e+01
6.989151960399973440e+00,4.639862830741492972e-01
-1.473172263281686512e+01,-5.846132896802546774e+00
-8.977820227102603079e-01,-1.161869612456994894e+01
2.433861616518736781e+00,-1.085104068572382907e+01
2.613208121715605348e+00,-1.592912998170871752e+01
-1.452092448646898504e+01,3.115305284558621768e+00
-1.661253113842422735e+01,-1.511458094427282628e+00
7.341469475877331341e+00,1.027728928964708643e+01
-8.620340683403806992e+00,7.283507483303183205e-01
4.281233742365684769e+00,-5.137123758136052487e+00
9.369698780026697094e+00,-6.412101234012784090e+00
-8.032416344970052080e+00,-9.969342268383307726e-01
-1.453175925925386380e+01,-7.652402038501536552e+00
-4.227471594471714056e+00,-9.962524754972234220e+00
3.803782065872110874e+00,3.855224107689426916e+00
1.132193044382269775e+01,-1.351069543615994917e+01
1.578861909143521203e+01,-2.943274480506504531e+00
-1.220259121572883565e+01,1.208503034039864055e+01
9.745570194723828905e+00,6.681729359447714955e+00
1.143393569680937638e+01,-1.047233684866407089e+01
-1.863182465272479504e+01,-3.605975726195849607e+00
-3.225614875694829298e+00,-1.843873861566245154e+01
1.877485080541608564e+00,-2.637481823985905027e+00
-1.375323942642429209e+01,-1.157695931752074792e+01
-3.309509724474748893e+00,-6.451199678864571574e+00
1.318199070927242822e+01,-4.687424311267233357e+00
-4.910098432175709071e+00,-1.787590575713278795e+01
1.684922185686822260e+01,1.816974797600416081e-01
-4.889800892213473915e+00,1.215435783184495477e+01
-1.128646971190930515e+01,3.199600622570068498e-01
1.538033863836459325e+01,-7.505850953128368808e+00
-1.175784523439238116e+00,1.197791313180113448e+01
-8.909376495613848590e+00,8.406259712356488834e+00
7.913807369094113531e-01,-4.193876116503936657e+00
-2.244313278619617158e+00,4.216396554932480556e-01
9.517722414592912017e+00,1.058395872804049098e+01
-2.741744021379938445e+00,-3.176696143105326886e+00
-1.846065626598399589e+01,-1.794135988782328717e+00
-4.597706474017360989e+00,-1.514017297626769576e+01
8.477851945665465294e+00,-1.253148047908326213e+01
1.167526374296291358e+01,-9.652229464336804510e-01
3.264173801400503727e+00,-1.247465839979817659e+01
-2.091414330410337197e+00,-5.128994260385666415e+00
-2.707488754654850727e+00,4.996068662285779283e+00
8.377045071843305379e+00,1.197980551937790850e+01
-8.956290693779710210e+00,-3.399634277657463510e+00
-1.312159295782729096e+01,-8.835904317642388150e+00
-9.146297115208987805e+00,-1.191911415098862115e+01
-1.345501566806036386e+01,7.558104189526087424e+00
1.421832037700474505e+00,-9.322228749106015400e+00
9.350026768119640508e+00,-2.887674657603943817e+00
7.916255142741466244e+00,7.671496001180253543e+00
9.100038812544866684e-02,-7.633551464067157788e+00
-1.006197410416170435e+01,4.849619382908349152e+00
1.315300905102440687e+00,-8.904628635842999351e-01
3.517959892873657513e+00,-3.423868354624540977e+00
-5.589641451449855580e+00,-3.431263466263541062e+00
-1.260794608465480593e+01,-6.833555248938520954e+00
-7.041381964234136426e+00,2.199661420275832668e+00
-1.035157718534924420e+01,1.248385458934020775e+01
-2.775767086024845565e+00,-1.350823050235661249e+01
1.046192587148403597e+01,-7.838683855295492720e+00
5.600421089602100722e+00,1.629769106589854077e+00
-5.951115466662253439e+00,5.649211888381084457e+00
4.770256635703915116e+00,7.021230849954553932e+00
9.336651539291693780e+00,-9.180596416025278428e-01
-1.463983201121907918e+01,9.078118384697461352e+00
1.554998233449319045e+01,4.112301704398284130e+00
1.175194989937924639e+01,9.188759556224306735e+00
4.288181864910945329e+00,-1.513511400688402908e+01
1.334172425192829436e+01,-1.350884336957551213e+01
-1.080310807926016459e+01,3.253937655998964118e+00
-2.404557289046951318e+00,6.843932656293155503e+00
4.403400073648724877e+00,1.531570106410983989e+01
-6.619514596591720590e+00,4.012859663679888556e+00
1.494012492310315920e+01,-4.568094622312721675e+00
-7.940288508462000072e-01,5.887663575982561959e+00
7.851365192421010164e+00,-1.419210079662524748e+01
-1.082970576182486511e+01,-7.195028140452651932e+00
1.403475238817319948e+01,-1.184814397466155000e+01
1.439022621366021104e+00,-1.235443009454512442e+01
-1.016607225628306566e+01,-9.299455506570915020e+00
3.011327535316693726e+00,7.422656711930473605e+00
1.199753544714883624e+01,-8.774104753524870404e+00
-3.547636748179161970e+00,-1.657153228076487395e+01
-9.874940894530766400e+00,6.740738646726565086e+00
1.868017069520729123e+01,-3.899315467728504264e-02
-1.065759793900606844e+01,-2.901657303369628682e+00
-5.218580381268266954e+00,2.468959608110977477e+00
-1.513013035624960700e+00,-8.763842712564485993e+00
-7.992467535298447778e+00,1.417151529586626424e+01
1.499966280840846444e+01,1.147625685419506958e+01
5.132837981067154942e+00,5.174318513353581395e+00
1.384603495337913870e+01,-8.397801281858390254e+00
1.328610587287114342e+01,-1.017564960690771692e+01
7.082322809897806382e-02,-2.254087784531371597e+00
1.659155779216674276e+01,-9.246080526529096844e+00
-8.540582060070969206e+00,1.237060641084307555e+01
1.133608146090562308e+01,7.476141200400897802e+00
-1.363464181439530165e+01,1.066313834889924905e+01
1.448388146200495719e+00,6.423748438111757331e+00
-1.034010206826668776e+00,4.147196463515278708e+00
-9.116086608272372160e+00,2.556751657131034694e+00
-2.945274855495165323e+00,-1.264871981710661730e+00
-1.147631866075309981e+00,-9.676490096013337094e-01
6.050421396785483630e+00,-1.471319212348030803e+01
-1.796743865819325325e+00,2.476661308733656419e+00
3.288248295073610272e+00,9.224457481902010869e+00
1.373501243763739410e+01,3.850451762744293127e+00
7.583222588900714101e+00,-3.575646409404964032e+00
-1.797112254895812811e+01,-6.051686691931377204e+00
8.200371412859063014e+00,5.792651611424262548e+00
4.341176907240411609e+00,-1.836158998068611048e+00
-1.512771028173006371e+01,-2.606880316379299067e+00
-1.013668687594019424e+01,1.606120613860925772e+01
2.248228052178840031e+00,2.857914536555815843e+00
-5.172649152853137089e+00,-8.416544789233297408e+00
2.286672274423593887e+00,1.846113324329148142e+01
1.400720439262729711e+00,-6.421622519140679941e+00
-5.067984371291576196e-01,1.261403807306768821e+00
5.920508763006373520e+00,-1.186361153294276427e+01
7.581337183207086383e+00,-6.246422682938703730e+00
-9.637993633715479902e+00,-5.764118707733278058e+00
1.507033569624430136e+01,-1.022711478893893400e+01
-4.543443990030695545e+00,-2.000377362630077371e+00
-1.576089263346020619e+00,-6.979171651556945299e+00
-9.697045618794115640e-01,-1.407394707648852794e+01
-1.292540691658572349e+01,-4.990768240146345569e+00
1.111035877920675752e+01,-2.658830179888242995e+00
1.324423826043094010e+01,6.564627706181264344e+00
6.755057080092967681e+00,-1.774711123562728332e+01
6.455500041361092123e+00,-8.040802595310923451e+00
-8.559378361652012046e+00,1.689269405400683155e+01
-3.404370093595384450e+00,3.226070032792274667e+00
-1.737345617906867812e+00,-1.571408228818791919e+01
5.589719654400582272e+00,1.368853402485581228e+01
6.088930892579895726e+00,1.596418252104569824e+01
9.380430567506685691e+00,-1.603087496650091381e+01
-6.197913029762191606e+00,-1.274476132671382267e+00
1.188759327266591725e+01,3.913963652386711622e+00
2.481880696832213129e+00,-7.861987755256500066e+00
1.235485627686287735e+01,2.144136570578118128e+00
4.197314890036789592e+00,1.846022793611280477e+01
8.273154930001270557e+00,3.995797011766209827e+00
5.274294393820136762e+00,-3.405316307509874463e+00
-1.325915000396243926e+01,1.360445017322460615e+01
-2.953378119563137894e+00,1.171309928767165687e+01
1.282093737249491738e+01,1.400735883673831417e+01
-4.166727952242043287e+00,9.443549028879544949e+00
-2.263311974519899017e-01,-5.698948119099466858e+00
1.052003842616185736e+01,4.382510915920577177e-01
-8.340298899911587682e+00,-9.026738667464369925e+00
-9.354852618897954386e+00,1.022523513747275636e+01
4.325971662463164336e+00,-1.099925037827353336e+01
1.793177402090748274e+01,1.651741277605365488e+00
9.078418214260041808e+00,-4.654709882648732311e+00
-3.081244590080406187e+00,1.354208504157299764e+01
1.451910310709949803e+00,8.254661581627859235e+00
7.909821337095389593e-01,-1.399165464922847590e+01
7.193582154553644692e+00,2.562926702144423086e+00
-6.711478756874250884e+00,4.567183149249002816e-01
1.084468882610179818e+01,-4.715261667717609129e+00
-7.959390341193688378e+00,-4.946806807688702179e+00
9.338833313335172193e+00,-9.336724144822776239e+00
1.106897769070701543e+01,1.446646486391954589e+01
1.561141048203852755e+01,-1.166309786041453744e+00
-1.476227852412824504e+01,1.257315802890937695e+00
4.714580689763614885e+00,1.036855302611933105e+01
1.789103843643083636e+01,-5.619455934604379976e+00
-8.682799876368463288e+00,-7.292830472664145525e+00
-4.174141889479717982e+00,7.181996364887069717e+00
-6.903086214109869445e+00,9.124510598278034124e+00
-1.011559219111714425e+00,-3.700346442223620080e+00
6.484153512455574031e+00,1.190740168045220493e+01
3.267874293152746024e+00,5.593550064101045827e+00
6.459385161626378213e+00,6.502602094501325425e+00
7.085472243854027408e-01,-1.586120811296687449e+01
-1.487063964319108855e+01,-9.435270239504477630e+00
-1.441830225331831983e+01,6.051609291398400536e+00
-7.996963653457408228e+00,5.228703517252227151e+00
-1.553275366222254661e+01,1.068348202327410235e+01
-4.819608437493460684e+00,1.400792841093619145e+01
2.573591833546840402e+00,1.665157803210548337e+01
-5.702484483493702072e+00,1.053857270539094770e+01
-7.775836600299802726e+00,6.999386486890450954e+00
9.270974000304503804e+00,2.529215485754104265e+00
2.208382027623787103e+00,1.327207947127963550e+01
8.230231258001703409e+00,-7.912942033246467943e+00
1.002245352991014293e+01,-1.159057901368972487e+01
2.565127758871647679e+00,-1.412839073846881988e+01
-1.829007068042390660e+00,8.565104476403108791e+00
-6.551993161754482431e-01,-1.720034684473094799e+01
-1.118440979270794422e+01,-4.729111745697959890e+00
1.116391198704882903e+01,-1.537219571431589316e+01
1.113877170714704157e+00,1.184483661847540681e+01
-6.196205796662234810e+00,-5.125254355547783192e+00
9.614037965133974240e+00,1.550454028655295069e+01
5.338372902577361856e+00,-9.403841517748240619e+00
3.501546171651676698e+00,-9.299483936306481624e+00
2.443758743229772712e+00,-4.955966705619178292e+00
-7.800391027076726047e+00,-1.075257800428606636e+01
2.955477399621792678e+00,1.102720189293280129e+01
4.810161020336725990e+00,-1.341248520265715172e+01
-3.340308617350096210e+00,-8.312194757553834634e+00
3.862205113002514234e-01,2.995338608972534011e+00
7.455595526783651117e+00,1.348283496305120366e+01
5.554106302784252769e+00,3.424660287486810173e+00
-6.144159155266137873e+00,-9.940102559364841994e+00
1.733504289448318048e+01,-3.826540329539783958e+00
-2.428461099124743061e+00,-1.026201508446046518e+01
