-4.013656943960601353e+00,9.775359395744784408e+00
2.158031671469383017e+00,-1.886860874183302883e+01
1.153799732771969389e+01,-1.508069438240480764e+01
-7.037468467105026271e+00,1.762483661712595762e+01
-1.952500040717640939e+00,1.422955475892260324e+01
1.156079505447982925e+01,7.765212724673101086e+00
-2.991785735095120025e+00,2.742852244483111157e+00
-4.036231623318158768e+00,-1.030054751849435846e+01
1.523683563036931643e+00,2.668758780542934694e+00
7.843680291734180798e+00,9.856799912328014557e+00
-1.288790958307282519e+00,-3.820412286343325969e-01
4.137732563409549869e+00,-1.360515567758905675e+01
1.052202045985721668e+01,1.227448561061088483e+01
-8.616296941893246242e+00,-1.324698417563128672e+01
-1.130447838191191146e+01,-1.090718054262325332e+01
-1.249749693767414449e+01,9.322462058094119541e+00
-8.101675367889130897e+00,1.619387346681208939e+01
3.424473931883140754e-01,-4.754531437260933302e+00
-3.271149454179367311e-02,3.898070046181602244e+00
1.520797784641329287e+01,4.106018794797564375e+00
-5.929264438787653191e+00,-7.511543077590238759e+00
-9.796970663951064751e+00,-9.814074014763660259e+00
-1.888342637748021957e+01,-1.987797650360047852e+00
9.572341838589141005e+00,-3.983421675367020409e+00
-4.476014281208626766e-01,-1.528169876675636374e+01
-1.192017081550184088e+01,7.359636359922754778e+00
-1.523870316330657460e+01,-4.826810907970329190e-01
3.564164423777798962e+00,-7.530176164884479384e+00
2.096848374761275391e+00,-8.593683268541797204e+00
1.488992160851460334e+01,-9.191253278441216423e+00
-4.779187492965142781e+00,2.303448859517593039e+00
-1.114589996505872449e+01,-8.567991566725650543e+00
8.036921520028098342e+00,5.526501702442827124e+00
-2.554948218701629692e+00,-1.588818782801827112e+01
-7.166409888968223285e+00,-4.180018318230178664e-01
1.690159683154517722e+01,-8.606980128811439812e+00
-6.272757142124097740e+00,-9.314583694639098965e+00
1.753479202402153447e+01,-2.811694329093042288e+00
-1.713990879128494171e+01,-1.531077598000286644e+00
1.561301449426588839e+01,-1.080377689354091331e+01
7.609240524842211251e+00,-3.728647871027063854e+00
-1.087072367287206021e+01,1.463379368043218776e+01
-4.566995082656506888e+00,5.854816386121917127e+00
-1.095042133446990418e+00,1.580640887592203825e+01
-1.013207602405621266e+01,-4.129271124446511010e+00
-1.380938434055514819e+01,8.490833890812340412e-01
-3.615356474878608228e+00,-4.952342170446912384e+00
7.757968426413556884e+00,-1.395112474321073748e+01
-2.368808964235891157e+00,-1.108026130880902649e+01
6.729821819463744248e+00,7.035152364453469254e+00
-8.459455604515719429e+00,-3.497000365184216086e+00
4.911254880741295459e+00,-1.533574428338427964e+01
-1.548205425109152422e+01,1.421437648840948809e+00
1.086266143331787504e+01,-5.295357637926183081e+00
-1.280703183856455318e+01,-5.526191458826935410e+00
8.223810759037510465e+00,-9.068542739391812546e+00
-1.174798318262170760e+01,3.742712202262216348e+00
-1.072741442797017264e+01,9.891753717322055550e+00
4.365265007550159559e+00,8.408026327821552570e+00
1.343227657949839227e+01,4.041245125142448380e+00
-6.116518604579034957e+00,-2.215102140647624118e+00
-7.497567025438457017e-03,8.301695626473097889e+00
1.079596519176984515e+01,9.503299149498438680e+00
6.508824189243781255e+00,-1.618645044183936932e+01
-3.933483103145115845e+00,1.727254679996132225e+01
1.876391715299233098e+00,8.384346687893573957e+00
1.297403916323766637e+01,-1.133549291548892235e+01
7.382344149208241113e+00,3.751257489257456612e+00
-2.458724027592887662e+00,-1.710822155384407850e+00
1.369144206837142441e+00,1.255646053572689169e+01
-8.723897488079815687e+00,1.238281126955677891e+01
-6.143966552305868412e+00,8.241505562884421821e+00
-1.808409313990929634e+00,-4.999227168354094530e+00
1.100914370698011568e+00,-6.380717041366648523e+00
9.246691964482893766e+00,6.836246094253167982e+00
-2.980691327525820000e+00,-1.275514160084964743e+01
-1.124806798094795335e+00,2.502205145449632351e+00
1.549218234280073858e+01,-7.491954688056318368e+00
-1.963658053914066004e+00,4.194192063031374929e+00
1.477562081339113487e+00,-1.073440025008889132e+00
5.806905711286313831e+00,-3.829177892942654537e+00
1.341050651669297089e+01,7.626743942067690796e+00
8.800427508111393848e+00,-7.407909070959209252e+00
-8.840358299901199146e+00,1.051313072128595572e+01
4.615325499079913740e+00,-2.495048217675455593e+00
-1.836168767823583892e+01,4.039383118545159412e+00
-1.168327656238566092e+01,5.542667775311359790e+00
-3.607786282994621452e+00,-8.563696320519447625e+00
-9.497216920052268918e+00,6.443940527062303580e+00
-4.645257063394025110e+00,1.487797538410714537e+01
1.128975297333634487e+01,1.474352862908477058e-01
6.442309772243604904e+00,1.247823256122274671e+01
-1.609917708327691344e+01,-2.989967983589912670e+00
9.128314231108674903e+00,8.603967863796846416e+00
-5.578945462187460791e+00,1.643216620902279601e+01
-1.367786021171371047e+01,-3.926467297100542986e+00
8.148773584305098794e+00,1.325273900051670672e+01
-8.039595100835967401e+00,-5.225035991192749307e+00
6.217351018368532323e+00,1.060507796470283282e+01
5.223603562828277092e+00,-8.466373100254848794e+00
1.305900095821367346e+00,5.035977385960003438e+00
-5.472206242316859814e+00,-5.389111793624905999e+00
6.815765889629951779e+00,1.451097136538955468e+01
1.143134703332498781e+01,-3.549328067529101460e+00
5.950708583692713383e+00,-1.380682188269558175e+01
8.467416375326127564e+00,1.151656413618178298e+01
8.740520623205371820e+00,-2.345555335436220634e+00
3.652757188231801067e+00,-1.159890157497641106e+01
-1.178389112704690378e+00,9.689256832509363093e+00
3.020490698536330565e-01,1.340045331183670863e+00
-2.549180968657879909e+00,-6.638117472040199196e+00
3.280049509501629768e+00,2.382276746001004142e+00
-1.726645687495702575e+01,2.113657413351396563e+00
9.760304349538996505e+00,-7.807721329219812212e-01
3.123840542491307826e+00,-1.573200963631623495e+01
-9.945793102987000367e+00,1.618487000172681434e+01
-8.494658041421555339e+00,-1.642641131733838744e+00
1.000999964784976015e+01,5.141743652083573757e+00
8.497517100984797622e+00,-5.597351709448829205e+00
-5.380202007143241039e-01,1.827542319215509536e+01
-5.963342353866522672e+00,4.645882684636392312e+00
-1.543641585810870964e+01,6.352729868282329662e+00
5.331259367358463841e+00,-6.920684703916616387e-01
-6.432709939260587539e+00,2.939384828227765922e+00
-1.551600764710274472e-01,-8.377960355431557815e+00
-4.203720624043970844e+00,-1.950358655073503034e+00
-8.929852995273707350e+00,-8.229260557406131937e+00
-6.646870358063767803e+00,-3.916010316176095074e+00
5.284293242974787752e+00,-6.657726156685778385e+00
3.847213808738179530e+00,-9.554904853440829626e+00
-1.101325755213799695e+01,-5.711110227754939928e+00
-1.403548845726276362e+01,2.830323941112934172e+00
-1.037583545157264808e+01,1.164682666671161826e+01
1.009736314188828032e+01,-8.896976760725111788e+00
-5.573093311861162746e+00,1.067947942922268112e+01
4.399820899518640971e+00,1.089819267819207660e+01
6.789126904335784474e+00,1.774008055498293546e+00
1.628310927932317753e+01,-5.792478464018468109e+00
-8.020404505158506225e+00,-1.040983008285424205e+01
1.021193023963492097e+00,-1.172127467887032815e+01
-6.076379377896024003e+00,-1.110572665119290470e+01
9.048076239770543872e-01,6.757174259766265401e+00
-7.904597702400049997e+00,7.237960516979536685e+00
-1.865634519983576434e+00,-1.415119051349693713e+01
1.206592599696909929e+01,1.084255451570603412e+01
1.363639616039892388e+01,1.177355817717107733e+01
1.168937627411997582e+01,5.721487328493617852e+00
4.835319843065897794e-01,-1.809505389886320614e+01
1.064765812893666919e+01,1.403114797090319321e+01
-4.820696504953493999e+00,-1.292387804939854412e+01
2.910944471210380691e+00,1.567342487707609777e+01
-2.188286545393287597e-01,-1.791995592266433013e+00
-9.494570328386412683e+00,-1.160906426897395427e+01
4.002895069895584079e+00,1.856508474201634940e+01
-4.429593024489893338e+00,7.736654933179158533e+00
6.939373861137453581e+00,-7.321025007203280310e+00
-2.639084427823744861e+00,8.658288368807504298e+00
-1.694132434444547286e+01,3.043411664535260464e-01
-8.798195793713357915e+00,3.175141800368768141e-01
1.622605209608973809e+01,-4.031462072151144937e+00
1.984161267618576474e+00,7.183906104649788738e-01
-1.097372853493197020e+01,8.437548827084720982e-01
1.566529976847495842e+00,-1.666605179854395757e+01
-7.071577810032311007e+00,1.323708636618592749e+01
6.156921071080494912e+00,8.777438735096801281e+00
-2.050170883918978060e+00,1.735427386826783192e+01
1.208798259119910234e+01,-8.147998015116916903e+00
1.156177201371033547e+01,-9.890056356424588913e+00
8.282767724105257301e+00,-1.565968070944913926e+01
-7.217966249303794157e+00,9.650887766726826911e+00
4.491079769524462861e+00,4.741289239326520466e+00
5.028078195574258835e+00,1.365501946214266482e+01
-5.337970841952405898e+00,-4.843180432580189154e-01
8.727949157221299714e+00,7.724988258597796920e-01
1.042094447863757800e+01,-1.123109194017201595e+01
-6.756828651645506945e+00,1.502932406160999435e+01
-1.020857852138513522e+01,-2.262015333292586750e+00
6.538805051877940144e+00,-2.079061956000361366e+00
-1.005289928932531573e+01,4.765713478198041919e+00
1.621548004558293288e+00,1.440514213590449089e+01
-4.329638410864940390e+00,-1.533095325786431751e+01
2.200577356426903552e+00,-1.041261584946424179e+01
1.554790613313245551e+01,-2.276549573014338801e+00
-3.873809285424115512e+00,1.160087202566742448e+01
4.664516069888769323e+00,1.540338783791889732e+01
-8.165401516645875546e+00,-1.502684015987976451e+01
-2.243998995350769299e+00,1.094323535444744033e+00
3.141182672275308452e+00,9.673391081910230227e+00
6.739714554406691427e+00,-5.435939229988393073e+00
3.245815528530647143e+00,1.331671554237889588e+01
-6.080748569170308926e+00,-1.458298760512755621e+01
4.519190395534582017e+00,6.539491818346003349e+00
1.096643059753772853e+01,3.630719084731439228e+00
3.240349357763518512e+00,-1.339691632334803595e+00
-1.188584483978665141e+01,-3.687737854712826557e+00
-2.030457171012037154e+00,1.124558649447194547e+01
-9.597681624627757202e+00,2.101370019547593504e+00
6.576915266701812257e+00,-9.729949559904090606e+00
-9.611844365572609350e-01,-1.708417980088406907e+01
2.419534053508182847e+00,-1.404407735006321190e+01
-8.832409388409542927e+00,1.415959738357694597e+01
1.055771234711840734e+01,-1.355038277326997331e+01
-3.985352659853251378e+00,6.502506531924150401e-01
7.051212508091576403e+00,-1.195406543625239211e-03
-7.206743265035084889e+00,1.148671628229801200e+01
-4.887137170264915120e+00,-3.672373216546210184e+00
5.171870804044932157e+00,1.712432727068964766e+01
6.235843113153259232e+00,5.249073324633057425e+00
9.998811249724072425e+00,-1.615240999833379476e+01
6.682724252342857607e-01,-1.388731802708826280e+01
-1.171609811572361243e-01,-1.020234557206995873e+01
-5.764557941355116455e+00,-1.649026206277316220e+01
-7.615737996897642859e+00,-6.970967930403930701e+00
-2.996768879799873275e+00,1.572348842765913446e+01
-4.330957244968527853e+00,-6.774658244253311423e+00
-1.242933789400781031e+01,-7.309583635605190644e+00
5.315296094806804206e+00,-1.096019345092712705e+01
4.497388143103906444e+00,-5.033381237308204526e+00
8.570797779548408712e+00,-1.095208858645797534e+01
1.717200089404011365e+01,-4.544720155392155125e-01
-2.716709286225426734e+00,5.855254745613463818e+00
-1.715582644003472712e+00,-9.362834460776037204e+00
-9.345737457086874755e+00,-6.492669647311309689e+00
-1.353920417537330323e+01,-1.091442636833200641e+00
-7.820822324447664897e+00,1.834312353201701162e+00
-1.138532522207822639e+00,-1.895531505431427632e+01
1.544570826791302309e+01,9.304714907581915995e+00
2.877606659268284073e+00,-5.803292543502827527e+00
1.235301121988823070e+01,-6.284075690179747653e+00
-3.582723368252745288e+00,1.343683176666634438e+01
-7.960390987322414347e+00,5.250010738027790502e+00
1.434047571677877286e+01,-3.909762856523912866e+00
3.781786022479583842e+00,4.212772004498401279e-01
2.655749813498000655e+00,6.237045721507172402e+00
2.802479033298332034e+00,4.097923983182167440e+00
-1.241498339290073538e+01,2.007179524479886457e+00
1.832561049720811042e+01,3.049477854142869315e+00
-5.547932381015377445e-02,1.119885039009344041e+01
-7.033629591775927281e-01,5.587854368213372780e+00
-6.195164280934220891e+00,1.099100363652607770e+00
-4.140558070461882956e+00,4.076598447306272632e+00
-1.477234089301600495e+00,7.249502873926280344e+00
-8.656387240744416456e-01,-3.457604640388898698e+00
-1.029678492597784789e+01,8.123511648240322458e+00
-5.292766292306975373e+00,1.271559071726314194e+01
-1.347026302648444762e+01,4.520512986585651483e+00
1.081018411726334838e+00,-3.017872133134128720e+00
1.899456728751170331e+01,-2.039084771844777988e-01
5.662519763798881556e+00,3.348086327862945577e+00
-2.713433381283376189e+00,-3.446968494071874112e+00
2.690409488906908120e+00,1.140097791096437518e+01
-6.273228773557073090e+00,6.408480069751185226e+00
3.296067908058913698e+00,-3.720252376664895611e+00
5.035729046623530714e+00,1.698382623519672840e+00
9.923414363939292215e+00,2.127588250995462893e+00
9.039005713475708248e+00,-1.266043002290682296e+01
