-2.051973758240084766e+00,4.465367681952312928e+00
-8.321644706815938264e+00,-1.092342798600779297e+01
-9.604958804833708896e+00,-9.633345756196538545e+00
1.142454639097015523e+01,-1.002989673541275373e+01
1.043900535699205534e+01,-8.226670430568736592e+00
-4.805137902729920363e+00,-1.908118859209860130e+00
-1.231404635002430581e+01,2.592190435258255210e+00
-1.018865859599880352e-01,-1.073576000544555242e+01
8.979412960447739067e+00,-4.850043934300355630e+00
1.243920703355057000e+01,7.063602237121468619e+00
1.059141741276464188e+01,9.196613807676373042e+00
4.934214528399675892e+00,4.452509735156009896e+00
-2.025962181842048349e+00,1.640309446098850188e+01
1.271886646864424542e+01,2.490622675114777529e+00
8.499054757429128415e+00,7.820372476464909184e+00
9.299159277776755772e+00,-1.565235264200523835e+00
7.686222803775244472e+00,-6.973491700068603194e+00
6.111952040003606257e+00,1.517409875974045974e+01
-1.434717880455018957e+01,1.009561603597790125e+01
-3.409115905802123869e+00,-6.881269720315792426e+00
6.873382703738562860e+00,1.232732426017488869e+01
8.883572619223683020e+00,9.621229351220275561e+00
1.125919940580812240e+00,9.742172074668577153e+00
6.053117214658305656e-01,4.995677617659130654e+00
-1.161668634397088118e+00,-7.102841122051586353e-01
4.073483800075269556e+00,1.216012027871004486e+00
-2.913193251673654949e+00,-7.000342556231871072e-01
-8.286421772538036024e+00,-8.286823728994392013e+00
-1.509651775532264217e+01,4.424099454549790700e+00
-8.732737399481269591e+00,7.068063596628674894e+00
-1.053211078429141523e+01,8.949108587502868417e+00
2.444616065013198725e+00,5.805145199106101828e+00
7.793098279049145205e+00,-9.636560625860198570e+00
-1.195951555409273048e+01,-5.404051919506174251e+00
-1.562531971087998350e+00,-1.517051080660806051e+01
3.948203291609564403e-02,-1.612126308997341084e+01
7.692963830056499752e+00,-2.393918458603630395e+00
-1.411134523098961324e+01,8.202260474545097324e+00
4.279225452266095076e+00,1.589750054613046437e+01
-1.569120962172975631e+01,6.203634287730015906e+00
-1.434880799021233666e-01,-4.074709337123950448e+00
-6.364434543405701028e+00,1.215799679301229475e+01
-1.082367817102452223e+00,2.931319230571464374e+00
2.183354518981738490e+00,4.035911058417798181e+00
-8.738805516650598904e+00,8.857061465076430551e+00
-2.812731861508689146e+00,-1.385371089853530435e+01
-9.234754989538453529e+00,3.428775659745574966e+00
-1.381705400148936391e+01,-1.302338375930135328e+01
-6.055550754910708378e+00,-1.270575384841450983e+01
3.694228901427326406e+00,3.130893351033091854e+00
-1.792911973612511423e+00,1.223121505796055608e+01
3.242040369566825397e+00,-1.232231183144860687e+01
1.098139657470128228e+01,3.124193360922018048e+00
3.599747609428675332e+00,-1.614057729114329476e+01
-1.248176935499041917e+01,-7.153196067200456199e+00
2.752199117288153474e+00,1.502399380475573487e+01
1.465161273031063338e+01,-2.465461847102663917e+00
-1.405396532327508652e+01,-1.021519219208148754e-02
1.761754678825695697e+00,-2.389357129954692738e+00
6.485729230711882565e+00,-3.674488299995123164e+00
1.803123224299568284e+00,-1.640407530771460287e+01
-9.852021038439634282e+00,8.063428288163543289e-01
-6.746013957076649525e+00,-5.242953682815112870e+00
-1.311816871379543592e+01,-9.788744179717305371e+00
-3.249740827165044532e+00,1.133493618005565917e+00
-2.610605679046540839e+00,1.066972705334796423e+01
9.013516114404302115e+00,1.666972609239534719e+01
-1.102860652744604764e+01,1.217444803767366501e+01
-9.188416117485557422e+00,-3.967581136841395129e+00
4.370315364950265291e+00,7.642130389025175496e+00
-1.049690001605578615e+01,-1.497369107521077147e+01
-8.799894902047963541e+00,-6.542358539352329139e+00
4.134875549851389387e+00,-3.395450980716885336e+00
9.629396549895322011e+00,2.008193898029486668e+00
-3.349740035777361680e+00,1.322339758326521597e+01
-1.422374872476067864e+01,-1.122839126541830979e+01
-2.090899813167448773e+00,-2.326300863386276063e+00
-2.415921761246437427e+00,6.298188535398107746e+00
2.692309127983645745e+00,7.235762660280252445e-02
7.066533741141505232e+00,1.018929215025638868e+01
-7.924456506913697851e+00,1.297384891378957050e+01
2.060195857860090296e+00,1.337442954587936406e+01
1.104455353066458478e+01,5.806695592654485871e+00
-3.278919210710528276e+00,-1.211404856158215715e+01
-7.632861694721903234e+00,1.738673257850905074e+01
-6.614909873993672917e+00,2.658358114247748816e+00
-1.658397443673095495e+01,-4.254317692200960677e-01
1.495453377978790321e+01,4.967813196854152125e+00
1.145355276257929766e+01,-6.395604973552172501e-01
1.023471450122083759e+01,7.442330986084261468e+00
1.157672888822048440e+00,-9.504371032090604743e+00
-6.468035868671419664e+00,-1.058480128347409455e+01
9.773061777981428833e+00,-3.270670900987600049e+00
-1.251157207774842295e+00,-1.881268839517343849e+01
9.762059117796898278e+00,4.554761237788934380e+00
8.397941071754273068e+00,3.381935798836953833e+00
-5.319784492964035216e+00,-4.131942793766303801e+00
1.125955716335691248e+00,-7.485124247554645338e-01
-1.164254170546538703e+01,-8.728745724635659897e+00
-1.404813736741774122e+01,1.891410578412805243e+00
1.333773010909504286e+01,-3.828382627535015459e+00
-6.133309730736898224e+00,-1.489263799795728715e+01
3.242767132486947812e+00,-1.432864173687191389e+01
-1.489563646410372977e+00,-1.198303177324614310e+01
5.874201074233697639e+00,-6.606580334931329013e+00
-7.337554953719830131e+00,-8.418471417530910550e-01
7.475828334991458490e+00,-1.163490826589408123e+01
9.540968852170975012e+00,-9.872739159105845985e+00
7.402995118259944718e+00,1.872748148739600493e+00
-1.114872327663718998e+01,-1.056108224473614676e+01
-7.094494284183270327e-01,-7.563181403802962777e+00
5.433342017086023823e+00,-2.141010281835813434e+00
1.157758275235858392e+01,-3.793563529225986386e+00
8.107353074365056145e+00,2.549236907163043853e-01
1.306340262713645117e+01,-8.626698642611259515e+00
1.563830141456525347e+01,-9.408914566395371049e-01
5.502468351775542388e+00,1.103323590677390165e+01
-9.081455116853389242e+00,5.295956366542084126e+00
1.462017517687669965e+00,-1.460550439294452651e+01
-4.124700865530336991e+00,-1.741473088545885517e+01
-1.389263414833194688e+01,6.396908707388777593e+00
-3.176847118626414446e+00,1.498020133876772597e+01
-4.635625419537538150e+00,-1.375380785207899770e+01
1.307156735587885521e+01,-1.427734282985883452e+00
-7.827006004704563757e+00,-1.263093673491388635e+01
-1.559395524046871806e+01,-5.033448300017481003e+00
-4.679223226663515867e+00,-1.009157657207697817e-01
-8.948920560402570112e-01,1.010022658874732748e+01
9.331329410948166370e+00,-1.649529122613566301e+01
4.035648710067339384e-01,1.135392613025451247e+01
-5.076439772000633788e+00,-5.889129744779212139e+00
-1.877198293069066715e+00,1.823426612790712298e+01
-9.546850073080905830e+00,-1.341662284210764255e+01
-6.830384157573011095e+00,1.441517624051103397e+01
-5.236948796608250412e+00,1.355082702479091239e+01
8.434928365496199731e+00,1.497149076472684825e+01
-3.231096495642885813e+00,-8.701516397423597837e+00
-1.428021968795499141e+01,1.198179369781840542e+01
7.448408856057806560e+00,5.462002113438684248e+00
-7.067516294105843144e+00,7.760078509548139714e+00
2.829358076047636228e+00,-8.471797521686093901e+00
-7.932488398859997847e-02,1.405193727932581105e+01
1.260349951441220284e+01,-5.958878388162669459e+00
-7.028267253121696534e+00,5.976884317278427616e+00
-4.843760545208794177e+00,-1.127414409100463644e+01
1.509773620253075954e+01,-4.304041695299368975e+00
-2.866320672734672392e+00,2.852241301441332144e+00
-1.730690235033055657e+01,-5.586788791796165832e+00
6.474556911243033674e+00,-8.369456167854622208e+00
2.309649905947405379e+00,2.038210418808711566e+00
-1.790977429079012495e+01,6.251173150686279101e+00
-7.579588416700565823e+00,4.241582461928837589e+00
3.419901883392817865e+00,-1.674844697462736898e+00
5.378465550306983367e+00,6.179921477654931827e+00
-2.414354275914365466e+00,-1.676661507550453223e+01
4.207123987924958897e+00,-9.890971893815521554e+00
-1.245306534144422050e+00,-9.319955456722393450e+00
-1.127093306328214339e+01,-1.302785407969004972e+01
-1.047987174260503274e+01,6.440094923390724091e+00
1.082632141657390079e+00,-7.741154100340462030e+00
4.680561250953362951e+00,-8.192975372818521507e+00
1.029570307049957023e+01,1.094194937310096449e+01
-1.317923254424452928e+01,4.657371253900689290e+00
-8.854445299631604760e-01,7.464459869199027153e+00
5.226465385428817889e+00,-4.963778969335085556e+00
-1.264707561899164645e+01,9.282416988608872543e+00
3.741908351755401707e+00,-6.661876505126159032e+00
4.703773042737734222e+00,-1.334189291431317415e+01
-1.684173071484003259e+01,4.698313476192383042e+00
6.682663172829916398e+00,3.830086130682153200e+00
-4.841646152685009419e+00,-9.507992027305190774e+00
1.467612924617528058e+01,6.651756774107879799e-01
-5.387629642014006848e+00,8.357564461311746129e+00
-5.072278117436246347e+00,-7.728175894611831964e+00
6.100689718666690631e+00,-1.455716814764895695e+01
-2.766322865599110781e+00,-1.042415273103181406e+01
-3.798082672802584270e+00,4.933524829938257028e+00
6.835088019540913606e+00,7.180759949941378117e+00
9.494552228541534689e+00,-6.707070776324172812e+00
-3.442237251527060948e+00,-5.100306003638855223e+00
-1.003881444129469358e+01,-7.859452518570684276e+00
-1.383458792815850380e+01,-5.185530341770097529e+00
7.891604834360993692e+00,-1.484868871694694192e+01
-1.249446012200364464e+01,1.113097611891670802e+01
-5.716954899665768863e+00,4.756726913843933424e+00
-2.131126896994654185e+00,8.726614272898475022e+00
-9.191928436338034913e+00,-8.757340328350441405e-01
-1.763995400935671531e+00,-6.091006740435041422e+00
-1.625931913165602083e+01,3.042201762134212562e+00
4.602282607670930226e+00,9.484926974908638897e+00
1.125185057942890410e+01,1.306041310714129988e+00
1.697335245241072954e+01,-8.369698161852680229e+00
-1.178650618309296050e+01,-3.210874285518446225e+00
5.415927118123633477e+00,2.563735813075074699e+00
6.011394822596960452e+00,-1.014168005861194821e+01
-4.468230010700866117e+00,1.174926856118674046e+01
7.168122169996930637e+00,-5.294060607557975473e+00
7.361645727811998441e-01,3.000811251361015231e+00
2.868397713617185207e+00,1.854516690630853404e+01
-1.407729526458265212e+01,-8.000960156953615510e+00
-4.708639819870552579e+00,3.236013937304986321e+00
5.973525024036914211e+00,8.034471644454012074e-01
-7.861385714652676882e+00,-1.445549588930821372e+01
-3.788671248560703031e+00,7.496838416509288727e+00
6.869673508105655912e-01,1.189738190920567762e+00
-2.175793589493169207e-03,-5.906691576931406118e+00
-1.792833043699290840e+01,2.365382594008094141e+00
1.070054223632626744e+01,-5.342302742116213921e+00
-5.382138247648443397e+00,1.017276417275394884e+01
8.229828240791897676e-01,7.954125989786132500e+00
1.629799139287158027e+00,-4.186477872652274002e+00
-6.492667357203558254e+00,-8.778017759274721499e+00
1.452439942148493301e+01,1.175966119091136797e+01
-1.341745591648241565e+01,-2.520334695574300010e+00
-1.857553423574401918e+01,4.218480537606426051e-01
6.697073823557190941e+00,-8.472456559683402277e-01
-1.250342090351701962e+01,-1.175680928545771309e+01
1.366255772061436957e+01,-1.286526056467794987e+01
4.188591924891781559e+00,1.276892063058862448e+01
-9.586203837901706493e+00,1.056570298113504514e+01
-4.347853468870453320e+00,-1.558348538965744190e+01
-2.070394651285518972e-01,-1.404998966320965614e+01
-6.905772304036665865e+00,8.805450985775784556e-01
2.064581496420980322e+00,1.679498778997257347e+01
-5.295330028247440701e+00,6.476678526626423960e+00
-7.012729117947148261e+00,-6.997295341251719591e+00
2.623342763672442679e+00,7.579172143306994514e+00
3.235906969377979614e+00,-4.900541587488986828e+00
2.576797327284658046e+00,1.157406008814241893e+01
9.859963726509716864e+00,1.896392911124732683e-01
-1.365179289927524575e+00,1.201382886390160332e+00
-1.243150072109557236e+01,-1.436075526488983023e+01
-1.013455110446939678e+01,-2.429651969723373384e+00
1.046961839951048923e+01,1.362746958962355315e+01
2.848619145666682950e+00,9.374051606091954980e+00
-2.006034577095484828e+00,-4.076085445310768662e+00
-1.020058608413601497e+01,-5.434557200656680465e+00
4.681258664806690284e+00,-4.479110564488515966e-01
-3.823673804679197819e+00,9.278484566454311633e+00
8.476187930520012515e+00,1.141542448092759621e+01
-8.223352006165715267e+00,-2.392435357343790425e+00
-3.679466024958319093e+00,-3.315626225687972717e+00
2.573780686558998498e-01,1.730034738924644344e+01
-1.161342475690321407e+01,9.005640507039648357e-01
-1.187368562116039250e+01,7.697100604969193682e+00
-2.323294871842147558e-01,-2.256182384255974060e+00
8.642989408956241348e+00,1.321048260180183398e+01
-6.242583329165219297e+00,1.630902205442437491e+01
1.800629824047364380e+00,-6.024310738081461558e+00
5.810554658254763361e+00,-1.637596397281368255e+01
1.035524924647656952e+01,-1.163720039523803251e+01
4.906900456874982552e+00,-1.151299465613097439e+01
1.115365376917831775e+00,1.893796992988114880e+01
2.495317946603189618e+00,-1.069452661884667144e+01
-1.072836485640922888e+01,4.507532045709721658e+00
-7.083489749352725795e+00,9.579562905491428637e+00
