-1.124163568083753617e+01,1.531008057944274370e+01
-1.388492427339728685e+01,-6.987363125541666831e-01
1.059571150755885327e+01,6.691033547426384231e+00
1.499861506396273292e+01,-1.092460693740382105e+01
-6.112262637289260780e-01,-9.556719212374286343e+00
9.005185297860958116e+00,-1.669384899651742415e+01
-1.002804169360375930e+01,6.011401666786858833e+00
8.081226799602175603e+00,-6.131854662386075905e-01
-1.304600655661770858e+01,-1.364649697892731695e+01
-9.877099003329680826e+00,2.372505586752026385e+00
5.575205036530734404e+00,5.920916013535510558e+00
-1.089035056609589880e+01,7.778575248110159102e+00
-3.596181864812960427e+00,-9.459180454597415633e+00
3.573879994656116388e+00,6.650139089241807966e+00
7.484179656418723958e+00,-1.136324810264738439e+01
-2.633249457294980014e-02,-6.607284750804789830e+00
-1.517762285617259721e+01,-4.178147493903906273e+00
3.192089951436220652e+00,1.559590455510079998e+01
-3.659873521014200826e+00,5.428863437298023342e+00
6.359735216397914392e+00,-9.870197694920088693e+00
-4.392532481387876331e+00,1.932258679113217470e+00
1.167031579950881870e+01,2.157373785762482843e+00
2.909939922842751603e+00,3.513816066702024621e+00
-2.625834863776656203e+00,-1.631908657820215325e+01
1.022021525197054714e+01,1.598391259804687259e+01
1.325152628343901906e+00,-3.226044486183316629e+00
-3.481042211741758763e+00,-3.711832366660605231e+00
-3.390272909614777230e+00,-5.593174671427896705e+00
5.007096157694704175e+00,1.831925997270368356e+01
7.150051557451599926e+00,5.014744690542091377e+00
5.737602834411484665e+00,-1.450319047801200156e+01
1.030466110661997803e+01,-1.229190231873097972e+01
8.309271592983710875e+00,-7.613147510846969723e+00
2.976290237846828557e+00,-3.992796271266606301e+00
-1.721747111798115570e+00,-1.235747023138893574e+01
-5.226656142788614900e+00,-5.001971239382604351e-01
7.113365209517626297e+00,9.401425607492109870e-01
1.640086284372822689e+01,-6.781001013206632955e+00
-8.142269205136384969e+00,1.475958133754954105e+01
8.907358317066121245e+00,9.954150500605820184e+00
-2.003573669262323609e+00,-1.410486054929926603e+01
-5.335536681064465547e+00,8.548582073840943707e+00
-1.598261292782472509e+01,-8.760364487229725938e+00
-5.557721956201792324e+00,-1.439208661544786949e+01
7.556833986786600121e+00,-1.493760386590220257e+01
3.386344219880565110e+00,-1.111007084488251273e+01
1.042899771010313259e+01,-7.047328611450793368e+00
-1.902957653442243657e+00,-6.567004075159184495e+00
-1.378365151584557502e+01,6.032965648605713049e+00
-9.070557367930041082e+00,1.663833267748223577e+01
-3.579481342128874033e+00,2.509717664878218235e-01
2.809131581264121547e+00,-9.219436933792730215e+00
-2.168510863135544309e+00,-1.055042972431892245e+01
9.128580292871493640e+00,-5.836195800321510418e+00
1.101526844619492707e+01,-1.415034683023020357e+01
4.224373343265631853e+00,1.415038336906465943e+01
-5.704769280355924677e-01,-1.554688359644433415e+00
-7.776801843176301965e+00,3.067059137238065336e+00
6.550544274650373922e+00,-8.041922062407124372e+00
-2.230969995053455612e+00,-1.884443302804348619e+01
-1.078861807817897533e+00,2.715768878053818280e+00
1.600073364404904774e+00,-1.164882068378498481e+01
-1.436057275882715700e+01,-6.409415299482158268e+00
-2.383110297423280066e+00,6.700697662632868479e+00
6.551827652617418174e+00,-3.305258411049255329e+00
-2.682589893386462698e+00,3.481209175436430048e+00
1.069515727912127367e+01,-4.380811513767508991e+00
-2.108582791304989268e+00,1.211993313178053100e+01
-9.833103389755081025e+00,1.424854707399143372e+01
-1.701117902385394842e+01,2.476458682262084654e+00
7.067506183511196305e+00,6.893898224852770262e+00
7.343318293767610250e+00,1.214501653802273395e+01
-1.168371370692062783e+01,-1.248608865211020991e+01
-7.685977364832401015e+00,4.886585872101598227e+00
1.128476269836746404e+01,-2.326873789356587729e-01
-6.797866472859227294e+00,-5.227684761457052964e+00
-9.377778529166642230e+00,4.183895007291808632e+00
-5.322537238123847381e+00,-1.012387867564275723e+01
2.970185669500891912e+00,-1.831444345866924950e+00
2.078197763012061827e+00,9.741066117605672758e+00
-1.161260371473256292e+01,-2.434305855493847037e+00
6.421587047866418985e+00,-1.277596308260324598e+01
-8.506207880634844898e+00,-1.621981807439214052e+01
-1.362600326503804915e+01,7.898172708245791540e+00
8.689661746550918053e+00,1.689415916671390505e+01
-3.628527482070917021e+00,-7.608741397043853105e+00
1.432937982753147743e+01,-4.467153014558487456e+00
1.654798773115158284e+01,-8.658471802671183326e+00
-4.945041495989213942e+00,-1.264810324032368172e+01
1.253778636843580685e+01,-4.433959501566120842e+00
-6.859233241097093092e+00,1.603122396542882200e+01
9.466626128841040710e+00,5.348808495085187076e+00
4.486902072697734667e+00,-1.297717953546810499e+01
4.576007479698015246e+00,1.241298279325774523e+01
-5.749874025410496081e+00,1.173295171399286829e+01
3.372089812989525370e+00,-1.864483738591134099e+01
-1.328039084847935314e+01,-4.855825880678446005e+00
-1.954267807190288808e+00,-8.332459982862136627e+00
7.160682987464127791e+00,-1.677394022380093475e+01
-7.107551709191112899e+00,-9.708855925226494321e+00
1.547618580789830389e+01,3.639145917775699623e-01
-1.230447723342079946e+01,1.304078625140649805e+01
1.628357527649533409e+01,2.740988564061996868e+00
5.109520151747545036e+00,7.690179395072132884e+00
5.430858400156544974e+00,2.138812842772349065e-01
-8.207637408577761917e+00,-1.486327094904449586e+00
-8.375615954918146144e+00,1.330992146692006273e+00
-1.002199399279719927e+01,-1.165782115821230214e+01
1.438697973358870286e+01,5.880748109620509645e+00
-9.033552189283950540e+00,8.239021635435697988e+00
-5.512596650526266906e+00,1.349306858015758692e+01
1.443127813297783835e+00,1.565940782057572278e+01
-1.322766358395315045e+01,-8.267859896711494017e+00
-1.133165811843212190e+01,1.008476219790746242e+01
-1.561272565493460185e+01,-1.769233850026903920e-01
9.339249801382576877e+00,7.935889674811501315e+00
-1.697112742161745125e+00,1.018665060845420101e+01
1.796822442203817261e+01,3.397972638682141611e+00
9.820669991669969789e+00,-1.197133779528944730e+00
7.394706172883910078e+00,-6.085758707209550700e+00
-2.286117876550610717e-01,-1.129726194340712908e+01
-1.595052877265473512e+01,3.968308482933829762e+00
1.263628299532617483e+01,7.467058098661168763e+00
-6.671540650265967543e+00,-7.041251038369070514e+00
-8.964956232485466359e+00,1.260034650084672947e+01
1.443157008457675472e+00,4.669688335100201648e+00
1.469686627590477102e+01,-6.210492786207309379e+00
-1.564989332351651541e+01,1.032982620411549135e+01
6.526337461445105070e+00,1.395834327967960675e+01
3.887513301148370903e+00,-6.111749635904456746e+00
1.578431005274116172e+00,1.145152894950625644e+01
-3.538064707042560819e-01,1.579125870690110744e+01
4.815294509197036721e-01,-4.926623933387219267e+00
1.443992965284223473e+01,8.806173982315339543e+00
-1.146003613585072856e+00,-1.744217448627799172e+01
-7.160002856497091450e+00,8.355008247220727213e+00
-7.134334223545922837e-01,-1.560254983940809126e+01
7.705568623158455921e+00,8.594267115561411430e+00
2.823820652487436966e+00,-1.371159121761867539e+01
-4.999790081917601547e+00,-6.424239722712038692e+00
-1.000887726455697369e+01,-1.505781121362995378e+01
-1.415560086162123987e+01,4.214712985257529354e+00
-7.257191755190873117e+00,1.308672345623165612e+01
-5.515781990680149072e+00,-1.620106162583191534e+01
1.258047884233876523e+01,9.258896071222896040e+00
-1.009888900996084793e+01,5.774358351530817224e-01
-4.588996155916317821e-01,-3.362610422061000026e+00
1.482129091349378314e+00,2.907275349061173020e-01
-8.244395871220696392e+00,-3.265340807558141822e+00
-9.811745384267780423e+00,-2.321003885531379485e+00
2.475791743966049729e+00,-1.649344142707735728e+01
1.262433367751650870e+01,-1.857406618820754307e+00
1.339050190866635237e+00,6.443887588132756861e+00
-2.592157854414998686e-01,1.132131748387950410e+01
-8.508206721626399016e+00,-5.671869058032543265e+00
-1.657368141236702508e+00,1.723094305577381746e+01
7.458521214202549210e+00,3.184114297042675013e+00
-1.194607774298462211e+01,-6.768747123508239483e+00
-2.105422531136174946e+00,-2.619124498521408384e+00
1.217455019151970497e+01,-7.616287492643877499e+00
4.103367362747416536e+00,4.838066530718108993e+00
-1.801721992812420581e+01,5.718252474863009915e+00
1.324438665188606556e+01,-1.340635352100925282e+01
9.618771520144725473e-01,2.881782696927824183e+00
-8.332756430311116347e+00,6.558041186818241997e+00
-2.386726713084572904e-01,8.116621913536786082e+00
1.417630893103573086e+01,-8.020423385023564222e+00
-8.746297802734295246e+00,-1.042476638839465330e+01
-5.300543285859326659e+00,-8.302240647585682254e+00
1.138321929962284429e+00,-9.915999238641546754e+00
1.178472832861781150e+01,1.488410269413981091e+01
4.528662899165916578e+00,-9.720998926763538606e+00
-4.336144544627956954e+00,-1.844362050690160260e+01
-1.892279222292421537e+01,1.688342251771090874e+00
9.315816865120622126e+00,-1.491775083916015632e+01
-1.353057109615344089e+01,2.553624097526878245e+00
-7.840550498646940980e+00,1.118764049461610455e+01
-8.424089514974276938e+00,-7.475186297994761198e+00
5.311197035086197005e+00,-1.136329482659841972e+01
-7.069248187735869493e+00,9.666264687836687020e-02
-1.146619326386208471e+01,-5.025894339219697748e+00
8.881441164067586769e+00,1.324245386375044120e+01
-4.919624607489608614e+00,-2.661367299190478874e+00
-6.497257728699480595e+00,-3.452960034233566677e+00
1.102745393680446462e+01,4.468109500393343758e+00
-1.282090942714162729e+01,1.129787781466671781e+01
5.475406216296969220e+00,1.649579765071523596e+01
1.327626109372296703e+01,-1.161289075892741529e+01
-1.160471836169471160e+01,1.834804699613766354e+00
1.724398616693690656e+01,-1.350120729558764443e-01
9.899055117578924978e+00,-1.052967473985948565e+01
5.906547774629388847e+00,2.257321241772859644e+00
1.209580659913177536e+00,-1.453957758520962651e+00
-1.526179916700429473e+01,2.183734947491708045e+00
2.346000898041001648e+00,7.906054113980034437e+00
-1.008417255374178190e+01,-6.793928898043643194e+00
1.816768605898851874e+01,5.406976747539506967e+00
1.486982019950241929e+00,-1.488166175119680901e+01
-1.689280942489918669e+00,4.988154584018182902e+00
7.066126556893363109e+00,1.040205059201248083e+01
-4.474025619235317386e+00,3.799852738669388330e+00
1.101417284689193288e+01,-2.575435214190635591e+00
-3.883931286644740410e+00,-1.121499064808854484e+01
9.846500888646307459e+00,3.068076928302551298e+00
8.348493033073399516e+00,-2.597452341403159615e+00
7.960302331052920621e+00,-4.403938070337138910e+00
3.488902280642903975e+00,-9.762279061979722838e-02
2.537904315422073953e+00,-7.432928034917599902e+00
1.456631884936198107e+00,1.884394806313942183e+01
-1.913719568721021336e+00,-3.478422810050910696e-01
1.807850707645670130e-01,1.754366084506349566e+01
5.684685896207374078e+00,-6.499614511274548256e+00
-1.548450671701825065e+01,7.862190334536778735e+00
1.018591591238887872e+01,1.146012708176465722e+00
-2.001663125832055634e+00,8.414406455199738843e+00
-1.444895534651706903e+01,-2.528719570489919466e+00
2.441589681370554210e+00,1.760881190799193474e+00
1.614226321804519415e+01,6.559140392318201229e+00
4.567262624309758934e+00,-3.250721434534920906e+00
1.322318606381087491e+01,1.276660416454436175e+00
-5.120135989711186220e+00,1.649003539909321248e+01
9.764302623422155492e+00,-8.750551786230420959e+00
-5.951980360009265780e+00,2.779473295331590155e+00
4.204143503244822000e+00,-1.702890679768875160e+01
-1.808543399029640142e+01,1.343947026397551980e-01
-2.566924735417404069e+00,1.563667874235935251e+01
4.234528272308753394e+00,-7.943681581092742583e+00
-5.875453631415334499e+00,4.878772636128370976e+00
-1.564242359514812897e+01,5.919434432232351995e+00
-3.552548473834173048e+00,-1.511049920454660134e+00
-1.054803536218664384e+01,1.178956855811153837e+01
1.831328015849321034e+01,-4.955279777164401267e+00
1.462696382543548879e+01,1.070169955464046119e+01
-1.241289244323958663e+01,-1.075448686778494434e+01
-5.087977352661002151e+00,-4.601157963945858853e+00
2.141991929607449219e+00,-5.672344886538205344e+00
-1.840661715014538302e+01,3.545614911273462067e+00
-9.809723382519054624e+00,-4.270297758643294195e+00
-3.852208131786661216e+00,-1.500282831677758288e+01
-1.159464479055034225e+01,-9.155936070875373645e+00
7.263432543391483698e-01,-1.681650435220796780e+01
-1.198671237213638818e+01,6.331766991321909899e+00
6.554146707348111001e+00,-1.490088867905845493e+00
-5.186195378453375859e+00,1.827224957008069595e+01
-1.227639123010580668e+01,4.436290048337508729e+00
-4.452833227425117002e-01,6.263300026772649964e+00
4.037278307147079914e+00,-1.504482333751204415e+01
-1.533472915769188427e+00,-4.802781112216960580e+00
8.159220376252349638e+00,-9.663506827857334613e+00
-1.742329649362356037e+01,-2.931459649361075837e+00
1.259054786719616992e+01,5.553653195309804502e+00
9.112098591271803327e-01,-8.140508893688279457e+00
4.728637176386356167e+00,-1.490370247705673279e+00
4.213244429890005804e+00,1.558322219376203632e+00
1.409342024682457328e+01,-8.531044405644946371e-01
-6.412963436617103774e+00,6.692605076661187979e+00
