2.202399085426398617e+00,8.931004577397287036e+00
-9.864590841335440174e+00,-1.620888961429579567e+01
9.144881481649423938e-01,-1.896709349948910983e+01
-1.574143230021531181e+01,-1.060485977010484504e+01
5.459720971057110184e+00,1.329958434268687562e+01
1.171188828406165605e+01,1.006185195157061951e+00
6.754182915858496727e+00,1.033082837509186191e+01
-8.007304888153152334e+00,-5.285261349488070692e+00
-1.708774841564861902e+01,3.172567887655572516e+00
1.139882636159053497e+01,3.370475807493023890e+00
-6.895218306654372853e+00,3.476363999884095612e+00
-4.265338950856687461e+00,-1.335609740404653678e+01
7.388508260273728645e+00,-1.317144435573545769e+00
-1.320797766347210711e+01,-4.937400826353444572e+00
1.815974683091923936e+01,4.742874147795364870e+00
1.293323597265817959e+01,4.960952839108984769e+00
2.324328480687801513e+00,1.790878106623775778e+01
-1.676891173173896021e+01,1.133453656718940605e+00
2.061269083445274930e+00,1.066659104961952126e-01
1.367991337816378561e+01,-4.518376466387191925e+00
5.322231989969941957e+00,-1.310878011044796398e+00
-1.321645162286578135e+01,-2.808631833265665456e+00
6.478239920816470487e+00,5.721127174681791772e+00
3.275000448731244518e+00,-7.141404098312082560e+00
-6.475454735812523843e+00,-9.462556335264331153e+00
-3.937265168152700667e+00,5.533844425759737007e+00
-1.212837324434966568e+01,7.491468411393404025e+00
-6.231269983698280335e+00,-7.688525364429723119e+00
-1.482801610726226960e+00,-6.403774012638102420e+00
8.036095567559685904e+00,-6.066809949132156099e+00
-1.162102523169044943e+00,2.525299552141631043e+00
-1.387474419983407969e+01,-7.250423800257752571e-01
8.172949544790082399e+00,5.707160124196103412e-01
-1.616771223881210773e+01,7.047843804294822156e+00
7.432302220544838356e+00,-7.739275934664982870e+00
9.037056539236862918e+00,-1.671192616152714905e+01
-1.424184799184759065e+01,4.879711857457526669e+00
1.196104929737951039e+01,-1.238250748205262575e+01
3.214663573138510699e+00,3.028274703167509241e+00
3.558635462281022344e-01,-8.967003639230894052e+00
1.929128127573559892e+00,-5.929045432722203302e+00
2.773076999928027142e+00,-1.875938565134222813e+01
9.125320284150530981e+00,-9.159324287286315425e+00
7.303228468943781415e+00,1.360214374004699955e+01
-9.723535399270163637e+00,1.917423110761969474e+00
-1.103804646643561505e+01,6.108823964652132510e+00
5.140394187275882931e-01,9.681832219243318605e+00
-9.909536463071136891e-01,-1.584509589147023689e+01
9.116748138474939367e+00,-4.527736033338665145e+00
-9.372231388043578804e+00,5.523584217197755386e+00
-6.214808218076852242e+00,1.719807210491602012e+00
-2.521080001697536321e+00,6.613701801615967213e+00
1.645033121356716777e+01,-3.443376197022994578e+00
3.938246634900593790e+00,-8.871304741304811614e+00
-1.155156833005572636e+01,8.389653991161349911e-01
-1.468620803839988831e+00,6.073259045364975961e-01
-6.563731305138131411e+00,9.320573992415727815e+00
-3.039055447369882312e+00,1.193763107006303237e+01
1.102674326556081930e+01,-9.240687654769894621e+00
-9.908737920092903551e+00,3.722541132180443579e+00
-3.152865820345450043e+00,1.346380905066293598e+00
9.547144588650400721e+00,1.157787824882345085e+01
6.787528995970359524e+00,-1.168208695622603521e+01
-9.651832903297439259e+00,1.597694022850983941e+01
-8.031127833251787251e+00,1.240356588829661533e+01
6.690130775553035924e+00,3.898677749602819098e+00
4.299493732637041710e+00,-1.668051016056506342e+01
6.436358665780433697e+00,2.329203829725406127e-01
-1.530145916020311780e+01,2.713885687075796582e+00
6.631752863508260099e+00,8.116059121144420629e+00
2.677248117415875761e-02,1.409730944883899717e+01
-1.175227310727712471e+00,8.027391720643880291e+00
-4.510429334010774838e+00,-8.511507437999739523e+00
8.246998654433502551e+00,2.984622519937308649e+00
9.982154059660038214e+00,5.107450233578670895e-01
-8.254656516520826770e+00,-9.066146141985873541e+00
-5.577488505333421109e-01,4.469223308843750075e+00
1.780626729123287078e+01,6.560618790583661486e+00
7.304958912726437603e+00,-4.416459948971544591e+00
-4.818304720087885684e+00,-4.870906464787029932e+00
9.885370350618236657e+00,9.373593817809478423e+00
1.473676887778435507e+01,-7.385361810555068907e-01
2.950945368736097141e+00,-1.033426212759817986e+01
-6.736541994305197179e+00,1.107635456094648063e+01
-6.750455203521479874e-02,-2.687937280719404853e+00
-1.282591788012067191e+01,1.377716000230980775e+01
-4.917662682121143547e+00,1.088834307085932629e+01
-6.636885633879245461e+00,-4.086480715292960753e+00
-3.124035629454505081e+00,1.017274001473156453e+01
3.714998173192414210e+00,1.354879148690803525e+01
9.321363460141993684e+00,-7.346806435686393577e+00
-9.649321401171098600e+00,7.273585278908134555e+00
-7.832717117913976068e+00,1.623055747055218134e+01
1.031681619189931887e+01,1.321434799885907196e+01
1.144367840985090012e+01,-7.487927143006698039e+00
-1.242632311594476135e+01,4.898364540877795825e+00
-5.122151654024902356e+00,-3.090019320750907905e+00
-8.229165360544104857e+00,-6.289262423664079282e-01
8.150548471270253614e+00,4.918922852753119912e+00
-1.323558142220925937e+00,-8.253432989735117076e+00
-1.282738881783900053e+00,9.876702871324720689e+00
-5.096068279769923492e+00,-1.264704058158956812e+00
5.695742841670158541e+00,-8.467000744966176384e+00
7.333082432181305954e+00,-9.569074970731820784e+00
5.202396453493582484e+00,1.150893568381543908e+01
1.121041126893483764e+01,5.334325746922496947e+00
1.298086133607540216e+00,-4.269408769826905647e+00
3.189413751604475600e+00,5.523523047620712667e+00
-4.451672439872387699e+00,7.258459968406276275e+00
5.383942363545823895e+00,-6.454698825277544572e+00
-3.537841737239007855e+00,-2.194706430418437826e+00
5.124686392082249853e+00,-1.023269900766305973e+01
1.290033364831801599e+01,-8.586367292732946410e+00
3.849766224254656866e+00,-5.446038905807490949e+00
-6.588767046779555159e+00,-1.456386333177939107e+01
8.907325134495219787e-01,1.895603463578960302e+01
-4.514881913417909232e+00,2.504425296542082346e+00
9.213068354493554324e+00,-1.128859590480822517e+00
3.402497088407768544e+00,-1.725449493026547154e+00
9.751965493503808702e+00,1.533959063604934592e+01
-3.244402283806378406e+00,-3.962946944784922820e+00
-8.715571325768673105e+00,1.430582342279624797e+01
1.817495917715793441e+00,-2.549875665206811526e+00
-2.318274877303295067e+00,4.830359433717198669e+00
1.224413478791976750e+01,1.374170805304801846e+01
4.834598751973065767e+00,6.673269981525464800e+00
-1.111969128310839672e+01,-1.194344091583831258e+00
-4.818565114455003240e+00,5.296560226973738850e-01
5.185809164425230655e+00,-1.452800779443587054e+01
-2.888898558612587930e+00,-9.253073769264519299e+00
1.488994177374474326e+01,-2.561252687960512642e+00
-9.401237712374470590e+00,9.066215830565182543e+00
-1.389304903654144052e+00,1.259784302948134105e+01
6.566073678131001401e-01,1.143410372579881340e+01
2.531463268365484964e+00,1.146669142262912899e+01
6.054541488310608344e+00,1.502283590863109097e+01
-1.139484586624675089e+01,1.094244631063937767e+01
-6.268179095575681536e+00,-1.633858559217219408e+01
4.876795034325536626e+00,4.854041148213715573e+00
1.047715011269824359e+01,-5.967207538882967732e+00
-1.141072647663025741e+01,-4.804323533351318787e+00
5.009257627702286442e+00,3.095469525492199558e+00
6.662088152548744091e+00,-1.349575245444896865e+01
-7.671459034566922242e+00,5.074843774687582965e+00
1.527088932968044332e+01,2.533329114933808413e+00
1.702344107600137946e+01,2.043988131289254717e+00
1.138396885343274079e+01,-1.402704996699654982e+00
5.035899348625989091e+00,-1.831712560362651843e+01
-4.689020772264182568e+00,-6.720478082339474746e+00
-9.854094396708427794e+00,-8.128484684085300671e+00
1.109471542914141828e+01,1.072498171017755375e+01
1.692490861616684938e+01,8.139240511918359289e+00
-1.169937273191483840e+01,-7.529481597019728412e+00
1.384673357711505304e+01,1.228724495875160905e+01
-7.213529103326266068e-01,6.290375951539266097e+00
7.071338953166832475e-01,-7.241493692363437873e+00
1.309234238156601293e+01,-2.599485325757912690e+00
-1.448589276181617436e+01,8.408546137020556088e+00
1.103425943685649280e+01,-4.222939863218678092e+00
1.018298009293096129e+01,-1.305694083667396299e+01
-3.149290124262121626e+00,-5.843380837711517728e+00
-7.870232781409659317e+00,6.868514858673215429e+00
-8.480620727627364630e+00,-1.496933136059769964e+01
1.866831407799743880e+00,1.378892732408546351e+01
6.744328015320623315e+00,2.054815978608816707e+00
7.896405582995450700e+00,1.528973030472032946e+01
-9.580312252911268089e+00,-4.464473583636275222e+00
3.735921928761468447e+00,-1.349553027976306829e+01
-2.373303508915999505e+00,-1.740393482371423062e+01
-4.347601251031839809e+00,1.660414244776918480e+01
2.057653995527416235e+00,-8.510070794587912602e+00
1.078362607526192463e+01,7.794733196333206493e+00
8.473622483546272122e+00,-1.346282588227900057e+01
6.454327788628161144e+00,-2.802729841633544439e+00
1.873163153941686421e+00,-1.380535604687384321e+01
2.593711906223262975e+00,1.553335942789389179e+01
-7.947183688741634278e+00,2.031814470746391876e+00
-9.508470469515254209e+00,-2.010670843146650011e+00
-4.647044996848411103e+00,9.117664236038002912e+00
8.130012413672972116e+00,9.242755032630993739e+00
-1.220649292343480319e+01,-9.274504372123157481e+00
-6.561888985630607074e+00,-2.497502799012092309e-02
3.828919842076714541e+00,8.189107596588472759e+00
3.622125970832574371e+00,9.977194197085363925e+00
1.457632207229483612e+01,4.200386397174839637e+00
3.098968308750237544e+00,-3.808744342821293039e+00
8.298789673186981020e+00,-2.857079574945637912e+00
7.758842624079669292e+00,1.183353388856867916e+01
-1.662962820437306277e+01,-2.636702466768965358e+00
9.752933297377504474e+00,4.079302998881946252e+00
9.557658182092943377e+00,6.062944162991332320e+00
1.220860172775080699e+01,-1.061558918424836762e+01
1.004936244187972427e+01,-2.708537875715872456e+00
7.245321042629122577e-01,-1.122249402893535475e+00
-1.135148577953382798e+01,2.664525516614300038e+00
-5.171124962034411077e+00,4.250001081380093915e+00
-6.058343018076684849e+00,5.798106756132161088e+00
8.144045513893845012e-01,-1.072731799904175531e+01
-9.553482183512269188e+00,-1.303339400327680586e+01
-6.078708460214833131e+00,-1.286724662897463389e+01
7.739933779152026183e-01,1.583031043451435771e+01
7.920056468582094000e-01,-1.716467538500856449e+01
-1.837304092044324877e+00,-2.786572582279516652e+00
1.218388310792929730e+01,8.903506432941890480e+00
-1.039944584027214702e+01,-6.309029547385343939e+00
9.890352711140639741e+00,2.268126031556938482e+00
1.291313274549821344e+01,1.076239885319181511e+01
2.002058492290179070e-01,1.345032176532612977e+00
-1.153059768028560361e+00,-1.894754342017988336e+01
-7.408086496790943443e+00,-1.158314227634235749e+01
-5.675330395821918117e+00,-1.110765579269584968e+01
-1.391186492570110644e+01,-1.028899233703650395e+01
-3.853035732472342989e+00,-1.073588237909024912e+01
-1.784788638003941941e+01,6.493475248280424772e+00
-6.783577637071096511e+00,-1.781504665097382478e+00
-1.332386005017066921e+01,1.220415738052543997e+00
-1.167798008290152456e+00,-1.002102839853788652e+01
6.932262077703678083e-01,7.737296435388909543e+00
2.125927039839114574e+00,-1.195149302029092553e+01
1.394181904686153750e+01,-1.011809892821619528e+01
1.037504018742569034e+00,5.950141521719658044e+00
-6.302136051694122720e+00,-5.872333552870487416e+00
-9.908633974699879943e+00,1.150578185908948670e-01
-6.197027332583009418e+00,7.579541092199693963e+00
-1.378263048032803972e+01,6.700370619255882509e+00
-1.062183913549289294e+01,-1.459638481017016254e+01
1.801383312038649720e+01,-1.191345290621284914e+00
3.123736793939499434e-02,-5.484388313828074679e+00
-6.802550270456693415e-02,1.741234127675023302e+01
4.661023737572016934e+00,-2.948277329478171005e+00
-2.918178817464322172e+00,8.402923773522521955e+00
9.721707369483917560e+00,-1.085939337619396383e+01
5.296421329783004062e+00,9.264540101115198212e+00
5.071357568467469434e+00,1.344959283421514495e+00
-8.036149430328713095e+00,-3.024411808558505665e+00
5.013480108370382382e+00,-1.202549997029456286e+01
-8.959048728560858876e+00,-1.067258833040646593e+01
-1.437744002563513313e+01,-1.201050481568727335e+01
5.554406051991630511e-01,3.102575025187357838e+00
1.526260598489709785e+01,9.313596238991078025e+00
-1.364998820005939750e+00,1.527914581748040668e+01
2.361651756008247727e+00,7.122704020401993574e+00
-1.075338439815174185e+00,-1.160575759733122103e+00
-3.129836558899189214e+00,-4.671548183240747387e-01
-4.292379771419087220e+00,-1.662495279440790341e+01
-8.812645768678109448e+00,1.076563279182471078e+01
-1.517615264805000974e+00,-4.520208160336444791e+00
1.550622529116571968e+01,-1.097958220396155760e+01
1.244190924368407103e+01,-5.942804026531134376e+00
-2.860588457941566354e+00,3.130452302909040974e+00
7.952838943932746929e+00,6.791313003388371961e+00
5.467295425514405061e+00,-4.614181616805015373e+00
-1.113345261965652977e+00,-1.183348297258970305e+01
3.939156894850978752e+00,-8.842585002121360407e-03
1.863078564709428786e+00,4.360955348199209602e+00
8.277185781710740820e-01,-1.525274155244018104e+01
