2.051748112509491850e+00,-4.765531649731494568e+00
1.447798671598013120e+00,-6.418260122776191068e+00
-1.215792487971432223e+01,1.457183685831036613e+01
5.902394800163961897e+00,1.796972725341325727e+01
1.171397809388647460e+01,-1.090531185174747453e+00
-8.017585711971536355e+00,-7.513642184892510123e+00
-2.573848445412542763e+00,4.535439112684146679e+00
-9.100010693193619105e+00,-6.141020827696010542e+00
1.462959628766882147e+01,7.288044355257359719e+00
3.922188013647999849e+00,1.384919798278293079e+01
3.910616217821448970e+00,-1.901815400980929049e-01
-4.821032496584479965e+00,1.172866999155708534e+01
-1.385894023395813157e+01,-2.063156123737771797e+00
6.668165270569760494e+00,1.096476935580267309e+01
1.192785138797889211e+01,1.160031848274926114e+00
-7.192304818661192201e+00,-9.203307152487873566e+00
9.251689907145527414e+00,1.328784361634922817e+01
1.310790543176683798e+01,1.026275967678484946e+01
-1.036962634803713179e+01,7.136596567430530946e+00
1.022796705968934816e+01,-6.498585571327693877e+00
8.203122846614716579e+00,-1.471873432686247085e+01
1.808912093313864489e+01,-5.530243487558881732e+00
9.917083986431936893e+00,-1.387510557889946039e+00
-5.470729870507799575e+00,1.986202351498004504e+00
-7.096838631099672279e-01,9.372628909834594069e+00
5.315303624764711188e+00,1.275352936182176578e+01
1.405198622363497662e+01,1.540569663173799730e+00
-7.337875072523459830e-01,7.567097235565778846e+00
-1.958774630307964282e+00,2.765837152614827765e+00
-5.658673637052443972e+00,7.466091578322184397e+00
-5.192056553205701697e+00,-2.889481184035223915e+00
1.034498662282843462e+01,7.882397159901962880e+00
1.113808379990775599e+01,3.613856599666330993e+00
-7.808551961151896315e+00,1.681589142215915800e+01
1.567130183608389693e+01,-5.215436547678959478e+00
-1.733161218816041682e+01,7.766711401194373643e+00
1.018241235027515623e+00,8.176941624213727167e+00
-1.539650410564650684e+01,1.665725677628527190e+00
1.475361600565425135e+01,-7.297672247186289596e+00
3.416341079992235130e+00,-3.607266583709713093e+00
-3.734018040541804861e+00,2.448986745790878494e+00
-1.352517284716892121e+01,1.334427590595325164e+01
-1.083546342670158324e+01,7.309016380950921210e-01
-1.692300534235471332e+01,6.034359277995406501e+00
6.022297049027280025e+00,-1.265252653248159831e+01
-2.906668387136388088e+00,-1.176622479927199816e+00
3.323019178798255258e+00,-6.393284998148830667e+00
-8.216971322482631734e+00,1.317962906583575666e+01
1.885059260688085203e+01,-1.309146640527485417e+00
9.601005611623496527e-01,9.977380923389642220e+00
1.425899087156773826e+00,4.827537714459833040e+00
1.491966811467697163e+01,1.071271617284379118e+01
1.696118285304602225e+01,4.141423233125866687e+00
-7.597611049736562094e+00,3.148276313808045845e+00
8.138384804082098967e+00,5.384606796725361022e+00
1.791247845506691405e+01,2.308119430722582521e+00
8.648882217430969632e+00,-2.605523668616219091e+00
8.441922932712055072e+00,-6.356538975416915704e+00
-1.383907888229241223e+01,7.375035325095631311e-01
-1.734277029698943906e+01,-7.093724864737325220e+00
9.988137398082850282e+00,2.123079941318440245e+00
-4.452335823784352442e+00,-1.105699030607526367e+01
-1.108200340890376800e+01,4.079413395845440604e+00
1.667489461410293572e+01,-6.706341433790895756e+00
1.382901933916338422e+01,-4.868692948327990599e+00
-1.295772231002618069e+00,-3.796790539109515361e+00
-2.976991491967222903e+00,6.624337056120412903e+00
-2.341576343964090423e+00,-1.883851896948060656e+01
1.156979943799752242e+01,-1.070907467867460916e+01
-8.734756895444216740e-01,-1.063080613136408736e+01
7.982425315147688494e+00,-1.111181788309472473e+01
7.059110639093736594e+00,-3.459408700406120918e+00
-2.364530403862616037e+00,8.491670426320647280e+00
6.563656702057139469e+00,-9.083227447551413647e+00
-5.425487275662918663e+00,-5.996588298918779536e+00
1.237580855156960924e+00,1.172111456735583168e+01
2.118837832775352759e+00,-2.427498038566850092e+00
6.855150172942392928e+00,1.634981447104483365e+01
-1.282714439117432192e+01,-1.349330766103847346e+01
-1.742730094462537238e+01,2.427304446907067259e+00
-1.372110936032560957e+00,-1.253551816690146481e+01
-1.120657532043609983e+01,-7.575938833892398527e+00
-6.535718643737441269e+00,5.887085717352320557e+00
1.028807605855003260e+01,-4.624597734791177750e+00
1.477456469489959545e+01,-3.290509042086904312e+00
1.860372553829850162e+01,-3.182003837348439390e+00
8.493423385439861306e+00,-4.478603198026941179e+00
7.794741204157787928e-01,3.181961134363653798e+00
6.729137501148017897e+00,-5.276748711762765609e+00
4.325199150802491843e+00,-1.185822307457122271e+01
-1.393503674394920999e+01,8.169283839122895685e+00
1.034795273236349011e+01,3.177834384040878479e-01
1.626311880061302872e+01,-2.254758523347291987e+00
-9.366930573371403668e+00,3.314933972761065384e+00
-1.124160198398813293e+01,-1.097364347571861742e+00
1.274362791136351447e+01,2.879077273511501556e+00
9.538642603381615181e-01,1.408984592841453054e+00
4.575650471755070114e+00,3.123361123063657541e+00
-3.107758579657703191e+00,-1.288478517791097566e+01
6.319250078010716365e+00,-1.443073912329043829e+01
4.593387000165495060e+00,-5.180191986974152840e+00
2.658432591469751749e+00,1.058989478174510168e+01
8.498550870559036241e+00,8.873492455869005369e+00
-9.215088317049392685e+00,1.534997089356087141e+00
2.560356082503977948e+00,-1.151763738690831040e+01
-5.347321451825425065e+00,-9.442318922722936492e+00
-2.583958704599683465e+00,9.906729893150807431e-01
1.482247004535679480e+01,5.103085094977818592e+00
4.224358537708171824e+00,-2.045137762672859072e+00
-8.107761767502410510e-01,1.358825354021407472e+00
1.941001260141795859e+00,-1.480408128585568406e+01
-8.058211844719338046e+00,4.879722351969281391e+00
-1.495392962009380788e+01,-6.164487807134094721e-01
-4.351097745333803779e+00,5.447421670275759409e-01
-1.510469303782086214e+01,6.105082600363389567e+00
1.018725623484225018e+01,-1.565350233747437514e+01
-1.140720085447887655e+01,-9.883050547362824290e+00
-1.641203979219402953e+01,-2.094674527609687420e+00
2.570340013820777259e+00,1.510057624854454161e+01
1.793636813549498221e+00,-1.792535885783473759e+01
-6.812423798262583041e+00,1.163032200702048335e+01
6.581660887267147819e-01,6.419924600886172783e+00
1.168708444949806591e+01,9.239389633921176070e+00
2.136388804567457722e+00,1.015150369430423832e-01
-1.151096624497966836e+01,1.058876853182780486e+01
-8.315135645835879108e-02,-5.214750457111946069e+00
6.395883173174271796e+00,5.566249526333241882e+00
1.327877205617442335e+01,6.008030113000880412e+00
-7.328686372420985862e+00,8.111008277058004978e+00
1.534461588741725713e+01,-8.971026748667188855e+00
-1.155529503296668281e+01,2.349648479946969015e+00
-7.183328985597358773e+00,1.411340708509277508e+00
-8.588079587652286406e+00,1.133076849906561812e+01
-1.035273633185198383e+00,-1.625251464413759450e+01
3.454037727156332949e+00,-9.881337065731763403e+00
4.065183872752156091e+00,-1.519597501610325985e+01
2.500975010043621438e+00,6.561303938609782449e+00
-4.808275448775969352e+00,1.673691567126995139e+01
7.091665569438537764e-01,-3.567634797811112701e+00
-9.788256737193608004e+00,-2.148679068149982996e+00
5.622873728099712309e+00,9.217202388267462965e+00
-6.248999379675380439e+00,-1.098082925426833611e+01
-1.218035990431793181e+01,6.950799810433068160e+00
6.860677294190345776e+00,5.948775887148147756e-01
-1.020314903023395914e+01,-1.140063121183401584e+01
-1.329439434590994118e+01,-4.523967045783957808e+00
-8.419578366318047458e+00,-4.456557965562477186e+00
-1.501730904540357869e+01,1.157361423790332822e+01
-1.351552961392185059e+00,5.870619041842744856e+00
2.952684656288233178e+00,1.234748379295193210e+01
-2.676621718743625866e+00,-1.531299293081933754e+01
-5.351946525179497982e+00,1.484608111377687223e+01
1.362704584169871680e+01,-1.236447257562321056e+01
-2.759032793683647622e+00,-1.710159654253188677e+01
2.619577768186949207e+00,1.690135577829532210e+01
-4.337210121240477889e+00,4.147806514860960192e+00
1.097126070528192088e+01,-2.960678702700941578e+00
1.611908716035383549e+01,2.533304575729494079e+00
-1.020407990558593703e+01,-4.477252962788091928e+00
-1.607479145752327199e+01,3.791659210478467212e+00
-6.098004891947851114e+00,4.175033422874292910e+00
-1.798765826075689134e+00,-6.013218286205182395e+00
9.544438983775206609e+00,1.152830739585387931e+01
6.336960809262749628e+00,3.777502781009467014e+00
-8.135262213851125468e-01,-2.090209737844904936e+00
2.769840015770191677e+00,-1.646372763759940128e+01
1.694298355332002259e+01,-3.982717270739582371e+00
-9.133729854178517016e+00,8.376075278471093455e+00
-7.981803582355426308e+00,1.497991597899695826e+01
1.342518840726334872e+01,-1.054900244241686202e+01
-6.697810563296694220e+00,-3.946687247796247355e+00
-2.575216369019623919e+00,-1.109005985702956032e+01
4.705967786988408008e+00,1.547051796143382063e+01
-4.681937968478797174e+00,-1.187175315478606441e+00
-1.033930541658960856e+01,1.191166169063846603e+01
7.804735993821188877e+00,-1.288421127545193912e+01
5.290883420692780170e+00,1.435068355207735458e+00
4.651403702487457714e+00,5.805805320009667980e+00
5.251742289962952448e+00,-3.545111841368237204e+00
-5.763139357777549598e+00,1.020230805490412784e+01
-1.453078926259075843e+01,-8.881479317214695968e+00
3.420456255344015428e+00,1.559645362564772819e+00
1.102938954468638100e+00,-8.203636789963184128e+00
3.009641560629184642e+00,-8.161223251752614871e+00
-8.358960464641059573e+00,-1.127527813226080156e+01
-8.215442303827965587e-01,1.112899213272957510e+01
-4.005696002787091814e+00,1.013416168691509078e+01
7.817527932209294983e-01,-1.152518873497194463e+01
1.130010050240980490e+01,1.097235277259121133e+01
-4.919199103131393969e+00,-7.711419101138733190e+00
-3.532950562026489827e+00,-9.549058530867061023e+00
-7.561458295262905027e-01,4.128808396362112276e+00
-8.090110544226714495e+00,-2.598320332231254248e+00
5.647958773772424834e+00,-6.785087469422926842e-01
9.872171022489483860e+00,4.937824116989130374e+00
7.310643087401279772e+00,2.309337054069678707e+00
-7.071057140569627641e+00,-1.267213164282304660e+01
1.168140277652506054e+00,1.403084772856420059e+01
-7.358626677690188744e-01,1.583417701050772664e+01
-3.157493775642758127e+00,1.297839442029411039e+01
-7.270210275651092680e+00,-5.832867433103997357e+00
-1.213771681669355118e+01,1.226208660529955807e+01
1.214909439044134309e+01,7.473582310895749536e+00
-4.149392094273649079e+00,-1.430984694026350645e+01
4.461950920046581004e+00,1.069555522643022094e+01
-3.377889428513464853e+00,-6.821577273807281294e+00
1.289705702794963926e+01,-3.170833903734504133e+00
1.644197850469946331e+01,6.064533518773940202e+00
-1.049750006139946024e+01,1.577413925642608739e+01
-1.339084187451215602e+00,1.296913850825568737e+01
-2.580729877137606376e+00,1.127509649900409094e+01
-8.010152807008600107e+00,-1.651464246145439296e-01
8.747871774324988081e+00,3.529438088131509055e+00
1.818437894784853981e+01,5.466345363286492010e+00
2.575265112743751139e+00,3.124745611646306376e+00
-2.105843517877826088e+00,1.463319009810326854e+01
-4.121641267219487759e+00,8.311868664796604023e+00
7.746643567149336107e+00,7.209636312942218517e+00
-5.344414688904616240e-01,-8.897063282731176415e+00
-1.672135029045400145e+01,-5.029851937411190799e-02
7.679597123848864726e-01,-1.108107628312701376e+00
6.830403336655011870e+00,-7.199315177691874901e+00
3.553011464853448764e+00,9.012818873255724839e+00
7.791187491548646982e+00,-9.802203423005407812e-01
1.454863897457018140e+01,3.307341078721782068e+00
-7.595422681632385542e-01,1.806746978060775888e+01
1.122353692124540636e+01,-7.975244681885328646e+00
5.193488418027747855e+00,-1.023247222953191482e+01
1.024895208635422428e+01,-1.349171261060696736e+01
-1.309033871875444399e+00,-3.552742890484553162e-01
-7.522573627143782637e+00,9.912123484072353108e+00
-1.337374587600791287e+01,2.825387066681578574e+00
1.573037938954913173e+00,-9.946856554424094554e+00
-3.056487096897468891e-01,-7.030328068495498073e+00
3.192315885242215767e+00,4.836020037877369226e+00
-8.415849990163980721e+00,6.682034727928648721e+00
-1.200185181098418319e+01,8.763263254251677736e+00
3.437263694370927603e+00,-1.346185288067270136e+01
1.188405329648751163e+01,-1.277690676992425267e+01
-6.571737912641492763e+00,-1.662123861733937247e+01
9.829717359248713038e+00,-1.113671249132030461e+01
-1.785173676051518399e+01,4.388416572246246261e+00
-4.313158246865403278e+00,-4.554450931052882012e+00
4.755748099634891979e+00,7.583737167050531802e+00
-1.336640591294558611e+01,5.569894442200747697e+00
1.150354255776265866e+01,5.764634672913446778e+00
8.678188253553662079e+00,9.519685562782581600e-01
-1.854330376446804252e+01,-5.043753210416295207e-01
-1.136672189131886768e+01,-3.092740352122268721e+00
-1.480528700224209082e+01,-3.579738004859327472e+00
-2.291393949328728308e+00,-8.198868725667812996e+00
-6.063690111172713948e+00,3.868013701554501305e-02
-9.812585750525178341e+00,5.351395326721412715e+00
7.462745290004693999e+00,1.352915245209034723e+01
-3.268414490376737813e+00,-2.977814834193896587e+00
-9.832751114462777053e+00,1.001840642613841048e+01
