8.345084247562621016e+00,-8.933600097248003635e+00
1.229207607354261178e+01,4.077485798954354479e+00
-5.733401880332314349e+00,1.250626022055292630e+01
-2.404241670372489814e+00,1.291616131398238920e+01
-1.141219370294869417e+00,9.694749106243644832e+00
1.492625202576921950e+01,-1.029227607631451136e+01
7.495440577328261078e+00,-4.399589664377133502e+00
1.043960071748026941e+01,-1.373589775381820210e+01
-1.459017952521613104e+01,8.679006335934389416e-01
-1.178285187562159742e+01,-3.649363899424277413e+00
-1.910525053365271786e+00,-1.663582179868741662e+01
3.106241496788771705e+00,-1.695333802407139245e+01
-6.295366733350646449e+00,1.600531104339550481e+01
-5.833241057491977521e+00,7.130190360865167332e-01
-5.123538657741928404e+00,1.065614557858836875e+01
-5.446962293253639231e+00,-8.701957311862328126e+00
-1.461777623302494167e+00,6.541934998761933961e+00
1.084697400971434078e+01,-3.262189641747517133e+00
5.482814228044970761e+00,-1.515737517681950663e+01
-4.203066960921771067e-02,-1.837661488653539976e+01
-1.003035521430206956e+01,-4.048804137821334415e+00
1.157447737023018952e+01,2.394788453601774059e+00
1.273873329873723392e+01,1.147571080978686098e+01
-1.976810679099391399e-01,1.729950443070852373e+01
-7.639986125228970693e+00,1.132612851709137614e+00
1.708278110617484913e+00,-1.299714065319740541e+01
-2.042772608409378243e+00,4.729042539078082696e-01
-1.764129854472864523e+01,6.343568068502954738e+00
1.480734760474791578e+01,9.116327560348771897e+00
6.553839875786216851e+00,-8.343430674730749175e+00
7.105256609074136476e-01,9.387062531632507145e+00
-3.426489659160983692e+00,1.142287685554112642e+01
-9.082485782133566943e+00,5.103630929990109200e-02
1.127076897226994667e+01,1.171829564447598310e-01
6.943161560865940274e+00,8.787675676593860175e+00
7.979859752876120815e+00,1.028496824811446686e+01
1.419457441961300503e+01,5.856473262150145409e+00
4.276611320750889789e+00,-1.114718716188117753e+01
1.219876671476970387e+01,1.364270936698200032e+01
6.964759204387608982e+00,-1.396110916970381233e+01
3.094852511695005415e+00,-9.610889964109079031e+00
-1.287630977822887424e+01,1.374298896575555595e+00
2.620502101006537909e+00,3.725621727750209722e+00
6.588345007511427376e+00,1.782115905495485109e+01
-1.033272695644948591e+01,8.034351694675610389e+00
9.886911033140153293e+00,1.582595124220174654e+01
2.216205243375271028e+00,-6.276796992237901662e+00
-7.766475132228870537e-01,1.813287164197620926e+00
-9.227811286440901206e-01,1.392263619123670004e+01
-3.369728824673551948e+00,1.700518933409640354e+01
-3.905104184141959589e+00,5.454553549803621948e+00
5.279873309742548315e+00,9.439849978253960217e+00
-6.701092778677081974e+00,-1.702429781154796729e+01
7.406476756933040306e+00,1.198393102513849762e+01
1.472283384713951371e+01,-4.916877557726692771e+00
8.461223721656814689e+00,1.697505001111138867e+01
1.230051458065161363e+01,6.278022672596629050e+00
4.737223427796295461e+00,4.133559351012705996e+00
-9.221709776165887718e+00,6.593494289846027812e+00
-5.642560115978175084e+00,5.824191228260123587e+00
1.631402717884320230e+00,1.497675019981237376e+01
4.013749216049001589e+00,1.078317865823226640e+01
7.314850982288874981e+00,4.300033640954017411e-01
1.117792034173740845e+00,-1.472178096891524923e+01
7.959557776029940745e-01,-1.168028353463471669e+00
1.404380935766870842e+00,-8.041201513037835369e+00
-1.683258148143483268e+01,-6.962473239196145691e+00
-6.626712316770575484e+00,2.613452546378819630e+00
4.674696033506674731e+00,-1.503158815016414351e+00
1.671638835259389921e+01,-2.497917784742468505e+00
1.616200363472342261e+01,4.242489167483427082e+00
1.119428317469442646e+01,-1.534059724977852390e+01
2.430555574027458476e+00,-1.138791383390403489e+01
-7.303215141840617264e+00,-9.051374519376915728e+00
-6.267229380534360850e+00,-1.499033774422840715e+01
2.325937110621540960e+00,1.016643267620458069e+01
4.862656071187294593e+00,-9.415860574255015436e+00
-4.683213806484065600e+00,1.499227479489217352e+01
9.352556879690621106e-01,4.664784578031010653e+00
-8.275868472085143424e+00,-3.641332874288046639e+00
1.084128919827819715e+01,5.209943951003817908e+00
2.383919826370097805e+00,1.905585326117581024e+00
-9.629693701509010495e+00,1.748844122804028789e+00
-6.899404842056235054e+00,-6.956986574713511784e-01
-4.653729642729202975e-01,8.029458229198773722e+00
1.474286333173944818e+01,-8.428480142508893991e+00
8.007408909668686903e+00,-2.710319880221874200e+00
4.055918532177074098e+00,2.477888028747304183e+00
-1.337583804769934659e+00,1.148044523404023565e+01
-1.085195553111333666e+01,3.693827105633482044e-01
4.070859471176756728e+00,6.409324976633907767e+00
-5.575854194383748075e-01,-4.287861864330365869e+00
-2.191583664485365013e+00,4.881396645877727813e+00
-1.597293241543590625e+01,7.140558474692261903e+00
1.864840587689060314e+01,-3.337219397331599779e+00
7.802827722719201109e-01,2.907262515173638207e+00
-8.799420266010656633e+00,4.847858209988117117e+00
1.769997957321505000e+00,1.858695494437378315e+01
-1.309486935155000253e+01,-2.447446224600124509e+00
7.821152712129901374e+00,-7.015601684027069851e+00
-7.731133515772853348e-01,1.897628972960958649e+01
1.036516382554656701e+01,1.400279876231572374e+01
7.479637925798893860e+00,5.276496316677963705e+00
-2.821757480602765877e+00,1.521928579453783925e+01
5.167633529673851811e+00,1.674638381968263801e+01
2.881148328911358636e+00,-1.853679529125125569e+00
-8.194443869346685005e+00,9.702962296542009923e+00
-1.432221757939506457e+00,-2.762034682653193407e+00
1.597028653257339448e+00,1.681869615160655584e+01
-1.022363231282756857e+01,-2.273817918327799337e+00
-6.840271171277436224e+00,-2.473961473698381486e+00
5.121175574908710892e+00,-1.271981514468710195e+01
-4.343555469391056079e+00,7.195812217977735514e+00
-6.432177122141750303e+00,9.329955261038065828e+00
-1.878717116418361854e+01,-2.214168788386674969e+00
8.284875212609891237e-01,1.054998298019329983e+00
-1.823674070053280305e+00,-1.889789199430397915e+01
-1.171804337402731910e+01,-1.218134547301933379e+00
-1.494297151363636189e+01,4.072936872151442955e+00
-1.101073098423636054e+01,5.150151266283383933e+00
9.226916388659741841e+00,-4.035066136969517991e+00
-5.408525755277629798e+00,4.075746897118007084e+00
-8.440747542889495136e+00,-1.674600519837236012e+00
-7.412252012847737603e+00,6.111130164321384228e+00
-4.220534666943603241e+00,-7.418257215502729096e+00
5.733300400888493797e+00,-4.612755377377428800e+00
1.523055227376625886e+01,1.904329892280431924e-01
7.984445585407116575e+00,1.390222068972772362e+01
3.628743337613737019e+00,1.863760470805668490e+01
7.097874287914368807e+00,7.034542632818223673e+00
1.293291356468873055e+01,-5.303414371427026985e+00
1.437421071868984157e+01,-6.670559450311855265e+00
-1.203947642055654121e+01,9.151557187399490090e+00
5.594862021779533734e+00,4.869949261362761447e-03
6.144907479339292600e+00,-6.346360099204598981e+00
-1.545299975559481886e+01,-5.525702331398086642e+00
2.646211715479956705e+00,1.195268352037346382e+01
1.448240901564517236e+00,7.782870336281740187e+00
-3.799168198093030302e+00,8.868538681102750010e-01
3.938142959782581221e-01,-6.563067483881123820e+00
-3.077526042526716576e+00,-5.968278827440340883e+00
1.775232218058083689e+01,5.448203068438632890e+00
-2.433624591924884228e+00,-1.052925527052840238e+01
-6.073073715621450930e+00,7.566584352422935922e+00
-5.084798290478765637e+00,-2.438000570826059032e+00
-1.131429284309154504e+01,2.292565468871812673e+00
-2.116989118789614377e+00,-1.280571336048345721e+01
-3.594049559353992507e+00,3.642159633716004485e+00
9.672881959931691753e+00,1.089572974028774688e+01
9.621164842646052762e+00,-7.346005943337994282e+00
7.922784695706751812e+00,-1.558107300677343332e+01
-9.581662930162394565e-01,3.614442269519773543e+00
1.017887342371613713e+01,8.904074953874097531e+00
1.531423344183854418e+01,2.665686620324888789e+00
2.419639123779208312e+00,-3.611441819979572809e+00
2.971167759132448682e-01,6.344263454278404879e+00
-1.000251662315110224e+01,-6.453966500578017573e+00
1.606590663240725547e+01,6.135663414823401496e+00
5.063730230573161295e-01,1.130190315090309916e+01
-7.856543854251365033e+00,-1.081196378796189705e+01
-4.181509558543928584e+00,-4.078951694173197140e+00
-9.056603575951472251e+00,1.123674252268533635e+01
-1.391514645052536103e+01,1.106924425718478489e+01
6.817124316784277660e-01,-2.994941436485141217e+00
-4.630551001582484894e+00,8.949944829220857656e+00
-1.010949071160354329e+01,3.643631163537137230e+00
5.333422942340970252e+00,7.641129204623334559e+00
1.058925367146591334e+01,7.130808522605668998e+00
1.186023515277354257e+01,-1.063094694872788004e+01
3.473162788984797800e+00,-1.347635409885762670e+01
5.847429579547952727e+00,-2.829111352902020204e+00
6.252292650488622261e-01,-1.144362832245735184e+01
-1.290092154656501400e+00,-5.958600835379261440e+00
1.750869022401278130e+01,-4.724680548766575505e+00
9.077762535378994357e+00,-3.024987765314017807e-01
1.016974919104004726e+01,3.537255719190826042e+00
6.843998101719922289e+00,-1.210010595539132972e+01
1.651489899583481957e+01,-9.379934295020397883e+00
-2.966869706570017140e+00,9.625547090779955184e+00
1.208768928928705222e+01,8.156829616443825870e+00
1.006558654694752342e+01,1.433120842767577008e+00
-1.247468162110945222e+01,6.118225067016457075e+00
1.539993393504546226e+01,1.093328833293544022e+01
-1.562056152386754881e+01,-6.919443923341530578e-01
-4.253853870460062581e+00,-1.084725743962101241e+01
1.355167738180501580e+01,2.222711763647287508e+00
1.103563869490182370e+01,1.208394864398168345e+01
-4.608930921542407688e+00,-7.099007348258308259e-01
6.511555513380336002e+00,3.793086851288218764e+00
-3.266901287617696603e+00,-2.265060103908498323e+00
-4.878748732874537808e+00,2.362162585561987882e+00
-3.646257179926734260e+00,-9.168565866281534582e+00
1.408785726100578195e+01,4.023512703599732454e+00
-1.355712235723718351e+01,-4.429058196573479655e+00
3.124125938377876555e+00,8.507551832563096994e+00
-1.145224274526873565e+01,-8.239910592939711620e+00
-6.415376371103577169e-01,-1.387994182673954846e+01
9.220998650000783670e+00,6.020014126650303332e+00
1.672820102965597755e+01,7.844219261952251721e+00
1.243458132700078167e+01,-1.825250920179689818e+00
8.332092418049315441e+00,1.938196174196625599e+00
8.363741134108110487e+00,3.743360966619166064e+00
1.010719834979513365e+01,-1.044967280260074993e+01
1.641909002800543149e+01,-6.905367088561672695e+00
-2.627754484146317182e+00,7.887526318277712889e+00
-9.296644535422833755e+00,-1.346001000644733558e+01
9.220467906339788300e+00,-1.241593840374973645e+01
-3.259795343088347064e+00,-1.784710940796912837e+01
1.285116308150923370e+00,-1.720547388733840322e+01
-1.853750642278428629e+01,-3.972059530419133289e+00
4.706315847446031597e+00,1.320322575771305296e+01
2.268380089220378704e+00,-1.480564819729070503e-01
1.311251153963573834e+01,9.633640360831826399e+00
8.625433306979493508e+00,7.965098201131141309e+00
-9.665849081279013211e-01,-9.738648853124318716e-01
1.382137235703851452e+01,7.631773782807124817e+00
-2.509141643173360414e+00,2.222921514123961551e+00
6.819756889198462346e+00,-1.327345157738258896e+00
-8.401394736336687430e+00,-5.464963359580965907e+00
9.293715340743071707e+00,1.261345244578206959e+01
-6.294868223390960305e-01,-1.019713409020029182e+01
-2.042100779532575849e+00,-7.646171092398144076e+00
2.124479996031343632e+00,6.097118392844904200e+00
-1.165818086469020720e+01,-1.179210767963871298e+01
-1.150624682697624657e+01,-5.458095657433780445e+00
3.920635280168803138e+00,5.604591281705866290e-01
4.050794700619910316e+00,-5.652399302843392981e+00
-1.673489058281732156e+01,-4.237214987440178326e+00
-6.643639964140741760e+00,-5.174574477848958409e+00
2.946791179157408624e+00,-1.520270877342149163e+01
-8.403585591550719158e+00,3.080913539069718876e+00
1.160461256328034541e+00,-4.840856108643102118e+00
-9.302183635673570095e+00,1.486435343196495928e+01
5.810060550219589004e+00,1.817597751139817364e+00
5.710289862298122188e+00,5.676907829279239870e+00
-6.782452863537858256e+00,1.773377459224655084e+01
-2.392442639186894482e+00,-4.239718187559517126e+00
1.419941814140368841e+01,-3.152042378045949889e+00
5.767281896014016418e+00,1.131016902992045914e+01
3.270866073596529588e+00,1.606820884071924027e+01
4.216939124012030859e+00,-3.593336117366529692e+00
1.138904588759779379e+01,1.025634446371755537e+01
-7.845361631046484874e+00,7.838229951948222585e+00
1.416784386899807657e+01,-1.375015756275463241e+00
-1.117280451273443020e+01,-1.481825561005610403e+01
-1.382626973128681769e+01,-7.103924097011164562e+00
6.396786906027387865e+00,-1.028794146722717073e+01
1.386206486433829355e+01,1.293757957547828141e+01
1.214195839742759020e+00,-9.786749352447648320e+00
4.769684000732152818e+00,1.502738277695598335e+01
-1.050590392559272557e+00,1.573699906473051513e+01
-4.385510289743113077e+00,-1.503397127406389977e+01
-4.961538753344984620e+00,-5.714259343571741923e+00
4.932184607006680821e+00,-7.632377108428346268e+00
3.188898964276014159e+00,-7.846177630795101443e+00
-3.528833237702782011e-01,-8.410333444791680435e+00
