3.580303425796705685e+00,5.708350649079657835e+00
7.792675999446989632e-01,4.756511323796178914e+00
3.129556452599021377e+00,-5.819197840114908038e-01
5.321063342105362359e+00,1.270697110836687571e+01
-5.358700957635097240e+00,4.026203367749647377e+00
7.362495043488618940e+00,5.642554721299481990e-01
3.991249664828565802e+00,-1.476590879930369304e+01
1.277145164129592381e+01,1.151321265018024675e+01
1.124693383180441053e+01,1.271613340234954315e+00
3.557384123478271043e+00,1.239210038663855507e+01
-5.908149322262902459e+00,-4.033572836666483141e+00
-1.551394314102352512e+00,-8.088670684695662416e+00
1.618591921796062039e+01,-5.796596765957747976e+00
1.236959111403733580e+01,8.148369198435354122e+00
7.816429368260258137e+00,2.360733722658346689e+00
2.151999281210254189e+00,-8.754060684584137775e+00
-7.751599297633286589e+00,6.086649234854325741e+00
-3.994298511297441845e+00,7.059759432381275346e+00
5.483426607735855107e+00,-5.300788078268653392e-01
9.430542662103402307e+00,-4.680509408918219094e+00
8.883032029260536921e-01,-3.183644250947438969e+00
1.567173135230416392e+01,8.182658608823718538e+00
-1.347715594450419907e+01,4.424151614246915720e+00
-5.148007436734781450e+00,-7.571119340337694403e+00
-2.694781650748588220e+00,1.124590797106020368e+01
9.904838599555649381e+00,8.728023262816700267e+00
2.532706835404219703e+00,-2.249697512606832817e+00
-1.010024977421442705e+00,5.145546411490658834e+00
7.897249608646393249e+00,7.937933842908318383e+00
-5.204894179029097012e-01,-5.045572522396199133e+00
-6.116866169727127378e+00,8.926038788767677312e-01
-6.179396369680286050e+00,1.473407068174210721e+01
1.260647429036950840e+01,-9.821058439101536308e+00
9.902552530689670007e+00,2.867025469364861134e+00
-7.192155491919164589e+00,4.370768685444077484e+00
1.376053577946562534e+01,-1.117878486029563589e+01
-9.563868874885018911e+00,-8.475378576692925492e+00
-1.045626025662249425e+01,-1.562341166732666542e+00
9.619248715395830374e+00,-1.366477459554222662e+01
5.394318334322008468e+00,-1.684350927378111962e+01
5.822174968135749751e+00,-1.019252902171999686e+01
-5.152653595194276015e+00,-1.800097017929395804e+01
1.182280434448458095e+00,9.289503861946551977e-01
-2.400983543853482949e-01,-6.854401166176202764e+00
2.843070287305776045e+00,-4.053332466202511419e+00
1.510851909046804131e+01,2.689676961818777468e+00
1.529050877097722472e+00,-7.008384238198073213e+00
-7.736220709460125633e+00,1.382937132744823749e+01
-1.129189167702698704e+01,2.408698358684880844e-02
-9.708687865622882995e+00,-4.015708995351520372e+00
-1.578592168914683036e+01,-4.808492831510199572e+00
3.553230740054039161e-01,-8.636608702208041777e+00
-3.504218568254717336e+00,1.633563328478576082e+01
1.055689864791515475e+01,-6.874906134263902402e+00
-3.944010978277899260e-01,8.738613388431536677e+00
-5.336014959586492523e+00,-5.812761058784232659e+00
-5.456981126560426887e+00,-1.010671585493988189e+01
-2.039769416138565106e+00,8.084205980085984677e+00
-9.477188245388557419e+00,1.344547058553870755e+01
1.331384671388322616e+01,-4.339486665117626707e+00
4.614644655757753178e+00,-3.670886779589883631e+00
-1.207751521884235046e+01,-1.284370623912367115e+01
-3.961303575803339694e+00,-4.689418024200741719e+00
1.046503804477336175e+01,1.358824573645026668e+01
1.201507356703748997e+01,-1.404494058930306011e+01
-1.464352911498033016e+01,-3.455883466834533291e+00
-5.530689687236133523e+00,1.816965595278881196e+01
-1.869259182805934572e+01,9.080362849684976423e-01
-2.222156665076191917e+00,-4.382408525895722384e+00
-1.318306091944057634e+01,1.220771394423732659e+01
-6.888240695602826591e+00,2.505500680104187250e+00
-3.020827740867826794e+00,-1.365386471682744585e+01
-1.833801666504201933e+01,2.682639647266956917e+00
2.223390505541231299e+00,-1.672681370328320583e+01
1.150088909292513506e+01,6.559162410723694769e+00
-9.436000997234768040e-01,1.126454229339864632e+01
-5.522906834727705494e+00,-1.627049022819438662e+01
1.164719094056893489e+01,3.332821120245998525e+00
7.302931896106541032e+00,9.683007073139465959e+00
-3.834182510326708648e+00,-1.111123990100953751e+00
-1.110221906931740499e+00,3.375242442247198493e+00
1.169064632388134939e+01,-8.231281961635396272e+00
-3.030588963224972510e+00,2.379846170482047718e+00
-3.695520277711906054e+00,1.814457782809588693e+01
-1.560026542201543798e+01,2.693527765064002377e+00
-1.136173554256988893e+01,-9.902207682837554259e+00
5.393844578849394944e-01,-1.140131171399345256e+01
-1.177450246258805677e+01,-5.560409923177972225e+00
-4.106412382699813790e+00,6.198008669883358079e-01
4.818128445339183941e+00,4.370326625671081544e+00
1.284581471817694620e+01,-6.898597914603238124e+00
-4.661400284786719972e+00,8.744220021947484156e+00
-1.039817839773324160e+01,1.193680313169592289e+01
-1.335720230045979129e+01,7.877239838521658655e+00
1.313536138057436409e+00,-5.013569590005876542e+00
-8.851993774655968039e+00,-2.339839270068340138e+00
-3.621531961047686488e-01,-1.347338147862231494e+00
8.772137568839614374e+00,-6.954019095293832109e+00
-7.938392025486940007e+00,-7.787597027389856486e-01
3.539268533613701972e+00,1.058872524652340097e+01
-2.157119250910944253e+00,-1.606251214788469106e+00
-3.288066382436487523e+00,-2.971869723494942050e+00
-4.047808318795127924e+00,5.260719187841734090e+00
-8.349136118101792903e+00,1.169040152493867701e+01
1.152989317106810851e+00,7.775819983024557125e+00
1.093859518356411797e+01,1.186462065196452365e+01
1.711551139122377663e+01,-1.766683584897037473e+00
-6.977773690695246778e+00,-1.127816404510949511e+01
2.957270663671347055e+00,-5.810571040954840782e+00
4.908507636189534118e+00,6.999862195621810557e+00
7.405978993480740513e+00,-4.767955887466682974e+00
-6.975750116392519518e-01,-1.005180808272738702e+01
7.251755295378796262e+00,1.566864600121183138e+01
6.402989723899453978e+00,-1.528999189726446772e+01
1.099736249139802879e+01,-1.065423389089267658e+01
-1.467471678218869080e+01,-6.313088745269237023e+00
-1.203667750040947304e+01,9.315921876462864404e+00
1.892656614151462913e+00,1.139592938252073040e+01
6.484727276172651322e+00,3.597387436430449448e+00
1.540337389825394609e+01,-2.361157052450101101e+00
3.068866381193187109e+00,7.562465542654704720e+00
-2.748340037210847520e+00,-1.548316789559100393e+01
6.011253257144850259e+00,1.755644818605317070e+00
-1.314994822274892705e+01,-9.670908074694978040e+00
-8.620383045151850609e+00,9.900602326691794630e+00
-9.937388085595801002e+00,-1.557555427458970243e+01
-1.145636434303070672e+01,-3.702168049739103406e+00
-1.029979673643479288e+01,8.962740128966450115e+00
8.283012496721628537e+00,-3.223996666205140027e+00
-7.284363127111447511e+00,-1.307059157825982254e+01
1.165925511930291592e+01,-3.510135754573257660e+00
5.439806322074202782e+00,1.031188178490081064e+01
2.244904361767972922e+00,-1.850005214406264287e+01
-4.340784603227100469e+00,1.055678878438038737e+01
1.865274283599834382e+00,6.137632347794287568e+00
-9.494165045243473600e+00,2.274684967878461694e-01
1.327594542327465810e+01,9.689117545897307338e+00
1.313286339933949165e+01,-2.330942220726199388e+00
-4.916348654532236573e+00,-1.372516528102053890e+01
-6.604675020523566253e+00,-1.486915131846356886e+01
-8.495591373893304876e+00,-1.439505432651950656e+01
-1.479671150711148186e+00,1.075003542711555210e-01
-7.125110686118452996e+00,-1.760929583495900275e+01
1.127707023159060284e+01,1.003409011638098747e+01
9.204208031512660426e+00,-1.101693088287258604e+01
9.090594374462577676e+00,1.506385729858318356e+01
7.117203063479845326e+00,-1.223866937654709997e+00
4.270330841353348283e+00,2.644507444854090394e+00
1.417025574099654239e+00,9.642669136553404741e+00
7.368463385262954191e+00,-8.321668453600818083e+00
3.909476114304870187e+00,-1.095570511543557934e+01
-1.418783149079595063e+01,-8.210507754907848010e+00
9.022190773604784608e-01,2.889660702633492839e+00
1.002775067300948031e+01,-2.819860561437986579e+00
-8.767528520026843797e-01,-3.108502434730466835e+00
-3.297348598973941503e+00,-8.324348429119330817e+00
-8.217655959719843750e+00,1.708294176848627544e+01
7.038412895618442633e+00,-6.529535247692694000e+00
-1.939491600823437523e+00,-6.187987586015538888e+00
-4.343495203389022841e+00,1.463142104578602165e+01
1.495774006159071590e+01,1.170777414286645168e+01
4.304698691692921741e+00,-1.925894922604973525e+00
1.131272137076364714e+01,-1.241501980395349314e+01
1.860917437742530112e+01,1.578538561724578820e-02
-6.715495322007641654e+00,-2.209667788789006604e+00
-4.430308923468058713e-01,1.621911037344074158e+00
-1.116943891262237898e+01,-7.458515955259352737e+00
2.846411626632933789e+00,1.616397376297390309e+01
-6.971047739918917685e+00,9.049305873067682526e+00
-8.285890371467480975e+00,-1.624382704243475928e+01
-2.714951111298530950e+00,4.114744067217505297e+00
-7.909030251724057159e+00,1.014794832525618418e+00
-1.413502722447543469e+01,2.378041339677337274e-01
-6.588787135585548960e+00,1.244085437783785331e+01
-1.638074688776751664e+00,-1.161693307040863488e+01
8.211539553985316431e+00,-1.258625298657466196e+01
-1.676061497050310223e+01,-8.945961703034178925e+00
-1.515148968206331048e+01,6.754133984920058786e+00
1.593948015198201595e+01,1.018927867039589330e+01
2.775952802361039584e+00,3.909293405427256118e+00
-1.593514286762580490e+01,-2.248022342047898692e-01
1.511537134916068226e+01,-4.099570427355692104e+00
1.695646943225936099e+01,-4.064924995867171376e+00
7.467512764072216314e+00,1.145793187942589597e+01
-2.384687738315383054e+00,6.289770132609757702e+00
5.742605276880819787e+00,-1.197747179827818442e+01
-7.693495413409879191e+00,-3.719428868352808504e+00
3.704573534203717600e+00,-1.272755800572149987e+01
1.890370145959765580e+01,-1.893346820119962803e+00
5.424527953905718292e+00,-7.211649766389897742e+00
-3.672161794068394158e+00,-6.495019907989989072e+00
1.185526320785121257e+01,1.480314828814157657e+01
-1.294049680521034951e+01,-2.714137486242560904e+00
1.551922378833099536e+01,-1.095401777704433144e+01
8.044082520273471815e+00,1.350566372652773772e+01
-5.587239644510316516e+00,-8.091842200178087641e-01
2.104332150513854582e+00,-1.050445654077485358e+01
-9.975800024351208606e+00,7.075934366916193596e+00
9.199343362689079484e+00,1.058536637242198353e+01
-9.989009894404016876e+00,-6.023474943852510144e+00
3.805649321670744101e+00,-1.759343472807965725e+01
-3.684228606630154168e+00,-1.009936309930020393e+01
1.306285950587116140e+01,4.756817370989312899e+00
1.026816387061359848e+01,-2.329331280432042350e-01
-1.443672803812990857e+01,-1.664541395920480893e+00
3.591435449477016206e+00,-7.536147519582494958e+00
-3.881821598834722109e-01,6.896171117585997656e+00
-3.448220746505257672e+00,-1.190121530422041829e+01
-5.952966881962447054e+00,7.534949299396766165e+00
-8.533423655590905099e+00,-1.026945432273243419e+01
1.567920280582263537e+01,-9.174116644795491382e+00
8.300042479698365172e-01,-1.564500371271739176e+01
1.371604931984877762e+00,-8.492953941419036923e-01
1.147695044642852658e+01,-5.345815438149339016e+00
-3.373181273331189001e+00,-1.846010761784509313e+01
-8.357665524369608079e+00,7.772018293982433157e+00
1.370646869416373548e+01,1.306362858544555650e+01
-6.448770988527455117e+00,1.654723077542086074e+01
-4.922460022520859901e+00,2.260574710544058785e+00
9.154321560376441624e+00,1.144623207693298728e+00
6.057277737261912876e+00,-2.658498343495796057e+00
6.188156309148554080e+00,5.590780882692476084e+00
-1.618829257303381652e+01,-2.524626557873840049e+00
-1.125046846373294862e+01,1.363822727358840581e+01
4.317265932037559928e+00,1.498721618320502280e+01
4.304359464842868022e+00,8.940023017201582434e+00
8.692948780841318168e+00,1.680088105874460425e+01
1.329299479533062645e+01,6.508654638222829192e+00
1.651885416326718925e+01,5.164677073250888845e-02
9.656514419936119253e+00,6.913777847865793191e+00
6.070794139678599599e+00,8.405011289155828180e+00
4.360636538921477623e+00,-9.126020996868042801e+00
8.909130061211060436e+00,-1.438818699985575877e+00
-7.012717870753021998e+00,-9.144985380981731637e+00
-1.026763251208877037e+01,-1.143057727390021405e+01
-1.342773281845454747e+01,-4.896453403787907277e+00
8.480022245363876721e+00,4.099512682017190102e+00
-1.743126035115103178e+01,-1.169575682933257976e+00
-6.207687088960397226e+00,1.066821066305227461e+01
-1.386083558790248205e+01,-1.297173772032964756e+01
2.562335232897670068e+00,2.107091257373317816e+00
-5.895279689908462295e+00,5.720569985445036032e+00
1.661464682445088314e+01,-7.593555378593763727e+00
-8.341430993570181585e+00,-7.183883401535614333e+00
-8.327353843323340499e+00,-5.406924996766021785e+00
-4.974796322876719579e+00,-2.476896382402541619e+00
-1.176386145157664309e+01,6.890243324651637025e+00
1.180067730938761095e+01,-1.094481345995067745e+00
-1.136080470427980060e+01,-1.446759782658841686e+01
-8.980634900844652435e+00,2.468483200244930842e+00
4.285140936007307388e+00,7.665802679590419944e-01
1.436658461113201568e+01,-5.831322697510308295e+00
4.694519891684832302e+00,-5.558694682981759172e+00
-1.042561083428431701e+01,4.536546167229322357e+00
-1.640086254447764791e+00,-1.770391681253308391e+01
-1.075924065143152220e+01,1.803515427965575180e+00
