-9.260644270910908915e+00,7.865251603441413941e+00
1.248775050519313190e+01,-1.431977958350088187e+01
1.691545860508070431e+00,-1.353209609838025784e+01
9.079823112562921850e+00,1.046094873728923957e+01
-2.544336714351597362e+00,-1.660537780637616478e+00
7.396959958608826824e+00,1.211541281213570720e+01
-5.924992910022513826e+00,2.392051301816843001e+00
3.397551783385481361e+00,-1.419727299885115279e+01
-8.062913027283887146e+00,-1.535510983941464502e+01
2.716843504726740299e+00,1.372809811521891810e+01
-1.942080175206685411e+00,-5.499004779455997749e+00
9.988488010378047122e+00,-1.110955517939512127e+01
-2.500766986454054486e+00,3.517457685476052198e+00
-1.102631562890337413e+01,-4.764922517391421586e+00
-4.794414279602935203e+00,-1.668765738191335402e+01
2.613535749518082429e+00,1.817192496909689980e+00
-6.219396611760563687e+00,-3.539448382172658114e+00
-9.686927739180994479e+00,4.387979335088117772e+00
6.904638162458565098e+00,1.392492735013630067e+01
1.253732014410549134e+01,1.140248394293708856e+01
-2.246294950154357206e+00,-8.971056405427697555e+00
-4.280515465154143051e+00,3.264714301348520031e+00
-1.556708853091037881e+01,-1.085859598759960853e+01
-4.890591234302688939e+00,1.086521655021309130e+01
6.910852788891872045e+00,-1.242392878656700717e+01
-1.612478479694430078e+01,1.445998919973372265e+00
-1.244222773141101435e+01,-9.225332854603120580e+00
-1.150141398974830054e+01,-9.394510454640919717e-01
3.130362332335534958e+00,-1.052609168730182176e+01
1.739852942702334815e+01,-1.372671000380302875e+00
-8.801392098186784807e+00,8.439878509008774676e-01
-4.821544386511840585e+00,-1.144393751786162916e+01
-3.717505042037372309e-01,-4.480438002499371741e+00
-3.544215551375320405e+00,5.018051689773182389e+00
-1.437418272085970017e+01,1.194165539375352747e+00
1.967335517350315310e+00,-1.545548790808984663e+01
6.683533448644030983e+00,-3.913744177115511924e+00
-1.173427774659328238e+00,9.730997877802401774e+00
7.595335890914781451e+00,-7.576446726477313653e+00
4.461529795072357807e+00,1.640523486922998941e+01
2.339194757179163364e+00,-1.410298740373991055e+00
-1.774903265513999573e+00,1.849067405194754432e+00
1.093287713754924084e+01,-6.666206632740478533e+00
-1.316143041788658685e+01,-7.536676293169015217e+00
-1.033171685267413586e+01,-1.223588834253850699e+01
-1.264002006323548066e+01,-5.821963611426679286e+00
-1.254142677203499368e+01,5.960977764528960776e+00
1.400727616351408145e+01,-8.265587534551682936e+00
3.916821979064451398e+00,-1.223856401405343242e+01
7.245880458125663282e+00,8.475054603880300519e+00
3.252988236377764686e+00,-1.702754820014672887e+01
1.408870122544217063e+00,1.817364154676248955e-01
3.216069128961164481e+00,1.305578520114498153e-01
1.402299381890991903e+01,-3.492031047849850078e-01
-9.132222863619320563e+00,-1.010692672590704611e+01
2.565587138806871614e+00,4.547957423607279281e+00
1.959905585165954811e+00,-6.472464697571221670e+00
1.561189779907906683e+01,7.410688846828694665e+00
-1.549326270581778964e+01,-1.294504418860674022e+00
1.077896219915973575e+01,1.106312033625523483e+01
-6.868576613838404121e+00,-6.458788236687557749e+00
-4.858363298969860189e+00,8.764388434183420173e+00
4.276027966175784734e+00,1.457289038572030648e+01
-1.033802698311293966e+01,1.568756381056866012e+01
1.051160296765578117e+01,6.907243797949127462e+00
-3.256838863479816659e+00,1.016947811213593411e+01
1.690998540095485225e+01,-3.875131709365834620e+00
4.154654024932461276e+00,8.057283665093208924e+00
-5.531046339198490536e+00,-5.168256554505685330e+00
-1.424406186205210822e+01,6.656446615670817302e+00
7.510240096529377851e+00,-1.852738160496883557e+00
1.825054827312970529e+00,1.754915834902080363e+01
1.683770976426863797e+01,2.290193613738562561e+00
4.636528044112600000e+00,-9.562812337361694670e-01
5.793265788340709044e+00,1.119286516875835780e+01
-3.958515709613941613e+00,7.180610811453943754e+00
-1.698740912982545481e+01,-5.711117313633755188e+00
-8.570551895131458764e+00,-1.178015049584622176e+01
-1.067747790617799097e+01,8.126129807833546437e-01
-9.398281386148812366e-01,7.978189961677727204e+00
-9.546238409657254564e+00,-2.510390551341451282e+00
8.686658847694570085e+00,1.397552140519639252e+01
1.236240381344877193e+01,-3.351207292213190581e+00
1.734511961904727784e+01,6.821064847858141711e+00
1.070909435804714605e+01,-1.432186282636750541e+01
-1.061530114045093898e+00,1.152950474555759364e+01
5.801162734518523934e+00,-7.420303834860581205e+00
-5.579441873023440746e-01,-9.455102365746947513e+00
-1.376683165750789151e+01,-8.488275945867762573e-01
9.060288949168358030e+00,-1.504461217000860884e+01
1.654875053869972135e+00,-1.172977572160259285e+01
-6.609368852889822010e-01,1.580156730967866352e+01
-1.264429492836759295e+01,-1.125735608487562089e+01
3.742674692211612530e+00,1.219130874350979887e+01
-3.948010137947346454e+00,-8.469311517171389525e+00
-1.098291400459134337e+01,-1.033643557595020468e+01
3.851486904466479899e+00,3.233066043286634272e+00
-5.258806871605242961e+00,-9.736610255044126916e+00
-7.019027894758783637e-02,1.407513589348488914e+01
9.199322756270751356e+00,-5.753961731552941217e+00
1.193161189316376714e+01,7.943210309085308118e+00
-1.672665840322291686e+01,-2.570056774771427133e+00
-8.744183676837672392e-01,1.757322056822645706e+01
1.364611760040884114e+01,1.627378561936058121e+00
1.228148798691307952e+01,-8.752058474688787726e+00
1.446473581575355993e+00,1.498495554467066881e+01
1.883404763449108843e-01,-1.832300573091050566e+01
-1.610434931779823664e+00,4.509873422127026049e-02
3.655641140748303819e+00,-7.308584361256352580e+00
-1.287139161101184426e+00,4.838204657153043264e+00
-6.334986188907623550e+00,-1.494713068349544827e+01
1.709097818182704565e+00,6.162254898242585099e+00
-2.674763779536075692e+00,8.403858851147205655e+00
9.173924122179167640e+00,3.675469103817226468e+00
-4.121359966738228131e+00,1.736789837509794765e+01
-1.215144034963057607e+01,-2.629580353205408727e+00
1.326442581754032268e+01,6.628480110739305431e+00
9.252295302344707650e+00,1.223851438489164423e+01
1.206463251069100018e+01,-5.133681157509389692e+00
-3.033295342666668226e+00,-6.897501537635439384e+00
-9.128045707197744107e+00,2.658257900067207746e+00
-6.832483660446112772e+00,-1.300344913659104051e+01
8.852299935739182501e+00,7.691338949071398368e+00
7.285554429045671299e+00,1.026662084534969388e+01
2.361556624919234793e+00,-8.613756018983787399e+00
-4.826065273893203944e+00,-6.865789527512607293e+00
-1.061486746290473349e+01,9.390897142470029380e+00
-6.150757636700220132e+00,-8.091858634930110483e+00
4.839422698468807127e+00,-3.936024744236262141e+00
9.356106645991824067e+00,-7.607776678179241969e+00
2.318539245352960521e+00,-1.852886545409536367e+01
1.479210076969387622e+01,1.050433459727698882e+01
1.330157950976780468e+00,3.058249685419635711e+00
1.418859716800501047e+01,-3.320787848479523685e+00
-1.108554289644862223e+01,7.576829948431599959e+00
4.665125874993984567e+00,1.549983766828310072e+00
1.183983877346807745e+01,1.329404426644152704e+00
1.128943698769598925e+01,1.281786989204701577e+01
1.060719394418320327e+01,9.221407811504429120e+00
-3.711646588942718150e+00,-5.245747668629430649e+00
-1.356711593677214367e+01,9.660307899725554037e+00
-1.745822411788961048e+01,-7.479008269876330495e+00
-1.093311883060357559e+01,2.606597706908075462e+00
5.378656003788710116e+00,-1.332260316274497747e+01
6.332165063119856718e+00,1.652362840706515357e+01
-1.557884975222760637e+01,-7.089185041625097661e+00
7.540352908601336779e+00,-1.409617592432034350e+01
8.802379332408364121e+00,-1.682920554349691145e+01
7.654711975343213570e-01,-2.939096645666701590e+00
-1.072761878138463665e+01,5.858616505428136279e+00
7.921294539947324465e-01,1.153685136795714250e+01
-2.289621678894570689e+00,1.645508284756301620e+01
-1.547880142777926737e+00,-1.588692897182238006e+01
1.391457398170170379e+01,4.908382200229575609e+00
-8.899043602025560773e+00,6.055197945013906846e+00
1.127242460289078707e+01,-1.660382266118883177e+00
-7.207519691580316135e+00,7.264351850490056606e+00
6.081843389543333325e-03,-6.232648615017914118e+00
-1.319715523298538962e+01,-4.118953356999186077e+00
1.647044700505423975e+01,4.131639261396601981e+00
5.636324226301039353e-01,4.664950742177723875e+00
9.190860584215990059e+00,5.737648213470888159e+00
-1.789432071742566022e+00,1.341211159625705918e+01
5.763241564746305556e+00,-2.329716758232254659e+00
2.473051130603323600e+00,1.098728773478604914e+01
-4.396513914382081722e+00,-3.374225767533967080e+00
1.374809015602733053e+00,-4.774207720018331713e+00
-7.783897763475766673e+00,-7.546165242020057562e-01
1.496316217904274914e+01,-9.824302747343480746e+00
-1.156707217900721574e+01,4.252699648101297747e+00
-2.002766878101532200e+00,-1.078550098732096885e+01
-2.991042958646924266e+00,1.476667481485777955e+01
-7.542220307369501775e+00,-4.807930106253923697e+00
-8.381626221512773256e+00,1.004414032339784413e+01
2.463888544995116003e+00,9.216409065152706859e+00
1.219512815925218652e+00,-9.960716073690480954e+00
-8.351708075664653563e+00,-7.461747539094189641e+00
9.986668929400284611e+00,1.712160968307833597e+00
-4.451303705949678502e+00,-1.580540375668493480e+00
-6.816913401001368555e+00,1.304515354762614621e+01
1.301080476976461675e+01,3.319551288651669374e+00
6.970987746972995502e+00,-9.263820420065364658e+00
1.555722062226758062e+01,5.649100310151261795e+00
5.902154438458981467e+00,-1.504528462080188866e+01
6.450785979122519720e+00,2.141728326245952996e+00
5.214697879428390692e+00,5.530034667928850567e+00
1.052989966246593490e+01,-3.268720911188711248e-02
3.734315122665647912e+00,-2.544708881370324249e+00
1.060740836665273790e+01,-3.612878025044109709e+00
6.069458330302555105e+00,-5.666714006766827794e+00
4.688057241844219014e+00,-8.829341554327127639e+00
1.112629719688529661e+01,3.091816911424269509e+00
-1.015600138193550173e+01,-1.447004107655346061e+01
5.306737923374042154e+00,1.306752614040770588e+01
-5.212757434265019363e+00,5.910686939372674864e+00
6.436897749842080962e+00,-4.515259472872495961e-01
4.133538207687649901e+00,1.030298044834600724e+01
-1.108354544503837191e+00,-1.350037198954644602e+01
1.205180460929754283e+01,5.058663993631510536e+00
-2.293862875223332765e+00,6.347239734096146613e+00
-1.517231558248564482e+01,8.786957651369050382e+00
-6.662391401748180009e+00,-1.684777645770586219e+01
-6.989754377850135647e+00,9.367951578212763142e-01
-2.932999458706452955e+00,1.196413680363794541e+01
-1.283813590028358398e+01,8.028575288616282890e+00
1.201373298568421788e+01,-1.248424460961364701e+01
7.204296791686738421e-01,9.717491105931163275e+00
5.612823868541871875e+00,9.297544113440331159e+00
-3.443698462850166564e+00,-1.120909040290909708e-01
8.218670011407272824e+00,-1.111137851943554544e+01
5.509672735300687130e+00,-1.041478927897654039e+01
7.670311290663847537e+00,7.946961032020315452e-01
-7.467178700751825993e+00,-9.333294826904328545e+00
-9.165032451908386335e+00,1.267594623159905254e+01
8.972904044513219102e-01,7.932171418854342626e+00
-8.571882159840997772e+00,-1.354689260605064050e+01
1.056181568844379726e+01,-9.312185145476016501e+00
9.216198433773229226e+00,-2.492940749554983348e+00
-1.104148718912751015e+00,-2.741944888959789495e+00
1.435521296866334318e+01,8.640948203993486842e+00
7.698360953831299369e+00,4.668103936762661554e+00
1.281714835033660194e+01,9.556633817324682312e+00
-5.520104807280593384e+00,-4.663813367900715434e-02
1.579473697144874755e+01,-6.565527475754565634e-01
-9.339798709644703933e+00,-4.252597685998358301e+00
-6.240768863026588953e+00,-1.711312024331113291e+00
9.011516806651499678e+00,1.574682786428553882e+01
8.452377520856177995e+00,-4.168891307851861683e+00
-5.135393485591149831e-01,3.222968955639072597e+00
-9.934833212084775766e+00,1.106241474613121412e+01
-9.696605055067582413e+00,-6.823099703606144706e-01
1.478210633581369393e+01,3.310301489953816123e+00
7.222278938847103147e-01,-7.895588511336344872e+00
-5.007047248334360212e+00,-1.330969824409991453e+01
-1.790749163713186154e-01,6.259198080521910512e+00
3.513716852350787789e+00,6.171131402582874514e+00
2.983924202875666287e-01,1.585719863397573759e+00
8.850439046422291511e+00,-5.683000067428587432e-01
-2.664438673771863178e-02,-1.345433678687979251e+00
-7.783266267993311338e+00,-2.733402207610398982e+00
-7.536563358604467133e+00,3.447455471748108735e+00
-5.830397547192795571e+00,4.265885989309373905e+00
4.234756877752976045e+00,-5.619230487065070889e+00
-2.542776809896781787e-01,-1.130916347245655373e+01
-2.611234471656487255e+00,-1.748210863973826434e+01
-1.469559071519612914e+01,-3.079349889611560087e+00
-2.632309772096943501e+00,-3.772964867507019537e+00
1.667592192087707659e+01,9.093211035884541715e+00
-7.191797961795849403e+00,5.427808908565045165e+00
-1.297438861973629232e+00,-7.436059281563572654e+00
-4.235199723062062382e+00,1.316202341484082439e+01
-4.424948887071411541e+00,1.408481148003709826e+00
2.727301456419470305e-01,-1.468443726815457495e+01
6.082665687156129763e+00,3.951365423166414814e+00
7.541628645879771220e+00,6.515357091115333787e+00
1.407553282940606110e+01,-6.409310991515328126e+00
