-1.204868200255023503e+01,1.413685427213389367e+01
-1.251667063779750455e+00,-1.210537918153110937e+01
5.443109372994565653e+00,4.031540126017234549e+00
1.563020715563333596e+01,-9.540205327430017590e+00
-1.059102447853685458e+00,-5.950558179560123229e+00
-5.178770145917850343e+00,2.344310834396539089e+00
2.575917815695626167e+00,-4.704370408800928161e+00
6.560178334125993160e+00,1.792702939677047524e+00
-1.305114530968952913e+01,-8.492158587534280656e+00
2.805598380454966900e+00,1.692548944554224732e+01
-5.788134572526514532e+00,-4.502711457345805357e+00
-1.065054839939493547e+01,-3.629155063147822879e+00
-5.287919398675140492e-01,-2.518048428708098196e+00
-1.617881803380007000e+01,-4.795836973843475626e+00
7.500599089819736776e+00,-7.040767193162841942e+00
5.474154918497881050e-01,2.680068637550606869e+00
1.891423982771467172e+00,1.202867228946564815e+01
-8.411722786431120369e+00,-8.407019144423630408e+00
-1.013883529544540885e+01,1.332458832501005119e+01
5.732119708183859075e+00,-7.308581918875435512e+00
1.001555760642039594e+01,2.349691652857301527e+00
8.154458271072188680e+00,2.737956655745502843e+00
1.213256881886980842e+01,1.543093832390819653e+00
1.390012896580664581e+01,1.874888264690836470e+00
8.306134261236300276e+00,1.707938533387109459e+01
-1.117611226175168726e+00,-7.418358541331685485e-01
1.055363882229074513e+01,5.383283436076370165e+00
-1.606806168012628788e+01,4.868880057600388778e-01
-7.958965786070635318e-01,6.466195952783829526e+00
2.266313052381034421e+00,2.285313393635525880e+00
7.179579468172649470e+00,-1.365780196464455898e+01
1.400129287959639157e+01,-1.275178994680453926e+01
6.418775442424298205e+00,-3.111913997094975404e+00
7.546179609922333498e+00,7.112686319587303352e+00
-3.639374179501175810e+00,9.374429091251018420e+00
-5.419033433435493485e+00,9.244286432774556417e+00
4.674675848989324756e+00,-3.904785464683369511e+00
1.688344713422292287e+01,-5.352113251234849933e+00
-1.734685453730471227e+00,-1.392475906895514548e+01
4.341830442853224170e+00,7.973692258631767338e+00
6.783377233039738385e+00,-2.683626187326779711e-01
-7.448484054118995168e+00,5.695495942190330396e+00
-1.495137441805907663e+01,-1.026983454970006804e+01
-1.758102129624242727e+00,1.058897716352630081e+00
9.302386586977760885e+00,-1.512129586718821450e+01
4.812710989573843356e+00,-8.916282549970935278e+00
-1.711687067992157196e+01,-1.367519668358540219e+00
-3.734132913695100253e+00,-1.706816853163758907e+01
-1.442360172507162908e+01,4.232232621045096010e+00
-1.073295300647230732e+01,1.554632359225519345e+01
9.432305778008897690e+00,9.349635386959256778e+00
3.157375428643849347e+00,-2.781215892631939912e+00
-1.366448224161858960e+00,-7.686732459476522727e+00
1.441002278454593011e+01,7.855117968066380185e-02
1.224293824346827897e+01,-1.316414198071222508e+01
-1.211238475208083365e+01,-1.063533911249734665e+01
-8.258754267045162578e+00,1.652675106858952248e+01
-3.460067915939175620e+00,1.770195892302051544e+00
-1.369705196797534086e+01,2.623057962302343782e+00
4.502734251959047418e-01,-1.818356023631538321e+01
3.798512694415764557e+00,1.133365878579241937e+01
1.756938371419139777e+00,-9.587014088740351880e+00
-2.603637058566925511e+00,1.600115436323945062e+01
5.789491833891753814e+00,1.807510733284211568e+01
-1.269482105282943252e+01,1.072757482278016106e+01
9.125930445897401100e+00,4.272763364416917398e+00
1.024033187712969983e+01,-5.440897051548424734e+00
-5.197265978716934853e+00,-1.375951732706979902e+00
6.537270486407908976e+00,-5.219997364815458063e+00
1.753257710245322398e+00,-6.687675348439033884e-01
8.379289909976575856e+00,1.282524948954334931e+01
6.534037692637426176e+00,1.087021494252003784e+01
1.432658039163766794e+01,7.676271967628615300e+00
1.352684212337794456e+01,-7.832168251673790493e+00
-1.088988224053337639e+01,4.190334563376535648e+00
-3.633433246344719425e+00,-7.428449331740416994e+00
-7.040209736584391642e+00,1.978436567923577583e+00
-1.548560783836336441e+01,2.261303868890778279e+00
1.586514654161982030e+01,9.349825705291104683e+00
-1.804703565476790317e+01,-5.903741308650517716e+00
-9.063252218135474436e+00,-5.239680734011608720e+00
-2.958714223907962459e+00,1.403660086019724318e+01
-6.549379269439594253e+00,-1.677041671570735915e+01
-1.395369499416879400e+01,6.450114368464739734e+00
6.804974475392821631e+00,1.601190420514936008e+01
-6.936211623924719127e+00,-2.684328524665975380e+00
1.272026225015936340e+01,-1.394599441610321122e+00
-6.541537118038909249e+00,-8.779932352130519035e+00
8.854514941733771849e+00,-1.282094187981653555e+01
-1.719010409628696223e+01,4.831165211996278686e+00
-7.270517466843956278e+00,-1.247618596160068982e+01
1.233271069973881318e+01,-9.554406849071863661e+00
3.729538082148862621e+00,-1.845666716778107386e+01
4.751177060286472020e+00,9.771061029329157321e+00
-6.937097527896482596e+00,1.033140595204357304e+01
5.260530969726703532e+00,-1.732138418237104815e+01
-1.194645835087669639e+01,-7.034753619887210263e+00
-2.532137240853599813e+00,-2.840328922541331291e+00
-1.357618109280271312e+01,-1.183028851564548312e+01
3.266145580238302593e+00,1.381776110690622872e+01
9.469920780248326508e+00,1.436666323885483365e+01
3.503320197790446677e+00,-9.892252834152848173e-01
-6.274868910880971207e+00,3.768375589404650672e+00
-1.627101806724438759e+01,9.805877097445206303e+00
1.689744815626733043e+01,4.822546675807647176e+00
1.017934681086991233e+01,1.264283682264671071e+01
1.713906986286596279e+01,1.410605662616139400e+00
-7.961685334445791185e+00,-1.076582563429050410e+01
7.640955922864956840e+00,-1.682637475061741128e+01
-1.026314661519917948e+01,7.415643228788259655e+00
7.847583264938989167e+00,-1.744097303253056674e+00
-4.273591423009330370e+00,-1.509273457565593723e+01
-1.132312843320615947e+01,-9.053344341001835716e+00
-1.204650746332269939e+01,8.926854545998745394e+00
-5.684374944010567532e+00,5.665650828492984736e+00
6.122423690426993304e+00,8.159092324642232441e+00
-2.328869456006330552e+00,8.050647016415624080e+00
-1.403859524298784400e+01,2.136015279904712183e-01
9.290344058670955363e+00,6.822939858214486897e+00
-4.678838646967161452e+00,-3.072081953631815576e+00
6.338420949414902417e+00,-1.199213581896179726e+01
1.594495523218701827e+01,-1.834590455289620392e+00
-3.421195426159927777e+00,-4.356754442146573147e+00
-6.491343297525468792e+00,7.389407741590894751e+00
-1.099590357050830924e+01,-5.393633943315987445e+00
7.581207701497421958e+00,9.240208917099902663e+00
1.485825830405392800e+01,-4.025397226522265726e+00
3.134738124520494384e+00,5.160372752734656565e+00
-1.630299369097399698e+00,1.200200829760917998e+01
-1.271724145886773627e+01,-1.406260798808388124e+01
1.279760268268081980e+00,5.875130026518777804e+00
7.211992457662160308e-03,-1.639263424763592525e+01
1.604794385834815151e-01,1.126904666880543004e+01
1.298674639531579622e+01,1.053693683514848800e+01
4.202521140192102322e+00,-1.238446293090213324e+01
3.024770579539475257e+00,-8.327209254396359839e+00
-4.169362135607999065e+00,1.374743259101672277e-01
4.868113262885271908e+00,5.842011032884277810e+00
5.033099208065535457e+00,-1.484562180922131880e+01
-1.734976288105535858e+01,-7.682706583214414131e+00
-8.272684430964527991e+00,-1.602377009565189780e+01
-1.030384852141045826e+01,9.356886850386505472e+00
-8.061015646134265467e+00,1.239718137015374566e+01
-3.292661048615801889e+00,6.427358647226559363e+00
1.122372847186008649e+01,9.407142119019864523e+00
-8.774945942861291925e+00,-2.121209580310574161e+00
-6.174010174255919026e+00,-1.059722111446760806e+01
-3.644013218269472443e+00,-1.321147086198276455e+01
8.019221732634924660e-01,7.723157560218640860e+00
2.263887569004022993e+00,1.025219240449515645e+01
1.830019262257140511e+01,2.795200010103448651e+00
1.054321760759358817e+01,6.304532134852121050e-01
1.128524704532636669e+01,1.117358767167204725e+01
1.077593638539687859e+01,-3.619349801354500684e+00
-1.240943960957025860e+00,-4.191418773088737559e+00
-1.061792887336235758e+01,2.414450638948039796e+00
-4.574837613382666923e+00,-5.853757790265126992e+00
9.799456461701177012e-01,9.744531107923661839e-01
-4.673557538898339025e+00,1.784754483207330011e+01
1.201027882708122618e+01,-6.621747443868129857e+00
1.023989333014390546e+01,-1.033234959585404411e+01
1.837778506910664911e+00,-1.374591691083892009e+01
-1.902599362649980697e-01,4.397895266253884827e+00
-1.122223510938157531e+01,-1.234018837994799078e+01
1.768257327660001010e+01,-1.587724017583286518e+00
1.708831580139082096e+00,4.030320706845910372e+00
1.497151183256210771e+01,-5.889501961385451345e+00
9.499655733794591939e+00,-2.386009341965181996e+00
1.363233124716169309e+00,-2.666836682047878160e+00
3.366177654369044259e+00,1.865859320535067667e+01
9.890953426393215508e+00,1.616353706257143941e+01
3.041687103697906291e+00,-6.468805541256756442e+00
-2.337810631644731796e+00,-1.883066801387568034e+01
-1.869261814316927328e+01,2.554477355032727659e-01
-1.651682995868956283e+01,-9.358438001424559616e+00
-1.438063066514544985e+01,-3.017873868474265642e+00
-8.967655531554864723e+00,1.087467888382868786e+01
1.138451663607284448e-01,-1.460347104682465869e+01
-5.181544351924398661e-01,-1.017522744777280153e+01
3.329083957263879956e+00,8.176883196342409343e-01
-7.544728415055158344e+00,-6.753889764453608002e+00
6.606267908942702327e+00,1.263427638838557243e+01
-1.087002287084161134e+00,1.715031242216968010e+01
-1.075009463150613520e+01,-1.826671499687033018e+00
-4.132548137236616626e+00,4.842440510520341412e+00
-1.383443443255145411e+01,8.915001490322143951e+00
1.552091968029877478e+01,6.280918174909826845e+00
8.302926940173392722e+00,-4.377142689516425378e+00
-4.613185818288981110e+00,7.637694595246252049e+00
1.517859775825655078e+01,-1.138071142485861742e+01
1.019336234628078941e+01,-8.561894686672289367e+00
1.352426240678180314e+01,5.869943503946466024e+00
-7.284135503589927119e+00,1.411510610675024857e+01
-9.122158077519993968e-01,1.489500892458188197e+01
8.128227466530796974e+00,-1.107040365189020825e+01
-7.135090044920644914e+00,-1.451577415617710187e+01
1.752514781687456491e+01,7.297853196912543083e+00
-1.577864796490230859e+01,-6.837762705030943522e+00
-5.821677730226942238e+00,-7.160228953730001678e+00
1.255295374463458380e+01,8.262179598577436224e+00
9.984386851444063682e-01,1.365533780690819654e+01
8.140429623942537773e+00,8.658716668412852480e-01
-4.117327270927346738e+00,-9.187409650411940021e+00
1.195579806824107116e+01,-1.138637768767548408e+01
4.921916658800980393e+00,5.474018527778880955e-02
5.175730975007311052e+00,-1.846145694439071949e+00
-1.522977841935799148e+01,7.793383838468811220e+00
-2.892892555910078656e+00,-1.068853951297520588e+00
-1.013485282775664187e+00,1.896117425067676621e+01
1.421893047669980348e+01,-2.323017284744274935e+00
5.052100860844902508e-01,-7.521816185629401907e+00
-4.390913795884664239e+00,1.285292744789228081e+01
-2.902702083562755497e+00,3.485349961419382137e+00
1.171072599350892318e+01,1.368193999909293801e+01
-1.220839712040855618e+00,2.784461948097537221e+00
-1.420234749448405331e+01,-4.940891776111662637e+00
1.560652343425220856e+01,2.477537832189898204e+00
-8.116872795602590784e+00,4.483388649706949725e-01
-8.236187741007023888e+00,7.602777473757608817e+00
-5.968275680915465564e+00,4.424400509445727270e-01
-6.269780345828526613e+00,1.631050553085310639e+01
1.020191265226769728e+00,-1.117767890706494072e+01
-4.897533385639860626e+00,1.102534312863806498e+01
2.607158100443323967e+00,7.504978271838346870e+00
-1.726634191051814327e+01,7.263244597141507164e+00
-4.482232517505957858e+00,1.595867022558131154e+01
-5.381143940138056081e+00,1.432372472963173315e+01
-1.319320266447608070e+01,1.262201087387269105e+01
1.180770235746289387e+01,6.662939160409056427e+00
-3.028902240186281070e+00,1.871659839924523538e+01
-1.097737274788940454e+01,1.162465575564399600e+01
1.871877716645024137e+01,-3.123292337665193763e+00
4.780566260812734392e+00,1.286586971140424573e+01
-9.955791627994898363e+00,-1.094032619677943075e+01
1.093267925524765438e+01,-1.157846759217910915e+00
1.382069515104470625e+01,3.697980016532036451e+00
-1.927452676466644199e+00,5.094978524230432626e+00
9.222395598896603985e+00,-5.286627972759587735e-01
2.789452925413530071e+00,-1.117327252588886921e+01
7.340762535375218611e+00,1.432149030580127658e+01
4.804043816920550825e+00,1.943212667538914529e+00
-1.234862770502309637e+01,5.352050580049269257e+00
3.256873718616644986e+00,-1.539130111914239940e+01
-1.205691736929848901e+01,7.119306622437902021e+00
-1.163066145957881758e+01,9.315557173920953060e-01
1.053740570130803889e+01,-1.365929861746639595e+01
9.287693604250003787e+00,-6.978900801038169455e+00
8.805726587633792235e+00,1.102360523828429706e+01
-9.972507507037661867e+00,2.043997007203425254e-01
-1.577621881901529477e+01,5.926653815395670044e+00
3.684150833972127614e+00,3.367980710556182977e+00
1.535638089992164268e+01,-7.670310824210848644e+00
-9.154670807667312005e+00,-1.274954735073918144e+01
-9.023466547816623162e+00,1.482404818335534102e+01
-1.485074555664454365e+01,1.147387163028236401e+01
-1.040779988227048136e+01,-1.408566873560333832e+01
