3.935936313135584008e+00,-2.499782335246067688e-01
6.615491948287520962e+00,-8.426657494626478284e-01
-1.792146990527060169e+01,-6.299068455365650188e+00
1.543550347964937952e+00,-1.587542611587178065e+01
4.194947278490867681e+00,9.863854042352157236e+00
4.265978664063842629e+00,-9.445997155996339600e+00
-4.271708401649719988e+00,-3.987042466423912912e-01
2.690878307939287506e+00,-1.046954750632221831e+01
-1.370455122967445538e+00,1.492295555553192088e+01
5.491443152783689108e+00,6.750171400732102311e-01
-1.386414500194131527e+01,1.036255602482465576e+01
-1.125355153997519508e+01,-4.016759260722106983e-01
-3.253138133567624823e+00,-1.327440306667764069e+01
-8.870277188160230253e+00,9.227691404915745466e+00
4.212388841188044353e+00,1.164660522261346998e+01
5.983011401980566468e+00,-8.862524507051917411e+00
-1.370372900414452388e+01,6.071580918658438186e+00
-4.870668825102207222e+00,1.570319499227636584e+01
-1.088690900538379758e+01,-7.580107628706541867e+00
9.154914450313137664e+00,7.410708500213077699e+00
7.349800127556033180e-02,3.057468761484126052e+00
1.156328706037214005e+01,1.455168464538810902e+01
7.973071088275933249e+00,8.816894544665185407e+00
-3.452781027324019369e+00,-2.884911147534345854e+00
-1.678736021615620189e+01,-4.866852579828605307e+00
-2.061816501506467780e+00,1.138698014295293248e+01
2.573463791100657261e+00,1.235176700710149333e+01
-1.028640452566511065e+01,-5.887519018671182103e+00
1.591492893228612004e+01,-6.810806416841617139e-01
-6.291733290966317504e+00,3.900744673891903602e+00
1.110757926438835419e+00,-5.591826605456990507e+00
-3.867386493413691895e+00,1.163322634521988697e+01
7.747663294295304981e-01,1.137931088900859145e+01
-1.842383671783953503e+01,-1.352077367291583787e+00
1.067895247987833329e+01,1.302768787788564353e+01
-1.305898252355158107e+01,-1.376445627731843757e+01
-6.220757295989061575e+00,2.112677794116792462e+00
-6.577101877215016934e+00,-1.342486503974297740e+01
1.198057488000414850e+01,1.110795019766349689e+01
2.064960899946731487e+00,2.019668835182987010e+00
1.251461183718364012e+00,-2.545174480990551658e+00
-1.725285398763097788e+01,-7.947374208199843082e+00
-3.637873441311631595e+00,-1.129671872343122629e+01
6.909387580761628733e+00,1.407444178856876427e+01
1.400838619763956316e+01,-6.234590766156052899e-01
-3.867630615595402110e-01,-1.717006126849893954e+00
7.446654147315549643e+00,7.003565348178166783e-01
1.118963460559585954e+01,9.374914784585046235e+00
6.023182827971994335e+00,1.211889182165996282e+01
-8.083849283963916221e+00,3.940948835761505009e+00
-3.859412124180370718e+00,3.022434873992048132e+00
1.775479588294516375e+01,-3.778434358656090342e-01
2.730390876508210773e+00,1.737041976791367759e+01
4.674986030570885909e+00,-5.835337298761710478e+00
-2.324413682879939991e+00,9.508082678321443382e+00
-1.336205814418360394e+00,1.666813498390157022e+00
4.450468674114539169e+00,8.024225260069316690e+00
7.910628484969083551e+00,6.109950203702741334e+00
-4.948923014704815770e+00,-1.255297314504655404e+01
4.442616816824942472e-01,-1.877280343599300849e+01
9.288588914880762104e-01,9.488498442495609808e+00
7.571104695514291549e+00,-7.983778025036376569e+00
-4.206550131541695769e+00,-4.504950568136473876e+00
2.633694463519077988e+00,-1.446552686943375132e+00
9.390407873344258860e+00,1.169417147247848376e+01
-6.401428269988655995e-01,-5.213585654301029493e+00
9.200748507099332230e+00,2.747790045833190753e+00
1.663091835784400985e+01,-9.105153302936322746e+00
1.407335265137523983e+01,6.896249686339188223e+00
-6.139356340259963574e+00,-8.704497547744935559e+00
1.223974639834789002e+01,3.848964248385486897e+00
4.806702222599971819e+00,4.157318761753354686e+00
-6.030666266550156251e+00,3.041985826052752140e-01
-8.201377463974447224e+00,-1.259634695270606741e+01
-1.510774548852362287e+01,-1.605030252259195933e+00
-1.088405357697267029e+01,4.303781165113803375e+00
-6.403467751895526305e+00,1.786787913339101053e+01
-1.311378937573100600e+01,1.198385228525322788e+01
-9.735847979649268069e+00,1.576780225664545121e+01
-8.521495029214730010e+00,-1.538458396939364015e+01
9.035993226999847749e+00,-3.340787470333041465e-01
3.073098771223490289e+00,-1.317793904764035240e+01
-4.043993213043880708e+00,8.082219636652959949e+00
6.240438423747473706e+00,7.018799516149420548e+00
7.815850091486592710e+00,1.247675655176093024e+01
9.266436037095633793e+00,1.635299076289836862e+01
-1.517600545808246792e+01,1.963606776410100174e+00
3.401136020104320590e+00,1.403892416978164981e+01
6.242479362700271928e+00,5.230279362019250478e+00
-8.165504599436365751e+00,1.139646058855034028e+01
-1.281860756720466910e+01,-1.044113550689296055e+01
2.630107998935070412e+00,8.835131374599527021e+00
1.235406790497715335e+01,-4.759082907161336529e+00
-5.947386366185437367e+00,-6.637467083796763312e+00
-2.265770239278723786e+00,-1.017320027847061148e+01
-1.629487693025726003e+01,8.224045679654459207e+00
-1.351339895564729110e+00,-9.936288648620376918e-02
-1.656096426618665962e+00,3.460518941635989609e+00
-3.551380689810064162e+00,6.377581496992992705e+00
1.495952448202146989e+01,9.350375278627679476e-01
3.852282454219938312e+00,1.622310869434664182e+00
-8.586506204209793935e+00,5.703866106293243199e+00
-5.669404295008846795e+00,1.085469578142422797e+01
-4.523467100399564345e+00,-7.766333252943908860e+00
1.370644655868398454e+00,-1.408245661731425180e+01
-1.382017434700466296e+01,-8.953408383363376188e+00
-1.227925206985802475e+01,-1.216322931826096010e+01
1.576273044281636171e+00,1.389010749800310762e+01
4.987278378363008358e+00,1.829703999248555135e+01
1.364699931792118015e+01,-1.040854294319271922e+01
1.482944880950805278e+01,-2.237295936644583261e+00
-5.937538283644400394e+00,-4.840326465234109143e+00
-4.783507823932460212e+00,-1.450253443019837718e+01
-2.702102870733504414e+00,-1.299343510848563588e+00
-1.033896062651605874e+01,-1.195587012412548233e+01
1.825830710082597363e+01,3.937647282055359632e+00
5.166378924798746830e+00,-1.414309127657202758e+01
9.425980850240645026e+00,9.906900922292340539e+00
-1.242716718908437556e+01,7.538377453405656681e+00
1.716981419482040394e+01,-4.389035173833725878e+00
-1.219986502371915549e+01,-2.359928472891632989e+00
-1.866476249481376115e+01,3.515319500577454015e+00
-3.832297047127717793e+00,1.345949019081695575e+01
7.533570245462342108e+00,1.576347032779306545e+01
2.966135752583905383e+00,-3.183774070635971842e+00
4.557198523691294412e+00,-1.961972132387670875e+00
-2.186871841211604384e+00,7.550219313641283847e+00
1.286974878963096991e+01,2.181573943185566744e+00
-8.109690364656001904e+00,-2.380374947763954641e+00
-8.487006727032342823e+00,-9.078495854698291012e+00
-6.199466660178687860e+00,-1.047993973384572364e+01
7.618375276039738964e+00,1.063519039265219490e+01
-1.320601523879406258e+01,-3.898120649585895769e+00
1.499555363703001198e+01,-7.207874010959818278e+00
1.044164195347261703e+01,-1.485496548149408458e+00
2.341397385269004872e+00,-6.867326250578009272e+00
-1.542199079344911006e+01,6.606715196058926765e+00
-1.733246210519427066e+01,1.453601977336848483e+00
1.484538050804784426e+01,-9.030879623270013923e+00
-9.788088462185483563e-01,-8.923139689482486148e+00
-7.063833698428157781e+00,7.491233098978357319e+00
-3.919907075964796039e+00,-9.441672900227267462e+00
-1.546309886591148164e+01,-8.257611005771899215e+00
1.128525540292018681e+00,5.951010585733308211e+00
7.295667312163988782e+00,-1.310587410391916841e+01
-5.099490551675861516e-01,-1.401377581240399195e+01
8.683716004317574289e-01,-8.508037952477684129e+00
-1.618098330801323215e+01,-9.956426733903759541e+00
9.036382493625870538e+00,-1.266880609072352470e+01
-1.025835592349706893e+01,6.242042078777488179e+00
-1.383114210669632982e+01,3.280009534630787371e+00
-1.576177027433051414e+01,2.118725482988077224e-01
1.617165976614493772e+01,7.712033688208186355e+00
-1.052525057973500466e+01,9.811322719989640007e+00
-1.402186130699547384e+01,8.442097825937247890e+00
-5.775535802586451162e+00,-1.454739366110226806e+00
6.216539300943744628e+00,8.788739808828630373e+00
2.083684144334143618e+00,1.568269857674927792e+01
-7.695953166387217159e-01,-1.133187732101757916e+01
2.921601667772762756e+00,5.272284533942474205e+00
-6.453539734924977012e+00,-3.130737162980411270e+00
4.544373320641488689e+00,-4.032106505112801997e+00
-7.310256763798787638e+00,1.294528981968528392e+01
-1.500226557897478719e+00,5.859786104787945149e+00
-1.049262177771587190e+01,1.227323887607614905e+00
-8.848263257785571767e+00,5.579211193224312693e-01
8.810718071152212616e+00,1.394660568556736813e+01
-1.157624313017131890e+01,-4.595419522972731485e+00
-1.680243596708897869e+01,-2.111640328106743958e+00
1.460857039086635822e+01,8.590559368274965024e+00
-1.386703986546915235e-01,-6.914884508817930708e+00
1.043280374569479108e+01,-4.602996348353337375e+00
-1.224969327919479944e+01,9.418990643507832772e+00
1.040725334522084822e+01,4.034997047359963673e+00
1.088354009159655256e+01,2.030182475314088464e+00
1.461460631797502252e+01,2.695055239629444266e+00
4.217332874469783555e+00,-7.621458711786733176e+00
-3.031345832918602934e+00,4.621047582550276367e+00
3.179097220447430150e+00,3.464566813821201130e+00
-9.615047011227146001e+00,-1.035600303670211941e+00
3.125850783447147840e+00,-1.668221432913877322e+01
5.584740757512786757e+00,2.487280328258066220e+00
8.063351641971790329e+00,-1.978826226158427737e+00
4.468804895604862715e+00,6.103316924737939075e+00
-7.211685392990551335e+00,9.856932387606500257e+00
-9.701171686867775534e+00,2.829368923885412279e+00
-8.044940993039258359e+00,2.132995872915751434e+00
1.148149698513666195e+01,-3.059917564312982119e+00
-2.877971634761081754e-01,-1.578256785541120166e+01
-1.550063062880119169e+01,-3.529135970640432607e+00
7.031071286544634980e+00,-6.273276827873223382e+00
-4.609805185338117006e+00,1.410098296122832773e+00
1.935299292393507953e+00,2.391156485037033985e-01
1.435080676706832481e+00,4.215544196080773354e+00
-6.639900261702640361e-01,1.031001085280075991e+01
1.098098205965080565e+00,7.729968994752862699e+00
8.847124865685282558e+00,-1.078069874024122221e+01
-1.194109722066209578e+01,5.753161705007513227e+00
-1.497600834743689546e+01,4.702610112850804214e+00
6.375942407445869264e+00,1.716464209161638976e+01
2.610515820992567626e+00,-8.693501365004376424e+00
-1.431226779255644566e+01,-6.856801020557569792e+00
-5.703652227848328149e-01,8.499290020863508488e+00
1.133331373098858919e+01,-8.260935227323923158e+00
-8.822630094384100730e+00,7.444979135687709082e+00
7.411489683699949538e+00,2.511060558791924802e+00
-5.549434953560485440e+00,1.262624936643834950e+01
4.610248962395054884e-01,1.702559478495584244e+01
-1.850704029990265553e+01,-4.268892095097434947e+00
-5.337577235559214373e+00,6.698640690556556088e+00
-1.197201259950579022e+01,2.929534429735756618e+00
-3.692694813621870686e+00,-6.194530177762200829e+00
9.677788937363507316e+00,5.680400088465041186e+00
1.753066541398846656e+00,1.890319447311427936e+01
-2.933502039075614132e+00,7.427700083622805760e-01
2.390403009127619161e+00,1.060307173793287028e+01
-7.470482122884241960e+00,-7.290228919011865205e-01
-4.152157260663923211e+00,9.861207126547171242e+00
7.996347316676619243e+00,-4.030761732442621259e+00
4.567931215023742220e-01,1.277525986153676296e+00
1.035067523398107525e+01,-9.752422246422160157e+00
7.859542166157464926e+00,4.240830801829062580e+00
-6.830742317317337609e+00,5.629317630147606444e+00
2.833323154809977318e+00,7.022513346813803459e+00
-8.141970222709682403e+00,1.476425794175265871e+01
-1.704683506549368133e+01,5.739555255311828752e+00
1.089955167637599054e+01,7.308074192323211093e+00
1.105082940135219438e+01,2.612950635716126957e-01
1.624251383250830827e+01,5.869079016329771470e+00
-2.437693990477311612e+00,-7.488345801445178473e+00
-1.044573446536599448e+01,-2.694353008747999212e+00
-7.996827591176985273e+00,-1.084388354980831970e+01
9.556458927713562090e+00,-3.015231112948812076e+00
6.292911905755647517e+00,-2.708316339490283831e+00
5.132620038398878037e+00,1.371003622956454571e+01
-7.764599444892987812e+00,-4.301577802007132689e+00
-1.269836409155073831e+01,-7.562406409059331480e+00
-7.492735290117603419e+00,-7.583261018600023995e+00
-1.614836942091804772e+01,-6.581593394305270905e+00
1.274657319182375659e+01,-1.223839964215124354e+01
1.337690375850156954e+01,5.249057431807988117e+00
-1.107047178580006452e+01,-1.355047258387619458e+01
2.902905630512069735e+00,-5.101415568761024311e+00
-4.758933962296785225e+00,4.919493867732166237e+00
-9.907587747095202957e+00,-1.011343163636453824e+01
-2.043873596075889143e+00,1.319409070104011406e+01
-5.742883038174267263e+00,8.668268189645889521e+00
-5.968090016631007799e+00,-1.690206134861074716e+01
1.155592955726727844e+01,5.598411396182235933e+00
-2.129162953187166085e+00,-1.485274630741171720e+01
6.320432834041814552e+00,-4.579221273885657695e+00
-2.371441470785697891e+00,-4.515995524148972429e+00
-8.511495755676248720e+00,-5.994751512199088417e+00
-9.969598735811905144e+00,1.185053705914508271e+01
-9.433540108357960641e-01,-3.377428815904204296e+00
-1.296114756383854072e+01,-5.701285400796162861e+00
