-1.010987391553465820e+01,-3.920888093151495113e+00
1.894056224815620837e+01,1.419913584696804065e+00
1.552792216802375158e+01,1.090158866585259645e+01
-1.789074045016599257e+01,-6.298534792344041122e+00
-1.427730484317426196e+01,-1.317097592674676187e+00
-7.102568467674949204e+00,1.217847959584495143e+01
-2.618148765901718633e+00,-3.323426871190107157e+00
1.052537794318574882e+01,-4.552684969546633376e+00
-7.469073733546505167e-01,-1.500305589657156524e+01
-9.563528604929363297e+00,8.444308273738689863e+00
8.220179511335947709e-01,-1.352175163731115903e+00
1.370828152500809161e+01,3.646667811441796747e+00
-1.180985251551595461e+01,1.102457246635267119e+01
1.308145887716211320e+01,-8.750197523033108382e+00
1.100498854203398125e+01,-1.170631814310224428e+01
-1.015910058340032585e+01,-1.238710279694605099e+01
-1.655192819106957813e+01,-7.508194832253994200e+00
-7.648900045360219835e+00,-5.432883860294596801e+00
-4.415614249443689410e+00,7.776361796081429634e-02
-3.456304490156091092e+00,1.534655925606373827e+01
7.355312819081897047e+00,-6.158909280824332200e+00
9.220041128229619076e+00,-1.116821350690473835e+01
1.226823016111804332e+00,-1.896035087457872947e+01
-1.043072543717761747e+01,2.120320910212492471e+00
1.537561174120637197e+01,-1.150220373263317164e+00
-8.635426943364597818e+00,-1.126510862671202062e+01
1.028685592949591054e+00,-1.541612643164658003e+01
7.409464664842201564e+00,2.920435072057263604e+00
8.539720674035908843e+00,1.553451640713035875e+00
9.622938082340793287e+00,1.385241389969560544e+01
-2.823475509531655270e+00,-5.188004824635028100e+00
7.466780181797296301e+00,-1.079370961168069165e+01
-4.816342050865333846e+00,9.047384620534318245e+00
1.575867833611910562e+01,-3.210427387824484224e+00
6.517675617749472960e-02,-7.428197186622721659e+00
8.838870015787712475e+00,1.680591558478593228e+01
9.162087093094426038e+00,-6.377580194522053603e+00
3.475188831810654744e+00,1.740086976384366579e+01
1.102829406880031060e+00,-1.719870075785849650e+01
8.137616661295501430e+00,6.146307257402772173e+00
4.358311000780658695e+00,7.814117055064073725e+00
-1.504728881420315822e+01,-1.032467386275616406e+01
-6.040906804959577769e+00,-4.627173148034517070e+00
-1.587575766702981284e+01,-4.201811283512671413e-01
3.699397599768973421e+00,-1.023486252122525819e+01
-1.365183200177307432e+00,-1.334464548004842399e+01
5.219124103730194086e+00,-4.144011785957922633e+00
1.420395011878954072e+01,7.190364177721928485e+00
1.096305323333120718e+01,-2.808815139379029713e+00
-7.111220344803126814e+00,7.334824778869114326e+00
1.021053903986707923e+01,1.562763585392191423e+01
1.554904920458756656e+01,4.305096565792018382e+00
-2.484621614582880333e+00,-1.564430388408000461e+01
5.706054142803657747e+00,1.064533173165441049e+01
4.721410421147919756e+00,-1.316983325383021608e+01
9.508862671148344603e+00,7.293721411099822305e+00
-4.641239736256112636e+00,-1.046049322058302700e+01
-1.028232574706624902e+01,-1.054422893846871645e+01
2.988851386121636367e+00,-1.232451942845455761e+01
-3.629165247659761118e+00,1.354970239444178581e+01
1.694348319407106951e+00,-6.600983718165699621e+00
-8.964248536540036838e+00,6.521708678861476427e-01
-9.335126506828936854e+00,1.149503194628253233e+01
1.642681059349289896e+01,5.862815523884357560e+00
-1.740944387056741149e+01,-3.212247858582511384e+00
-8.815352061961791108e+00,2.908078529542147628e+00
1.196222830734334508e+01,1.241813936353975123e+01
-3.361729953207567068e+00,7.914747314268558043e+00
1.625600770892244640e+00,-3.042781483744787963e+00
-1.314869457937717989e+01,2.700194513150483200e+00
-1.297175180637389857e+01,-8.604673183894520960e+00
-9.418736287847204736e+00,-5.588231183733834762e+00
5.762801625386997806e+00,-2.467293438433072694e+00
6.880772235155198757e+00,7.213274280147372597e-01
-6.084365843691044162e+00,1.032711852209887482e+01
1.258218181549748138e+01,-3.541161758218545952e+00
-2.752290672704209573e+00,-1.465320576094316651e+00
8.065319299291823896e+00,1.514257075344541015e+01
-4.355300105639651420e+00,-2.266403490478148708e+00
8.375202326405430941e-01,1.235207605842420397e+00
3.890837204901143931e+00,6.045327780227684578e+00
-7.077805451643019552e+00,1.396246349194573888e+01
7.682936614058090363e+00,9.296801500057403800e+00
-1.107417943074434774e+01,-8.831215065988635260e+00
2.787770726890863138e+00,4.613654153887899234e+00
-4.851190324809588894e+00,-1.828505149791027762e+01
-6.320939224967673908e+00,-1.132751612914309369e+01
8.764900401483568970e+00,-4.212440301278801869e+00
-6.787069526862913982e+00,-9.275798689236477657e+00
-1.507524493720491598e+01,-4.058868710364785137e+00
2.769098315480610362e-01,1.130120633308621159e+01
-1.228560058195373017e+01,7.286384529430778301e+00
2.619350059425387567e+00,-1.620811377111954599e+01
-7.856169140932638406e+00,1.045068147698835048e+01
-1.667946877336026290e+01,-4.852846929933527065e+00
3.226450380984635657e+00,-1.432174766315283421e+01
-1.318815984783671880e+01,8.917807221670322804e+00
4.634200456892711983e+00,-8.591934444382255620e+00
-1.051825432561024343e+01,6.872514030339599067e+00
8.563571837512828466e+00,4.373554068277951679e+00
-4.715473668273946650e+00,1.806658491677537892e+00
5.183271284613458540e+00,-5.931286148703278194e+00
-1.444158587473254052e+01,7.663868134035142887e+00
4.027296646575999617e+00,1.127192476675351251e+01
1.404135772064932297e+01,5.378773003215735038e+00
-1.126459184085321219e+01,8.997736301080752952e+00
-2.005887601580584878e+00,6.046664362875552534e+00
1.190088318338162665e+01,2.904798148606279717e+00
-1.017588412388059105e+01,-7.291677944251826471e-01
-2.657889876223941794e+00,3.345628434285182196e-01
7.503813122389125567e+00,-2.871582872210010073e+00
-2.033548875148118551e+00,4.223559400342389303e+00
-3.560595107018915240e+00,-1.704281354423926942e+01
1.342806946724771855e+00,9.835494929404166697e+00
1.583428855901858867e+01,2.502540969192528220e+00
-4.268857293504388473e+00,-1.224857821963291471e+01
1.466034616062258156e+00,-8.633001478515973659e+00
-4.186321960270648290e+00,1.074293595439357496e+01
9.942156805867258029e+00,5.532254025859002056e+00
-1.830119341224724039e+01,1.728267933150593461e-01
-4.741660179025236843e+00,-5.825354614908348161e+00
7.896987132190337100e+00,-1.252445244820450299e+01
1.364615017937638841e+00,5.827892188702619158e+00
-3.238305708472933198e+00,-6.941911891516334698e+00
7.457718059142846911e+00,-1.048188097427233068e+00
1.822227136328827379e+00,-4.812194932744601417e+00
7.405735001326109845e+00,-8.714360807403252807e+00
3.320751342128283934e+00,-7.346648391017472690e+00
6.861538444610498111e+00,4.891204389957949594e+00
1.023797395218604400e+01,3.745646188905836560e+00
5.103613640302249621e+00,-1.145196833099655898e+01
-3.395386562980343914e+00,-1.408765226696195860e+01
-1.217678442354635138e+01,-1.024642141207524126e+01
9.384953596779496365e+00,9.959204163981496549e+00
-1.129600129129781472e+01,-5.296998650296163014e+00
-1.144137191791112151e+01,5.342287119030164178e+00
-1.544766640350641485e+00,7.744042718923190627e+00
6.484425826273398030e+00,1.601280080481065937e+01
1.009909892250327346e+01,-7.938398139056417335e+00
1.147164144851816125e+01,6.786493369559016831e-01
1.102750010883971044e+01,-6.404043233297906923e+00
-7.461593138489583943e+00,1.736700145251492744e+00
-7.892701921146650257e+00,-7.721358977943800994e+00
1.406624262503265221e+01,-2.457930200626524897e+00
-1.066851036456894697e+01,1.279606615162775363e+01
-1.948712904788332700e+00,-1.794687451656480093e+01
2.450437056670675684e+00,2.851825009219512097e+00
1.811981149296787308e+01,-2.053252683966668157e-01
-1.356936946551869916e+01,1.126158471319190646e+01
1.275489472946647140e+01,-5.330503577013574912e+00
-1.579659377652919261e+01,3.578891989673538276e+00
2.087309436242335003e+00,-1.068469396297431900e-01
1.210227081980005082e+01,-1.029313542479168930e+01
-1.837870342696866643e+01,4.738510438680833659e+00
-8.077366792364671255e+00,-3.713806227543230420e+00
7.014775851575492993e+00,7.582782460474733810e+00
-9.382363503916552716e+00,-2.316998951955715924e+00
3.133298932231721512e+00,-1.985438239253174864e+00
-5.074255807234669957e-01,-9.169562714375903312e+00
4.701802785458461642e+00,1.602444604722390054e+01
-1.149694490765697408e+00,2.671323009561787476e+00
-1.057931975677668390e+00,-1.084447777187898865e+01
1.670354452091299535e+01,8.793426137711918278e-01
-9.179493428775349351e-01,-1.025573266357562519e+00
-8.764839156467690628e+00,6.642844152447764827e+00
-1.742957923994457303e+01,-1.368756286947931722e+00
8.615063962594753377e+00,1.178567899270779762e+01
1.044239533610896942e+01,1.138436335357635443e+01
1.602284777153295892e+01,7.592618634650059484e+00
-1.011144018739194728e+01,-7.274127876404221205e+00
-5.452414968025667719e+00,5.313901983334115009e+00
-1.359016813893218512e+01,6.019282476300361395e+00
1.693828664468656486e-01,-5.544984654771960564e+00
-2.151212738922276546e-01,8.966767541800040320e+00
1.170654870522109192e+01,1.011025129403387268e+01
-1.536149257559990389e+01,-6.094032276311509122e+00
1.797643727869534969e+00,-1.041807234755565759e+01
2.546892844410144185e+00,7.233857522846480315e+00
-1.443064302710746483e-01,-2.912505818797567869e+00
-1.486297731086267682e+01,2.020520051809115092e+00
1.515507202571883205e+01,-4.947204495695536330e+00
1.024362253456126304e+01,1.971025326545452705e+00
2.903080069760268334e+00,1.543649437874529617e+01
-1.185671173753870455e+01,-3.482502547329915821e+00
1.037936048371462583e+01,-9.705429710178266944e+00
1.495985923171675580e+01,-8.727214857558985628e+00
5.514425969046560461e+00,1.289569751928270946e+01
-9.809091861599563700e+00,4.481648142207608210e+00
5.673633802606850907e+00,6.430054645442503158e+00
-1.404824171968148327e+01,4.289837219975527027e+00
5.729016599032068946e+00,-6.947469343461292191e-01
-7.019492322277518070e+00,4.515279682086533519e+00
7.428362124770037767e+00,-1.618590860920513208e+01
5.884540009611243239e-01,3.114645040136959864e+00
-7.337905193798904158e+00,-2.446893108420098231e-02
-1.178097765643723172e+01,-1.663148873129952410e+00
-2.623972056126051555e+00,-9.783825714103153715e+00
1.138664900427702165e+01,6.577515950843242365e+00
1.703811299030232718e+01,-1.703031091866815006e+00
1.416483988960465368e+01,1.906842706353817807e+00
-1.476580555804264172e+01,-8.221142665403677441e+00
9.708660095085470232e+00,-1.298432156256375158e+01
-1.187930204584678462e+00,-4.366288976054509163e+00
5.417144624185733504e-01,1.552432712183095909e+01
-1.196255895744381981e+01,-7.015835925153265151e+00
3.483662018670230509e+00,-5.506537086108993506e+00
-9.672566637150764590e-01,9.272902418771954425e-01
-5.312476558452465802e+00,7.276751273193229785e+00
1.651971903638256123e+01,9.365159575582845619e+00
1.404764650197740927e+01,7.871839357932564063e-02
1.062424257731090904e+01,-8.946319693521752603e-01
1.623250100039301103e+01,-6.448099613981539413e+00
6.086048735176239788e+00,-7.524017816582121654e+00
-1.582842007004952301e+01,-2.322360153276572525e+00
-3.918964039038379532e+00,4.399871800648939235e+00
6.445220953555692134e+00,-1.355389042714750936e+01
1.169400585599339415e+01,4.768700662783398769e+00
5.040275849628298666e+00,4.686613154150013116e+00
9.007397817902983661e+00,-2.062164411510739315e-01
1.169507280924387382e+00,1.721714631794837302e+01
-6.077863459160102622e+00,-2.842997201931456441e+00
-1.853253822427365582e+00,1.418717639093389771e+01
5.909669179091496360e+00,-9.861391323905042583e+00
9.816501390909310176e-01,-1.365650875670172759e+01
-1.958757985787827449e+00,-8.154375823889681740e+00
1.890202169394967768e+01,-1.907042738382348501e+00
-8.674054977224367136e+00,1.582283937298300280e+01
5.775932806025745769e+00,2.136730092750548593e+00
-7.537155732316744405e+00,-1.268247777176148716e+01
-1.361286275791898603e+01,-3.026149221994380856e+00
-5.075788341211478816e+00,-7.978034912768474207e+00
4.403886352817521832e+00,1.426037050987309840e+01
-2.969314495271456189e-01,4.633545122375861247e+00
-6.115957889023764693e+00,2.932840764199811101e+00
-3.173949530401087404e+00,2.661824463762752835e+00
-2.485944025779817768e+00,-1.190874099546511466e+01
-2.312121294352469381e+00,1.845507847947757085e+01
-1.139543127861586136e+01,5.669769309065059160e-01
-5.850326635016707577e+00,-1.010385663872994666e+00
-1.461543051757924427e+00,-6.434446387235778886e+00
-4.303959756888674271e+00,-4.056550679413796878e+00
-7.586679955574918033e+00,-1.875128044986348330e+00
3.969772479774190010e+00,-3.912247035833258946e-01
-8.649449360866663383e+00,-9.415086590198397332e+00
-1.304638709278329145e+01,-4.909917991831827422e+00
-5.403488042543731495e+00,-1.375330351814365493e+01
3.284468636100124073e+00,1.262195453406446566e+00
9.884408184683186605e-01,1.897149476962809800e+01
-3.822251452824587670e+00,6.184666708286060910e+00
3.406050781582391274e+00,-3.723866210099491703e+00
-1.156755824101111507e+01,3.559390412873337350e+00
-6.347638870216669282e+00,-6.644473978433731887e+00
4.215639617288588603e+00,2.993689323707178662e+00
-2.863629547563791844e-01,6.440175895997976241e+00
-1.762877048105597755e+00,1.002031645049419417e+01
1.308917649880715572e+01,8.554660244907877242e+00
