-8.886489646732425030e+00,-1.062286292456909287e+01
1.299998591017983607e+01,1.382532214904354362e+01
1.368100054454181524e+01,-5.330107246891850892e+00
4.150910098742132348e+00,1.523677448069426532e+01
9.610750329419678328e-01,-4.742069570148368385e+00
-7.292445774217892307e+00,-9.728295550680487125e+00
3.905087899346872504e+00,-1.334611348596987135e+01
1.126410026951523413e+01,5.825186411862167013e+00
4.684737132805094184e+00,1.101884828397993488e+01
-6.942403120054230214e-01,-1.464513897244430041e+01
-1.455109269759362967e+01,6.674361421301019170e+00
-1.204653803194410067e+00,4.166828415352389570e+00
4.105654431653005254e+00,7.510706899322617813e-01
6.253998341474553690e-02,8.151587967134281243e+00
-8.365436433121370641e+00,1.078994499682235642e+01
-3.575945626733657345e+00,1.199580284075072001e+01
4.989857664221435840e+00,6.238339775837708601e+00
-1.675491710417525226e+01,-8.513671006869814040e-01
-3.065781391315292037e+00,-1.758474474658070719e+01
6.358102760876897186e+00,-1.119139301764729311e+01
-1.549098706520314295e+01,4.447685140219059252e-01
-6.836950920081758198e+00,1.171352174205611885e+00
-1.141835419632331927e+01,-4.326364877025667077e+00
-7.118453987675064987e+00,-2.162441689117424737e+00
2.784530547983310900e+00,-4.841270178393566326e+00
-3.456460177840773973e+00,6.900079698256750937e+00
-1.443663448384405301e+00,-2.575884922035356905e-01
-8.291711659813683966e+00,-3.498351299557009852e+00
2.427864011614863315e+00,-1.627935441124870408e+01
-3.143329029270868435e+00,-1.261089034576345469e+01
7.151257276330090562e+00,-4.198047955323335856e+00
-1.025511687244475567e+01,-4.882255050133009755e-01
6.208759161555839512e+00,-1.337605660039372424e+01
1.110224246072367293e+01,-9.902515959875742624e+00
-7.492897553439852310e-01,-6.240483799273835785e+00
1.006538278309084511e+01,4.506119533944842104e+00
-2.301305775717993551e+00,1.059490857132390040e+01
3.329141207214592502e+00,3.808039449956976519e+00
2.236209036541460637e+00,8.134905132709054243e+00
1.183508617226911808e+00,-1.752221600279498759e+01
7.022466410798854142e+00,3.542879315047743338e-01
-8.561467095281264150e+00,-1.243495949907371134e+01
1.517863628047431801e+00,3.517629515892691128e+00
2.725678991326274114e-01,-3.101966376002042836e+00
-4.306009970746560889e+00,-1.393421991887463918e+01
3.206270929469107855e+00,1.263736840284336438e+01
1.390936704084340114e+00,-1.002748263142629703e+01
-1.162688811942624412e+01,-1.718633767013696634e+00
1.605158005062093807e+01,3.573496993215273809e-01
-7.813072385438037948e+00,6.132227147153135327e+00
-8.449168523157692956e-01,6.179626587589710063e+00
1.133526268992947905e+01,8.378651448325300066e+00
-6.362112351762174711e+00,-5.376162658515828419e-01
1.425990155943110338e+01,1.027772461402010151e+01
-1.254466616256377520e+01,2.327462817816741580e+00
2.316809862261780761e+00,3.619893238103178978e-01
-1.038735973008688518e+01,-9.628144268506165560e+00
4.369365809976044623e+00,-5.681559268136033403e+00
2.142912912307203044e+00,5.233733262331969449e+00
-5.270163190209932180e-01,1.034622197718888259e+01
-2.826045492867384379e+00,-1.408897131357693677e+00
-6.971087412446828502e+00,7.715005284891561566e+00
-1.301026046478490095e+01,5.738465932780211887e+00
1.520430415620997167e+01,-8.690524408604769491e+00
9.629037280741968574e-02,-7.885320944861905268e+00
2.710282504068227460e+00,2.096530292067848578e+00
-1.892564339922276417e+01,1.204625301183205766e+00
-7.194267848594980030e+00,-1.592372152958180997e+01
6.260637911178617898e+00,7.621365077098646523e+00
-1.610943531071729495e+01,-6.897482923167393309e+00
1.863754014016382854e+01,-3.499549662820366613e+00
9.606461286312905301e+00,-6.696979998638004083e+00
-6.137061248565705895e+00,-8.224807596572375701e+00
-7.135020218613465914e+00,9.527539511664443239e+00
1.420722635420039381e+01,1.739917536790682173e-01
1.699052231481161357e+01,-8.358917215483623764e+00
9.898252802304638109e+00,-8.620343282729738377e+00
4.111967376865164336e-01,4.941634832478889017e+00
-4.780324239041634726e+00,3.622728420120505000e+00
1.370499485494440961e+01,-1.134121909592775168e+01
-3.845814220503503300e+00,2.033852196780299160e+00
-4.397208568638869330e+00,5.337157452768744648e+00
-1.064507383123734385e+01,7.810281012159940417e+00
6.832504354409707936e+00,5.838082732578619982e+00
-1.270064889086962090e+01,-1.407886392389348984e+01
3.211979145802808855e+00,-9.528569901543338716e+00
7.077029963504937626e+00,-1.522418666077285465e+01
5.540795103617583983e+00,-9.499293222780204715e+00
1.006329174907628410e+00,6.663679992143191733e+00
-1.275329029134888970e+01,7.686596610475828761e+00
7.295856795673503203e-01,1.148394454916939145e+00
1.176462665110520689e+01,-1.052283263168949157e+00
-1.464288596459255487e+01,9.184378881743418432e+00
1.707019224775460753e+00,1.378126182754751206e+01
3.853936662512714939e+00,-1.369846932923238114e+00
-9.341959998721252489e+00,1.559367688893092385e+01
8.168594762239857587e+00,-7.735280741751206612e+00
-2.517208824671149703e+00,5.411864744010721928e+00
1.455060790346653654e+01,-6.953692321524912678e+00
1.402550667295705544e+01,-3.346840316292165163e+00
-1.433531894904350734e+00,1.457674468061576967e+01
-5.089995248521758775e+00,7.489655904870877734e-01
1.248079785785452600e+01,1.012837428394198724e+01
7.921293682948615356e+00,-1.199983547306250031e+01
-1.245921222362663627e+01,-6.434189949049553547e+00
2.264425312933799450e+00,1.736408799836292260e+01
7.943797024216485703e+00,1.413012269923886244e+01
2.056442944298571440e+00,-3.236554665400240616e+00
5.397718519199089293e+00,-2.366881873953694537e+00
7.418716762062525838e+00,-9.594844970085450342e+00
1.175930253729237318e+00,9.646193467848526382e+00
2.276253996069872443e-01,-1.332291267572865978e+00
-1.255839270401090779e+00,1.207748457020970889e+01
-5.326251168468098207e+00,8.906724081093573275e+00
2.365531350130900545e+00,1.554252266313533681e+01
-5.802011347880923431e+00,1.478893245482152530e+01
-1.373142933108229258e+01,9.005587698935449970e-01
4.546735921573820782e+00,-1.113801273746973486e+01
6.656368409074424619e+00,1.088728468593424559e+01
1.839083959405462565e+01,3.368562979442952798e+00
-2.633985090613094604e-01,-1.637859290993194605e+01
5.320282894508992833e+00,-4.120413567469474181e+00
-8.136163994895676765e+00,-1.009344092019988648e-01
-5.109070322135123909e+00,1.303055147303428996e+01
1.556120483114755437e+01,-1.406571735658793454e+00
-2.363062041868411622e+00,-9.819903374054957723e+00
3.100436415367034737e+00,-6.987943654162613427e+00
-3.301143503649518252e+00,8.720824809401033662e+00
4.414584386199800647e+00,7.958888032524159328e+00
-8.769211387691044024e+00,7.874192212931519386e+00
8.031263173684857648e+00,-5.859407761531003622e+00
-1.584435364180184003e+01,-1.045230633250834806e+01
1.713648362350553001e+01,-4.519324957789431885e+00
-3.341102190849121634e+00,1.378588372881728930e+01
-1.379128405082203201e+01,-1.289265575137420905e+00
-1.713627361648353897e+01,1.112660247302835526e+00
1.044946086991095413e+01,1.287725245867458457e-01
-4.922945551848391332e+00,-1.790461326007335430e+01
-1.114000979202746855e+01,5.321559340421457840e+00
-1.179921126322804215e+00,-1.123823952805295612e+01
1.037291596841242658e+01,-4.980251210407609541e+00
-6.428448218564123628e+00,2.930698773716230221e+00
2.056945505169256727e-01,1.531664508476200837e+01
-4.612555486048306008e+00,-9.633480203929045693e-01
9.008343343834347650e+00,-1.052066877615135709e+01
1.040136311674010372e+01,-1.164812442327706776e+01
-2.560409878104959347e+00,-6.545379284161554345e+00
1.404864071087326316e+01,2.462608862941205956e+00
-1.884419612715806824e+00,1.992346390893109609e+00
1.055556510596819431e+00,-1.179175683244823247e+01
-6.807370039589881294e+00,-1.280945774879616117e+01
-4.005782967116908733e-01,-9.613001042180444600e+00
-4.493167197070309093e+00,-5.006791898426759424e+00
-1.781441833245471340e+00,7.756225408290625900e+00
-8.179684904471926643e+00,2.479655453361269135e+00
-1.438022007753265996e-01,2.723261193805170510e+00
-1.106773481603913112e+01,3.467131619310005686e+00
8.111490578635894622e+00,-1.379412188331104439e+01
-1.378710054091511594e+00,-1.302007264861745206e+01
9.805741885045897277e+00,2.210057119412915938e+00
7.295060843394456818e+00,9.069942567073164597e+00
-1.647931217955029126e+01,4.546330799223778030e+00
2.511575509157200958e+00,-1.445057974787410870e+01
-7.786345898655723907e+00,4.246874842279858342e+00
3.407799150320363069e+00,9.462878169514420179e+00
-3.566710314294280426e+00,-1.585201352983951750e+01
-9.609224488034048051e+00,6.206048287117480022e+00
-9.197023666211766590e-01,-4.465165018497722293e+00
2.953043135525240892e+00,-1.808681640060809315e+01
9.913315676665275689e+00,-1.339714560323953840e+01
1.002104508837690666e+01,-1.643995800682864106e+00
-4.741715050107123908e+00,-9.365198024097139751e+00
-5.099620451788467790e+00,-1.227921203234251735e+01
1.343884499938523103e+00,-6.502986055382510067e+00
1.165784822300972046e+01,1.263157785983059256e+01
1.129613909010008399e+01,3.228078561123389090e+00
-5.103496718144963751e+00,-6.684395878954981107e+00
-1.205390411656267347e+01,-8.981205242761904017e+00
-1.472094292587912179e+01,2.425019577402436344e+00
8.134840378558083174e+00,-1.048451782601351967e+00
1.306602108491598990e+01,-8.061501996023265448e+00
2.064807872204390549e+00,-1.399457827819462485e+00
9.802120138718370512e+00,1.360633010243088314e+01
-5.339863306354890149e+00,-1.617944714504601578e+01
-1.764661710317481313e+00,-8.167908900979437448e+00
3.254142923696307754e+00,6.630195057070841891e+00
4.578221889257086730e+00,-8.013041188473343013e+00
8.744140103774745043e+00,7.402996578919156523e-01
4.255924893519896557e+00,-1.588896410603947729e+01
1.529598809951106198e+01,-4.576963253370744944e+00
-6.787287353605266915e+00,1.237175457927123112e+01
3.813212787324637087e+00,-3.163196424972767318e+00
6.312676348637559443e+00,2.035395979428519464e+00
-6.237765829548471253e+00,5.255249690057317125e+00
8.231011883071710500e+00,1.225014974981627347e+01
-4.133789257828324182e+00,1.028545309728537127e+01
2.516637474089645998e+00,1.098891737476608199e+01
-5.417987155196109406e+00,-2.662283821401822959e+00
-1.818532701710680044e+01,-5.426320403870058762e+00
-3.202707436888480697e+00,3.476076313290746289e-01
1.695086916939304444e+01,-2.544926781731982501e+00
-1.539365677073177352e+01,-2.187920143591812749e+00
1.764536507984441371e+01,-5.904431799200248188e-01
-6.900627278357733374e+00,-6.600552157110713303e+00
-1.318152357370588312e+01,-4.777383356391418090e+00
6.788848924296495113e+00,3.798452119064563703e+00
5.501813517282922561e+00,-1.730718855353533669e+01
-1.115908767948641866e+01,-1.510161124376181618e+01
-8.246664067102118523e+00,-7.771898543488808819e+00
-9.618997043709226702e+00,-4.741275451613695679e+00
4.554903469333266841e+00,2.492507313703499428e+00
1.235128205021073811e+01,-4.006400401031383396e+00
-1.118510189721681236e+01,1.041839448721158412e+00
8.019507665127004969e+00,2.508223122777421210e+00
7.388721163955261240e+00,-1.710938886999076658e+01
-5.846466483842039707e+00,1.080822805017167454e+01
-2.993744577135991403e+00,3.621150168144704917e+00
5.530601252523264399e+00,9.471214643609185302e+00
-1.205139574035951533e+01,9.350011857926460834e+00
-6.010511108068472552e+00,-1.448945866022067719e+01
1.808208818316589639e+00,-8.279728749312086578e+00
1.472199336966667715e+01,6.528355678294706088e+00
1.173743954751530261e+01,1.386941648126587268e+00
-1.642897333062996879e+01,-5.099566542317528928e+00
1.197545051672100413e+01,-5.797445919558017913e+00
8.590269329816250021e+00,-2.771726324025067800e+00
1.306870524799531097e+01,5.600188774263722635e+00
8.334314686355257518e-01,1.156255072512742466e+01
-1.375472848955196881e+01,-3.106565198938675110e+00
5.423223499348310384e+00,-4.728775165437752448e-01
-1.019095280734338793e+01,-3.000891455765118732e+00
-6.728177074354265486e+00,-4.331417169987406446e+00
1.365331226139613641e+01,-1.585447184655165875e+00
-9.412398581868714587e+00,1.141789493340210404e+00
-3.738712978868310000e+00,-7.931163294675123154e+00
-3.658400855690497000e+00,-3.193666140765749617e+00
1.132734442999378288e+01,-7.465489923508967784e+00
-2.564268825727302747e+00,-1.437192144814377848e+01
-8.863965918528924348e+00,-1.822539710081144904e+00
-1.473630738706120624e+01,4.250605758712922899e+00
6.353406072227577361e+00,-7.590654136154497245e+00
6.195768643872782810e+00,-5.807320025672132680e+00
-1.747988018761774498e+01,2.878649330202621925e+00
9.929839407404983831e+00,1.541043118296443737e+01
-1.426857725746736882e+01,-6.875040151028795066e+00
-3.146043304516148886e+00,1.563336832331185100e+01
-1.829772574873898661e+00,-2.905225857276967805e+00
-2.675907986928214743e+00,-4.667398442285960236e+00
8.316396951735789855e+00,4.779374340062108040e+00
5.048796282768635457e+00,4.380852550149000990e+00
-5.319340462491820354e+00,7.104165024478343859e+00
8.880815979590778397e+00,1.003842816352833367e+01
2.800555898171677605e+00,-1.151955262828069948e+01
-1.347260023640607507e+01,1.067697648538232613e+01
9.106988307869318122e-01,-1.371552630268536532e+01
-3.802304764343254373e+00,-1.093932225133172764e+01
