-1.111118332986797963e+00,1.178828633281741389e+01
-1.540112292739748368e+00,-1.892947603018049563e+01
-8.323250015943129299e+00,-1.047284954176180349e+01
1.383661953365244202e+01,7.959253485897906932e-01
-2.964975413993205411e+00,6.553330274881772333e-01
1.384355116546657705e+01,3.145440904518185921e+00
-2.433947005148983322e+00,5.915365998939329018e+00
-7.847274920905518591e+00,-1.222439479176631316e+01
-1.656542255716322742e+01,-4.818828276198638072e+00
1.171369258665205848e+01,7.638287424207576670e+00
-5.300215200102689650e+00,-2.460833834267927678e+00
-9.551488820693410098e-01,-1.487110679954061432e+01
7.227299430587130757e-01,4.242800019132057621e+00
-1.091715736384599644e+01,4.499802034513077587e+00
-1.528949052739834435e+01,-8.209066830577359752e+00
2.833768962057890750e+00,-8.465767554960388352e-01
-6.970515389478481261e+00,2.123125076124329880e+00
-3.704430240268780317e+00,9.813158661205285682e+00
1.478632230357275645e+01,4.775566911065598497e+00
1.683449660203275045e+01,-1.162138269964918091e+00
-7.923583343638703980e+00,-4.774367501311918005e+00
-7.884206363734680423e-01,5.273406187144619395e+00
-1.864005909661361571e+01,3.554683951523001095e+00
4.450777934159277471e+00,1.088177144463417001e+01
-4.062456587432564881e+00,-1.361498540263522372e+01
-1.015111769302622058e+01,1.243301963949163280e+01
-1.528923892083719949e+01,2.471624396420990522e+00
-8.460336724913108952e+00,7.351525030959715323e+00
-5.477852025598758168e+00,-9.558561631682083615e+00
1.115174325756451523e+01,-1.343012757723597339e+01
-5.638336274863577913e+00,6.912506012987653214e+00
-1.156515269292202852e+01,-4.517768631930002776e+00
-3.484113949290776890e+00,-2.845338210440106597e+00
1.066629119875508236e+00,6.039127230260938894e+00
-9.261411768235742414e+00,1.090650160857939355e+01
-9.703105762603495776e+00,-1.218718614727047722e+01
1.503809214646433690e+00,-7.446155310722608611e+00
6.107373130460634236e+00,7.476546843977611267e+00
-1.206267339453084148e-01,-1.072381214549959871e+01
1.487832835521927777e+01,8.249772938764845520e+00
9.553099100933081234e-01,-2.643588492054822492e+00
-6.522498327821248054e+00,1.759637642859997086e+01
2.862564159660886620e+00,-1.244435119083643393e+01
-1.460195802518026653e+01,4.169545689102295505e+00
-1.546946332770685117e+01,-1.405298622556645283e+00
-1.299849207357952885e+01,4.997727181590446044e+00
-4.252240180395767233e+00,1.293075440052597536e+01
3.847976367804779141e+00,-1.579269354594954500e+01
-5.984170819445444600e+00,-1.128360969701873628e+01
1.111323155722727840e+01,7.254416968949229938e-01
-9.906619419847011443e+00,-1.422477143563770063e+01
1.050846249065495952e+00,-8.670418041829356381e-01
9.233976384686451766e+00,9.280348949844152706e-01
9.042102865383277788e+00,-9.351638440020378695e+00
-1.373179917485497192e+01,-9.211444678544091769e-01
5.027608410838211306e+00,1.298874916206435692e+00
-3.244451245596306155e+00,-5.995552512984648530e+00
-7.999547531546183698e+00,1.320564681006243113e+01
-1.071132627441411600e+01,9.476529433698244631e+00
1.545924279373407195e+01,1.265088563180744897e-02
-9.335171886249494122e+00,4.313472392263763555e-01
2.877225231780021097e+00,9.520482400427182412e+00
1.342380370761327057e+01,7.114597925436026316e+00
4.026952457866099344e+00,1.835627278904061654e+01
1.227743606508857788e+01,-2.709708004698002881e+00
5.584532339647557464e+00,9.446601991348870797e+00
9.032856525785470936e+00,-1.481070872016074347e+01
8.673601529370248642e+00,2.642954730786148509e+00
-7.517181638185543413e+00,4.457351403634123299e-01
-5.032957744284081159e+00,1.452710829954774496e+01
3.900130289651668303e+00,-6.440331083945336488e+00
1.383298479095386924e+01,1.095452249990608173e+01
1.338044392934794224e+01,-1.043349159479726218e+01
2.732564037189678885e+00,-3.121689416821662011e+00
1.207466149148139500e+01,3.683356309293955189e+00
2.423062356204017220e+00,7.790253583543488958e+00
-1.594731933988508743e+01,8.180175372967134706e+00
1.244918012883436731e+01,-1.195024855544830800e+01
-6.882961828123643322e+00,8.207530690339487123e+00
4.706032964937027607e+00,6.328653465593495397e+00
7.266442794491132950e+00,-4.361714715037331658e+00
1.607339791751092406e+01,3.516709692180430835e+00
6.170381587558583902e+00,-1.122897908744252682e+01
1.676212580396797236e+01,-6.862824382583438521e+00
-2.790141762376913359e+00,-1.767439373455918528e+01
7.342855200403151983e+00,8.772765584863718047e+00
-1.207953934381192695e+00,-9.266622550260471769e+00
-7.332513910496172294e+00,-7.236549206720486183e+00
-8.985605516256176983e+00,9.105417862004332008e+00
-4.446190309161487164e+00,-1.698837196286686790e+01
-7.185329651229360515e+00,-9.024966681866750662e+00
1.063126106885023248e+01,1.126377990588524192e+01
-1.688991363802910683e+01,1.166055458005191614e+00
1.128642378501757726e+01,5.892382028252594495e+00
-8.783950364507219888e+00,-3.151895327603777996e+00
-1.507904476503994751e+01,6.406661096559406188e-01
4.545298087992454050e+00,-4.403943269391100146e-01
-1.062964684298347251e+01,-2.955808569570681499e+00
9.568414177913117769e+00,9.732015202986689317e+00
2.288018888905666071e+00,-1.051972819759831523e+01
1.408029812876497289e+01,-3.049592846292464632e+00
-1.294839267211517253e+01,1.011449440966379498e+01
1.190611153221517959e+01,1.276978204090578295e+01
1.066493497134239554e+01,-8.620566936328234675e+00
2.287377344706446713e+00,-1.491290078040717404e+01
1.146543964091837609e+01,9.442411420425555590e+00
-1.299533122396016793e+01,-1.294547238997835059e+01
-9.431673408129587211e-01,9.709011998673241495e-01
-1.426691929026844052e+00,-5.945525826881532083e+00
2.546652063285739231e+00,4.258638478038859532e+00
-1.512643631444107761e+01,-5.873930269372821478e+00
5.231726567247874549e+00,3.062700200475594325e+00
4.236860461410414835e+00,8.130428479522546326e+00
9.045357091117743664e+00,-4.002661872345814054e+00
9.580567143054985024e+00,1.506450639394099156e+01
-1.029989673184690346e+01,6.875895469612337330e+00
1.400820622584866193e+01,-4.808424255775684664e+00
1.522008195253485319e+01,1.918389414045581720e+00
4.707139570485821878e+00,-1.220538269505020779e+01
-7.053567966740859951e+00,-2.578766780812267623e+00
-4.352350096434390636e+00,8.137893114747244638e+00
-1.406832703900825621e+01,-4.198470145982330592e+00
1.168560806338008717e+01,-9.755477838069455121e-01
1.242548258824353802e+01,1.938400522085694133e+00
-3.879440113917190125e+00,-7.679897305402024088e+00
-8.301978384056528881e+00,-1.240659783739761712e+00
-7.253371026835637725e-01,1.414942003675202820e+01
-1.009220658279628147e+01,-1.240689169258637925e+00
3.894610844003409400e-01,-5.990993453157761550e+00
1.149562728213883167e+00,-1.193002818205397908e+01
-1.165300559213220843e+01,-1.460337254069035140e+01
1.760326442123121993e+01,-3.406129719485983198e+00
3.199781954638705628e+00,9.595070051198923977e-01
7.480144540260345032e+00,-1.241131300127639214e+01
-2.288162773279154294e+00,1.316959878614678203e+01
4.352646503065789041e+00,-2.318897323184621495e+00
9.152547737288175611e+00,-7.545377178235347593e+00
1.705304716651608032e+01,8.602679409605017424e-01
1.400892914725958427e+01,-1.162463591933078133e+00
-6.293317726417861913e+00,-8.822512590523657883e-01
-2.563245184655809084e+00,1.643675055087972581e+01
-1.754581243129245749e+01,7.279664815399967459e+00
-5.678676487066899981e+00,9.664880300696674809e+00
-5.795077826989564862e+00,-1.307569040408891681e+01
1.625168159164131865e+01,6.994075179433642653e+00
-1.593095282627149878e+01,6.210710302371059477e+00
-4.853828160183892848e+00,-1.525055216020402860e+01
-5.888011567324605622e+00,-1.804924227666417380e+01
-1.612639109307445695e+00,-2.560908048669364945e+00
-3.021788736272661424e+00,1.147690956680532715e+01
9.013820787078390850e+00,8.020778538864174578e+00
1.014665224146284217e+01,1.303620044402611100e+01
-1.243826025379068234e+01,-9.979373961027976137e+00
1.316709492896618450e+01,-6.555447266420729946e+00
-1.849154669157943909e+00,1.010080490305557710e+01
6.683052658344143637e+00,-9.221181131468021874e+00
1.708258878646020107e-01,1.020675221485574546e+01
-4.489534493156848605e+00,-4.298481532988182252e+00
-1.217950791718481796e+01,6.652585094688762801e+00
1.446346028669904449e+01,-8.909182072729326052e+00
3.469772155269605918e+00,2.731675297969940353e+00
1.049822449194283713e+01,-2.567661885232162877e+00
7.893162087928006443e+00,1.046691591073473937e+01
2.252934262789739517e+00,-5.835910196846858966e+00
9.495142162995518831e+00,6.255964697524864171e+00
-5.499018493193283064e+00,8.991047800453086936e-01
-2.526996869974581728e+00,-4.341358965288813820e+00
-5.984850083310766067e+00,5.102186497631454820e+00
3.404973493766275450e+00,-1.755764678388455025e+01
-4.778299683233705686e+00,1.125650701751149363e+01
-8.900638493521064731e+00,-6.397583605663055728e+00
8.498543738631106237e+00,1.220207986157100777e+01
-8.808811568994798336e+00,2.240883348812550135e+00
1.335630004115048841e+00,1.301783664783551586e+01
8.378056739510167716e+00,4.727064470616724634e+00
-5.648449865580420948e+00,-7.767638939268175946e+00
-1.110855141525633982e+01,7.607116433511156295e-01
8.159969578780986055e+00,-5.954480424804458494e+00
-4.013486747332669857e+00,2.071529690826362291e+00
4.581710952032690187e+00,1.399298927959453920e+01
1.143281030726769032e+01,-7.000304005016258380e+00
-1.776413558350693256e+00,-1.145288559389284444e+01
1.495702942559482906e+01,-7.151431749296166096e+00
-6.675178842822917957e+00,-1.472043253361000126e+01
5.969847634360651689e+00,-3.169555612435907666e+00
7.602263124798376737e+00,1.284137208464333213e-01
7.329413255501624036e+00,-7.541905113763156088e+00
1.206653930745492653e+00,-4.413986057287960563e+00
4.831952002215799347e+00,-9.962938439106633126e+00
-2.743181327026061322e-01,-7.753732233669518692e+00
-3.018479810498730487e+00,-9.299912405343855326e+00
1.004195436404843811e+01,-5.846911893910339941e+00
-1.745574849040577092e+01,-2.831659473888279877e+00
1.305829432645467136e+01,5.321454237380884855e+00
6.673334980614347156e-01,7.864609199737992995e+00
3.670970907823177587e+00,-4.682325192603398634e+00
1.016270741705687719e+01,4.417564712631039114e+00
-8.904381023822176999e+00,-8.496356031941685316e+00
1.204757675788471794e+01,-5.104621271815403816e+00
2.906683623786924020e+00,5.988117998169142808e+00
-4.302389274498128913e+00,1.699524651932971153e+01
-1.670776209925488232e+01,-6.976659225449102664e+00
-4.208611776003229110e+00,5.741216492815783390e+00
-1.113928781466347750e+01,-8.719858189753509237e+00
-3.176600976357815131e+00,1.472330445479039085e+01
-5.354927762771668487e-01,-1.731919359610833453e+01
7.415587218405088166e+00,6.288409950062079368e+00
1.053281508534638533e+01,2.671205282792449509e+00
-2.195112998348560662e+00,2.271715171000921796e+00
-2.225527740728695747e+00,-1.362756746652079620e+01
-3.549554967712018616e+00,-1.100354572296440558e+01
5.514800851015917438e+00,-4.924274473537101571e+00
-1.188283729175735459e+01,-1.119484820591443608e+00
2.696447242770425134e+00,1.541070648667749765e+01
6.080900939071650413e+00,5.112009523177330372e+00
-1.560002171523499825e+01,-3.194715146076583689e+00
6.402304930270981131e-01,-1.410162674889571122e+01
4.499096009195012513e+00,-8.239450349192138034e+00
-2.800808349741754633e+00,-1.195061780709989696e+00
1.643535644586204825e+01,-4.992743247436294496e+00
8.721647523171471406e+00,-2.257414242580992436e+00
1.586686193692889191e+01,-2.670637080034342858e+00
-3.950036057171134374e+00,3.948060414102481541e+00
1.054934753089126076e+01,-1.176789460961715683e+01
-9.204162394093215127e+00,3.990591571822004191e+00
-5.643706875405769985e+00,3.362331730296189924e+00
1.757851075863366930e+01,4.530418059919732343e+00
2.708528651678554056e+00,-8.792674016554347105e+00
1.655348920284245740e+00,2.717660285040292667e+00
9.840108266752354282e-01,1.484982373950052903e+01
-7.717904576066229261e+00,5.755079200439850773e+00
1.269476563999732655e+01,-8.273368528890820528e+00
-5.083068976869428823e+00,-6.026620131956564208e+00
-1.303506198429607821e+01,-5.705678819579617311e+00
4.350803838109438715e+00,4.598825579537156649e+00
6.758132878243634956e+00,1.751840962293922832e+00
1.424061116529861337e+00,9.742616308299585359e-01
5.758722697674411251e+00,-6.679353894234914435e+00
-6.580963338605759771e-01,-4.174214325795034597e+00
-7.411729467574484254e+00,3.867229062931647476e+00
-2.521005559546317887e+00,7.761333136879453143e+00
-9.452596212809348808e-01,8.572413827401131670e+00
-2.063880523716705717e+00,-7.636773485146261642e+00
-2.626211517694816422e-01,2.742033072590948084e+00
-1.433324344615255974e+01,-1.032569754126416406e+01
-1.224291628697253742e+01,8.498958390455609191e+00
-4.521935780980851582e+00,-6.646777125132954378e-01
1.808984624636569905e+01,-5.669386762908305677e+00
7.061762322285123794e+00,3.532463342410990137e+00
-6.246077503617748938e+00,-4.213324529263062779e+00
6.402565374969822365e+00,1.145762837797302680e+01
-2.186132697363228239e+00,4.096157816054009970e+00
-1.013551371433465143e+01,-1.032795742756154311e+01
7.050936313708451308e+00,-1.592418704179748623e+00
9.925455909333550153e+00,-8.537256417381549056e-01
5.230840221953573455e+00,-1.456655311650743911e+01
