1.484624193177839935e+01,-3.046109497235204966e+00
1.254934481445420635e+00,1.202529887012921428e+01
6.914583201178702510e+00,-1.768691441442029344e+01
8.739279842584142699e+00,-2.495152058909624326e+00
3.136142172132863060e+00,6.753509999633995342e+00
1.604194124204069993e+01,-1.013607630088466394e+01
-2.973945936013267843e+00,-1.834673370804252102e+01
1.068234177408434249e+01,8.684012318145837739e+00
-4.579226627067340516e+00,-7.017570005939493427e+00
7.484515839865105491e+00,-6.626891325206370809e+00
1.499479543890491939e+01,1.160169994346369116e+01
-1.415611258144390483e+01,8.104487780185197110e+00
6.085580644209651169e+00,-3.230681664475295367e+00
1.696605121106100356e+01,4.840920804920480158e+00
8.035025491161498223e+00,-1.024787562149130338e+01
6.836938941605500197e+00,4.679167300103387994e+00
-8.327769727743101313e+00,1.537180880065802846e+01
-4.829821005363834630e+00,-2.675429186584561858e+00
3.696747472475093499e+00,9.291156127943610343e+00
-1.357895219544989018e+01,-1.058755240953735388e+01
5.453565650862578273e+00,-7.892493262006170518e+00
-1.059809077829893909e+01,-2.353298757237890726e+00
-1.062544415034862944e+01,1.139541213623599702e+01
7.593949051722445054e-01,8.614847072245725101e+00
-1.443816082183150762e+01,2.934849936442998519e+00
-5.224969457685465279e+00,-4.502445450167940955e+00
-5.896871377691856431e+00,-1.259191392467866422e+01
-2.687759341422984338e+00,-1.103946022092875090e+01
-1.345105024854229780e+00,9.733703287474433807e+00
-1.240737374705642182e+01,-2.481888246366273254e+00
-6.786518122067049852e+00,2.779351735011243552e+00
4.515148919420799878e+00,-1.503337802162730164e+01
4.526838022414092499e+00,5.514410975231637480e+00
-1.060203490924863212e+00,-1.562852371502372151e+01
7.756924040959495059e+00,-1.349168231087683090e+01
-3.084467743016106933e+00,9.361709411723406760e+00
7.118107178206297014e+00,1.037143726415722078e+01
1.869746726346499344e+01,1.319416065961880991e+00
1.201116758189366251e+01,7.478886127746020129e+00
4.264557469991600236e+00,1.328553944874492920e+01
2.680826739804800241e+00,-1.495257041380466667e+01
7.233935281295413411e+00,7.940105693292997202e+00
9.042960843909622071e+00,-4.328219280006678105e+00
5.673195248955949843e+00,-1.303642069215818822e+01
-1.204364402046041782e+01,-1.398104526352578603e+01
1.204421143789744297e+00,-7.533765835669076871e+00
-1.646695413238790806e+01,7.753292516879364271e+00
-1.703126910015287976e+01,-3.608906967820085798e-02
1.215665053779252247e+01,-6.362648754508426485e+00
-1.108837411661291306e+01,8.558950546745217380e+00
-3.419510348503128849e+00,7.575157828374005753e+00
1.538612633747486669e+01,6.839706004476778567e+00
-1.239778247628113306e+01,1.139165890352253996e+01
-3.564416737185843953e+00,4.505925845220640769e-01
1.757504409732162998e+01,-7.112546771861091521e+00
-1.894582263913936870e+01,9.586811778052586330e-01
-6.155736663474531412e-01,5.662585680200202809e+00
-8.323246736645771193e+00,3.754478765806857687e+00
1.100556165705055811e+01,-3.972040532411806879e+00
7.774543598902195818e+00,6.205101536068196033e+00
-9.605045023547736704e+00,-1.448093550204444036e+01
5.091592336293516929e+00,-1.830118071379526512e+01
1.393539979568247844e+01,-6.639231253167849012e+00
-6.505748685542203980e+00,-3.254748990276103093e+00
-7.787195095829159364e+00,-1.086133216467977824e+01
-6.580332441678486077e+00,1.072784894520158083e+01
8.305489008856211441e+00,-3.049159822200084302e-01
1.372886540100629915e+01,8.351904366735071861e+00
-1.556012672150078480e+01,9.400103299651755506e+00
-8.752919083568560410e+00,-5.581316608743589036e+00
1.698666423225159505e+01,-3.855082467193323925e+00
8.041441560127596588e+00,1.697340141284535520e+01
-4.861256758619693308e+00,1.000306014242088182e+01
-7.505436060298441348e+00,-1.451773492868244908e+01
1.810270738168215932e+00,-8.274696733899559176e-01
-1.017356248497806348e+01,2.007251740304021759e+00
-3.300183428765878002e+00,-3.634011405286872165e+00
-1.410656676746766536e+00,1.162290761598918643e+01
1.050276887923654989e+01,-2.251661683588320084e+00
2.626281623432630941e+00,-2.481089005979697504e+00
3.398518263719123578e+00,1.678432770048252820e+01
-4.689663915441982134e+00,-1.406861805094254159e+01
9.372626495827502069e+00,-6.106108089034504971e+00
-6.623184482793448957e+00,8.941140827034871563e+00
-8.123347379505359456e+00,-4.641583294026100925e-01
5.346494809440054397e+00,-1.613934398084164057e+00
1.437445981467879541e+01,2.485251722019508946e+00
1.361124954007541987e+01,6.570867169140791830e+00
-6.719262602267308537e+00,4.599919321266934702e+00
1.885256084808234922e+00,9.878613440210479713e-01
2.244162411619228248e+00,1.036795886008983025e+01
3.526905210080542474e+00,3.161001080736341340e+00
1.153476705481572395e+01,-8.146595470103350500e-01
7.560834802141488176e+00,-1.596698261885850023e+01
1.196588376103572315e+01,9.918363147687635717e+00
-1.699711449666004270e+01,2.584797491903650712e+00
-7.990876686088207670e+00,-7.259935357711419179e+00
1.277203765414567926e-01,-1.357365936318631006e+00
-2.426862472223290546e+00,6.122282469641548097e+00
1.077349341513853886e+01,1.994387994941712705e+00
1.719295527487807718e+01,6.749142265922733586e+00
-1.808815729182252952e+01,5.696377968578935302e+00
2.158044063000624568e+00,-9.040871226568796715e+00
-5.229001551674809178e+00,-1.954718196476179781e-01
-1.534732763287023127e+00,-3.010430981645053183e+00
-7.848757547223497721e-02,3.117783921770967748e+00
-1.229864272452345375e+01,-5.389529218076332562e+00
5.383395953308135695e+00,2.096871053470304336e+00
3.330131824288792064e+00,-1.093925206423762653e+01
-8.371487616157549994e+00,-3.567925647424630586e+00
-3.446989333393255972e+00,-1.569755106506707421e+01
5.406859367399226457e+00,-4.923711900744319081e+00
5.255339113384211558e+00,3.862269877489552083e+00
-9.730457501088745076e+00,7.063616432501480524e+00
6.244146277096864317e+00,1.556227094578462378e+01
1.578979860033351279e-01,1.354797820931994856e+00
9.473449728661822888e+00,3.344324569331056374e+00
-1.237571159315557878e+01,4.470359716268882622e+00
-1.642632996846714599e+00,-1.254352114470718815e+00
6.290587937202031021e+00,-1.473248863424134392e+01
1.765329399568449809e+00,3.159748693102299999e+00
-1.513652172471995172e+01,-5.973374867014600298e+00
2.503522496925937091e+00,-6.217659811512496582e+00
3.418315511367190918e-01,1.037281104745762228e+01
-7.053267571105395817e+00,-4.936610316836238965e+00
-4.837302536641153949e+00,1.639468060838204266e+01
-4.403779742897093286e+00,5.866264331545041344e+00
-1.876989595474109507e+01,2.805083874141440337e+00
-5.013428281244114437e+00,3.965946321926839158e+00
-6.878487181103059456e+00,1.389332965807958509e+01
-6.513903130673456054e+00,-1.469942319092062855e+00
-9.606262905814041630e+00,-1.116638783740519791e+01
6.282453476272642057e+00,-9.835732293369739310e+00
-8.632408030177035840e+00,1.356051367225322046e+01
1.041319349879776723e+01,1.095324052896590139e+01
1.426596110973989795e+01,-8.437715212575618295e+00
-6.139451394788120631e+00,6.333887217210636855e+00
-3.464911204840934289e+00,-1.520575484312305603e+00
-7.900419221817140070e+00,5.981121086873078418e+00
-1.104156991995541048e+01,-5.253647630907462007e-01
-1.545117577482145066e+01,-2.152639063338019909e+00
-1.126282172395252079e+00,-1.382098021550042510e+01
-1.483531340790398545e+01,-1.546863367937947875e-01
1.885097538116263571e+00,-4.439013223218004178e+00
1.451800884660936042e+01,5.748842930087847414e-01
7.002556136473824466e+00,-1.180834831294211718e+01
-6.683610272117832096e+00,1.605816704817463147e+01
-1.323135383462874515e+01,-6.878478438400045469e+00
5.142998339358253901e+00,1.074672427323056567e+01
8.985507113592847261e+00,1.588454214421450850e+00
-1.217693952876677876e+01,1.318977426885259696e+01
-2.503054749565558068e-01,-1.038833338880622748e+01
-5.188124775282214607e-01,-8.472795381866006892e+00
-5.405592080196539584e+00,1.217901729497875607e+01
-6.141902084251698923e+00,-1.010535044341550837e+01
7.521298426279356963e-01,-5.829662101951322839e+00
2.815572291841387464e+00,4.928975475697192188e+00
-2.208808336909516168e+00,1.843940880493673973e+01
-1.016361620653464648e+01,-4.105248159225215687e+00
-6.312998256503175476e+00,-6.553110827023822083e+00
-2.367886380057844686e+00,-9.296129938714784657e+00
-6.772230395165575345e+00,8.609187551386515702e-01
1.815095205628401942e+01,-5.375637364996697976e+00
9.119176639545815144e-01,-2.944421780147211454e+00
-1.065248286105373410e+01,3.783435977601465883e+00
1.071998269997308206e+01,-7.422295429696337266e+00
-1.015484533613973639e+01,1.503262549757710786e+01
-1.861982473861560194e+01,-3.619240930475778661e+00
-2.924143945252755117e+00,-1.399309386258773280e+01
-1.297614599102421451e+01,-1.232841891506689080e+01
3.446973041276510052e+00,1.865714676048785492e+01
1.736233444579816654e+00,-1.649559785437276105e+01
6.011633031742793065e+00,6.494175749682042031e+00
5.078493748225811011e+00,2.150966353542190790e-01
1.540600046633839426e+00,-1.078529388001302536e+01
-1.557359782633269774e+01,1.502151980768638095e+00
-1.249256111747342324e+01,7.470614991199338029e+00
-3.680801854514523797e+00,2.685643853876676701e+00
-1.474828811443103760e+01,-8.020800617566242963e+00
-8.058582334049196660e+00,7.748122889703045857e+00
7.133286706372043540e+00,-1.670744396764552331e+00
4.643523564440651619e+00,7.678343005038402502e+00
-1.956462337061367407e+00,2.282038806461723635e+00
-1.128542173168220053e+01,6.175441362792353672e+00
8.886199269843533699e+00,9.966703423409327911e+00
-7.684215968314071610e+00,-1.266542514706655531e+01
9.228129404199266972e+00,5.117145404171739465e+00
1.759526106600915796e+01,2.893908568250728397e+00
-7.466682364181167486e+00,-1.631001036947525051e+01
3.101344913644961565e+00,1.194444042223659252e+01
1.086761119595880665e+01,-1.251105188100399346e+01
1.609399438509682767e+01,8.591403917831748061e+00
-1.055044265063736653e+01,-5.873151046467216752e+00
-2.892070469891437901e-01,-4.396377494334268832e+00
4.453059853845155125e+00,-9.565734159930672220e+00
1.271337833939656292e+01,1.173397984740786626e+01
-1.505504191365687916e+00,4.147617554446817678e+00
-4.406270465481264331e+00,-1.054347240343726355e+01
4.295223982833759280e+00,-6.318607549348617347e+00
-1.159549932438740605e+01,-7.590194691321106468e+00
1.466748757953279991e+01,9.860018253792416587e+00
1.040749845458212253e+00,4.896478945648444991e+00
-3.673320885825128723e+00,-5.481650139136008626e+00
-1.255991514841377921e+01,2.610678469076189501e+00
-4.045849780099146642e+00,-8.745537000778440984e+00
3.622968634024525070e+00,-9.113674969746037302e-01
-2.502728703954284040e+00,-7.488119396624082214e+00
-9.513341805385493899e+00,5.200063539332753670e+00
-1.201082602215935546e+00,-1.196779173399177587e+01
-5.934605441334676712e+00,-8.327274089243152488e+00
5.791796890859502334e+00,9.020285704007122263e+00
-1.735873631273211481e+00,5.213082550107851487e-01
7.223583540697168459e+00,-4.730843689292127507e+00
3.741187259244573404e+00,1.501164822424195044e+01
-1.172585912714465906e+01,-1.019218672840334428e+01
-9.732128272104256794e+00,9.832970464734939853e+00
9.087983246614470545e+00,-1.174325848378485837e+01
3.663671526047810101e+00,1.337929786797225962e+00
1.631684149948404539e+01,-2.063483834379383541e+00
1.030714442381477802e+01,-9.174726253565122391e+00
1.004393841592534464e+01,1.742104966276799838e-01
7.609401379374548746e+00,-8.440452621634896957e+00
7.194243342452693923e+00,1.839395987339866423e+00
2.830360133089194097e+00,-1.292712106277034856e+01
-5.262735286946911728e+00,1.810278866012689614e+00
-6.126827398753901255e-01,7.498401210654330740e+00
3.267977238514041094e+00,-1.871233051890143884e+01
1.168141881834762863e+00,-1.381197383563335457e+01
-1.935987786608565964e+00,-5.153575171744844141e+00
-1.400770456233999539e+01,1.039048196491857823e+01
-8.811910614009409448e-01,-6.583521442377706201e+00
-1.841784680938525298e+01,-1.662204617896988479e+00
1.062130491598531634e+01,6.324912477022286872e+00
-8.378270339621346707e+00,1.621337378528765027e+00
9.513204307463130505e+00,-1.383628426014461077e+01
5.530611578624313296e+00,-1.657113935355549827e+01
-1.774878539381391462e+01,-6.594374079661531773e+00
-7.765679246632018362e+00,-9.060160051105064838e+00
3.691503109414132844e+00,-1.685261359043588669e+01
-9.823862316272148121e+00,-7.510023957968069652e+00
-3.925761588576874850e+00,-1.247145793996745411e+01
1.293241144515361896e+01,-3.534186092010655589e+00
-3.223675020283233383e+00,4.503248254423862562e+00
-1.391900039322393745e+01,1.251248628693982567e+01
-1.508265376770105881e+01,-3.933650963198370043e+00
-1.354463812343935381e+01,1.093989406271759668e+00
-6.327389245660074657e+00,-1.773102521392156916e+01
1.217679613989611909e+01,5.420389890532888444e+00
1.456133457079726767e+01,-4.851457059132703087e+00
3.607586722970031801e+00,-7.994030068775015430e+00
9.029265475662596074e+00,1.209668132932493023e+01
5.204765228573280389e+00,-1.131151480233042328e+01
3.667609159311132405e+00,-4.559415966177993162e+00
2.239646210973250007e+00,1.359723143721873484e+01
-5.183747462567378506e+00,7.925250302945337388e+00
1.367256306064206228e+00,6.775987346870755879e+00
