2.154760942623199504e+00,1.332031323210346407e+01
-4.705859012217573856e+00,1.218715953780336392e+01
-1.172139782230360083e+01,-7.364830743464508167e+00
-1.326744689815709854e+01,-4.038939123956199140e+00
-1.071093464145810437e+01,-2.203070136383084687e+00
-7.672151767157896485e-01,7.993623964726203290e+00
5.344013768962512678e+00,7.813060372298023637e+00
-6.504625478815160733e+00,1.747364758685898778e+01
1.052373141974198845e+00,-1.591740475698480850e+01
-6.756068862336019887e-01,-1.386441472854701651e+01
1.644781504204054912e+01,2.357631758275369749e-01
-8.321374593272921061e-01,-1.050772567573652783e+00
-1.508884825341929847e+01,-8.173470369878392816e+00
1.858065859002744902e-01,-6.274873452601255508e+00
-9.993431836464456097e+00,-6.934653801043042520e+00
4.202946633180157932e+00,5.573989705256402694e+00
-7.303337768047535761e+00,-1.884496934430264670e+00
2.870092893404478041e+00,1.160637595100020114e+01
1.498685647223137707e+01,8.284072166228291678e+00
8.518798770485525029e-01,-1.639491537601802662e+00
5.968595560114984266e+00,-1.008938337172369515e+01
2.693836232324766211e+00,-1.082789954364637985e+01
-1.297558023006673089e+01,1.134045630399463001e+01
-1.724021159506416723e+01,-2.848384610447689536e+00
-1.219337937519474835e+00,-7.645443963266538745e+00
1.372982305468386954e+01,3.418476969618736483e+00
2.099926492502505404e+00,-2.975573718961489256e+00
-4.117025337660829898e+00,-1.833156594751963908e+01
1.149676153524842981e+01,9.578312989946498490e+00
4.659950782576041561e+00,2.312903721457976403e+00
-1.080136996598820076e+01,-1.090594969414989279e+01
-1.193159301894863233e+01,-5.512360299092177840e+00
7.921859676656957561e+00,1.391080095952098361e+00
-8.031874626131714212e-01,1.139372146826380927e+01
-1.012254890217286452e+01,5.627175594802310776e+00
-1.190550223258683715e+01,6.363892327545328520e+00
-7.834817750257301761e+00,1.399784864155469499e+01
1.349723104187153844e+01,6.968263757796926861e+00
-1.492037833638651989e+01,1.077934695338096560e+01
1.314905487497559911e+01,8.820957458944278073e+00
1.145239022014476404e+01,-5.350280266255373895e+00
1.158899940080476476e+00,-1.414617063540539910e+01
-6.555401491311092954e+00,-1.438953792589165737e+01
-1.848294547830411005e+01,4.383912065650132917e+00
-8.077817085234785255e-01,6.049445581097822711e+00
-1.731000090405235881e+01,7.833462078884450897e+00
5.417600732650216244e+00,4.204215886148612746e+00
-4.020579740949449032e+00,-1.164992849329587798e+00
-5.324032148668177200e+00,1.050554006334848722e+01
2.803382590184773093e+00,2.169253351434819788e+00
-2.357213953482461211e+00,-1.984068608897523678e+00
-1.025245069601097114e+01,3.680996064200293905e+00
1.775090557235612110e+01,-4.590841808483541620e+00
-1.358197416790902246e+01,5.558284769342646925e+00
3.097979939854258902e+00,1.618408057981572412e+01
-1.794904217757672171e+01,6.097682336711344853e+00
-8.311517886446646131e+00,1.219254833810626160e+01
-5.714368686438628053e+00,4.030205192835204286e+00
-5.704615744473947814e+00,-1.043968123722412500e+01
-5.453361200916905460e+00,-6.847574171244650287e+00
-1.546745785899737946e+01,-1.093466372131606912e+00
1.323961561238223794e+01,-2.471121744080369442e+00
-1.476318034310609706e+00,9.687962719783905996e+00
1.532000982064388062e+01,2.535301718548181871e+00
4.357870140966226824e-01,1.827197282671609191e+00
8.433693331802299298e+00,3.092588304745246486e+00
8.970207098448582883e+00,-1.582476068422257853e+01
-2.809667714977407638e+00,-6.830085072893182563e+00
6.256430072047735047e-01,5.012999206191340207e+00
4.110929839944931774e-01,1.687456371178997472e+01
-7.196709336720983785e+00,1.566448789177146850e+01
3.166628230353277229e-01,9.920170053629334461e+00
1.190641612811364780e+01,4.269465183311535128e+00
1.546112563003380069e+00,3.366862279413019299e-01
1.559001765860679711e+01,-4.411242222807414848e+00
-1.032612666525734113e+01,1.755083259453941613e+00
8.553849046323902527e+00,5.844925980799945187e+00
2.723951421283640428e+00,-8.673107084140053047e+00
5.658319497677241294e+00,9.595811176585707258e+00
4.902015823713929521e+00,-8.691416021090230259e+00
-7.135004297069315271e+00,1.081849039109803279e+01
8.550107032746817382e+00,-8.125937989404736328e+00
-8.668162955983770290e-01,-9.891405169207375891e+00
-2.596810962807574619e+00,8.180985350416829505e+00
-5.077743830077861009e-01,-2.818028024776100260e+00
6.789078497418626235e+00,1.567012394206160586e+01
2.143693749888041733e+00,9.814401554669849759e+00
3.408321890573466018e+00,-5.834576561672281336e+00
-4.121345530503624843e+00,-8.015701218186439547e+00
8.128462389945250166e-01,-1.156942126972816354e+01
-7.532262099192143623e+00,2.956794540993314513e+00
6.141283620188618286e+00,-1.642980930378800553e+00
-5.109905930396938523e+00,-5.032875134979556186e+00
-5.178864770759734171e+00,-1.678355747584380708e+01
1.004821681338697204e+00,1.894066540946872834e+01
1.077976441211496095e+01,-1.545306670248930381e+01
-4.065914292965426391e+00,-9.775750912251902847e+00
-1.896834246388521805e+01,-6.404057208326376927e-01
5.027981609733259916e+00,-2.818580752013673529e-01
7.309446280361420634e+00,8.894021743262563007e+00
6.617307058370288431e+00,2.899344694755662477e+00
-1.589380263822324046e+01,9.302425949764129953e+00
-1.306624325597488401e+01,-8.530645011626894814e+00
-2.446561737023386307e+00,-2.129383815646830325e-01
-4.652456806535836265e+00,5.361227630791752796e-01
1.468792820705172364e+00,3.441086690282086469e+00
3.597600591754402721e+00,8.157332107095564666e+00
4.202550322696063212e+00,-1.978290570789569491e+00
-1.724146213343611223e+01,-1.046191601564134821e+00
1.196638532470639449e+00,-9.841112720505069689e+00
4.912721814036254742e+00,-6.906462452396838536e+00
-1.824593495656355202e+01,-4.778260051527369434e+00
-7.467682180486534982e+00,-5.706259502364812164e+00
1.545707717138334658e+01,6.459605584339129791e+00
4.228739735827955926e+00,-1.839627273971674626e+01
-7.997919488953865397e+00,-1.135398414707638359e+01
1.898377470491589136e+01,7.850464655010132020e-01
-8.242353554800665449e+00,9.382639634737614642e+00
1.149575598153996836e+01,7.795703123033554505e+00
-1.512751088989844384e+01,3.993955820452368410e+00
3.882064498246581952e+00,1.016292247348016708e+01
-1.211874916626610599e+01,8.176915194098112849e+00
-1.374506532548478788e+01,1.850624655633782867e+00
-5.760817605503584460e+00,-8.669646524446614322e+00
8.772481515251255857e+00,-4.293604469838986581e+00
3.633953082620828390e+00,1.429726859888059920e+01
-1.545390566521733566e+00,1.512829129214452273e+01
-1.547820599730892255e+01,5.733060575938517367e+00
-1.895448935917761801e+01,1.174468234893138785e+00
-8.467470615020502578e+00,6.247467102833359043e+00
4.400146500041561382e+00,1.270185168102631046e+01
-1.148553659505024349e+01,-3.775238073956844964e+00
-8.322630736990765499e+00,-1.485823231260863686e+01
6.108746643410567501e-01,-8.075114888097466803e+00
-1.403261744138251821e+01,8.699010124153812307e-02
7.398517986725848594e+00,-1.465409005678960597e+01
-4.797420396923739006e+00,5.567751489586055591e+00
-8.589190316265550962e+00,1.026201126592416468e+00
1.074253066050354644e-01,-4.498781872896952194e+00
6.132087489513513567e+00,1.177091634156756328e+00
-2.667099634113161866e+00,1.679112980620296369e+01
-8.373973959962244251e+00,1.705510363843838562e+01
1.141520213494370672e+01,-1.733430011033759488e+00
-7.120215913991598811e+00,-7.451919729377270762e+00
-4.944103956276767242e+00,-1.362482761503516926e+01
-1.073307126190796046e+00,-1.176233207222838040e+01
1.383242415145926785e+01,-7.392984304660734640e-01
-3.247501728964157230e+00,-5.063918779494112954e+00
-9.010160951816146735e+00,-7.045847227658086354e-01
-1.203202064587545195e+00,1.065709905063955798e+00
1.451223270661586007e+01,1.008198263909780579e+01
-5.355165815176668787e+00,-2.580666867303924139e+00
4.661960338179742536e+00,-1.529166587727957882e+01
-3.426466843816564189e+00,1.509499452045957035e+01
3.655203706253898677e+00,3.813262004728924737e+00
-5.792857196042899837e+00,-8.461342377844610629e-01
1.801509507987806202e+01,-7.943510939594328191e-01
-1.999730426935207639e+00,-3.789170754645341255e+00
2.590398908417087753e+00,-1.209798697060221917e+00
-5.323090949184251741e+00,2.268370724674447114e+00
5.041767167729436672e+00,-5.097789028251320964e+00
4.726829344012727141e+00,-1.347340703627949132e+01
-1.553302843406400058e+01,7.532383496977167248e+00
3.373291453970088227e+00,5.024275447308730325e-01
-3.710882472906888108e+00,-3.311686733602750010e+00
-2.707599323160473137e+00,-1.090537080862211106e+01
-8.602614015576488526e+00,4.480739273065793782e+00
-9.403952401844801301e+00,1.078404312799991516e+01
-8.218777784002341491e+00,-1.665986600367263648e+01
1.342351635592826753e+01,5.187517687071690808e+00
2.316594943862704259e+00,6.893255703626790520e+00
1.117595141947469628e+01,2.649119438211513966e+00
7.341494721971127291e+00,-3.507300405720437109e-01
2.516640522339670394e+00,1.790584171729065233e+01
-1.547152679335317771e+01,2.202906778992516301e+00
-3.909386940790130271e+00,9.458890170331308411e+00
8.464921907680013291e+00,-6.307980888859103352e+00
7.239213570664097652e+00,1.753740594799333508e+01
-8.981085534789160718e+00,-2.501074023158243786e+00
-3.781729075950407637e+00,-1.556392632858824498e+01
-2.833259551988942970e+00,1.084548168672562518e+01
1.092562345254153966e+00,1.155137911049210686e+01
-1.629401949098514280e+01,6.043705160563986878e-01
2.841561788450452930e+00,-1.583035032951490528e+01
1.178896145469316714e+01,-3.514790488163082038e+00
-3.186523169710165693e+00,1.329630526605685858e+01
-1.344758498868499785e+01,9.588508174886680280e+00
1.847948355261857634e+00,-4.844390556700126638e+00
-4.647443998069257454e+00,7.366920107892469538e+00
3.546321599987031448e+00,-3.977335226010228819e+00
-1.459916533071190736e+00,-5.559173325052606529e+00
-4.972704816275004269e+00,1.420318992634845934e+01
-6.284646580832635721e+00,1.297152835084083122e+01
6.544739344706474782e+00,-1.305987372153048476e+01
-2.380807836378595610e+00,-1.447563385820774329e+01
7.626709792228369977e+00,-2.600508288835559956e+00
1.402513770255159820e+01,1.108687705582641625e+00
-7.375645979936042984e+00,7.734911014455968292e+00
6.971225121418287429e+00,-4.366173391236951140e+00
2.722190601697326295e-01,1.401389616765244206e+01
-1.013513107043055861e+01,1.423491233866745809e+01
-5.890842489683229211e+00,8.768507230795716367e+00
9.137868988765102785e+00,1.132975881473113233e+01
-3.333871940319196092e+00,-1.293282709116613205e+01
-9.748130045837793745e+00,-5.168125399433916911e+00
1.445619184868407814e+01,-7.535047785127914288e+00
1.092589645538783927e+01,1.129762820404697088e+01
-6.542157428115819684e+00,-3.975999795666695480e+00
-3.743488730066759640e+00,3.315676710446879394e+00
-8.294457022880127539e+00,-4.146447828584649109e+00
-1.340675873708140742e+01,3.594508411151489113e+00
-2.862132475883309990e-01,3.449648513535124472e+00
2.396591813711955510e+00,-1.862125591890426435e+01
-9.174411031795200344e+00,-9.937844941452818048e+00
1.003521175733044934e+01,1.570457531190522005e+01
-3.127886977368967703e+00,1.466485594005896509e+00
2.011428061454373584e+00,-6.999568379224217374e+00
1.145454375472382713e+00,8.265531482361554438e+00
6.787482362160448979e+00,-7.904331130827391583e+00
-1.379214434061549177e+01,7.311249942887691589e+00
1.091843193956378144e+01,-3.325319525684608014e-03
9.565399897130825835e+00,-1.845249699443364255e+00
-6.792423874883087187e+00,1.268235124965622962e+00
1.309200112459669540e+01,-1.011806247903531997e+01
7.988603662558725560e+00,-1.115339592710326677e+01
-1.930585391801348472e+00,4.655959304028167267e+00
1.085731872832251099e+01,-1.123698362100750536e+01
-1.999556148922143395e+00,2.850800658914368402e+00
6.584257721281445264e+00,-6.079021616129405281e+00
1.514113139734970659e+01,4.624965107125737163e+00
-2.516731693274874004e+00,-8.950173943083170158e+00
-4.486444420586374271e+00,1.724470490875003392e+01
-1.362149362612506387e+01,-1.102090624136820907e+01
6.822137918028370329e+00,-1.646217479678167095e+01
-6.888347519427288290e+00,5.424123797338831210e+00
-1.676065901946079961e+01,-8.925003596831698971e+00
5.434860530014854696e+00,-3.312087680823767588e+00
1.478955316453874014e+00,1.534027716011310183e+01
-1.180938150068103809e+01,4.608346923067961676e+00
-1.740874227365918614e+01,1.996112301705052827e+00
2.404676620683138033e+00,5.141627478323303357e+00
-1.167634105649931264e+01,1.005968269772044543e+01
-7.536460955066327294e+00,-9.298372083255202369e+00
9.972363893811273527e+00,4.096768658435027355e+00
1.626538924423329746e+01,-8.861239753832759192e+00
8.729699079669348549e+00,-1.279918316500604192e+01
9.743897650192806736e+00,7.167169323417370563e+00
-1.429826109181951743e+01,1.250821465805160493e+01
9.702813253987359943e+00,1.666341702661604085e+00
-1.686598970904382355e+01,3.700740849256325404e+00
-1.539821720449799258e+01,-2.925754360972228074e+00
-1.205250159037000834e+01,1.221740964021037712e+00
1.538545027515757901e+01,-1.049343318901638256e+01
6.993750413587107140e+00,6.960214452765795201e+00
7.157617510525828841e+00,4.617051966561505516e+00
9.118048427272515966e+00,-1.229988112717679966e-01
