-4.720457649667687328e+00,8.903477775350451040e+00
-7.496866138158750026e+00,4.421142208565401965e+00
6.110557799814722024e+00,4.104096876946488948e+00
1.849081851517547292e+01,2.035903536051649088e+00
-4.707404045462848963e+00,-2.037440701440117241e+00
8.652329600645078500e+00,7.852063011448282559e+00
1.527477465464852457e+01,-4.551445667342664869e+00
-3.477433078770113983e+00,1.739225971215446265e+01
4.091690287070950838e+00,1.403728610908243013e+01
-8.157652975882957236e+00,9.041738964723432304e+00
1.514914935927709827e+01,5.926810202170960551e+00
7.271937230008362896e+00,-7.628623398040210724e+00
-1.583113195382595784e+01,1.047578954386228212e+01
-1.344816847866559195e+00,-7.155246659892801731e+00
2.009688119218243862e+00,9.624168399869015289e+00
9.250987616276209025e+00,-1.871056205147839657e+00
-8.665457263571187951e+00,-5.752272094482475673e+00
-2.782728334123663938e+00,1.385671945144735240e+01
-5.182398685257497917e+00,-5.440625608457339446e+00
9.567957642340608970e+00,6.087785384295419711e+00
-9.407911561667763323e+00,-3.982382203825592715e+00
-2.625616952854477937e+00,3.447532771694216347e+00
-1.129998443938611885e+01,-8.833933034115592164e+00
1.181299666423291983e+00,-6.834447325727320832e-01
5.965626908878444823e+00,-2.253137001871482692e+00
1.855148674664372777e-01,1.339081930178206425e+00
6.297852860921873130e-01,4.719494340101360486e+00
-6.445693918888135698e-01,3.440292767718041045e+00
-1.015501986245575594e+01,1.085479716206221523e+00
6.422308814721064962e+00,-3.990395368291032696e+00
-5.364795128983813832e+00,-7.213718045573293658e+00
1.836923250119139928e+00,-1.889150752057153682e+01
1.616854792031089971e+01,7.519020989453171211e+00
2.556167641803181567e+00,1.129747594851568948e+01
-1.670657849879952295e+01,8.759345797950853552e+00
6.017555697663665271e+00,-1.435734698860920311e+01
-1.536436092628945893e+01,-4.741145332026712289e+00
-4.411081472911028811e+00,-1.151955382237460590e+01
1.664881528944528100e+01,1.053720231633075377e+00
1.725871484359258545e+01,-3.872525095774398629e+00
1.128308376575706262e+01,-2.276833388896885857e-02
1.302113748078928168e+01,-1.378627724505145302e+01
-1.122536267190475812e+01,-3.744895471154908950e+00
1.604279102594380291e+01,-6.190330044659323683e+00
6.555875067238895681e+00,1.447038981805317093e+01
1.080864474806329634e+00,2.903864063350360514e+00
-4.358646632241392815e+00,2.492712994266590432e+00
1.467859258011791113e+01,-7.351572831518592643e+00
-6.599718679736642279e+00,-1.055304912762607827e+01
-3.150518802614844738e+00,-1.278527743601937949e+01
-4.184649675890926623e+00,-1.649622384637841677e+01
1.005946196088822653e+01,-3.848232415012999841e+00
-1.811333739560368805e+00,-1.157049359696863533e+01
-9.176196109067824125e+00,2.636566822131435561e+00
-1.373656475004926314e+01,1.043265599213200368e+01
-4.168232913090903935e+00,4.370040969070245751e+00
5.010387037789248765e+00,-1.054407463285211222e+01
-9.510736354622201461e+00,4.428534132046346272e+00
-1.692362269584771539e+01,-1.138571599993696726e+00
4.644333087716697506e+00,2.952319498454893498e+00
7.011253189644493844e+00,2.537207860888256672e+00
1.359186376106926097e+01,-2.193092054957250792e+00
2.250244510064466574e+00,-7.493004289845368149e+00
8.039350845431501469e+00,-3.167786978913817553e+00
-4.197567442404426252e-01,-5.174233533188924206e+00
-5.248149231733434839e+00,-1.502935141519702533e+01
-1.147544074268884273e+01,9.900630305142687604e+00
-1.056135581458594608e+01,-1.543832959586585218e+01
3.595018260883245720e+00,-6.158609728444300657e+00
-1.141790509972543788e+01,4.384967816744397950e+00
-8.388195357703770227e+00,9.838910156122260275e-01
1.039877541206840128e+01,-9.243039243092459500e+00
-1.242927596509160004e+01,-1.434353381838982244e+01
-1.785502222547788342e+00,6.855110678323128148e+00
-6.230284524561987780e+00,-3.518033400240470510e+00
-1.049214237651450610e+01,5.951194543307263274e+00
1.132340687879078445e+01,-1.301222485636100323e+01
-1.007831296126141807e-01,-1.495575539858008440e+01
-6.314036675921077979e+00,1.249996631121367408e+01
1.161275558290695109e+01,-5.287436959958307092e+00
-5.889136310784731876e+00,1.614304761637707752e+00
7.901788078050198116e+00,-1.178859661664300695e+01
-7.366777544543686496e+00,2.576804478216253358e+00
-2.135367699587268131e+00,-1.565968971586616476e+01
2.060137307800400830e+00,6.158129176162261409e+00
3.451201300594242571e+00,-1.459198923251675950e+01
4.609678127519307722e+00,-3.550206576899110900e+00
-1.579930703629697897e+00,-1.396766450538198079e+01
3.875688962029351536e+00,1.058161801554316161e+00
-9.846989775566518110e-01,8.475474652772543749e+00
-1.480964736251113578e+01,-2.252079630601816707e+00
-1.128674862038979221e+01,-2.891512707624986356e-01
-6.466826342777895142e+00,8.483505088605035382e+00
-1.377644294201664898e+01,-7.917425622008172681e+00
4.780298357560594624e+00,-1.689799642988275963e+01
2.464924139180598051e+00,-2.418275046895722813e+00
1.405427683952091478e+01,-2.019282119372362849e-01
9.925596149825734571e+00,4.212169235240001974e+00
-4.003150411022974531e+00,-8.364483142975892349e+00
6.926922533679015004e+00,-5.737340662998516194e+00
3.813732336531255873e-01,-6.745977452224211746e+00
-8.693907587561929828e-01,-3.391584966722204442e+00
8.904952433996824457e-01,8.092097183347373601e+00
-1.527620959588893790e+01,-5.058227050222861010e-01
6.962136328446814071e-01,-2.377881137888829155e+00
5.871894880855824006e+00,9.156286999584583697e+00
6.830228318342049576e+00,7.520207059360089374e+00
5.952186856987545127e+00,-1.244408085136423736e+01
-1.088381546485975626e+01,-1.061821986473759338e+01
-3.957116108813137245e+00,1.058948084069020190e+01
2.441011578620444045e+00,4.401889912814772821e+00
1.207886729390888192e+01,4.742457484499272624e+00
-9.842423766351146242e+00,1.422880774911150148e+01
-1.489897072078367124e+01,6.186068387423638626e+00
1.492192032103211474e+01,3.170249080858440927e+00
-2.533169078424136966e+00,9.461946111228391132e+00
-9.867621716287947820e+00,-7.469559715035757996e+00
-9.116640764529767793e+00,7.529766442382720193e+00
2.140857736106441533e-01,9.805522649615472375e+00
8.938922744206735160e+00,1.170474287377734335e+01
-2.203299913828934642e+00,-5.550143077400476521e+00
1.205030549141314289e+01,-9.945007765044659109e+00
3.646067124879960097e+00,8.792336643029369014e+00
2.496339776683472511e+00,-1.692211549351165800e+01
9.312037460695552937e+00,1.349749580737329424e+01
8.391055073086294058e+00,-1.701851022979029437e+01
-5.205793675718948244e+00,7.141242534919039819e+00
-1.321894207244178254e+01,-5.421428473308139928e+00
-5.764328618710702123e+00,5.442245631047193832e+00
7.644024717338525399e+00,-1.353087186324195201e+01
9.510366138740145914e+00,9.905434268736865278e+00
-8.176382580824625990e+00,1.091162528950117228e+01
-3.390060719453947602e+00,1.011802803300584808e+00
-1.283938273008087094e+01,2.996096548035818152e+00
7.533586222877048044e+00,-1.386392738282302917e+00
1.632272077276678601e+01,4.563755251212902486e+00
-1.621527620533665059e+00,1.640012896205751858e+01
5.066122905235582508e+00,1.560057331889286836e+01
5.306161429245814354e+00,-3.001454843109306325e-01
1.531768476140065971e+01,-2.742094511673090373e+00
8.058615312065246172e+00,-1.528858855336097733e+01
5.681687522753153807e+00,1.730315654834357630e+01
1.163647188302390312e+01,-1.501903886327010440e+01
-3.313266295491701818e+00,1.557287135576834203e+01
1.386437499710175558e+01,1.630990894478004272e+00
-8.632034489354406759e+00,1.603217166565269736e+01
-1.799413484508839423e+00,1.346874408105197263e-01
-3.443885946736940262e+00,-8.089617259610514255e-01
8.961907931492156365e+00,-1.027214202109321128e+01
1.126518497739877311e+01,3.060265310126551341e+00
1.178381553414700811e+01,-3.459633465775904693e+00
-1.086983421043590914e+00,-1.718679081453347735e+01
-5.056198279197746892e+00,-5.094609317024762635e-02
1.108197639857189110e+01,1.314476389759988351e+01
-3.654505585719885818e+00,-6.624191376644695595e+00
5.618942925261124266e+00,-8.857254200083859885e+00
-1.890466040369374312e+01,1.705952960997234591e+00
1.442617426556547511e-01,1.632935407473737399e+01
5.146072594250490795e+00,-5.301805936954074205e+00
-1.546507881017572217e+01,4.008364125940239830e+00
-2.331952611854287039e+00,1.885323235600034408e+01
9.722481040125863672e+00,-1.224981368581799934e+01
1.686880380394194745e+01,2.824189772082250638e+00
9.764200567013359588e+00,1.629557190032522485e+01
-2.195844221480840464e+00,-8.701381836439363582e+00
-4.452686627006936071e+00,-3.801896220804963367e+00
-2.671197734805438984e+00,-3.839368592481329223e+00
6.194452313553171496e-01,-1.671111504575237561e+01
3.709720691887694599e+00,-1.836716833630076806e+01
9.838113538019259252e+00,-1.556807137395204599e+01
-9.889890417558465430e+00,-1.778140307960063504e+00
1.803170946669292674e+00,-1.525859115395234866e+01
-1.588335169874708575e+00,1.875521223802814497e+00
-1.387215584021204506e+01,6.941341412345319872e-01
-6.354632528557381255e-01,-1.238533533454309943e+00
-1.731761091688371224e+01,-5.865793725945401604e+00
-8.000973880820547723e-01,-1.897918216548981363e+01
-1.362796262876005038e+01,-9.681071141433966076e+00
-5.266589255156952643e-01,1.890929604887026372e+01
-3.292247703473667464e+00,7.868249200132404475e+00
2.831538575420880832e+00,2.645148859716295764e+00
-1.090130094460045562e+01,7.697408771496238700e+00
1.299768772742297607e+01,1.314770837438803497e+01
-5.878094969739199982e+00,3.608115498853241121e+00
-1.099474248322921177e+00,5.148953191028480703e+00
7.413650605013665462e+00,1.285970905133949138e+01
-8.935114192863760074e-01,-1.006181065370113714e+01
1.358399346886112724e+01,-3.998098547336419895e+00
1.128344954469649153e+01,1.527109956458329876e+01
1.039546396280100105e+01,1.484162733519116761e+00
5.598181411447838762e+00,-7.052437004880333760e+00
-6.732515185118129075e+00,1.775839736342096842e+01
-4.881889831857362694e+00,-1.321950394849650046e+01
1.818756632904225068e+00,-5.740137459599675473e+00
1.015084211296682248e+00,-4.110624443901319758e+00
7.453605369419909366e+00,5.866589682680627860e+00
5.643784712135431647e+00,5.837144226761237675e+00
-1.055069251492239069e+01,-5.397988499139897201e+00
-8.975620597912628895e+00,-1.111171278279553754e+01
1.373230336802094520e+01,-5.814816981346710989e+00
1.782288082945229846e+01,-5.549186697977178895e+00
7.243000576945299862e+00,-9.519540873570019102e+00
1.676969482668521394e+01,-8.715369327723022863e+00
2.976453341371994021e+00,-4.954030803265800920e-01
-3.191294812687253568e+00,-1.025394621886463753e+01
1.973415440548359712e+00,-9.273706309517370627e+00
-2.206695890187230003e+00,-2.090330044082768790e+00
-6.867344701575788690e+00,3.263126897753974159e-02
1.952164722419752696e+00,1.063276877290227462e+00
4.171800830655640446e+00,-1.297687991070642610e+01
-6.502550150890932024e+00,-1.739532880172226070e+00
-1.168705444406871408e+01,-2.020444999653829399e+00
5.603822032877261883e+00,1.437381608810071709e+00
1.199005979480157436e+01,7.269614118622892640e+00
1.426214962707846468e+01,-1.254902937862622103e+01
-1.311367018891803227e+01,-3.059326019495456350e+00
2.608242354249118988e-01,-8.576706234421655139e+00
1.388119530482206443e+01,4.686463635453042897e+00
-8.260385119307592561e+00,-1.102628023066070106e+00
-9.594017539156119767e+00,-9.349270644646894723e+00
7.896092856913933034e+00,4.161093717162418493e+00
-1.358090254126131269e+00,1.083277990457437845e+01
-6.135280202553950346e+00,1.458051068544141238e+01
-1.796728216543772660e+01,-2.685901248753872039e+00
8.516584595456022200e+00,-4.938180022872499464e+00
-5.810069998776614675e+00,1.035785183652063068e+01
4.259166665981672928e+00,4.731094562917124158e+00
1.075847957858797610e+00,1.477942155136721958e+01
8.449066679457677864e+00,1.506987567244498649e+01
-1.370912591280388781e+00,1.280765243713857515e+01
1.096304075823083934e+01,8.866090739577836999e+00
7.750444806404902742e+00,9.605695453112751636e+00
-1.246213524792609562e+01,5.803063290372570293e+00
7.000403081060976973e+00,3.250334204948230887e-01
-7.381407733112452796e+00,6.861226069867925048e+00
-6.905296725566446803e+00,-5.968547660986232017e+00
8.137355634819452010e-01,1.152917655916606599e+01
4.273657995036193924e+00,1.171841382614479343e+01
2.887360860303627152e+00,-4.120806261654807123e+00
3.987105305703007474e+00,-7.929216749457019375e+00
1.753549207681533717e-01,6.481778875715140664e+00
-7.970355562925612425e+00,-2.908816830450243973e+00
1.520475608057481764e+01,1.036159831693524680e+01
4.232480430541455618e+00,-1.764217543694114765e+00
-3.657140966468120702e+00,6.136389281825256781e+00
-3.028787918883383945e+00,1.210617257007597658e+01
-1.110717609437076625e+01,2.617765580287485072e+00
5.884063282311718268e+00,1.093744277419466471e+01
6.568955467915642998e+00,-1.646576886127599693e+01
-8.057490101129964444e+00,-7.427187577289343423e+00
1.108596384452772199e+01,-1.799900885459366995e+00
-1.459394107451677947e+01,2.393425248474041034e+00
8.561188484819638234e+00,1.722766099945665319e+00
3.802630255723835173e+00,6.481650743871859355e+00
8.821412455832483346e+00,-1.042445935787693484e-01
-7.822163171951765470e+00,-9.238134421183097800e+00
