-7.179329519314251229e+00,8.839068523795811316e+00
-1.233240503388052822e+01,-3.697070679731198517e+00
5.421339756627298279e+00,-1.263765309827341810e+01
2.041801828178413825e+00,-1.290757454257532366e+01
8.783074878575511946e-01,-9.704564688305620024e+00
-3.242381380708986072e+00,-1.363404663470830869e+01
-7.268967975182097696e+00,4.463716986906608675e+00
-1.010074379124232813e+01,1.400401340636121006e+01
1.447874000406935657e+01,-1.197637589820536697e+00
1.179924153507772289e+01,3.366123631880617140e+00
2.339790145009671196e+00,1.659159180017126189e+01
-2.618956805865928494e+00,1.703041895229666025e+01
5.879114865799051515e+00,-1.616443241375564099e+01
5.756391602798616169e+00,-8.158067896304534994e-01
4.834894779827216382e+00,-1.069733097219923224e+01
5.687166072791722371e+00,8.530180193369501396e+00
1.323121615628431336e+00,-6.445701710427520936e+00
-1.070784655610442293e+01,3.590940195808956403e+00
-5.108965457997450166e+00,1.528442104664752144e+01
5.287684210293992493e-01,1.835051127677830607e+01
1.003782506797098861e+01,3.741631945536179948e+00
-1.150013504284821053e+01,-2.135505426310130073e+00
-1.311191936787488643e+01,-1.124389522289191667e+01
-2.317910412348397897e-01,-1.730211383976505246e+01
7.612136600711522760e+00,-1.331686289273072754e+00
-1.430029657802199372e+00,1.292164143648027519e+01
1.886165277068737600e+00,-5.110457066893010492e-01
1.748095655202913790e+01,-6.773783389482596284e+00
5.409894137882631959e+00,1.722571039209488930e+01
-5.423387270251599723e+00,8.532762212655107703e+00
-9.048636557258775692e-01,-9.346698190210263490e+00
3.205383656609023024e+00,-1.148412086553742917e+01
8.999277706184962256e+00,-2.494351141251751058e-01
-1.129042531516157410e+01,-4.091784932582098050e-02
-7.250681656123123986e+00,-8.607049837203186726e+00
-8.376165263253540161e+00,-1.000409317168860568e+01
-1.424684137359433223e+01,-5.763190919860796235e+00
-3.945038805494057055e+00,1.056656791277763929e+01
-1.259641397444656263e+01,-1.310103360826808405e+01
-6.592969727715372485e+00,1.412518567066811670e+01
-2.972479125234164243e+00,9.092284285668034371e+00
1.264879998641643155e+01,-1.397217503095587565e+00
-2.602278765999786359e+00,-3.156100588916625593e+00
-7.027421276336019318e+00,-1.764518079903513836e+01
1.008530835998053199e+01,-8.224902398953187088e+00
-1.028702103715568583e+01,-1.549009124802724102e+01
-2.383816053568027282e+00,6.539203179272315758e+00
2.856391746649624142e-01,-1.306139289228972489e+00
5.697548014812253703e-01,-1.392130859796449194e+01
2.955357690605368237e+00,-1.708262021882865511e+01
3.679552296535733014e+00,-5.461145104724605126e+00
-5.625089321913746332e+00,-9.339459965853182055e+00
7.131874984202033474e+00,1.684358617411933423e+01
-7.762251465403672945e+00,-1.166481092967824118e+01
-1.455481438028472851e+01,5.362112147661266981e+00
-8.888117660172781598e+00,-1.674523038984824552e+01
-1.245364332258911944e+01,-5.969656751352305335e+00
-4.728124867237529116e+00,-3.382439488734279465e+00
8.876278713322573566e+00,-6.810139105901070522e+00
5.395358058954235148e+00,-5.962361784485413985e+00
-1.991024778142557627e+00,-1.491900494298296920e+01
-4.313362040002433950e+00,-1.055690363869928206e+01
-6.760902746002786401e+00,-3.957066611092610597e-01
-8.179973954453210183e-01,1.460000701572388593e+01
-6.578507197992843336e-01,1.931348081164851127e+00
-1.273577196282544399e+00,7.964195715539757359e+00
1.700742985342349556e+01,6.552822927102718964e+00
6.548750336345199763e+00,-2.793267350600226351e+00
-4.409232539129534167e+00,1.830579663132697821e+00
-1.663380495024059513e+01,2.914485184537114471e+00
-1.627746544136008566e+01,-3.896059162271408916e+00
-1.081847175291292729e+01,1.561894483756584506e+01
-2.268804516228465573e+00,1.136224507047887400e+01
7.470289640526683428e+00,8.896693010478731622e+00
6.631777583531474285e+00,1.481869937030828766e+01
-2.586361108627417416e+00,-1.009030939805273697e+01
-3.442958923685018213e+00,-4.714129924771285118e+00
4.313828191895265896e+00,-1.512993745472178908e+01
-9.652441806242846312e-01,-4.621594402908345778e+00
8.275372890226471156e+00,3.362651209507173444e+00
-1.089667739676423963e+01,-4.896376630531025675e+00
-1.994906002461030115e+00,-1.392552902335144616e+00
9.575487526236186042e+00,-1.991809145491876043e+00
6.910640264287842172e+00,5.267041970351789004e-01
2.327131767386297900e-01,-7.956140270555176031e+00
-1.465390977777956039e+01,8.978701692753867647e+00
-7.586988174064799750e+00,2.680326946210619621e+00
-3.769419672227339646e+00,-1.792210949576567680e+00
7.419510353132933167e-01,-1.146232084619727587e+01
1.084820407749739779e+01,-6.439803167792478300e-01
-4.294417349421433272e+00,-6.270853612391188214e+00
-2.802299168014200093e-01,3.671565803186766175e+00
1.975429947797196384e+00,-4.779952461273502706e+00
1.577261791817159953e+01,-7.542192663582239831e+00
-1.857931719121771152e+01,3.790941286370344443e+00
-8.273185964674260040e-01,-2.767489051535137357e+00
8.706055180453457609e+00,-4.987707582511191617e+00
-2.244180181690017317e+00,-1.853624870310139272e+01
1.314390722318164073e+01,2.124781418392347909e+00
-7.319341910613501589e+00,7.052090471649402836e+00
2.949871750784006097e-01,-1.899694695695465185e+01
-1.084185534899287617e+01,-1.377562259845371706e+01
-7.760877195010761120e+00,-4.990865182334875527e+00
2.437650519259329407e+00,-1.529641539158544106e+01
-5.581795336517157757e+00,-1.660143378979558548e+01
-2.567689313663614747e+00,1.581970681670166856e+00
7.919735426815751822e+00,-9.845164219564349395e+00
1.360976067308753423e+00,2.742662362428689438e+00
-2.018608288707432141e+00,-1.675911675014475222e+01
1.020106664056510937e+01,1.936075905251579687e+00
6.752882451261021934e+00,2.330364281221187994e+00
6.840547873143156821e+00,7.143088120351914760e+00
4.122551219576862991e+00,-7.186261867951606597e+00
6.142766135787398163e+00,-9.480421949087082467e+00
1.882729492093414692e+01,1.718203584652357341e+00
-1.342676001157226739e+00,2.434062752921136996e-01
2.250096720221339108e+00,1.886452975340956328e+01
1.168224220487182130e+01,9.553081456242853431e-01
1.482481857347775822e+01,-4.425252828560796381e+00
-9.359421837825275148e+00,2.139777472557172544e+00
-9.051479876432912519e+00,4.262961257213255806e+00
5.275851090495119244e+00,-4.079490663179360155e+00
8.418603589476731486e+00,1.509529903849008869e+00
7.161237124000685128e+00,-6.325619741786637107e+00
4.376613749787808594e+00,7.247858852645748584e+00
-5.528367995574777538e+00,4.860935942564342582e+00
-1.522978081170700371e+01,1.966039543720190241e-01
-8.429935803024402929e+00,-1.358801485944845666e+01
-4.092484928763171936e+00,-1.854603779860781643e+01
-7.410124379121793226e+00,-6.861986155365092266e+00
-1.278491364064913327e+01,5.614155255270360634e+00
-1.429206545725697275e+01,7.153891765473342268e+00
1.180586112918637021e+01,-9.448815907978374895e+00
-5.024988874820514262e+00,7.635886031171755517e-02
-5.565330721945607628e+00,6.747909127503959326e+00
1.558176881013602966e+01,5.139148912969606187e+00
-2.991165072703061423e+00,-1.184600744853429255e+01
-1.593366526326589705e+00,-7.679966792510078299e+00
3.575865735843930082e+00,-1.018205821814305523e+00
-2.457123578653697960e-01,6.510497716518194089e+00
3.135714029981212736e+00,5.855010426749577057e+00
-1.788466799181311728e+01,-4.991186615488454770e+00
2.668049748712201907e+00,1.039634142054009658e+01
5.862427816265443958e+00,-7.716191632022833424e+00
4.957884983654806454e+00,2.259362476705846667e+00
1.126319499487265574e+01,-2.561377661177338450e+00
2.440825354263761238e+00,1.274828667511702740e+01
3.485126568613040821e+00,-3.654141308033781232e+00
-1.008843587011031495e+01,-1.044718918227486348e+01
-9.089974408981690956e+00,7.489943100543722032e+00
-7.534746864500393215e+00,1.577659821579035260e+01
8.927868658136840496e-01,-3.307197792285087257e+00
-1.045995971465975494e+01,-8.685497117126448785e+00
-1.538107953559188523e+01,-2.276101659933233545e+00
-2.045541861757045776e+00,3.314242119335197856e+00
-4.327065563670675630e-01,-6.331417915578152034e+00
1.005297553075449635e+01,6.113086037161519215e+00
-1.620925487554714550e+01,-5.679161562776631200e+00
5.228801727798672028e-01,1.612924304422991284e+01
8.087336622135746111e+00,1.056379325526128099e+01
4.182742549093996232e+00,3.890525886525203259e+00
8.778428145486014245e+00,-1.146121871311264329e+01
1.362137768139993277e+01,-1.140825951057795073e+01
9.761825803643979782e+00,7.880489576541224395e+00
4.402054713084610604e+00,-8.998994452392697241e+00
1.010985558369828574e+01,-3.909697384665559383e+00
-5.662774953865802985e+00,-7.448848855117100598e+00
-1.068740430054428359e+01,-6.941810312741480082e+00
-1.159793087980249204e+01,1.093044742419714055e+01
-3.360892829675249605e+00,1.351191890051459943e+01
-5.703910030181555513e+00,3.095182830577013711e+00
-4.229490323568140253e-01,1.135856539768433571e+01
8.309368211003492766e-01,5.080865129672111458e+00
-1.737493025244850742e+01,5.162404681341339341e+00
-8.740540547554640938e+00,3.740502128010079197e-01
-1.013382570533340932e+01,-3.309270656800809896e+00
-6.470687969392582062e+00,1.207307489338500517e+01
-1.599383848761818783e+01,1.018016945988089361e+01
2.647507981768879581e+00,-9.695238947167853283e+00
-1.227053930179172880e+01,-7.817775694016670940e+00
-9.925460142328196511e+00,-1.159067889402497942e+00
1.226837200324823662e+01,-6.412156556915150851e+00
-1.557094949617028412e+01,-1.035453641524060231e+01
1.560295102617245888e+01,2.477043579964546272e-01
4.445733296188512540e+00,1.071568572651378481e+01
-1.361202779531505946e+01,-1.870829679746234930e+00
-1.140275650911503469e+01,-1.169550840826622284e+01
4.536857783478728479e+00,5.135953787100350221e-01
-6.481950489638187207e+00,-3.733970763884125521e+00
3.110730623290878238e+00,2.353070594380559655e+00
4.752857560018099115e+00,-2.363543764314173234e+00
3.858274765099027892e+00,8.979329746748209828e+00
-1.419969206244277515e+01,-3.877457527715728158e+00
1.365628093924324737e+01,4.085274247163845907e+00
-3.326226812339101446e+00,-8.419496771337843910e+00
1.164135856305869332e+01,7.932666265389070936e+00
9.030331603318698663e-01,1.370405557473146452e+01
-9.341239018501443780e+00,-5.765238855559212894e+00
-1.693204069044054805e+01,-7.420977572777353259e+00
-1.238202442037306028e+01,2.131104401836889206e+00
-8.129785663236704707e+00,-1.530557290596692432e+00
-8.310663976494982563e+00,-3.314264564270210212e+00
-9.853443775936090887e+00,1.069077653145186702e+01
-1.622886697105424503e+01,7.319702767658672116e+00
2.393071160242321582e+00,-7.897140451557492113e+00
9.621085719572494810e+00,1.321386440079096225e+01
-8.887781208445995063e+00,1.264993888260026367e+01
3.698775747408782344e+00,1.776476247386283802e+01
-8.753151278801094559e-01,1.725923660476371779e+01
1.863260897388586912e+01,3.510055488433011739e+00
-5.041096077837732281e+00,-1.307612705265804465e+01
-1.379157615347437416e+00,-1.257253319782760137e+01
-1.360357014748209536e+01,-9.304809075031180043e+00
-8.879164859100573182e+00,-7.828157111208901675e+00
8.857280924860166937e-01,1.051235941235161508e+00
-1.404360657842963001e+01,-7.570215494664840783e+00
2.341818445740774468e+00,-2.318469325257935587e+00
-6.259851530847601708e+00,1.321265695280045005e+00
8.447004138933190021e+00,5.242716662917996651e+00
-9.661456917586178861e+00,-1.228990815488667288e+01
8.634174840719984756e-01,1.009906258199881002e+01
1.624821195265798268e+00,6.806980592789514617e+00
-2.217937826583525673e+00,-5.994216690981294171e+00
1.194997731926901530e+01,1.150527376055880069e+01
1.162682511400738328e+01,5.173864032670583590e+00
-3.263297086382876522e+00,-7.644528308524067839e-02
-3.983380650616749730e+00,5.760357318975553476e+00
1.683019550870955783e+01,3.797700950017058208e+00
6.694644302107605860e+00,5.101363956484548545e+00
-2.594082724902698533e+00,1.518905338042891451e+01
8.314020480528871104e+00,-3.229720056857369404e+00
-1.496529786198400602e+00,5.013573947401700259e+00
8.917085030006788315e+00,-1.508107449947438639e+01
-5.581492864307073809e+00,-1.743392906183787838e+00
-6.036946150147482371e+00,-5.557792208222325669e+00
6.327502814395741026e+00,-1.791504367837261213e+01
2.397421122794756609e+00,4.195164259456470646e+00
-1.412324428911461638e+01,3.584610717885797992e+00
-6.043860856624609035e+00,-1.117743879960386089e+01
-3.669127620523555677e+00,-1.598219838820952177e+01
-3.775960063788736498e+00,3.944470985315265299e+00
-1.186657922230978102e+01,-9.951848410131404421e+00
7.645322611858655470e+00,-8.097318880490865567e+00
-1.414167766122146119e+01,1.709174705400882122e+00
1.153209068333955933e+01,1.452553459517243262e+01
1.398564184099973495e+01,6.762696043371980714e+00
-5.743636425106695143e+00,1.031812242002448343e+01
2.372387281262804848e+00,1.480279057389164876e+01
-1.326412707732207652e+00,9.792985047258785158e+00
-5.138395813620953767e+00,-1.489168381014854070e+01
6.454558492506523582e-01,-1.574379028604439412e+01
4.754701000288683588e+00,1.492297604794636179e+01
4.884485530992612290e+00,5.514448668258070008e+00
-3.912701029309686440e+00,7.610198102832139710e+00
7.000799617355482063e+00,-4.546436230118220401e+00
5.124011641482123514e-01,8.291646996995710950e+00
