0.07200000 0.97130396
0.07202500 0.97128686
0.07205000 0.97126809
0.07207500 0.97124765
0.07210000 0.97122555
0.07212500 0.97120180
0.07215000 0.97117639
0.07217500 0.97114934
0.07220000 0.97112065
0.07222500 0.97109032
0.07225000 0.97105836
0.07227500 0.97102478
0.07230000 0.97098959
0.07232500 0.97095279
0.07235000 0.97091439
0.07237500 0.97087440
0.07240000 0.97083282
0.07242500 0.97078967
0.07245000 0.97074496
0.07247500 0.97069869
0.07250000 0.97065088
0.07252500 0.97060153
0.07255000 0.97055066
0.07257500 0.97049828
0.07260000 0.97044439
0.07262500 0.97038902
0.07265000 0.97033217
0.07267500 0.97027385
0.07270000 0.97021409
0.07272500 0.97015288
0.07275000 0.97009025
0.07277500 0.97002621
0.07280000 0.96996077
0.07282500 0.96989395
0.07285000 0.96982576
0.07287500 0.96975622
0.07290000 0.96968534
0.07292500 0.96961314
0.07295000 0.96953963
0.07297500 0.96946484
0.07300000 0.96938878
0.07302500 0.96931146
0.07305000 0.96923290
0.07307500 0.96915312
0.07310000 0.96907214
0.07312500 0.96898998
0.07315000 0.96890665
0.07317500 0.96882217
0.07320000 0.96873657
0.07322500 0.96864986
0.07325000 0.96856206
0.07327500 0.96847319
0.07330000 0.96838327
0.07332500 0.96829232
0.07335000 0.96820036
0.07337500 0.96810741
0.07340000 0.96801350
0.07342500 0.96791864
0.07345000 0.96782286
0.07347500 0.96772618
0.07350000 0.96762861
0.07352500 0.96753019
0.07355000 0.96743093
0.07357500 0.96733085
0.07360000 0.96722999
0.07362500 0.96712835
0.07365000 0.96702597
0.07367500 0.96692287
0.07370000 0.96681907
0.07372500 0.96671459
0.07375000 0.96660946
0.07377500 0.96650370
0.07380000 0.96639734
0.07382500 0.96629040
0.07385000 0.96618290
0.07387500 0.96607487
0.07390000 0.96596633
0.07392500 0.96585731
0.07395000 0.96574784
0.07397500 0.96563793
0.07400000 0.96552761
0.07402500 0.96541691
0.07405000 0.96530585
0.07407500 0.96519446
0.07410000 0.96508276
0.07412500 0.96497078
0.07415000 0.96485854
0.07417500 0.96474607
0.07420000 0.96463340
0.07422500 0.96452055
0.07425000 0.96440754
0.07427500 0.96429440
0.07430000 0.96418116
0.07432500 0.96406784
0.07435000 0.96395448
0.07437500 0.96384108
0.07440000 0.96372768
0.07442500 0.96361432
0.07445000 0.96350100
0.07447500 0.96338776
0.07450000 0.96327462
0.07452500 0.96316161
0.07455000 0.96304875
0.07457500 0.96293607
0.07460000 0.96282360
0.07462500 0.96271136
0.07465000 0.96259938
0.07467500 0.96248767
0.07470000 0.96237628
0.07472500 0.96226521
0.07475000 0.96215450
0.07477500 0.96204418
0.07480000 0.96193426
0.07482500 0.96182478
0.07485000 0.96171575
0.07487500 0.96160721
0.07490000 0.96149917
0.07492500 0.96139166
0.07495000 0.96128471
0.07497500 0.96117833
0.07500000 0.96107256
0.07502500 0.96096742
0.07505000 0.96086293
0.07507500 0.96075912
0.07510000 0.96065600
0.07512500 0.96055360
0.07515000 0.96045195
0.07517500 0.96035107
0.07520000 0.96025098
0.07522500 0.96015170
0.07525000 0.96005326
0.07527500 0.95995568
0.07530000 0.95985897
0.07532500 0.95976317
0.07535000 0.95966829
0.07537500 0.95957436
0.07540000 0.95948139
0.07542500 0.95938941
0.07545000 0.95929843
0.07547500 0.95920849
0.07550000 0.95911959
0.07552500 0.95903176
0.07555000 0.95894502
0.07557500 0.95885939
0.07560000 0.95877488
0.07562500 0.95869152
0.07565000 0.95860933
0.07567500 0.95852831
0.07570000 0.95844850
0.07572500 0.95836991
0.07575000 0.95829255
0.07577500 0.95821645
0.07580000 0.95814162
0.07582500 0.95806807
0.07585000 0.95799583
0.07587500 0.95792491
0.07590000 0.95785532
0.07592500 0.95778709
0.07595000 0.95772022
0.07597500 0.95765473
0.07600000 0.95759064
0.07602500 0.95752796
0.07605000 0.95746670
0.07607500 0.95740688
0.07610000 0.95734851
0.07612500 0.95729160
0.07615000 0.95723617
0.07617500 0.95718222
0.07620000 0.95712978
0.07622500 0.95707885
0.07625000 0.95702943
0.07627500 0.95698155
0.07630000 0.95693522
0.07632500 0.95689044
0.07635000 0.95684722
0.07637500 0.95680557
0.07640000 0.95676550
0.07642500 0.95672703
0.07645000 0.95669015
0.07647500 0.95665487
0.07650000 0.95662121
0.07652500 0.95658917
0.07655000 0.95655876
0.07657500 0.95652998
0.07660000 0.95650284
0.07662500 0.95647734
0.07665000 0.95645349
0.07667500 0.95643130
0.07670000 0.95641076
0.07672500 0.95639189
0.07675000 0.95637468
0.07677500 0.95635915
0.07680000 0.95634528
0.07682500 0.95633309
0.07685000 0.95632258
0.07687500 0.95631374
0.07690000 0.95630659
0.07692500 0.95630111
0.07695000 0.95629732
0.07697500 0.95629521
0.07700000 0.95629477
0.07702500 0.95629602
0.07705000 0.95629895
0.07707500 0.95630355
0.07710000 0.95630983
0.07712500 0.95631778
0.07715000 0.95632740
0.07717500 0.95633869
0.07720000 0.95635164
0.07722500 0.95636625
0.07725000 0.95638252
0.07727500 0.95640044
0.07730000 0.95642000
0.07732500 0.95644120
0.07735000 0.95646404
0.07737500 0.95648851
0.07740000 0.95651460
0.07742500 0.95654230
0.07745000 0.95657162
0.07747500 0.95660253
0.07750000 0.95663503
0.07752500 0.95666912
0.07755000 0.95670478
0.07757500 0.95674201
0.07760000 0.95678079
0.07762500 0.95682112
0.07765000 0.95686298
0.07767500 0.95690637
0.07770000 0.95695128
0.07772500 0.95699768
0.07775000 0.95704558
0.07777500 0.95709495
0.07780000 0.95714580
0.07782500 0.95719809
0.07785000 0.95725183
0.07787500 0.95730699
0.07790000 0.95736357
0.07792500 0.95742155
0.07795000 0.95748091
0.07797500 0.95754165
0.07800000 0.95760373
0.07802500 0.95766716
0.07805000 0.95773191
0.07807500 0.95779797
0.07810000 0.95786533
0.07812500 0.95793396
0.07815000 0.95800384
0.07817500 0.95807497
0.07820000 0.95814732
0.07822500 0.95822088
0.07825000 0.95829562
0.07827500 0.95837154
0.07830000 0.95844860
0.07832500 0.95852680
0.07835000 0.95860611
0.07837500 0.95868652
0.07840000 0.95876800
0.07842500 0.95885053
0.07845000 0.95893410
0.07847500 0.95901868
0.07850000 0.95910425
0.07852500 0.95919080
0.07855000 0.95927829
0.07857500 0.95936672
0.07860000 0.95945605
0.07862500 0.95954627
0.07865000 0.95963736
0.07867500 0.95972929
0.07870000 0.95982203
0.07872500 0.95991558
0.07875000 0.96000990
0.07877500 0.96010497
0.07880000 0.96020077
0.07882500 0.96029727
0.07885000 0.96039446
0.07887500 0.96049230
0.07890000 0.96059078
0.07892500 0.96068987
0.07895000 0.96078955
0.07897500 0.96088979
0.07900000 0.96099057
0.07902500 0.96109186
0.07905000 0.96119365
0.07907500 0.96129589
0.07910000 0.96139858
0.07912500 0.96150168
0.07915000 0.96160517
0.07917500 0.96170903
0.07920000 0.96181323
0.07922500 0.96191774
0.07925000 0.96202254
0.07927500 0.96212761
0.07930000 0.96223291
0.07932500 0.96233843
0.07935000 0.96244413
0.07937500 0.96255000
0.07940000 0.96265601
0.07942500 0.96276212
0.07945000 0.96286832
0.07947500 0.96297458
0.07950000 0.96308088
0.07952500 0.96318718
0.07955000 0.96329346
0.07957500 0.96339971
0.07960000 0.96350588
0.07962500 0.96361196
0.07965000 0.96371791
0.07967500 0.96382373
0.07970000 0.96392937
0.07972500 0.96403481
0.07975000 0.96414003
0.07977500 0.96424501
0.07980000 0.96434971
0.07982500 0.96445411
0.07985000 0.96455819
0.07987500 0.96466192
0.07990000 0.96476527
0.07992500 0.96486823
0.07995000 0.96497076
0.07997500 0.96507285
0.08000000 0.96517446
0.08002500 0.96527557
0.08005000 0.96537616
0.08007500 0.96547620
0.08010000 0.96557567
0.08012500 0.96567455
0.08015000 0.96577281
0.08017500 0.96587042
0.08020000 0.96596737
0.08022500 0.96606362
0.08025000 0.96615917
0.08027500 0.96625398
0.08030000 0.96634802
0.08032500 0.96644129
0.08035000 0.96653375
0.08037500 0.96662538
0.08040000 0.96671616
0.08042500 0.96680607
0.08045000 0.96689509
0.08047500 0.96698319
0.08050000 0.96707036
0.08052500 0.96715657
0.08055000 0.96724179
0.08057500 0.96732602
0.08060000 0.96740923
0.08062500 0.96749140
0.08065000 0.96757251
0.08067500 0.96765254
0.08070000 0.96773146
0.08072500 0.96780927
0.08075000 0.96788594
0.08077500 0.96796146
0.08080000 0.96803579
0.08082500 0.96810894
0.08085000 0.96818087
0.08087500 0.96825158
0.08090000 0.96832103
0.08092500 0.96838923
0.08095000 0.96845614
0.08097500 0.96852176
0.08100000 0.96858607
0.08102500 0.96864904
0.08105000 0.96871068
0.08107500 0.96877095
0.08110000 0.96882985
0.08112500 0.96888736
0.08115000 0.96894346
0.08117500 0.96899815
0.08120000 0.96905141
0.08122500 0.96910323
0.08125000 0.96915358
0.08127500 0.96920247
0.08130000 0.96924988
0.08132500 0.96929579
0.08135000 0.96934020
0.08137500 0.96938310
0.08140000 0.96942446
0.08142500 0.96946429
0.08145000 0.96950257
0.08147500 0.96953929
0.08150000 0.96957445
0.08152500 0.96960803
0.08155000 0.96964003
0.08157500 0.96967043
0.08160000 0.96969923
0.08162500 0.96972643
0.08165000 0.96975201
0.08167500 0.96977597
0.08170000 0.96979830
0.08172500 0.96981899
0.08175000 0.96983805
0.08177500 0.96985546
0.08180000 0.96987121
0.08182500 0.96988532
0.08185000 0.96989777
0.08187500 0.96990855
0.08190000 0.96991767
0.08192500 0.96992512
0.08195000 0.96993090
0.08197500 0.96993500
0.08200000 0.96993743
0.08202500 0.96993818
0.08205000 0.96993726
0.08207500 0.96993466
0.08210000 0.96993038
0.08212500 0.96992442
0.08215000 0.96991679
0.08217500 0.96990748
0.08220000 0.96989649
0.08222500 0.96988383
0.08225000 0.96986951
0.08227500 0.96985351
0.08230000 0.96983585
0.08232500 0.96981652
0.08235000 0.96979554
0.08237500 0.96977290
0.08240000 0.96974862
0.08242500 0.96972268
0.08245000 0.96969511
0.08247500 0.96966591
0.08250000 0.96963508
0.08252500 0.96960263
0.08255000 0.96956856
0.08257500 0.96953289
0.08260000 0.96949561
0.08262500 0.96945675
0.08265000 0.96941630
0.08267500 0.96937428
0.08270000 0.96933069
0.08272500 0.96928555
0.08275000 0.96923885
0.08277500 0.96919063
0.08280000 0.96914088
0.08282500 0.96908961
0.08285000 0.96903684
0.08287500 0.96898257
0.08290000 0.96892683
0.08292500 0.96886962
0.08295000 0.96881096
0.08297500 0.96875085
0.08300000 0.96868931
0.08302500 0.96862636
0.08305000 0.96856201
0.08307500 0.96849627
0.08310000 0.96842915
0.08312500 0.96836068
0.08315000 0.96829087
0.08317500 0.96821973
0.08320000 0.96814728
0.08322500 0.96807354
0.08325000 0.96799851
0.08327500 0.96792223
0.08330000 0.96784470
0.08332500 0.96776595
0.08335000 0.96768598
0.08337500 0.96760483
0.08340000 0.96752250
0.08342500 0.96743902
0.08345000 0.96735440
0.08347500 0.96726866
0.08350000 0.96718183
0.08352500 0.96709392
0.08355000 0.96700495
0.08357500 0.96691494
0.08360000 0.96682392
0.08362500 0.96673189
0.08365000 0.96663889
0.08367500 0.96654494
0.08370000 0.96645005
0.08372500 0.96635425
0.08375000 0.96625756
0.08377500 0.96615999
0.08380000 0.96606158
0.08382500 0.96596235
0.08385000 0.96586231
0.08387500 0.96576149
0.08390000 0.96565992
0.08392500 0.96555761
0.08395000 0.96545459
0.08397500 0.96535088
0.08400000 0.96524651
0.08402500 0.96514150
0.08405000 0.96503587
0.08407500 0.96492965
0.08410000 0.96482286
0.08412500 0.96471553
0.08415000 0.96460767
0.08417500 0.96449932
0.08420000 0.96439050
0.08422500 0.96428123
0.08425000 0.96417154
0.08427500 0.96406145
0.08430000 0.96395100
0.08432500 0.96384019
0.08435000 0.96372907
0.08437500 0.96361764
0.08440000 0.96350595
0.08442500 0.96339401
0.08445000 0.96328185
0.08447500 0.96316950
0.08450000 0.96305697
0.08452500 0.96294430
0.08455000 0.96283152
0.08457500 0.96271864
0.08460000 0.96260570
0.08462500 0.96249271
0.08465000 0.96237971
0.08467500 0.96226672
0.08470000 0.96215376
0.08472500 0.96204087
0.08475000 0.96192806
0.08477500 0.96181536
0.08480000 0.96170281
0.08482500 0.96159042
0.08485000 0.96147821
0.08487500 0.96136622
0.08490000 0.96125448
0.08492500 0.96114299
0.08495000 0.96103180
0.08497500 0.96092092
0.08500000 0.96081039
0.08502500 0.96070022
0.08505000 0.96059044
0.08507500 0.96048108
0.08510000 0.96037216
0.08512500 0.96026371
0.08515000 0.96015575
0.08517500 0.96004830
0.08520000 0.95994139
0.08522500 0.95983504
0.08525000 0.95972928
0.08527500 0.95962414
0.08530000 0.95951962
0.08532500 0.95941577
0.08535000 0.95931260
0.08537500 0.95921013
0.08540000 0.95910840
0.08542500 0.95900741
0.08545000 0.95890720
0.08547500 0.95880779
0.08550000 0.95870920
0.08552500 0.95861145
0.08555000 0.95851457
0.08557500 0.95841857
0.08560000 0.95832348
0.08562500 0.95822931
0.08565000 0.95813610
0.08567500 0.95804386
0.08570000 0.95795261
0.08572500 0.95786238
0.08575000 0.95777318
0.08577500 0.95768503
0.08580000 0.95759795
0.08582500 0.95751197
0.08585000 0.95742710
0.08587500 0.95734336
0.08590000 0.95726077
0.08592500 0.95717935
0.08595000 0.95709912
0.08597500 0.95702008
0.08600000 0.95694228
0.08602500 0.95686571
0.08605000 0.95679040
0.08607500 0.95671636
0.08610000 0.95664361
0.08612500 0.95657217
0.08615000 0.95650205
0.08617500 0.95643327
0.08620000 0.95636584
0.08622500 0.95629978
0.08625000 0.95623511
0.08627500 0.95617183
0.08630000 0.95610996
0.08632500 0.95604951
0.08635000 0.95599051
0.08637500 0.95593295
0.08640000 0.95587686
0.08642500 0.95582225
0.08645000 0.95576912
0.08647500 0.95571750
0.08650000 0.95566738
0.08652500 0.95561878
0.08655000 0.95557172
0.08657500 0.95552620
0.08660000 0.95548224
0.08662500 0.95543983
0.08665000 0.95539900
0.08667500 0.95535975
0.08670000 0.95532208
0.08672500 0.95528601
0.08675000 0.95525155
0.08677500 0.95521869
0.08680000 0.95518745
0.08682500 0.95515784
0.08685000 0.95512986
0.08687500 0.95510352
0.08690000 0.95507881
0.08692500 0.95505575
0.08695000 0.95503435
0.08697500 0.95501460
0.08700000 0.95499651
0.08702500 0.95498008
0.08705000 0.95496532
0.08707500 0.95495222
0.08710000 0.95494080
0.08712500 0.95493104
0.08715000 0.95492297
0.08717500 0.95491656
0.08720000 0.95491183
0.08722500 0.95490878
0.08725000 0.95490741
0.08727500 0.95490771
0.08730000 0.95490968
0.08732500 0.95491332
0.08735000 0.95491864
0.08737500 0.95492563
0.08740000 0.95493428
0.08742500 0.95494460
0.08745000 0.95495658
0.08747500 0.95497022
0.08750000 0.95498551
0.08752500 0.95500244
0.08755000 0.95502103
0.08757500 0.95504125
0.08760000 0.95506310
0.08762500 0.95508658
0.08765000 0.95511168
0.08767500 0.95513840
0.08770000 0.95516673
0.08772500 0.95519665
0.08775000 0.95522816
0.08777500 0.95526126
0.08780000 0.95529594
0.08782500 0.95533218
0.08785000 0.95536998
0.08787500 0.95540932
0.08790000 0.95545021
0.08792500 0.95549261
0.08795000 0.95553654
0.08797500 0.95558197
0.08800000 0.95562889
0.08802500 0.95567730
0.08805000 0.95572717
0.08807500 0.95577851
0.08810000 0.95583128
0.08812500 0.95588549
0.08815000 0.95594112
0.08817500 0.95599815
0.08820000 0.95605656
0.08822500 0.95611636
0.08825000 0.95617751
0.08827500 0.95624001
0.08830000 0.95630384
0.08832500 0.95636898
0.08835000 0.95643542
0.08837500 0.95650315
0.08840000 0.95657213
0.08842500 0.95664237
0.08845000 0.95671383
0.08847500 0.95678651
0.08850000 0.95686039
0.08852500 0.95693544
0.08855000 0.95701165
0.08857500 0.95708900
0.08860000 0.95716747
0.08862500 0.95724704
0.08865000 0.95732770
0.08867500 0.95740941
0.08870000 0.95749217
0.08872500 0.95757596
0.08875000 0.95766074
0.08877500 0.95774651
0.08880000 0.95783324
0.08882500 0.95792091
0.08885000 0.95800949
0.08887500 0.95809898
0.08890000 0.95818934
0.08892500 0.95828055
0.08895000 0.95837259
0.08897500 0.95846544
0.08900000 0.95855907
0.08902500 0.95865347
0.08905000 0.95874861
0.08907500 0.95884447
0.08910000 0.95894102
0.08912500 0.95903824
0.08915000 0.95913611
0.08917500 0.95923460
0.08920000 0.95933369
0.08922500 0.95943336
0.08925000 0.95953358
0.08927500 0.95963432
0.08930000 0.95973557
0.08932500 0.95983730
0.08935000 0.95993947
0.08937500 0.96004208
0.08940000 0.96014509
0.08942500 0.96024848
0.08945000 0.96035223
0.08947500 0.96045630
0.08950000 0.96056068
0.08952500 0.96066534
0.08955000 0.96077024
0.08957500 0.96087538
0.08960000 0.96098072
0.08962500 0.96108624
0.08965000 0.96119190
0.08967500 0.96129770
0.08970000 0.96140359
0.08972500 0.96150956
0.08975000 0.96161558
0.08977500 0.96172162
0.08980000 0.96182766
0.08982500 0.96193367
0.08985000 0.96203963
0.08987500 0.96214551
0.08990000 0.96225128
0.08992500 0.96235693
0.08995000 0.96246242
0.08997500 0.96256773
0.09000000 0.96267283
0.09002500 0.96277770
0.09005000 0.96288231
0.09007500 0.96298664
0.09010000 0.96309066
0.09012500 0.96319435
0.09015000 0.96329768
0.09017500 0.96340063
0.09020000 0.96350317
0.09022500 0.96360528
0.09025000 0.96370693
0.09027500 0.96380810
0.09030000 0.96390876
0.09032500 0.96400889
0.09035000 0.96410847
0.09037500 0.96420747
0.09040000 0.96430586
0.09042500 0.96440363
0.09045000 0.96450074
0.09047500 0.96459719
0.09050000 0.96469293
0.09052500 0.96478796
0.09055000 0.96488224
0.09057500 0.96497575
0.09060000 0.96506848
0.09062500 0.96516039
0.09065000 0.96525147
0.09067500 0.96534170
0.09070000 0.96543104
0.09072500 0.96551949
0.09075000 0.96560701
0.09077500 0.96569359
0.09080000 0.96577921
0.09082500 0.96586385
0.09085000 0.96594748
0.09087500 0.96603008
0.09090000 0.96611164
0.09092500 0.96619213
0.09095000 0.96627154
0.09097500 0.96634985
0.09100000 0.96642703
0.09102500 0.96650307
0.09105000 0.96657794
0.09107500 0.96665164
0.09110000 0.96672415
0.09112500 0.96679543
0.09115000 0.96686549
0.09117500 0.96693429
0.09120000 0.96700183
0.09122500 0.96706809
0.09125000 0.96713304
0.09127500 0.96719668
0.09130000 0.96725899
0.09132500 0.96731996
0.09135000 0.96737956
0.09137500 0.96743779
0.09140000 0.96749462
0.09142500 0.96755006
0.09145000 0.96760407
0.09147500 0.96765665
0.09150000 0.96770779
0.09152500 0.96775747
0.09155000 0.96780568
0.09157500 0.96785240
0.09160000 0.96789764
0.09162500 0.96794137
0.09165000 0.96798358
0.09167500 0.96802426
0.09170000 0.96806341
0.09172500 0.96810102
0.09175000 0.96813706
0.09177500 0.96817154
0.09180000 0.96820445
0.09182500 0.96823577
0.09185000 0.96826550
0.09187500 0.96829363
0.09190000 0.96832016
0.09192500 0.96834507
0.09195000 0.96836836
0.09197500 0.96839003
0.09200000 0.96841006
0.09202500 0.96842846
0.09205000 0.96844522
0.09207500 0.96846033
0.09210000 0.96847378
0.09212500 0.96848559
0.09215000 0.96849573
0.09217500 0.96850421
0.09220000 0.96851103
0.09222500 0.96851618
0.09225000 0.96851966
0.09227500 0.96852147
0.09230000 0.96852160
0.09232500 0.96852007
0.09235000 0.96851686
0.09237500 0.96851198
0.09240000 0.96850543
0.09242500 0.96849720
0.09245000 0.96848731
0.09247500 0.96847574
0.09250000 0.96846251
0.09252500 0.96844761
0.09255000 0.96843106
0.09257500 0.96841284
0.09260000 0.96839296
0.09262500 0.96837144
0.09265000 0.96834827
0.09267500 0.96832345
0.09270000 0.96829700
0.09272500 0.96826892
0.09275000 0.96823920
0.09277500 0.96820787
0.09280000 0.96817493
0.09282500 0.96814038
0.09285000 0.96810422
0.09287500 0.96806648
0.09290000 0.96802716
0.09292500 0.96798625
0.09295000 0.96794379
0.09297500 0.96789976
0.09300000 0.96785419
0.09302500 0.96780708
0.09305000 0.96775844
0.09307500 0.96770829
0.09310000 0.96765663
0.09312500 0.96760347
0.09315000 0.96754884
0.09317500 0.96749273
0.09320000 0.96743516
0.09322500 0.96737615
0.09325000 0.96731571
0.09327500 0.96725384
0.09330000 0.96719057
0.09332500 0.96712591
0.09335000 0.96705988
0.09337500 0.96699248
0.09340000 0.96692373
0.09342500 0.96685365
0.09345000 0.96678225
0.09347500 0.96670956
0.09350000 0.96663558
0.09352500 0.96656033
0.09355000 0.96648383
0.09357500 0.96640610
0.09360000 0.96632715
0.09362500 0.96624700
0.09365000 0.96616567
0.09367500 0.96608318
0.09370000 0.96599955
0.09372500 0.96591479
0.09375000 0.96582893
0.09377500 0.96574198
0.09380000 0.96565396
0.09382500 0.96556489
0.09385000 0.96547480
0.09387500 0.96538370
0.09390000 0.96529162
0.09392500 0.96519857
0.09395000 0.96510458
0.09397500 0.96500966
0.09400000 0.96491384
0.09402500 0.96481715
0.09405000 0.96471959
0.09407500 0.96462120
0.09410000 0.96452199
0.09412500 0.96442200
0.09415000 0.96432123
0.09417500 0.96421972
0.09420000 0.96411749
0.09422500 0.96401455
0.09425000 0.96391094
0.09427500 0.96380668
0.09430000 0.96370179
0.09432500 0.96359630
0.09435000 0.96349022
0.09437500 0.96338358
0.09440000 0.96327641
0.09442500 0.96316874
0.09445000 0.96306057
0.09447500 0.96295195
0.09450000 0.96284290
0.09452500 0.96273343
0.09455000 0.96262358
0.09457500 0.96251336
0.09460000 0.96240282
0.09462500 0.96229196
0.09465000 0.96218081
0.09467500 0.96206941
0.09470000 0.96195777
0.09472500 0.96184592
0.09475000 0.96173389
0.09477500 0.96162169
0.09480000 0.96150937
0.09482500 0.96139694
0.09485000 0.96128442
0.09487500 0.96117185
0.09490000 0.96105925
0.09492500 0.96094665
0.09495000 0.96083406
0.09497500 0.96072152
0.09500000 0.96060905
0.09502500 0.96049668
0.09505000 0.96038443
0.09507500 0.96027233
0.09510000 0.96016040
0.09512500 0.96004867
0.09515000 0.95993717
0.09517500 0.95982591
0.09520000 0.95971493
0.09522500 0.95960425
0.09525000 0.95949390
0.09527500 0.95938390
0.09530000 0.95927427
0.09532500 0.95916504
0.09535000 0.95905623
0.09537500 0.95894788
0.09540000 0.95884000
0.09542500 0.95873262
0.09545000 0.95862576
0.09547500 0.95851945
0.09550000 0.95841371
0.09552500 0.95830856
0.09555000 0.95820404
0.09557500 0.95810016
0.09560000 0.95799694
0.09562500 0.95789441
0.09565000 0.95779260
0.09567500 0.95769152
0.09570000 0.95759121
0.09572500 0.95749167
0.09575000 0.95739294
0.09577500 0.95729503
0.09580000 0.95719797
0.09582500 0.95710178
0.09585000 0.95700649
0.09587500 0.95691211
0.09590000 0.95681866
0.09592500 0.95672617
0.09595000 0.95663466
0.09597500 0.95654414
0.09600000 0.95645464
0.09602500 0.95636619
0.09605000 0.95627878
0.09607500 0.95619246
0.09610000 0.95610723
0.09612500 0.95602312
0.09615000 0.95594015
0.09617500 0.95585833
0.09620000 0.95577768
0.09622500 0.95569822
0.09625000 0.95561997
0.09627500 0.95554295
0.09630000 0.95546716
0.09632500 0.95539264
0.09635000 0.95531940
0.09637500 0.95524744
0.09640000 0.95517680
0.09642500 0.95510748
0.09645000 0.95503950
0.09647500 0.95497288
0.09650000 0.95490762
0.09652500 0.95484376
0.09655000 0.95478128
0.09657500 0.95472023
0.09660000 0.95466059
0.09662500 0.95460240
0.09665000 0.95454566
0.09667500 0.95449038
0.09670000 0.95443658
0.09672500 0.95438427
0.09675000 0.95433346
0.09677500 0.95428415
0.09680000 0.95423637
0.09682500 0.95419013
0.09685000 0.95414542
0.09687500 0.95410227
0.09690000 0.95406067
0.09692500 0.95402065
0.09695000 0.95398220
0.09697500 0.95394534
0.09700000 0.95391008
0.09702500 0.95387642
0.09705000 0.95384437
0.09707500 0.95381393
0.09710000 0.95378511
0.09712500 0.95375793
0.09715000 0.95373237
0.09717500 0.95370846
0.09720000 0.95368619
0.09722500 0.95366557
0.09725000 0.95364659
0.09727500 0.95362928
0.09730000 0.95361362
0.09732500 0.95359963
0.09735000 0.95358730
0.09737500 0.95357663
0.09740000 0.95356764
0.09742500 0.95356031
0.09745000 0.95355465
0.09747500 0.95355067
0.09750000 0.95354835
0.09752500 0.95354771
0.09755000 0.95354873
0.09757500 0.95355143
0.09760000 0.95355579
0.09762500 0.95356182
0.09765000 0.95356951
0.09767500 0.95357886
0.09770000 0.95358987
0.09772500 0.95360253
0.09775000 0.95361685
0.09777500 0.95363281
0.09780000 0.95365041
0.09782500 0.95366965
0.09785000 0.95369052
0.09787500 0.95371302
0.09790000 0.95373714
0.09792500 0.95376287
0.09795000 0.95379021
0.09797500 0.95381914
0.09800000 0.95384967
0.09802500 0.95388179
0.09805000 0.95391548
0.09807500 0.95395073
0.09810000 0.95398755
0.09812500 0.95402591
0.09815000 0.95406581
0.09817500 0.95410724
0.09820000 0.95415019
0.09822500 0.95419464
0.09825000 0.95424059
0.09827500 0.95428803
0.09830000 0.95433694
0.09832500 0.95438730
0.09835000 0.95443912
0.09837500 0.95449237
0.09840000 0.95454704
0.09842500 0.95460312
0.09845000 0.95466060
0.09847500 0.95471945
0.09850000 0.95477967
0.09852500 0.95484124
0.09855000 0.95490414
0.09857500 0.95496836
0.09860000 0.95503389
0.09862500 0.95510071
0.09865000 0.95516879
0.09867500 0.95523813
0.09870000 0.95530871
0.09872500 0.95538050
0.09875000 0.95545350
0.09877500 0.95552769
0.09880000 0.95560304
0.09882500 0.95567953
0.09885000 0.95575716
0.09887500 0.95583590
0.09890000 0.95591573
0.09892500 0.95599663
0.09895000 0.95607858
0.09897500 0.95616156
0.09900000 0.95624555
0.09902500 0.95633054
0.09905000 0.95641650
0.09907500 0.95650340
0.09910000 0.95659123
0.09912500 0.95667997
0.09915000 0.95676960
0.09917500 0.95686009
0.09920000 0.95695142
0.09922500 0.95704357
0.09925000 0.95713652
0.09927500 0.95723024
0.09930000 0.95732471
0.09932500 0.95741992
0.09935000 0.95751583
0.09937500 0.95761242
0.09940000 0.95770967
0.09942500 0.95780755
0.09945000 0.95790605
0.09947500 0.95800514
0.09950000 0.95810479
0.09952500 0.95820498
0.09955000 0.95830568
0.09957500 0.95840688
0.09960000 0.95850854
0.09962500 0.95861065
0.09965000 0.95871317
0.09967500 0.95881608
0.09970000 0.95891937
0.09972500 0.95902300
0.09975000 0.95912694
0.09977500 0.95923118
0.09980000 0.95933568
0.09982500 0.95944043
0.09985000 0.95954539
0.09987500 0.95965055
0.09990000 0.95975587
0.09992500 0.95986133
0.09995000 0.95996691
0.09997500 0.96007258
0.10000000 0.96017831
0.10002500 0.96028408
0.10005000 0.96038987
0.10007500 0.96049564
0.10010000 0.96060137
0.10012500 0.96070704
0.10015000 0.96081263
0.10017500 0.96091809
0.10020000 0.96102342
0.10022500 0.96112858
0.10025000 0.96123355
0.10027500 0.96133831
0.10030000 0.96144282
0.10032500 0.96154707
0.10035000 0.96165102
0.10037500 0.96175466
0.10040000 0.96185796
0.10042500 0.96196089
0.10045000 0.96206343
0.10047500 0.96216555
0.10050000 0.96226723
0.10052500 0.96236844
0.10055000 0.96246917
0.10057500 0.96256938
0.10060000 0.96266905
0.10062500 0.96276815
0.10065000 0.96286667
0.10067500 0.96296458
0.10070000 0.96306186
0.10072500 0.96315848
0.10075000 0.96325441
0.10077500 0.96334964
0.10080000 0.96344415
0.10082500 0.96353790
0.10085000 0.96363088
0.10087500 0.96372306
0.10090000 0.96381443
0.10092500 0.96390495
0.10095000 0.96399461
0.10097500 0.96408339
0.10100000 0.96417126
0.10102500 0.96425821
0.10105000 0.96434421
0.10107500 0.96442924
0.10110000 0.96451328
0.10112500 0.96459631
0.10115000 0.96467830
0.10117500 0.96475925
0.10120000 0.96483913
0.10122500 0.96491792
0.10125000 0.96499560
0.10127500 0.96507215
0.10130000 0.96514756
0.10132500 0.96522180
0.10135000 0.96529486
0.10137500 0.96536672
0.10140000 0.96543736
0.10142500 0.96550676
0.10145000 0.96557491
0.10147500 0.96564180
0.10150000 0.96570739
0.10152500 0.96577169
0.10155000 0.96583467
0.10157500 0.96589631
0.10160000 0.96595661
0.10162500 0.96601554
0.10165000 0.96607309
0.10167500 0.96612926
0.10170000 0.96618401
0.10172500 0.96623735
0.10175000 0.96628925
0.10177500 0.96633971
0.10180000 0.96638871
0.10182500 0.96643625
0.10185000 0.96648229
0.10187500 0.96652685
0.10190000 0.96656990
0.10192500 0.96661143
0.10195000 0.96665144
0.10197500 0.96668991
0.10200000 0.96672683
0.10202500 0.96676220
0.10205000 0.96679601
0.10207500 0.96682824
0.10210000 0.96685889
0.10212500 0.96688795
0.10215000 0.96691541
0.10217500 0.96694127
0.10220000 0.96696552
0.10222500 0.96698815
0.10225000 0.96700915
0.10227500 0.96702853
0.10230000 0.96704627
0.10232500 0.96706238
0.10235000 0.96707684
0.10237500 0.96708965
0.10240000 0.96710081
0.10242500 0.96711031
0.10245000 0.96711816
0.10247500 0.96712434
0.10250000 0.96712887
0.10252500 0.96713173
0.10255000 0.96713292
0.10257500 0.96713244
0.10260000 0.96713030
0.10262500 0.96712649
0.10265000 0.96712101
0.10267500 0.96711386
0.10270000 0.96710505
0.10272500 0.96709457
0.10275000 0.96708243
0.10277500 0.96706863
0.10280000 0.96705317
0.10282500 0.96703605
0.10285000 0.96701728
0.10287500 0.96699686
0.10290000 0.96697480
0.10292500 0.96695109
0.10295000 0.96692575
0.10297500 0.96689878
0.10300000 0.96687018
0.10302500 0.96683997
0.10305000 0.96680814
0.10307500 0.96677471
0.10310000 0.96673967
0.10312500 0.96670305
0.10315000 0.96666484
0.10317500 0.96662506
0.10320000 0.96658371
0.10322500 0.96654080
0.10325000 0.96649634
0.10327500 0.96645034
0.10330000 0.96640282
0.10332500 0.96635377
0.10335000 0.96630322
0.10337500 0.96625117
0.10340000 0.96619764
0.10342500 0.96614263
0.10345000 0.96608616
0.10347500 0.96602824
0.10350000 0.96596889
0.10352500 0.96590811
0.10355000 0.96584592
0.10357500 0.96578234
0.10360000 0.96571738
0.10362500 0.96565104
0.10365000 0.96558336
0.10367500 0.96551434
0.10370000 0.96544400
0.10372500 0.96537235
0.10375000 0.96529941
0.10377500 0.96522520
0.10380000 0.96514973
0.10382500 0.96507301
0.10385000 0.96499508
0.10387500 0.96491594
0.10390000 0.96483562
0.10392500 0.96475412
0.10395000 0.96467147
0.10397500 0.96458769
0.10400000 0.96450280
0.10402500 0.96441681
0.10405000 0.96432974
0.10407500 0.96424162
0.10410000 0.96415247
0.10412500 0.96406230
0.10415000 0.96397113
0.10417500 0.96387899
0.10420000 0.96378589
0.10422500 0.96369186
0.10425000 0.96359692
0.10427500 0.96350109
0.10430000 0.96340439
0.10432500 0.96330685
0.10435000 0.96320848
0.10437500 0.96310930
0.10440000 0.96300935
0.10442500 0.96290864
0.10445000 0.96280720
0.10447500 0.96270504
0.10450000 0.96260220
0.10452500 0.96249869
0.10455000 0.96239454
0.10457500 0.96228977
0.10460000 0.96218441
0.10462500 0.96207848
0.10465000 0.96197201
0.10467500 0.96186501
0.10470000 0.96175751
0.10472500 0.96164954
0.10475000 0.96154112
0.10477500 0.96143228
0.10480000 0.96132304
0.10482500 0.96121342
0.10485000 0.96110345
0.10487500 0.96099316
0.10490000 0.96088257
0.10492500 0.96077171
0.10495000 0.96066060
0.10497500 0.96054926
0.10500000 0.96043772
0.10502500 0.96032602
0.10505000 0.96021416
0.10507500 0.96010218
0.10510000 0.95999010
0.10512500 0.95987795
0.10515000 0.95976576
0.10517500 0.95965355
0.10520000 0.95954134
0.10522500 0.95942916
0.10525000 0.95931703
0.10527500 0.95920499
0.10530000 0.95909306
0.10532500 0.95898126
0.10535000 0.95886961
0.10537500 0.95875815
0.10540000 0.95864690
0.10542500 0.95853588
0.10545000 0.95842512
0.10547500 0.95831464
0.10550000 0.95820448
0.10552500 0.95809465
0.10555000 0.95798517
0.10557500 0.95787608
0.10560000 0.95776740
0.10562500 0.95765916
0.10565000 0.95755137
0.10567500 0.95744406
0.10570000 0.95733727
0.10572500 0.95723100
0.10575000 0.95712529
0.10577500 0.95702015
0.10580000 0.95691562
0.10582500 0.95681172
0.10585000 0.95670847
0.10587500 0.95660589
0.10590000 0.95650401
0.10592500 0.95640284
0.10595000 0.95630243
0.10597500 0.95620277
0.10600000 0.95610391
0.10602500 0.95600585
0.10605000 0.95590863
0.10607500 0.95581227
0.10610000 0.95571678
0.10612500 0.95562218
0.10615000 0.95552851
0.10617500 0.95543578
0.10620000 0.95534401
0.10622500 0.95525322
0.10625000 0.95516344
0.10627500 0.95507468
0.10630000 0.95498696
0.10632500 0.95490030
0.10635000 0.95481473
0.10637500 0.95473026
0.10640000 0.95464691
0.10642500 0.95456469
0.10645000 0.95448364
0.10647500 0.95440376
0.10650000 0.95432508
0.10652500 0.95424761
0.10655000 0.95417136
0.10657500 0.95409636
0.10660000 0.95402263
0.10662500 0.95395017
0.10665000 0.95387901
0.10667500 0.95380916
0.10670000 0.95374064
0.10672500 0.95367346
0.10675000 0.95360764
0.10677500 0.95354319
0.10680000 0.95348012
0.10682500 0.95341846
0.10685000 0.95335821
0.10687500 0.95329938
0.10690000 0.95324200
0.10692500 0.95318607
0.10695000 0.95313160
0.10697500 0.95307861
0.10700000 0.95302711
0.10702500 0.95297711
0.10705000 0.95292862
0.10707500 0.95288165
0.10710000 0.95283621
0.10712500 0.95279231
0.10715000 0.95274996
0.10717500 0.95270918
0.10720000 0.95266996
0.10722500 0.95263232
0.10725000 0.95259626
0.10727500 0.95256180
0.10730000 0.95252894
0.10732500 0.95249768
0.10735000 0.95246804
0.10737500 0.95244002
0.10740000 0.95241362
0.10742500 0.95238886
0.10745000 0.95236573
0.10747500 0.95234424
0.10750000 0.95232439
0.10752500 0.95230620
0.10755000 0.95228965
0.10757500 0.95227476
0.10760000 0.95226153
0.10762500 0.95224996
0.10765000 0.95224005
0.10767500 0.95223180
0.10770000 0.95222522
0.10772500 0.95222031
0.10775000 0.95221706
0.10777500 0.95221548
0.10780000 0.95221556
0.10782500 0.95221730
0.10785000 0.95222071
0.10787500 0.95222578
0.10790000 0.95223252
0.10792500 0.95224090
0.10795000 0.95225095
0.10797500 0.95226264
0.10800000 0.95227599
0.10802500 0.95229097
0.10805000 0.95230760
0.10807500 0.95232586
0.10810000 0.95234575
0.10812500 0.95236727
0.10815000 0.95239041
0.10817500 0.95241515
0.10820000 0.95244151
0.10822500 0.95246946
0.10825000 0.95249901
0.10827500 0.95253014
0.10830000 0.95256284
0.10832500 0.95259711
0.10835000 0.95263295
0.10837500 0.95267033
0.10840000 0.95270925
0.10842500 0.95274970
0.10845000 0.95279167
0.10847500 0.95283515
0.10850000 0.95288013
0.10852500 0.95292659
0.10855000 0.95297453
0.10857500 0.95302394
0.10860000 0.95307479
0.10862500 0.95312708
0.10865000 0.95318080
0.10867500 0.95323593
0.10870000 0.95329246
0.10872500 0.95335037
0.10875000 0.95340965
0.10877500 0.95347029
0.10880000 0.95353227
0.10882500 0.95359557
0.10885000 0.95366018
0.10887500 0.95372608
0.10890000 0.95379327
0.10892500 0.95386171
0.10895000 0.95393139
0.10897500 0.95400231
