1.026067668247529951e+01,-1.111954761916442713e+01
-1.740367885505064649e+01,-5.140518953435173621e+00
-4.843501991867039003e+00,-1.833051014094808195e+01
7.049812883138963038e+00,-8.357365869599613362e+00
9.057572534919088980e+00,6.477878519979012317e+00
7.088518364105365954e+00,-1.762318757938745506e+01
4.008297533791317591e+00,1.407863286085621191e+01
1.432434579925948093e+01,1.118187605563373710e+00
2.077352643266237031e+00,-6.505558616122375071e+00
2.952109328611650874e+00,-1.181019383038297832e+01
1.897944585114624871e+01,1.652410904890645738e-01
1.845526025892746702e+01,4.464851193675513308e+00
5.480039641601146982e+00,-7.437632156955320539e+00
3.059130685494537261e+00,-3.221682921638948649e+00
-1.873171580663395064e+00,-1.100464635792815926e+01
3.104874601478551543e+00,-5.082699072744557789e+00
1.378209034866460136e+01,-8.167945666024819529e-01
4.470670145691720165e+00,3.578399611646589484e+00
1.237255454393707987e+00,3.104157771618109241e+00
-1.684910471938213661e+01,-7.236416739129416520e-01
-1.979874678054714510e+00,9.715528940215779841e+00
-7.134285124994874216e+00,-6.790376095915807930e+00
-1.698339806366899518e+00,1.542010384546673230e+01
1.080844122774511717e+01,3.178621808117842118e+00
-1.044669847803485752e+01,1.101297670502597015e+01
-9.981636783076432096e+00,-7.798387024317102734e-01
-1.268578052185374005e+01,-7.071683571400249058e+00
3.032709033900971574e-01,-7.125108281001127253e+00
5.090059104220639341e+00,9.805512372878615324e+00
-2.021668487935720293e+00,4.343905852617807817e+00
-1.926942869528441848e+00,-2.042193123724344250e+00
-5.181413689829610369e+00,-1.577745042817218035e+01
9.090372029179720315e+00,2.538109832332134275e+00
-9.536369284477137498e+00,-1.251644656808959866e+01
-1.497143229032035228e+00,-1.697613746398337398e+01
5.184013272803705163e+00,1.271774190253874615e+01
1.954847416207027067e+00,1.834273878169860694e+01
-1.177040138384042534e+00,1.509515789416653986e+00
-4.183492489163361583e+00,3.282748214814929621e+00
1.561434249177942313e+01,-9.806317453555490893e-01
9.606613358002284997e+00,-4.951825756581310634e-01
-5.759206237922208871e+00,4.830065627426441743e+00
-1.554348213018221259e+01,-4.809869990743624868e+00
-3.993431402758897963e+00,-1.395497830028939568e+01
-8.626897378928321203e+00,-2.002161177445783924e+00
-4.965939069316586796e+00,-7.634255185248507658e+00
-8.631525466195526519e+00,1.591765907754250442e+01
-1.404035934454014445e+01,9.970856668839584103e+00
6.637059986721959071e+00,-1.230399487802387171e+01
8.364311292990112889e+00,9.233077040356295617e-01
-1.528685304340062245e+01,2.646581330875883431e+00
1.705246393120452097e+01,-3.556752040804823878e+00
-6.191555880782400045e+00,-3.865577254314190192e+00
-8.429508921321563264e+00,7.229738685948612353e-01
1.022240501589746664e+01,-1.601307071311064334e+01
-1.795169073805322202e-01,9.813563304623603045e+00
3.624289055449688490e+00,6.794657299485320046e+00
6.109499586461079046e-01,-5.344369454775352857e+00
1.149026978790894438e+00,-1.189595531028120945e+01
1.038975498136201203e+01,1.272985655098781477e+00
-1.629146320488833410e+01,-6.497654785084128193e+00
-6.640807042875980670e+00,-1.778470656744287126e+01
7.740603798902548682e+00,-1.374527670218615327e+01
-1.103249763895735569e+01,2.665392499914005064e+00
-1.818824960806282931e+01,4.430724453715163547e-01
2.175648060194959044e+00,1.358728575127213922e+01
8.200367204406109778e+00,-4.876841331079881492e+00
-1.693636660640224179e+01,1.981547441918108277e+00
-6.408867866512111711e+00,1.603026434264467426e+01
-1.024898242614357891e+01,9.700900102579130824e-01
1.173686775758641687e+01,-1.273651416466972464e+01
1.648984184021106358e+01,9.175978020229718979e+00
2.424131616748208984e+00,1.177037796442541584e+01
-6.725002701765210311e+00,-1.028613074616806244e+01
4.696143653535749252e+00,-3.913574677459738638e+00
-7.179458232022348341e+00,8.325699559771020830e+00
-7.079239423438592027e+00,-4.193720518769304406e-01
6.895080381999846963e+00,1.066883610637859725e+01
1.888420652084108653e+01,2.037495166383051171e+00
9.707642557585669962e+00,-3.895757648671079210e+00
-9.006828917678795676e+00,-3.794429070307256069e+00
-1.223511670723936540e+01,-9.031295697138048695e+00
4.500195585236568263e+00,-1.093681202543214503e+01
6.555899478495867960e-01,1.146457821547455502e+01
-9.454920332428175200e+00,4.728169369604676042e+00
4.766509274579217248e+00,-5.791891110520216657e+00
-8.601135130905756654e+00,-1.601876980684687624e+01
1.540690673055077831e+01,-2.766176463620789949e+00
-5.673405698153984211e+00,7.359291947431574776e+00
6.732311501122457686e-01,1.401619771977773210e+00
8.419965397910541327e+00,8.185106348332844561e+00
6.698643569462181979e+00,-1.178001577127868044e-01
4.977535607384392158e+00,1.783173996675669892e+00
-3.000848665927557501e+00,-1.802143638137881254e+01
-1.195748697606110866e+01,1.312366687381426544e+01
3.675376089254234646e+00,-7.325080642279957033e+00
-1.175522833623048236e+01,-1.090055226164245772e+00
-1.211024176541913189e+00,-3.671658222653432446e+00
1.220641063144259775e+01,8.695262548389436574e+00
1.149954129116297175e+01,-4.064654670861210128e+00
1.502573838133017681e+01,-4.583151119893261516e+00
-1.167761803845381685e+01,1.493687495047084823e+01
-5.119806204255781701e+00,-9.383370198739376278e+00
-3.968204495117850783e+00,5.041627400549924864e+00
-3.480369573651119097e+00,-9.313836966025919040e-01
-7.498525819656244984e+00,-1.379037413715284544e+01
-1.411964978283519656e+01,4.133136053041589264e+00
7.538895725890524702e+00,3.414145044925834149e+00
-5.785027747279545274e+00,-1.226580360711398932e+01
-9.177040343382586229e+00,2.860398504448560697e+00
-1.270457020656493441e+01,-1.075618952586681409e+01
-3.242448160270868573e+00,-8.005506461173300892e+00
8.024103471976598456e+00,-1.298103024404837269e+00
-2.266865247723582222e+00,1.196873251226112345e+01
1.472055438346215972e+01,8.477219706270577859e+00
3.564060116687515212e-01,4.617640838409077020e+00
-3.418268183246221170e+00,1.604487042065031588e+01
-6.922232436985884085e+00,1.196787651120167517e+01
-5.940613953017730431e+00,2.999294304750198759e+00
-3.386720792001098879e+00,-1.624430459494175594e+01
1.801583952593206028e+00,-1.008687100175254336e+01
-1.604472292125910116e+01,4.406817711139855653e+00
-1.531114269844476183e+00,-9.255929284518973787e+00
6.653709603843747544e+00,8.901165556461762662e+00
-6.365275415684488181e+00,1.252618568504745067e+00
1.358501045227002813e+01,9.837981588552002776e+00
-7.296976017181084906e-01,-1.538463714579959962e+01
4.560283849045041471e+00,5.603186798124145523e-02
6.821787904601248620e+00,-6.145829091762423424e+00
2.768638162860785457e+00,1.542467925053306033e+01
-1.454595214892666633e-01,-1.067048198929386693e+01
-1.436526745818547646e+01,-3.452560803888902630e+00
1.105580304490531418e+01,1.339920962956238704e+01
1.173813228159769489e-01,1.533887777153634069e+01
1.493841303124932907e+01,2.780693996913627508e+00
-1.696911553227346303e+01,-3.359817713314428911e+00
3.558211769731415064e+00,-1.735587519023508918e+01
-5.075401657511232401e+00,-2.018797643653832186e+00
-3.676501559561694332e+00,1.046874741845630297e+01
-1.025846632877217779e+01,7.784258523554320242e+00
-1.400421861047000149e+01,7.475524825460492906e+00
-5.768258130643959980e+00,-1.409542583258665616e+01
1.393500238218652854e+01,-1.061546201749553475e+01
-1.477721882151229682e+00,-7.356259465957596611e+00
3.131754480287726405e+00,-1.160321811634802636e+00
1.467766482771313363e+01,6.423046369143182943e+00
2.738868348541994902e+00,4.109078725176918745e+00
-1.388527963190471581e+01,1.425642109657073497e+00
-4.468704631340867373e+00,-4.424333165075124086e+00
-2.890507980369736440e+00,7.754313403294549323e-01
-1.857217576300456807e+00,1.781196934595338988e+01
1.061148298520883237e+01,5.428687819310868079e+00
1.445474525853436054e+00,1.665189281631052154e+01
1.324865191609002579e+01,-4.416839223585879992e+00
3.181603668291391074e+00,2.342605236423666248e+00
-3.643857960831827558e+00,-6.269413831694060413e+00
6.740527132335904170e+00,1.761761941080003613e+00
6.468004171644278877e+00,-2.188026222679193555e+00
-1.123561271167919351e+01,4.499897760678607916e+00
-1.039181134414997487e+01,-2.579045559018971812e+00
-1.321223688371825844e+01,-1.304490978851752558e+01
-1.372542057606809918e+00,-2.999012042140891121e-01
-3.725424137156893689e+00,1.790248562981852487e+01
-2.655076331050393090e+00,-4.738715391027392698e+00
-5.609501109200204283e+00,9.191535393364880235e+00
-4.215547235425948891e+00,-1.130043773609711266e+01
1.325446097849570237e-01,1.850776929416958438e+01
-1.714693529637204961e+01,8.006028584744337095e+00
5.656593044641828882e-01,-3.539874215940447488e+00
-1.878876245416673640e+01,-1.286210732535943313e+00
9.829154744669372334e+00,-5.715028384848849008e+00
-9.327899661063174364e+00,-1.429792144994475223e+01
-5.279039026718064243e+00,-2.300604113101694936e-01
6.577933942795128885e+00,-4.077091859721361011e+00
1.744039393833816121e+01,-5.333290646853028782e+00
-2.516788278806322499e+00,2.646405923293158935e+00
6.983322414683668988e+00,1.317430969506118643e+01
-1.270515006089525478e+01,-2.567033880929362688e+00
-1.824066021743578858e+01,3.254997004162717644e+00
4.131662982223879510e+00,1.129471265897087484e+01
-3.504966458205514446e+00,-2.894445532877346849e+00
9.070845092935970300e+00,4.337907436596733390e+00
4.302333907552256531e-01,6.371775686528396321e+00
-5.346392965208750070e+00,1.281114512183596155e+01
2.164364874492155089e+00,5.811913454751656438e+00
1.068268895309743982e+01,-1.419072776313178075e+01
-1.874221896890074746e+01,-3.111065109511713001e+00
1.596776468921653525e+01,-8.379111987077266122e+00
-3.962444294497082797e-01,8.059296003506160488e+00
1.037003176776097213e+01,9.193743644011130201e+00
1.818766568598518596e+00,-1.704639091020471398e+01
1.848708774329580962e+01,-2.517501558203087964e+00
-4.574215953370329935e+00,1.508879040239237579e+00
1.022483950831985844e+01,-7.779882911984286942e+00
-2.877983247380458298e+00,-1.257230849832250286e+01
1.676611026572927443e+01,3.198894518289264077e+00
-7.629823058464437757e+00,3.702760345324194624e+00
-1.131505220187304595e+00,-5.618875435957840558e+00
2.769365439756998892e+00,6.130436830845584772e-01
1.473400821135569805e+00,9.059241099618660087e+00
1.751717186248088609e+01,-8.788881855259811360e-01
6.066225925390681617e+00,4.534640572136402703e+00
4.663881300644533212e+00,-2.101244684698470699e+00
8.443818247156880119e+00,1.161425611405305780e+01
-9.466094234729075296e+00,-5.581148901286402619e+00
-1.542969177578585516e+01,5.338772663479089964e-01
-8.865091334590699645e+00,-7.366455079401802664e+00
1.187250333798647439e+01,-6.992760909470924879e+00
1.667322375353696273e+01,5.063853759242709529e+00
-2.361151200270548145e+00,-1.470325834746562599e+01
-8.502835904325868555e+00,7.131237761933239661e+00
-2.347241178914122539e+00,6.115624374715753930e+00
3.631482571243807023e+00,-9.250069098243118404e+00
1.155260785184970018e+01,1.059668797284244590e+01
-1.427982787784631569e+01,-9.512118475428291697e-01
-2.626025050254696236e+00,1.383640501875619400e+01
1.705842424575603200e+00,-1.520294642012713027e+01
6.974443732894999748e+00,7.153710336443610096e+00
5.837150144963922038e+00,-9.795253655894237355e+00
3.287275989624860006e+00,-1.376393454284006701e+01
1.291147639403634528e+00,-3.624070777810013966e-01
4.327613836895122246e-01,-1.397349493771500661e+01
8.083649947693524851e+00,-3.113013384013302520e+00
-7.734662126567711127e+00,5.553095550044830908e+00
-3.970395280799163373e+00,6.884876605961296470e+00
5.081010666497572714e+00,8.043590458926191289e+00
-7.597495275282687643e+00,1.737458344689416734e+01
-7.519142386006464562e+00,-1.194289682245277540e+01
-5.508783377243260837e+00,-5.868107575450412838e+00
1.643928373079145189e+00,-2.114163110062335704e+00
-1.339943023621468399e+01,-5.008851124513422626e+00
-1.595950295838557942e+01,9.451657131695188951e+00
1.184398436770932506e+01,-2.282541129902762478e+00
1.347571281345596894e+01,-6.193101486137313927e+00
1.496953585592969427e-01,-1.782407661863686954e+01
1.721579379230002615e+01,1.468721140717955009e+00
-1.823224800445612104e+01,5.055592255587519901e+00
-1.155555737193886401e+01,-3.946191429844324805e+00
-1.647675456292006235e-01,-1.644896557564183404e+00
-1.206768292212389149e+01,1.229129246768029704e+00
-7.614949468262605770e+00,-4.951512817233796326e+00
7.591756248159935438e+00,5.488943791491266211e+00
-2.212070682124414933e+00,7.936116420612066236e+00
-1.281709549666982184e+01,2.912021854211609195e+00
-1.469764665882567733e+01,5.850163879627740648e+00
-1.125961711759426720e+01,9.281590953922638221e+00
-1.562629359557048225e+01,-2.172161828229689728e+00
1.362324724020598765e+01,-2.591638965101168424e+00
-6.884850487612793835e+00,-2.212747548330457281e+00
-3.277376857851697523e+00,-9.807356342761410772e+00
1.471923986841563092e+01,4.590657786547754249e+00
1.138515763140840420e+01,-5.212408332697939795e-01
2.887408518996521511e-01,-8.908593466099455682e+00
-8.719969627722649719e+00,1.161131323307651009e+01
2.009871211478527986e+00,-8.260079319509694429e+00
5.394129775609094679e+00,6.224262119309241115e+00
