1.753826027505438701e+00,-5.520673796095556973e+00
2.873923484488343671e+00,2.198507658496298589e+00
-1.199220394132440326e+01,1.470835617763557401e+01
6.261597753965973290e+00,1.792380725270113828e+01
4.089072597025755762e+00,7.848854980850578755e+00
-8.666374977400558066e+00,-7.747838345263391879e+00
-2.841194154761330637e+00,5.637954820655982857e+00
-9.612666542211801612e+00,-6.067520768934664410e+00
1.499905352484923959e+01,7.321394435955411950e+00
-6.804615489718096377e+00,-7.869085163991002219e+00
5.877562690310540461e+00,-1.031116258014167231e-01
-4.771654923126799730e+00,1.313518566095006079e+01
-1.383684558571854062e+01,-1.927192383418130150e+00
6.934833282043991964e+00,1.109081513448101042e+01
-1.172297735059268575e+01,-1.469324659975149672e+01
-7.736228543076479447e+00,-9.460266233208333375e+00
-4.865492909616320638e+00,1.037538669233792632e+01
1.406869269248594634e+01,9.186641364721420899e+00
-1.092501175892395082e+01,7.343181072917503549e+00
1.135836313163659383e+01,-6.669283538518421039e+00
8.046649914444804708e+00,-1.499326020756669031e+01
1.819571307460328669e+01,-5.457339033355001590e+00
-1.801350165543148751e+00,-6.298139437434428167e+00
-6.011360250038546127e+00,2.097250033725630569e+00
-1.633116966198716880e-01,9.554676435457029271e+00
4.121776127581399329e+00,-2.661190554613277914e+00
1.408849222947040758e+01,1.369320599441543607e+00
-1.570002643920500873e-01,7.759705804280957686e+00
-1.096844774222206276e+00,4.118346782682755780e+00
-4.428445570903466688e+00,6.829975307216005653e+00
-5.256157488529319188e+00,-3.549712934585327773e+00
1.107305626047267388e+01,8.644607481511339842e+00
1.134017290499248176e+01,3.653916244621761678e+00
-7.607753093177248793e+00,1.691677386296820274e+01
-9.571749644483373842e+00,8.754085501640294087e-01
-1.723925413839620546e+01,7.967770388155165584e+00
1.443976522001692020e+00,8.712464681769123587e+00
-1.547355889160794362e+01,1.749330101447406971e+00
1.407670579413102807e+01,-7.317548481412281980e+00
4.822540438991971712e+00,-4.329380022852553189e+00
-4.347896567977505455e+00,2.677876491865554875e+00
-1.341898233149516884e+01,1.344477940437102248e+01
-1.141041116239189712e+01,6.059151997303805492e-01
-1.683341970809254917e+01,6.151407429649925263e+00
7.928947416289059191e+00,4.722213889972093348e+00
-4.168254678275689962e+00,-2.100904777322146089e+00
3.930124520563709201e+00,-7.373049466143744901e+00
-8.433297587734099210e+00,1.339036870334261842e+01
1.887004379420393363e+01,-1.548764511601023131e+00
9.348367586897134984e+00,7.050343642919140175e-01
3.018733691130575547e+00,4.303005624005655783e-01
1.516888833188826879e+01,1.057332644306037928e+01
-1.439416188299302668e+01,-6.218215983104663280e+00
-7.468915409163282781e+00,3.134540270404929885e+00
8.869158758027937850e+00,6.319764003245234463e+00
4.963520828664125695e+00,-8.910497594454415804e+00
9.330223937604129603e+00,-2.764394249569067430e+00
8.063527289221173788e+00,-6.978952112796651619e+00
-1.381566498562752621e+01,9.477533176742325427e-01
-1.788736944141970042e+01,-6.355025401269476681e+00
1.039272447495794616e+01,2.135080234351181439e+00
1.274190167250411621e-01,-1.403708972143311051e+01
-1.170015348255789966e+01,5.201392861845802962e+00
1.725805860669813896e+01,-7.021262982227368887e+00
1.375757146530883190e+01,-5.118942179603899412e+00
-1.898674938817116464e+00,-4.451483664241810523e+00
-2.729050878128077340e+00,7.395301564143038853e+00
-2.494627976706445427e+00,-1.882814918826636941e+01
1.149781376501397290e+01,-1.087933422259105143e+01
-1.167968258890275113e+00,-1.078298945955237897e+01
7.924040355329985630e+00,-1.146975712351549070e+01
2.393831371907105598e+00,-3.724934290830064665e+00
-1.810511321206532909e+00,8.933712542106993837e+00
6.934645543450485228e+00,-9.402240195801168099e+00
-5.909938906621155397e+00,-6.290846620033399894e+00
1.502699015312142228e+00,1.202201253886607368e+01
2.579904753240338966e+00,-1.737657137302333954e+00
-1.038601932355063084e+01,-1.590336269560398641e+01
-1.304498605326350713e+01,-1.334898394103195329e+01
-1.737313041764172183e+01,2.593191857761183439e+00
-1.617659770902690308e+00,-1.265447661107004329e+01
-1.151255228918725138e+01,-7.791540185317798795e+00
-7.553066187703174172e+00,6.548818383625973460e+00
1.072662218358277819e+01,-4.640662640981640941e+00
1.534264488413313288e+01,-3.431328007875593666e+00
1.856123338618132834e+01,-3.411750393902041711e+00
8.892314287225747904e+00,-4.490746071398080019e+00
1.940942709909909025e+00,4.609920201580961496e+00
7.330249109353846215e+00,-5.343607550734899014e+00
4.062790812122991646e+00,-1.228418021259127535e+01
-1.029546833212260282e+01,-7.862106497778472702e-01
1.095215412292301238e+01,-1.009843602460168965e-01
1.589042220067603850e+01,-8.379962679431088191e+00
-1.014781463462967004e+01,4.209546190292290824e+00
-1.205585045872352801e+01,-1.238797683617817391e+00
1.284413211370552155e+01,2.669060137390477649e+00
1.097484120844325339e+00,2.917366878601331592e+00
5.324772454969481039e+00,4.323263089738241582e+00
-3.437625250792056608e+00,-1.289463230528806825e+01
6.130446525726813256e+00,-1.450660277072878657e+01
5.608506502316640052e+00,-5.968622587618465758e+00
1.317654551985886968e+01,1.141591900205682109e+01
-9.162013353098290125e+00,2.615603567351804326e+00
-1.092717637897578342e+01,2.315727349689074899e+00
2.169278821524517564e+00,-1.212546315011743125e+01
-5.866751252136523043e+00,-9.433490095478070714e+00
-3.107996693393141996e+00,1.379071931824515262e+00
1.506903804130134894e+01,4.885969463556949499e+00
5.828489115054646952e+00,-1.985530460895903904e+00
-6.090180561339086918e-01,2.372499417022756685e+00
1.752512131088229230e+00,-1.484746736733330508e+01
-8.234230562324603042e+00,4.893979809346840959e+00
-1.496772277260452633e+01,-4.065460525995397423e-01
-4.536753883535427079e+00,2.528029443828871403e-01
-3.369128265856649929e+00,1.554870663344005521e+01
9.955342956954975620e+00,-1.573955974279774139e+01
1.316217001765946470e+00,-5.137607021053891554e-01
-6.958332036585752611e+00,-2.918512751789414938e+00
2.751486586983880045e+00,1.436803907589404616e+01
1.556565259898001541e+00,-1.797458383877365762e+01
8.264483775162702051e-01,1.177001459360226043e+00
1.557212688489141783e+01,-6.315633468277949802e+00
1.242065788923959779e+01,9.784429853150378165e+00
4.182650964499629254e+00,-8.913540730248343813e-01
-1.166289619671037237e+01,1.060377153849674059e+01
-3.015172554228371174e-02,-6.159392283656080380e+00
6.891297271658768153e+00,6.182123536433461020e+00
1.359379157061614229e+01,6.025210457329236213e+00
-7.776452266655654810e+00,8.399092330053310462e+00
1.488620452760553192e+01,-9.952837252138214907e+00
-1.232904565719925039e+01,3.483607889402840829e+00
-7.760910585373159698e+00,1.336520387761240825e+00
-8.468793445101178818e+00,1.159692709800152599e+01
5.075025700877410451e+00,-1.079855271687491758e+01
3.249774968016506449e+00,-1.065202867513035656e+01
3.934064618985665618e+00,-1.531624875959538912e+01
2.409095246111989663e+00,7.231968071738386961e+00
-4.667554060783166037e+00,1.686079498118468223e+01
3.794431091861192318e-01,-4.435288115844270962e+00
-1.056597426772518666e+01,-2.516707904709583499e+00
5.942130092811513720e+00,9.548091064833917230e+00
-8.408319182699041106e-01,-3.036728174308839456e+00
-1.267627699033813293e+01,7.146151961620211601e+00
7.642166555366721070e+00,2.228822833311673857e-01
-1.031487068288712905e+01,-1.128313403342976073e+01
-1.350317139821477852e+01,-4.570929333237558900e+00
-8.640009382270255500e+00,-4.532362128336096418e+00
-1.487337621159502632e+01,1.174755929356977013e+01
-1.244190161899651370e+00,6.384682684678846698e+00
3.244864677644958562e+00,1.246041125967895447e+01
-2.869294830879597136e+00,-1.527049247852621505e+01
-8.678101302453789856e+00,-1.665807800649122328e+01
1.351527388852264266e+01,-1.250678931140049066e+01
-3.639898791294224445e+00,-1.702282807455377167e+01
2.447046478972418004e+00,1.802415135059545293e+01
-4.163528434492243413e+00,4.480895548723132116e+00
1.115001831044646963e+01,-2.866678012186660407e+00
1.615851291388485578e+01,2.261509443515767881e+00
-1.045113472853502046e+01,-4.352366133849117524e+00
-1.599851168992385375e+01,3.997096354700797605e+00
-5.925909999508951032e+00,4.020042070397825462e+00
-5.994782327371978248e+00,7.799297239677897231e+00
9.362355819126049639e+00,1.144588008743085794e+01
6.808057298086423792e+00,3.369311818972040129e+00
-2.414147930565790023e+00,-2.193584478398362680e+00
2.525621019308986526e+00,-1.650066588690370395e+01
1.692345553375628597e+01,-4.192457489058669218e+00
-9.571669177253895100e+00,8.613103457630668203e+00
-7.813108474990398733e+00,1.507242075451026686e+01
1.330218978927527651e+01,-1.075417276169221736e+01
-6.692275664629353749e+00,-4.710599258465416384e+00
-2.967345230025766778e+00,-1.110436688236815783e+01
2.858192133604664953e+00,1.620140025262332983e+01
-5.927913822018466838e+00,-1.468738922657352841e+00
-1.019210386071790353e+01,1.220627810149509607e+01
7.511764937462396041e+00,-1.318840390692091979e+01
6.368252176658975472e+00,1.626270113855224908e+00
5.077332642855773237e+00,6.125629546401897940e+00
6.474410156154152496e+00,-3.687804362793864144e+00
9.640020077571774593e+00,-6.185323893866676137e+00
-1.466569850507462647e+01,-8.691374860532668833e+00
4.772901210678282879e+00,2.466999277983386030e+00
8.459802674400884737e-01,-8.120523711847368986e+00
2.947893090517820003e+00,-8.831461797323864715e+00
-8.492946660087545396e+00,-1.114813097621231286e+01
-4.207364933253554540e-01,1.135477331224447362e+01
-2.978463200546857426e+00,1.025189783185991388e+01
5.329906994138767784e-01,-1.140888297535447471e+01
1.110242379108728805e+01,1.109012913450312787e+01
-4.928297339569820856e+00,-7.798404659587585108e+00
-4.049575370479311154e+00,-9.575693833414314682e+00
2.674767704640927390e-01,5.361460253484366945e+00
-8.713324359489313053e+00,-2.640748100144186150e+00
1.867753332093306540e+01,3.298798073835611966e+00
1.026887724777359345e+01,5.066923858262669889e+00
8.115213713098359705e+00,2.088850346538839275e+00
-7.223182346527691422e+00,-1.262153482048210584e+01
-5.951500971496825443e+00,5.831094990243320453e+00
-1.957709818483885367e-01,1.621965596071021309e+01
-2.999764805687398006e+00,1.350509744260043199e+01
-7.777013062319582559e+00,-6.161108910191997801e+00
-1.197756922996120643e+01,1.240239871190152243e+01
1.233110275862508409e+01,7.315056151107122595e+00
-4.400611212306677622e+00,-1.436726324422998147e+01
4.539076051879902707e+00,1.063671168805486467e+01
-3.502998093612900821e+00,-6.732771378806705620e+00
-6.483395779921927726e+00,1.375054511370322707e+01
1.652857483878414513e+01,5.880198214174602533e+00
-1.033311073102518485e+01,1.590095228705025221e+01
-1.179692695906616962e+00,1.341446272487711333e+01
-2.122363490611922199e+00,1.181651995035145930e+01
5.107888728322113714e+00,1.656016078557027527e+01
9.202466372390340155e+00,3.497495990444572822e+00
1.825189775861617747e+01,5.210526835325238082e+00
3.544137310303791200e+00,3.843743351099714545e+00
-1.648538691144406654e+00,1.515967613994992291e+01
-4.277197650906478188e+00,8.655205273899795770e+00
3.537809593754055459e+00,-5.602619543065816998e+00
-1.802976977673314218e+00,-1.703121902922892872e+01
-1.667403827503132518e+01,1.457215071917177251e-01
9.984308000019253004e-01,-2.542664090834613422e+00
6.337925500268203116e+00,-7.697875263066369378e+00
3.272794473834204521e+00,9.414290503447981351e+00
7.976636101613655327e+00,-1.506325042978528650e+00
1.458735127559507738e+01,3.176835990187108827e+00
-5.565370281487194148e-01,1.807690605142393636e+01
1.120328481710174984e+01,-8.435325809257552265e+00
-2.759192144106580091e+00,3.431746590140583919e+00
1.000335123740881293e+01,-1.361260860567839082e+01
-2.807481993664881159e+00,-4.240947654414533585e-01
-6.012023893430781030e+00,1.181819138834421246e+01
-1.405818095404829293e+01,2.973109424364579922e+00
1.447458156905758075e+00,-9.849305151919484302e+00
-3.776589767502464001e-01,-1.315117789361843093e+00
3.389357404326804435e+00,5.617281081710814306e+00
-9.359797203520821895e+00,6.408640089037952237e+00
6.590800943561531122e-01,1.395253706984276754e+01
4.287106210191510947e+00,1.829281872261345754e+01
1.171948189009433605e+01,-1.287556236493209916e+01
-6.713981231177751141e+00,-1.654711257988828166e+01
9.755707348274292201e+00,-1.125586694757245709e+01
-1.780828200477825618e+01,4.599936996808413170e+00
-4.545935355458548877e+00,-5.170595285369414817e+00
5.953098392299981612e+00,7.778384205006135588e+00
-1.345308527250508490e+01,5.489173035017978819e+00
1.346999789492567601e+01,-3.299096487574223246e+00
-1.404665232157304988e+00,7.494918556501694029e-01
-1.854382661181691816e+01,-2.798546802599964911e-01
-1.212693015829820098e+01,-3.327690790241196517e+00
-1.490377951588206074e+01,-3.424725911746604012e+00
-2.487358525478539306e+00,-8.652906843520149494e+00
-6.315355383560321556e+00,2.794745133915042534e-01
-6.441922472777773301e+00,9.582297040858552606e+00
7.666695873671154793e+00,1.344062703100125589e+01
-3.501418475857402512e+00,-3.748484211748603023e+00
-9.852153411294578333e+00,1.044913315774108753e+01
