1.539389423712325033e+01,6.520408133129333983e+00
-1.824527055165856027e+01,2.830077997051143601e+00
-9.601988713197856740e+00,1.204367030248105763e+00
6.351725356291066937e+00,-1.356457956755795813e+01
-1.408175955263651913e+00,-5.850904176295094850e+00
3.922175768644391436e+00,-5.231023472070983615e+00
1.080249059740370754e+01,1.209731741634928071e+01
7.784276337937932055e+00,-7.574559199251182928e-01
-2.513720346185173593e+00,-1.223224549087174218e+01
2.493462198223774795e+00,-1.531578121952600213e+01
-9.880324673498368071e+00,4.296176912185239338e+00
4.680860917567859047e+00,6.498434508235871876e-01
1.289619723127899853e+01,6.779738286946798809e+00
-1.899627438764197507e+01,2.620904742209269056e-01
-6.934994858495857173e+00,-1.192440024227140505e+01
-3.383470175149331904e+00,-8.904678051039860875e+00
1.183061937229935623e+01,-7.160372412334949921e+00
-7.814696597104573428e+00,6.895343184615095877e-01
5.898991031386620065e+00,4.181167215903927925e+00
5.116479284229470854e-04,6.179820741789817440e+00
1.150703364510438087e+00,1.341628504337766259e+01
-7.478536592027010599e+00,-1.745552735338777950e+01
-4.757618971527817209e+00,-3.636446881057977087e+00
-8.100562369236723015e+00,4.640903882501008049e+00
-1.082109129274449799e+01,-1.522627192503095195e+01
-5.886724307787476462e+00,2.636312111319865981e+00
8.084859725023049393e+00,-1.414980880467365942e+01
-1.069668838951753242e+00,4.692861776523741923e+00
-1.455086646491393765e+01,2.149508967432665507e+00
-1.577798462212493202e+00,1.064709678835305340e+01
6.950593295057203136e+00,-5.876008648377194277e+00
-1.098340293614108099e+01,-8.572692573252606252e+00
-1.165843457478878875e+01,3.960387384039743441e+00
-5.617888482961737040e+00,1.415060652161953314e+01
-1.963266380542386669e+00,-1.500153079873551576e+01
1.262081021777388123e+01,1.139473118954743214e+01
-8.954662605241489715e+00,-1.511769671398107739e+01
3.523957909203677907e+00,7.004020444782927513e+00
-5.663480653644841212e+00,8.316535647059501102e+00
9.501139544257831915e+00,-2.328684243012901500e-01
9.565922217029731556e+00,4.483048552718707391e+00
1.127812925401170752e+01,1.156001087675261607e-01
2.205355440734508843e+00,8.278972491591172655e+00
-1.040994091267642219e+01,-1.166126621647324058e+01
-1.096291473556863139e+01,2.307020532083411180e+00
-1.194458495455141289e+01,-4.642088807978342224e+00
-1.221135983240783540e+00,1.851262598491426203e+01
2.875380442424956495e+00,5.123742242549822024e+00
-1.553575384499757206e+01,4.624616795928205293e-01
-3.946094271553362010e-01,1.429053939763587167e+01
-1.404522482406506434e+01,1.105825604873952273e+01
-1.398357667067553756e+01,-3.947513989284902602e-01
-3.643232924927278127e+00,-1.563935758318577562e+01
5.886964880306915227e+00,-1.371732922579924185e+00
2.647194623280732628e+00,-1.875577114037679749e+01
4.852559466969810664e+00,-1.255081629218607020e+01
6.473165699070267287e+00,1.576602780246482816e+01
-4.581505880859059410e+00,3.875820505058340526e+00
5.269301492091619465e+00,7.317467378690869495e+00
1.204536404953315021e+01,-2.047653185186105063e+00
-6.593516504640619225e+00,9.932931598802070994e+00
1.153970772074528917e+01,7.977138824786937477e+00
-1.374769721341170303e+01,-4.930689982294812701e+00
-1.566147974092065809e+01,7.490346454459089642e+00
4.004621592855603929e+00,8.834506023526049745e+00
9.147350088478020780e+00,1.274024258144788213e+01
-1.820649630665846841e+00,-1.739881236874301629e-01
-1.578033292396206022e+01,1.058001704355292816e+01
3.117645695582897947e+00,-3.518917252298040310e+00
-7.690463472594853966e-01,-7.550229160465931955e+00
-3.186998567545794026e-01,-4.413247270306990266e+00
1.177841789253289484e+01,9.854502381394786070e+00
-3.525766890285790378e+00,-1.376770537158210495e+01
7.322747462066177881e+00,-4.133080704483294454e+00
4.499365653872532178e+00,-1.051131333943667912e+01
4.031957396067750388e+00,-1.027556293192934511e+00
-1.139206629475046917e+01,5.210605604860363282e-01
6.031015977012290641e+00,-8.068250085642237224e+00
-1.681571397598540685e+01,-3.979014900008708722e+00
-2.177099436461276127e+00,1.496958950440306246e+01
-5.484006047134776907e+00,-5.391610103707448864e+00
-4.523372757625043761e+00,-1.857535146482667487e+00
1.400085456838983511e+01,4.837226978443817105e-01
7.166487515062021529e+00,1.306621400900249519e+01
-7.823966551882775455e+00,1.151790087310714306e+01
-7.967562986111981438e+00,-7.532309301503204324e+00
4.072785174746319292e+00,3.820285732198247963e+00
1.264912613610959191e+01,-9.258382030263481610e+00
1.345105599356891446e+00,1.378476655929764094e+00
1.068221526642846086e+00,4.758330255503143924e+00
1.789353733085694742e+01,-6.340229407868141820e+00
5.110825314927802232e+00,1.062973859958439782e+01
-8.672376855098969273e+00,2.826667435532428829e+00
1.028275986265755337e+00,-7.867037885213714610e+00
-5.117541457005594374e+00,-8.538536007173274101e+00
-1.133273794350079466e+00,-1.345831035182348145e+01
6.416432434779757443e+00,5.915722561278633052e+00
-6.213355060663287688e+00,-7.028213019860363175e+00
3.568495184059580883e+00,2.075729376235887269e+00
5.307180528033580202e+00,2.435478094979361963e+00
-5.484841287217740557e+00,-1.565708234662519693e+01
1.240945948126422893e+00,-5.297278013676304242e-01
-1.259170912434314360e+01,-6.919032688633238948e+00
8.188697748077776950e+00,5.857312373242331560e+00
-8.906294473831689373e+00,-8.920501720505246146e-01
-1.369340602505450555e+01,-9.182920238869396456e+00
9.363494151053426862e+00,7.198214076350567758e+00
-9.599256669979579826e+00,1.099690751371563024e+01
-1.731328015892216143e+01,8.896890237037483606e-01
-9.851391842277834598e+00,8.627739866069109809e+00
-1.277014771830792128e+01,1.797073518814651827e+00
-6.628027347581475937e+00,-3.946011941949440160e+00
5.483674543588487715e+00,1.239961574861093752e+01
2.873687202275816421e+00,1.410129251349557222e+01
1.606677702118510709e+01,-6.057268186805659482e+00
4.281020143974996195e+00,-1.426830803631138522e+01
-1.048491497380377169e+00,-9.322875466794185328e+00
5.866571506163068328e+00,1.762974973541119894e+01
1.091056111605655055e+01,-8.854779019781659599e+00
5.234506938126226139e+00,-6.451503320593971580e+00
1.343715659621920722e+01,-3.251002404527363332e+00
3.762457524043992141e+00,1.780957983953096502e+01
5.641913692985329298e+00,1.417471901957888925e+01
-7.270358550351556204e+00,-1.567045683023819436e+01
2.268543192486306648e+00,3.335851216653030971e+00
1.687144896420615581e+01,3.126610915562546555e+00
4.336919623465353091e+00,-8.698239826001586295e+00
6.428844882998822285e+00,4.226350356591048740e-01
6.184519003237561208e+00,-1.129790868766826151e+01
1.752382679026952061e+01,-6.566905870991693872e-01
8.562344499325954317e+00,-6.724973766337079439e+00
1.330915659751161151e+01,-5.072251224970749206e+00
8.817063409597034607e+00,2.762086463205403408e+00
-1.228938690438633508e+01,1.078227054723310552e+01
1.511979738487164227e+01,-4.047301663440599384e+00
1.406195759952558078e+01,5.290181562087594713e+00
1.438931409310544929e+01,-8.852659748618266988e+00
2.526652111254565902e+00,-8.970234391221021397e+00
1.285931767226558442e+00,1.520804492278622178e+01
-6.210493063257936264e+00,1.245801627193590377e+01
-9.231232803415043264e+00,1.298405461471482880e+01
-1.225982233036349278e+01,-1.142480898811974832e+01
2.444453317694569083e+00,-1.810423976259224688e+00
1.608018892785907283e+01,-9.517117481395743539e+00
-3.535762894918452304e+00,2.284522041590367092e+00
1.570605259139141197e+01,-3.125126181111428925e-01
2.863240572846193377e+00,3.814146346302396684e-01
-1.371032341274962540e+01,7.603580144586380207e+00
7.942541486263546169e+00,1.705890110962805295e+01
-1.310396321308552103e+00,2.843175472420393479e+00
8.072412287841610024e+00,-2.486650584116241181e+00
1.390494763767874353e+01,-1.396165305586170025e+00
-1.068867215390355518e+01,-1.229145861982272825e+00
-8.409593289555647999e+00,-4.183027480285691269e+00
8.212300811216845631e+00,1.053594727186208946e+00
-1.097972678442241623e+01,-6.157576612276212558e+00
9.834056341635601939e+00,-1.988915559033523017e+00
-5.567402021143970092e-01,7.863620699131472769e+00
-2.046545089548387875e+00,6.481928483628270676e+00
-3.985835352246798635e+00,9.060997115943107971e+00
4.617670835741041202e+00,5.622002809932562961e+00
-1.277191286292782335e+00,-2.881952869134727813e+00
-1.543611068177013212e-01,9.589973133629333901e+00
-7.388532285724252802e+00,-5.696897784640436946e+00
-1.801183997751529153e+00,1.314593244712565756e+01
9.632100835802650529e-01,-1.131272183926228614e+01
-4.682544770204113416e-01,1.256102604982804349e+00
7.690338613131433299e+00,4.152365953065598525e+00
-2.718075635005130053e+00,-1.844005373870149622e+00
-1.127841423968670576e+01,7.291885691577866702e+00
7.726365901858422980e+00,-1.232881695029811198e+01
1.566974512228127336e+00,1.000807311088888873e+01
7.824085606136167215e+00,-8.469614037944566576e+00
-9.136572983498300715e+00,-6.092533026179543398e+00
7.687380473930962133e+00,-1.027752159571875268e+01
-3.866097476848896264e+00,7.286262914402628077e+00
1.753373761016340460e+00,6.512943893985828403e+00
2.347016359037706335e-01,1.129648269402490079e+01
-4.859494869912323267e+00,1.068143833621806760e+00
-1.263823366579996943e+01,6.071709727123753453e+00
-9.633160131406057758e+00,-2.715988565468350657e+00
1.447304673054058854e+00,-4.290026877834290708e+00
-4.915423577789331588e+00,1.064933487535689238e+01
-1.017916659058059459e+01,-1.352919555089395054e+01
1.012514689644766008e+01,1.489893907877553048e+00
9.471278222621696941e+00,-9.875060506164935248e+00
-4.473889051816963280e-01,-1.275006057413639038e+00
9.739100025736371791e+00,-5.394489867915151393e+00
1.981556211985482596e+00,1.175098015158690146e+01
1.478790201440157048e+01,3.429796535808230296e+00
-1.671973517560470768e+01,9.000013445718684224e+00
1.531465721718705808e+01,-1.117856361248890096e+01
-9.963358896130927178e+00,6.111315106774491746e+00
-2.257854509250377895e+00,8.549457425577951852e+00
4.686890786465893299e+00,-2.714278179779143318e+00
6.914751572772181554e+00,1.066006107369799771e+01
-8.334981053610736268e+00,9.664349911646574753e+00
5.562336530098885845e+00,-4.374158205687127321e+00
1.431231887166918781e+01,7.967788780763096490e+00
5.951640853923914953e+00,9.062352004758453816e+00
1.666241359639107245e+01,-7.806539039363894261e+00
1.223656298855674152e+01,5.089145152941565442e+00
3.970301342814560597e-01,-6.159061766941010596e+00
1.083428267329309946e+01,-3.580483676193180198e+00
8.316218052347797984e-01,-2.587946407581608099e+00
1.062458545638271623e+01,5.888356369470264973e+00
1.593434299818753352e+01,9.408163755231891301e+00
-3.005920604049487910e+00,-3.637081839332427347e+00
8.557109240429046082e+00,-1.655981825378798433e+01
-8.730548875308100421e+00,-1.243214604664536971e+01
-4.397281521547736993e+00,1.238894920368558239e+01
-3.221958377760923309e+00,-5.472799493990880393e+00
4.789583204287660156e-01,-1.519453335272806349e+01
1.598258260467091674e+01,4.770711043377352745e+00
-1.353002785385647577e+01,-1.300433636130488679e+01
2.751511612857577838e+00,1.626801127048511475e+01
-4.262767738067291035e+00,-1.734695283226247398e+01
1.295289905166550959e+01,3.409811437730268846e+00
3.090629680756167286e+00,-1.275875966162497122e+01
-8.068799198720633115e-01,-1.118275658172637144e+01
-2.502991519156418487e+00,-1.043318428846703050e+01
-5.317761671728205464e+00,-1.374184982288510959e+01
-1.158689419410803723e+01,9.045025774106029814e+00
1.359778451767654950e+01,9.611107059219683890e+00
-4.486937780372254991e+00,-1.034218690658665629e+01
9.079111876572435236e+00,9.065292453262161487e+00
5.220069202511644635e-01,2.963968471671815319e+00
-5.732438451981233030e+00,-4.549671076229535593e-01
-8.190362299162767812e+00,6.411984288721354730e+00
-2.691258313444867323e+00,3.917326353811030781e+00
4.231737889641083328e+00,1.530975025734337791e+01
1.271615495545088415e+01,1.327738742612860534e+01
2.693087943667525685e+00,-1.078881817292272238e+01
-4.407713219471275146e+00,-6.893197263436156241e+00
-2.563039791535699941e+00,-7.206332982987404101e+00
7.065036999866667777e+00,2.389580750313843094e+00
3.555635635306378717e+00,-7.034576298051729459e+00
1.134398812954909985e+01,-1.071340141586790295e+01
-1.484066037560140394e+01,9.081756928387386907e+00
-1.415187945625548949e+01,4.957782849691504623e+00
-1.018689174966002042e+01,-4.504828140910965395e+00
-3.661588824027645739e+00,-2.535317937383614328e-01
3.647074121831925364e+00,1.243003194268889722e+01
-6.241811222840722095e+00,4.430130055957057778e+00
-1.090134047898335012e+01,1.380244641857159138e+01
-6.356913595506402892e+00,6.199887531298843513e+00
1.321061691897772228e+00,-1.316137762038350090e+01
-3.623843077502077570e+00,5.539234731461810668e+00
7.104898575200592425e+00,7.597631638732186055e+00
3.341604180780026301e+00,1.054882743709014115e+01
1.553776300475097472e+01,-2.168425739199799196e+00
2.145597116756098099e+00,-5.913409993112338725e+00
-6.361231034675663309e+00,-2.191404579822701759e+00
-3.745254437231142042e+00,1.410404059774153396e+01
1.115352770329088550e+01,3.538704800697292541e+00
-7.182733609337843106e+00,-1.376907733394908817e+01
