-4.969690959379097883e+00,1.072778533913279908e+01
-1.251398413915167396e+01,-2.287844184077296728e+00
8.857408498528646090e-01,-3.936438027193080558e+00
1.551503699964754901e+00,3.696382494085145520e+00
4.877630203142171994e-01,1.264139588289466154e+00
9.454227658754581043e+00,8.286066567420370177e+00
1.655780175959882072e+01,-5.336388246891891285e+00
4.734944881667561667e+00,-4.292065332509105713e-01
4.356540272590416762e+00,1.484576338108311333e+01
-8.523651871770695720e+00,9.666827607081081908e+00
-6.914258332358703463e+00,5.460894168598128040e+00
7.949058333412167165e+00,-1.017433986941438739e+01
-4.190235366893448443e+00,-2.388798306074997324e+00
-1.841530472267759233e+00,-8.658604322651410001e+00
-2.853243511406266641e+00,-6.188815587938067075e+00
-5.179508674441032134e+00,5.163692635677731069e+00
1.111257246378051455e+01,-5.786000344565021436e+00
-1.036646171145106443e+01,9.513385395069208883e+00
-7.653304849354520378e+00,-6.546683308711400251e+00
1.010974522497723171e+01,-1.728866761839229715e+00
-1.055874147420063913e+01,-4.620235664383605112e+00
-4.227188137952634150e+00,7.564822428508922059e+00
1.509006573860102129e+01,-9.058186529044100155e+00
-5.142628752156997579e-02,6.545250292192196007e+00
8.686596397284748861e+00,-2.945575013151354504e+00
1.233387731638215801e+00,-5.785811018678158613e-01
1.291322292744089673e+01,-5.621122366909070855e+00
1.589003275812765681e+00,5.512426556203799066e+00
-1.157289287604644201e+01,8.990949502457957765e-01
9.735842974174534703e+00,-4.417961710632412498e+00
-9.498451835631074758e+00,5.415524776409777807e+00
-4.189877646458952665e-01,-1.409172189312012602e+00
1.598236899414382961e+01,7.215460435273041817e+00
2.542295783889664484e+00,1.285942360871278289e+01
-1.645094321358812195e+01,9.095730619537420125e+00
-7.822324276912661745e+00,-3.079498611984397005e-01
1.458603712899735250e+01,-1.217031122683982503e+01
-5.033474911473730273e+00,-1.252677997405539401e+01
-1.264562465455675344e+01,-8.760601756713157329e+00
1.804061737135641508e+01,-4.339398621964234870e+00
-8.243817413236498304e-01,-3.164310236864958714e+00
1.250232092193120970e+01,-1.428925754941477955e+01
-1.050053107960014565e+01,3.929988486064112330e+00
-3.642663580697454329e+00,4.303144371369549859e+00
1.452405902685225847e+01,-7.565884621162297652e-01
-1.346827373150500939e+00,1.663622391891495800e-01
-6.801723091358435447e+00,-9.282941377632596414e+00
-7.430518407066542430e+00,-3.974434312152471893e+00
-5.738588148465188610e+00,-1.086531009956888738e+01
-3.598741793254222721e+00,-1.366006770478418275e+01
-4.693466515532892736e+00,-1.706431826392639906e+01
-5.074325305729066038e+00,-8.967355125337794775e+00
-1.785119614660009901e+00,-1.248638534297533909e+01
-1.184601684765854479e+01,2.729164282111283590e+00
-1.347262143612255336e+01,1.070508683994836296e+01
2.165862229665473926e+00,-1.070915443829475500e+01
4.542082618008294936e+00,-3.887268601266551382e+00
-3.642626913238891984e+00,2.499925536904561874e+00
1.326223714859743730e+01,-8.950904493526715910e+00
6.603851995597347369e+00,5.091395890244322153e+00
-9.248835786483352805e+00,-1.041805165474693595e+01
1.475063860166856244e+01,-2.646202036203331609e+00
3.780345150786929675e+00,-9.858576801406034207e+00
3.692743746411120132e+00,-1.190089908556834786e+01
1.003650203368791627e-02,-8.038991584613315311e+00
-6.150245643732158207e+00,-1.589446171444246048e+01
-1.159953104652277212e+01,1.080729428067924935e+01
-1.481089134914100036e+01,1.189526206292446808e+01
2.980390847539329702e+00,-3.932872312750984034e-01
-1.273686189963928150e+01,4.804943209043575969e+00
-5.369642981673911741e+00,8.460799215334264822e-01
2.821331510052844591e-02,1.405102873856126777e+01
-1.274602190210879371e+01,-1.408147236344267128e+01
-1.142173947088160801e+01,-7.506959508508052714e+00
8.557296874405210474e+00,4.395331863615920653e+00
-1.125928995182937342e+01,5.810499986746162193e+00
-1.771540335337055960e-01,2.893738504252056476e+00
-4.915775795891266231e-01,-1.549147903556315242e+01
-4.966310600119296481e+00,1.335080556784510897e+01
1.230939753206583376e+01,-7.366434251403620515e+00
1.107729785162820946e+01,-1.326409519862896502e+01
7.766039270491509328e+00,-1.198638343878440438e+01
-8.995326330474606280e+00,2.813105462910360899e+00
-8.870119260563310348e+00,-5.153587153820699207e+00
4.351682603412402983e+00,7.785426973594656630e+00
1.300146466891881580e+01,1.282246909337465013e+01
6.163253635129202657e+00,-4.591279963964350230e+00
-1.918107768465270757e+00,-1.424404870846010240e+01
-6.791847014511582792e+00,1.325141331871814820e+01
1.140238844219881464e+01,-3.068763667249569504e+00
-9.422306606522711903e+00,5.046191458197778479e-01
1.341301305885194495e+01,-3.871096791658798164e+00
7.686755016999502921e+00,1.607099276288168843e+00
-1.441366511826996621e+01,-8.380995542869291270e+00
1.878261089165836450e+00,-1.251961749090870235e+01
-1.021544421639592315e+01,1.214977436551518863e+01
1.564336584241378247e+01,7.358892511896615307e-01
-1.412875948208050758e+01,-6.633114465341327204e+00
5.285079607837430693e+00,-1.098162521827295635e+01
7.512316767295314612e+00,-8.077883962660106221e+00
1.447647243690835195e+00,-9.105154780965508010e+00
3.814163270513762249e+00,1.202430496419500949e+00
1.124150359536834287e+00,1.002108608663279377e+01
-1.574876583823343523e+01,4.708981341623218464e-01
2.223696333021242921e+00,-5.563863977066934474e+00
-1.746707483255460769e+00,1.899796064513164406e+00
-2.277930311552375020e+00,-1.644266484110508841e+01
5.594409303813237422e+00,-1.287327707080295269e+01
-1.113315118014013194e+01,-1.007417529225671338e+01
-2.213820538598773702e+00,-1.380612334688993359e+00
2.123847153314926572e+00,1.976365249901396615e+00
1.765545858050078820e+01,6.450612222555394126e+00
-1.014038323056132107e+01,1.481263476139784352e+01
1.127155387765559347e+01,-1.140453052732057238e+01
1.028091393027825440e+01,4.864146744061856431e+00
-2.420303030238200037e+00,1.091221241593241942e+01
1.163995715506138140e+01,6.395829795733567913e+00
-8.632294703507165323e+00,7.625450659029178624e+00
4.979752163902182893e+00,4.280899294523734078e+00
9.446541642282445750e+00,1.161547455958254105e+01
-3.749710811522369625e+00,-7.794591358800811776e+00
1.148333864830375362e+01,-9.367738575095422959e+00
-8.560440694672783124e+00,-1.480198470450228854e+01
2.052696881927036809e+00,-1.715713273163365571e+01
6.029299796419640423e+00,8.532326138386726599e-01
6.728112954804850609e+00,-1.773390827876092857e+01
5.495425741033391986e+00,2.574763723373449054e+00
-1.296632255322639082e+01,-5.249801794771317809e+00
3.712823392485106844e+00,3.059753634819136536e+00
7.199834144399283709e+00,-1.508233193417481921e+01
-3.797232085989806993e+00,1.780546925653334966e+01
-8.501650716337186608e+00,1.153473481529865730e+01
-1.827944345307938256e+00,7.321481058760169525e+00
-1.430334609042989769e+01,-1.984746478271126380e+00
4.282053569569404528e-01,-5.659434593331448937e+00
1.607058693059987675e+01,4.807417921178262610e+00
-1.238971829630113763e+00,1.652735751420748045e+01
6.045996262526899478e+00,1.553938743015032387e+01
8.388611027916921259e+00,-1.073489653675034683e+00
-5.395879445391017271e+00,2.728943335526841096e+00
1.091760270358868290e+01,1.055419589078011455e+01
-6.251418115127937547e+00,-5.401325024445572609e+00
4.551110875143336010e+00,1.103116351328914213e+01
-3.394865241380232490e+00,-9.513816866472859957e+00
1.330840500303543195e+01,2.668867868175176739e+00
-3.054847122145685212e+00,7.151256712584683761e-01
-9.869505015073514187e+00,-6.660056280023705533e+00
-5.686240972684070805e+00,-3.364663285847676377e+00
9.700637462677184075e+00,-1.052719395641248568e+01
1.214774569661960513e+01,4.012915665825341094e+00
1.047100741502889232e+00,1.177322950291794967e+01
-5.940642551859751208e+00,6.926091910555802755e+00
-7.553148809868353020e+00,-2.128229396363610526e+00
1.113359838805761193e+01,1.274613974887606282e+01
-5.887832388128931171e+00,-7.338580723395126348e+00
-1.681278624515230691e+00,-4.848350967837243175e+00
-1.734352070304734639e+01,-7.303657256934000808e-01
3.858873137479775783e-01,1.580585284468903318e+01
6.419704783394675651e+00,-6.356111109903048728e+00
-1.498715557532805676e+01,4.205720733487147811e+00
-9.554936981773446192e+00,-1.640091156633071634e+01
9.531144649122587964e+00,-1.242618031094523978e+01
2.391514503813307435e+00,7.172192508781187748e+00
-1.749935344047417729e+01,3.643626593521360757e+00
-2.011885982466987688e+00,-1.071282623015695279e+01
-1.298335274615659429e+01,-1.048643674074331500e+01
-2.594172165317764733e+00,-3.164610214182403070e+00
5.929987624325020690e+00,9.268114934565668150e+00
3.267535027004699000e+00,-1.854905297494691752e+01
9.562575291322204407e+00,-1.540489846638447879e+01
1.786608390348459352e+01,-2.456790040665214114e+00
1.773940870603093245e+01,3.860789480503602711e+00
-4.625362173387988385e+00,-6.068088887457863123e+00
-1.402025381272034465e+01,-2.415552169262512039e-01
5.365690937189162568e+00,-7.892557229417159981e+00
-1.741851396879825131e+01,-5.380529362900607460e+00
-1.231713774652548166e+00,-1.894614187516656401e+01
8.228524603440169116e+00,-1.664180810922714571e+01
5.193957129930312000e+00,1.713536749139022675e+01
-8.687410607546858232e-01,8.845820985564930794e+00
4.972569075674571515e+00,6.119035401212781444e+00
7.959153313659286688e+00,-4.719708961029574823e+00
6.556593555682246333e+00,-9.022320563719586906e-01
-8.475130819369574908e+00,1.392822145101295561e+01
-3.207660332135319869e+00,9.064020580156316953e+00
2.691714731931327265e+00,-3.825636146207301191e+00
4.957435069929841953e-01,-1.137662905427863258e+01
1.467823581143118439e+01,-5.195215604583463431e+00
-4.116342139232972208e+00,-4.264588651791106244e+00
1.189606083520960667e+01,1.621134186699495050e+00
3.084230061274005674e+00,-8.194548890086684523e+00
-6.312910792878710708e+00,1.792057915696799242e+01
-6.000524883981842805e+00,-1.404785671060933439e+01
7.686984420748199653e+00,1.178691400910222775e+01
1.571668990226045448e+00,-7.216034580934212350e+00
7.964806607663899918e+00,7.246241653112788228e+00
6.209369750181764402e+00,7.477578700278685986e+00
8.532035389299281292e+00,1.339027772542540262e+01
-1.034148983129747634e+01,-1.195340150233500154e+01
1.415525545662347362e+01,-6.944070856354825239e+00
2.638139093841904259e+00,1.102917588623878054e+01
6.284361604528592160e+00,-9.423175673592414370e+00
1.682093981857143206e+01,-8.786745964521518459e+00
5.222711025318509392e+00,-2.194418585605484751e+00
-3.835274594604829446e+00,-1.121591169533347454e+01
5.389011294805984953e+00,-1.467873498650326702e+01
1.413302165646981301e+01,6.550733155158081189e+00
-1.075926478760339045e+01,-2.645407061612740751e+00
3.245445386805953625e+00,4.789873933123485195e+00
3.837185183958746748e+00,-1.377013496648443081e+01
-9.209063464044778158e+00,-1.434365571944780982e+00
1.571577213876875281e-02,4.651242523625220393e+00
-5.899231502443765152e+00,-1.496876308964177227e+00
3.896736835479852168e+00,1.838633564776517915e+01
-3.863888832236761495e+00,-1.546158207070552137e+01
-1.399995215422153372e+01,-3.821091595862356805e+00
2.908768106873086623e+00,8.882155177152027292e+00
1.415599478524227450e+01,4.611461835724590230e+00
-1.097216549516238437e+01,-8.742448088615309976e-01
1.749947577865441861e+00,1.739686193414434712e+01
1.289738050114892332e+01,-1.072527726622566391e+01
-1.360942487562086134e+00,1.237171897776480556e+01
-5.844560809242832278e+00,1.492243636866686174e+01
-4.437746358811993197e+00,1.608232122164741540e+01
9.193092246068404805e+00,-8.838164908883733517e+00
-1.128950164394412203e+00,-6.601483127753765778e+00
-7.129765143740204536e+00,1.313805372680119543e+00
1.842601548351568086e+00,1.448452398308676514e+01
-1.566841019830383264e+00,5.493256310791392316e+00
-2.029161618514252474e+00,1.401976583877926963e+01
9.300843355990339845e+00,-6.139742154854895162e+00
-1.839371702677454978e+00,3.730616693514917870e+00
-1.274915558423457895e+01,6.786846544795461789e+00
-3.918263953048551351e-01,-9.856424126339952352e+00
-1.406424173405857481e+01,9.000016840600006063e+00
-5.462440894189453999e+00,8.900284286730800076e+00
4.460329737284665086e+00,1.295395964282420209e+01
7.120654831508147709e+00,3.351451109368774883e+00
-4.288411638284713945e+00,-5.788737045902803136e-01
3.450276725179813209e+00,-2.169835682561497947e+00
9.138815917678156930e-01,8.215925436129099424e+00
-9.056442887521582108e+00,-3.213432364214752646e+00
1.571917905235150137e+01,1.009855713556240886e+01
6.854157662300864651e+00,-2.940311867368106569e+00
1.004377378403070864e+01,1.676196765742259398e+00
3.294098736529748717e+00,1.635758826422376444e+01
-3.255302763373578046e+00,6.059584706993478953e+00
1.276677422315723476e+01,-1.254146391332186283e+01
5.486048501682705414e+00,-1.644479721688652063e+01
1.688264809202079775e+00,-2.287910345385625988e+00
1.292556007740511959e+01,-2.060268223467822679e+00
-1.520252221634972933e+01,2.215351083860089165e+00
1.376606522718108394e+01,8.726389577838580269e-01
-6.596071970333076129e-01,1.062142826083415059e+01
1.103743129600746364e+01,-1.487909556408941458e-01
-8.292932453328413445e+00,-8.182106786409537591e+00
