1.459271593398309186e+01,-6.127635547433773588e+00
-1.074039953541494441e+01,1.496655733291811430e+01
-4.140425894534553564e+00,7.161790194240989393e+00
-5.092808995712138298e+00,-1.227824406812415070e+01
1.073277694858124853e+01,-8.079400267896744481e+00
-2.946559300374120838e+00,1.238403181710876311e+01
1.563374410417145022e+01,1.002183278092890317e+00
2.435073549071089971e+00,-6.281295591119061328e+00
-8.594187216574338706e+00,-7.124209311338674411e+00
-1.274973014357352774e+01,-7.852525558725073296e+00
8.654064542820204764e+00,-7.278220907451837807e-01
2.415386640372067184e+00,-1.140135831043620707e+00
6.786567567995825279e+00,-5.502539297942984575e+00
-2.792886215183078225e+00,-4.948197142118644365e+00
-1.283885975171369154e+01,-2.332891069937796047e+00
-5.861192465056561218e+00,-2.890931465849407189e+00
3.698805555664727684e+00,-1.233199363740962262e+01
8.505538366534274530e+00,-5.952286145172728027e+00
5.134530485182078330e+00,-2.776412866583207184e-01
-7.205951258559617045e+00,1.565500614275159741e+01
9.986122428791581740e+00,7.224477233735396631e+00
-1.728411245814280406e+01,-6.435073458020325710e+00
-3.344200733005643134e+00,3.029160522728691074e-01
-9.399849691604442725e+00,7.755112608039794964e+00
1.749544308661866410e+01,1.516690946595889100e+00
-1.660259263281049780e+00,-1.353945573694429605e+01
-9.991643000823762222e+00,-1.053744114185713165e+01
-1.060794010716213975e+01,-3.043666572175447005e+00
1.320527800401768914e+01,-1.930792352464601569e+00
5.971124946666812150e+00,7.423332113947487265e+00
2.585382234216497377e+00,6.133054871994505497e+00
-1.334905303180318192e+01,1.870000344453083718e+00
-2.395243164004735359e+00,3.747494903576125580e+00
4.297081695278127889e+00,5.454247904434742722e+00
-1.028004621911094141e+01,-7.812369769778041650e+00
1.651809784271194914e+01,-5.194911375896772432e-01
-1.619741734919203324e+01,-4.920667900575079301e+00
-1.096537939329047973e+00,5.665472380555208964e+00
8.908030785205772517e+00,1.354939272653645688e+01
3.810866031740645088e+00,-1.422027604459310091e+01
9.840104778600268887e+00,-3.587819212238022804e+00
4.516560451637759321e+00,9.444510479247448131e+00
5.362085589740316571e+00,3.987058141541849565e+00
-1.556787873914731080e+01,-8.452671113432843608e-01
-5.025032027862080142e+00,9.954899922790552580e+00
-1.057972332147651073e+01,4.142236524331289971e+00
1.236519822661033530e+01,1.380504705547633293e+01
4.699102185955116973e+00,1.683246393908576977e+01
-1.072299225119500266e+00,-5.707756796056601800e+00
9.179526201394127227e+00,8.904210395798827449e+00
-2.519024917277609799e+00,1.577174037705602316e+01
1.943697769672177778e+00,-1.720200824456864552e+01
-7.685810316765131489e+00,7.187936423294467581e+00
-3.282836365947166435e+00,1.061706251435297865e+01
-1.165016112008835236e+01,-1.494685515408018972e+01
-5.070014776291539960e+00,-1.039879961273436493e+01
-1.494045969388971962e+01,-1.043572987573252497e+01
-6.061284989466392936e+00,-5.018166235607149694e+00
7.766563258078986287e+00,1.536093961541395769e+00
6.199991931526848354e+00,-9.760511630876106182e+00
1.658816357312195233e+00,9.650608739856229690e+00
1.221260622694415687e+01,-3.438414729237235345e+00
-1.252264612184675308e+01,5.707746646742525520e+00
-4.936072679005984121e+00,1.653907688453431390e+01
-6.602716098640952325e+00,1.749755181620401245e+01
1.449128728931293075e+01,2.601236175480694968e+00
7.658471580648415156e+00,6.543399163211479852e+00
-3.221551534881587298e+00,1.743106323971754179e+01
4.414214806116052436e+00,2.408472108677683909e+00
-4.484185787349600716e+00,-4.097685190818973311e+00
-8.073082803104485450e+00,-1.532082350850057395e+01
1.494769098971868182e+01,-1.332336554298419351e+00
1.161560736790253578e+01,9.048857948216600944e-01
-1.379244787780720127e+00,1.050586625529549778e+01
-3.644344587570166549e+00,-8.155623950785408027e+00
1.671169259907428284e+01,4.615590500915215166e+00
-5.918255956846277144e+00,7.660312914147772823e+00
-5.992013058104047607e-01,-7.412290974091488849e+00
9.250053027441763831e+00,-1.657863718426193955e+01
-9.183684684522031461e+00,-4.093982944563189008e+00
-5.008243136158645470e+00,1.526511435702702757e+00
-1.198882492082793583e+01,8.195823728094714156e+00
9.496246476038251672e+00,-9.479305925504244001e+00
1.276228020937809760e+01,2.927070289842592210e+00
3.050344960292561858e+00,1.329411879848601963e+01
-8.493819462070661075e+00,-3.012789798997292934e-01
-1.797056916494108236e+01,2.663568412103574978e+00
2.454384213936801729e+00,-1.552150310547842338e+01
-1.905793526135402649e+00,-8.581013489792065130e+00
2.187188669334690361e-01,1.339764048606758573e+00
7.663334282156438526e+00,-1.736217514777414195e+01
-1.150500418465522756e+01,-6.530276200174462531e+00
-3.562803292560042578e+00,8.853523411030918666e+00
-1.858703229516289213e+01,-2.961971862927640142e+00
8.594754915875705947e+00,1.582159126633765922e+01
-7.061773965427415867e+00,-8.088065915002099260e+00
6.931924747514258023e+00,-1.771522175219407413e-01
-6.743747014073620427e+00,1.635744188938458299e-01
6.423598404176042109e+00,-3.654929032978247339e+00
1.628103643503528275e+01,2.818948987633308256e+00
-1.535701827525764562e+00,-1.648603649274324567e+01
1.047224042905114239e+01,1.584306383330798695e+01
-1.238858999315051790e+01,3.412126706548295640e+00
1.660964143881530930e+01,-6.180344202191145442e+00
-4.399757911861075677e+00,5.384718072359281571e+00
-1.623036468895664797e+01,3.398561995202204145e+00
-1.671786110744213905e-01,1.598518879211283128e+01
6.004549882891497825e-01,1.429079990226704489e+01
-1.517557333749200588e+01,1.873716800134975102e+00
-1.308281098031553347e+00,1.318293193036453737e+01
-1.566139881388752642e+01,8.618273909887900430e+00
-1.134332095979837440e+01,4.307286225979660155e-01
1.045647287740083087e+01,4.242760107569238492e+00
1.184660336474049913e+01,6.809912759441871799e+00
1.237290597489588073e+01,-1.048983590839510605e+01
-7.218396356723914664e+00,-1.251194910810091088e+01
4.623961405279154668e+00,-1.842702015311857977e+01
1.671866221260868812e+01,8.153117108030206950e+00
3.119769590547086136e+00,1.068491180281819730e+01
5.977443666132259414e-01,-1.207320008806799017e+00
6.755533983622838967e+00,-1.155811431952497159e+01
1.456114840531997601e+01,9.259463449800495738e+00
1.326015974892057336e+01,4.692823082675735336e+00
-1.472018975514404993e+01,-6.013691836729695872e+00
1.878288434566338871e+00,6.368307197862980162e-01
1.407493255623495010e+01,-9.785835754225203686e+00
-2.518037128388654899e+00,-6.752033237034315682e+00
-1.252046055038401384e+00,-3.915713561573522572e+00
-3.247326168113219946e+00,-1.072332905374624801e+01
3.283294835125269540e+00,-8.039232837758856220e+00
1.614650585608265743e-01,-9.560438358189340846e+00
1.847274793566500506e+01,-1.480694656819217636e+00
6.137561376428902093e+00,-1.817498856397297136e+00
1.500565291376071464e+01,5.253287813571515308e+00
7.407100381623402008e+00,-1.322517137841796320e+01
-8.738135694166913936e+00,1.477932610985599560e+01
3.789259425714586627e+00,-1.681384032435092735e+01
-8.240190225232380428e+00,-1.096119537449097869e+01
1.109967323091120583e+01,8.678095645910865130e+00
4.919229792377642241e+00,1.330175687209717772e+01
2.721647862105581961e+00,1.559167042621530719e+01
-1.652580082204215373e+01,7.120484408392755427e-01
-5.341932584045336441e+00,-1.670297730523186885e+01
-1.128760419837337992e+01,-1.351887514133902624e+00
-1.481761306258693178e+00,-1.037001764406990922e+01
1.100318769601874358e+01,-1.161719487743632939e+01
8.139616014494128748e+00,-4.150284022714746612e+00
-3.693089592670883992e+00,1.400367634965261487e+01
1.776847230501113728e+01,6.099865526054916387e+00
-2.355202574138659966e+00,6.989762064384557050e+00
1.581125396566001040e+00,-4.614302634961188865e+00
8.468743251735665112e+00,-1.092359777345374994e+01
-7.118680888751225844e+00,5.479964967947816845e+00
-7.335401156797177080e+00,3.265967956707334974e+00
5.125078220005565122e+00,-4.892808989422841925e+00
-1.092996895784997946e+01,2.285882523087146456e+00
5.147168972502798034e+00,-8.123070182737899714e+00
-1.447194454018456611e+01,7.223840176327063212e+00
2.596676572491455559e+00,2.326898261722125660e+00
-6.775192791053256336e+00,9.364849699376144088e+00
3.655860250016097712e+00,7.499797859662460375e-01
-5.955089382917122531e-01,3.980116787548391599e+00
3.322000185796994742e+00,3.988564834233956802e+00
-7.900576241223244089e+00,1.514375884732991340e+00
7.847534186849723703e+00,1.020185003108592525e+01
-4.217061013576723028e+00,-6.033501041651601504e+00
6.497076115278228592e-01,-6.165649476691567266e+00
7.939058093101082569e+00,-2.389127265324910709e+00
-7.210878521439566313e+00,-1.640206208812532207e+00
5.177169650977988979e+00,-1.536595198999028078e+01
-3.252381911641298640e+00,-1.258612082483862515e+01
7.577938747381799622e+00,4.344215473763379798e+00
6.164358296511346147e+00,5.603354676744463525e+00
-9.159159987246358270e+00,2.827651677331531221e+00
5.095858008886497981e-01,-1.857977635369670111e+01
8.051656935770576951e-01,6.095817564078587658e+00
1.396017076653591005e+01,4.726222502464476061e-01
7.473527564978440729e+00,8.391390118484942207e+00
-3.256996128041905969e+00,2.127969313455084777e+00
-6.294353151270265734e+00,1.122981353822049932e+01
-5.848319597359315836e+00,4.244571965223816079e+00
1.844787854466820143e+00,1.200172091699828059e+01
1.328075296258968141e+00,7.870315338794614313e+00
-1.647221837734222660e+01,-2.645092599897009844e+00
1.042859263157454741e+01,-3.832471692612511305e-01
-9.810965023895638737e+00,-1.479323858108101142e+01
-9.507099087103611623e+00,1.643495161171916763e+01
1.165306812151340576e+00,-8.050604290465043889e+00
9.245304839382701090e+00,5.594401109559427709e+00
1.235968109345249033e+01,-7.375340726743420561e+00
2.958946263213761974e+00,-9.790183815780741483e+00
2.780459662483897532e+00,-1.879275921800243054e+01
-1.796322164822569123e+00,8.706969262929048270e+00
9.417481525076289994e-01,2.954917093258188743e+00
7.414175817227883769e-01,-3.001413608371104935e+00
1.086179088406309745e+01,2.538888844149785662e+00
3.854137329819480318e-01,1.092049079127396283e+01
-8.930937787093403912e+00,-2.250322322712744239e+00
1.560153693646517503e+01,-4.635472321549246821e+00
9.575257950399953089e+00,1.286449558665006210e+00
5.832406515329760843e+00,-1.715492991423196045e+01
8.927781133396480939e+00,-7.682618983916592370e+00
-2.639735888009507203e+00,-1.395713131261759221e+00
-2.968013511059479193e+00,-3.135477575275599005e+00
-1.043048009627770334e+01,9.287595785472372967e+00
-5.503857260107820615e+00,1.486247405484001405e+01
1.787168163528359344e+01,-4.771060798035016148e+00
-1.361848025855531930e+01,8.967191750020347740e+00
-4.199351651835932842e+00,3.603787261425083432e+00
-1.471270597315277762e+01,-2.474287570178977269e+00
4.808408929229879725e+00,1.138130726891284716e+01
3.380680911360370633e+00,-4.602417279225116786e+00
-1.131705664600455208e+01,-9.369386985799232903e+00
1.413350302282336912e+01,-7.895809509828380257e+00
-1.873039079704781784e+01,6.089375609639996467e-01
1.304374888789731379e+01,8.181406426351276906e+00
-1.458714365988219264e+01,-7.824481566788800357e+00
1.097924006143862918e+01,-4.941979381778867086e+00
-6.833859170449492204e+00,-9.890016776028270229e+00
-7.761772530378860502e+00,-5.546186513557056941e+00
4.296953056580454344e+00,-6.476126150656824620e+00
-1.299773258721928926e+01,-5.530340453492616604e+00
-9.692437288592145705e+00,1.043334124106758631e+00
1.604976263821946247e+01,-2.806504819116756089e+00
-7.372845155941699424e+00,-3.782544788914095957e+00
1.092335376010150760e+01,-2.185564740045359944e+00
1.392901261012476688e+01,1.283191546076600176e+01
-1.465989563587140276e+00,2.539981119857063208e-01
-8.724463960597660162e+00,4.546702963004007891e+00
5.936236680208179628e+00,1.373429552471378212e+00
-9.474424437463873971e+00,1.130058378113257511e+01
3.584992217728583341e+00,1.832511911341279287e+01
4.580464903099422114e-01,-1.135069112766688093e+01
-5.015093392287411689e+00,-2.968626184299469895e-01
-4.342012000357693857e+00,-1.967964691133746502e+00
4.073212886405507938e+00,-1.733668101854941135e+00
-1.006999211789530335e+00,-2.091824442656159633e+00
8.121380689225864424e-01,-1.481235624583068144e+01
-9.812255240967898473e+00,1.329374157506482668e+01
-4.702398877678777289e+00,1.210964745890190564e+01
-9.913383414894578749e+00,5.920201686060265089e+00
-1.416312876190135794e+00,2.136884099954756255e+00
-1.130307218157743598e+01,-4.706444024478510180e+00
-4.839014223314084817e-01,7.384454896889536712e+00
1.426215925230591264e+00,1.687639165996127488e+01
5.110233083638827445e+00,1.509087490050476177e+01
-5.367231092386792746e+00,-8.654150575150350022e+00
-5.811365741118913242e+00,-6.852403062236003706e+00
-5.081790792212067392e-02,9.183470971385180093e+00
-8.613437884009080392e+00,-9.104598762379829680e+00
9.336367379674792133e+00,-1.250973008488767846e+01
4.150785613012246245e+00,7.256559877315062579e+00
2.662040006834096140e+00,-2.960782003708272825e+00
7.922910521953246743e+00,1.199199235668599606e+01
-9.801135940998237928e+00,-5.821395084320252877e+00
-1.420463651188929610e+01,-4.233313669200777341e+00
