1.345899762330159000e+01,5.367064119371553588e+00
-1.795926420410171431e+01,3.214503828816642539e+00
-1.279193734502799806e+01,-1.403393428951369160e+01
3.085098276807412887e+00,-1.093526760459517000e+01
1.225231319335852831e+01,1.648275786768810702e+00
-2.830354701386069483e+00,9.401452436024890780e-01
1.025676745392952327e+01,1.137880952888546382e+01
2.598444092532825156e+00,-1.947188458508435582e+00
-1.288385635969061527e+00,-8.382606588052130547e+00
-3.019274763168721787e+00,-1.251374075403967723e+01
8.531647152676370638e+00,-1.134542359845609383e+01
6.708867255433473842e-01,1.180954786858942285e+00
5.898622713649206872e+00,1.222490307893801864e+00
1.692697679699016522e+00,-6.359943518462972456e+00
-6.595023321019433560e+00,-9.335421090908951669e+00
-2.208523498619596390e-02,-1.483854526696939846e+00
1.206032926225833890e+01,-6.971090490335607903e+00
7.641552337273104456e+00,1.488654532241038941e+00
4.510752520708986246e+00,3.289164529315379060e+00
-1.577014985743780962e+01,6.703339486689545268e+00
2.002521315990249740e+00,1.041673970137691896e+01
1.788612656359192599e+01,-1.954989294560146140e+00
5.577110377706479660e+00,1.478324596467897223e+01
-1.053306116568563411e+01,-5.809455857101236687e-01
1.112714252953469796e+01,1.315349051241184242e+01
7.658243461028593657e+00,-9.745946268393399947e+00
-1.517703466809411417e+01,-6.431755254015989465e-01
-3.030862500216924715e+00,-7.996500851435376589e+00
9.223410062750788896e+00,7.197798735935888814e+00
-9.933069630676401029e-01,6.250582961664827408e+00
-4.507195269430586571e+00,-1.972434265486346261e+00
-1.196566124344110982e+01,-1.213562602842782745e+01
9.944425238132307499e+00,-1.660112593219150057e+00
-1.419397454235856237e+01,-6.982346259262847354e+00
-9.495860787995431096e+00,-1.534420560806301026e+01
1.108886273813768319e+01,9.796604310581754405e+00
-7.756463084264987096e+00,-1.473357949479028406e+01
-2.464792014313521573e+00,2.712320329399160901e+00
-2.959787919891548214e+00,5.964832090632038231e+00
1.360300301050687644e+01,-7.833598044181107944e+00
8.015606685815184207e+00,3.270560798766532162e+00
-3.150461464348306428e+00,9.114713916857928311e+00
-6.251186570087114980e-01,3.230550841368093895e+00
-1.040871527937139263e+01,-1.122712479670628838e+01
-9.677043799089394938e+00,2.955604273347157918e+00
-9.016335733220968152e+00,-4.512462922575339874e+00
-6.517803830948099009e-01,1.805793145634425656e+01
-8.075599723373199978e+00,1.512902535050817576e+01
5.884671922523193599e-01,-1.412431783072697655e+01
8.981856577633513083e+00,-3.333516889120187177e+00
-1.276856415117370780e+01,9.724929451345351694e+00
1.350960194149453564e+01,-1.115599800600790914e+01
-8.859370988093170141e+00,1.525749130993523384e-01
-8.775177805041201040e+00,5.018011765769275101e+00
1.986349393931726715e+00,-1.888402373496212405e+01
4.746477480066237931e+00,9.619737319856742630e+00
6.952750500496505559e+00,4.835902486476671314e+00
-1.847637428845048779e+00,-6.642558289286416340e+00
-3.876584635701552095e+00,-1.091045093954630829e+01
1.076288698414378153e+01,-3.410647611660299727e+00
-1.748065279048960718e+01,1.366388597846980080e+00
-1.405556226485189164e+01,-1.273960030706978763e+01
8.261311541343843157e-01,-1.586811549405198818e+01
-3.014504083127277911e-01,-4.038852488801667029e+00
-1.640287044817681661e+01,8.440880497444300801e+00
8.445460570751825102e+00,1.137072432274088030e+01
2.466923826947884368e+00,7.298481800562396593e+00
-1.520526627909271866e+01,9.727373627682384338e+00
1.373434597372503507e+00,1.716810728057619428e+01
-1.353403974136691001e-01,-5.857079620277105825e+00
4.873013220515547417e+00,-1.665759182155978735e+01
1.090133568053310853e+01,7.974544307068907045e+00
7.815535586026544301e+00,8.367409768755941002e+00
-6.495339198009388859e+00,5.742064295230679960e+00
3.259964589424809933e+00,-7.379869103003737330e+00
8.566036109635797757e+00,1.460808476878895945e+01
-6.498874919507119152e+00,2.422471737245855294e+00
1.179943815564483955e+01,6.329728177875271200e+00
1.752937591796751349e+01,-7.303966285381910062e+00
6.706938755410187802e+00,-8.250343729570014162e+00
-1.038948897560149653e+01,1.224518745771524530e+00
-1.496165728884565027e+01,-2.654340262009081020e+00
-1.323269878370829211e+00,-1.304411340251186147e+01
6.573396147005654555e+00,1.007354937955262741e+01
-6.056871965192089924e+00,1.031823315477276104e+01
-4.193342049088571777e+00,-4.604782514780997538e+00
-1.480533772403033765e+01,-1.052453911788905749e+01
1.261767913117895112e+01,-9.548311653606898375e+00
3.551659293258679906e+00,-3.490944247680790369e+00
2.837757537181947232e+00,2.729190906237814573e+00
1.199760255082062699e+01,4.361249600551018624e+00
-1.108084398307622731e+00,1.483150610507884215e+00
7.125270643896295830e+00,-2.318655249614302583e-01
-1.133404627412256893e+01,-1.512371347302462254e+01
-4.871654208675218811e+00,1.717517167840599157e+01
5.761384011308586794e-01,-9.361336066125478084e+00
5.192923153578379747e+00,4.957809528303521063e+00
-3.115948833015433017e+00,-3.219487528093373907e+00
1.487086916982957341e+01,2.177608944857784667e+00
1.437765313059664374e+00,-5.003802740816394312e-01
1.156275264941287517e+01,-1.104306660092846748e+01
-3.658086889455193003e+00,1.859507022042588531e+01
-9.326086625627139526e+00,-6.254572602686486071e+00
-2.181286680617235962e+00,7.647419904981211047e+00
-5.494734191005585799e+00,9.695476326766515607e-01
-1.316118236780907580e+01,-8.935146356615431884e+00
-1.120538463806390617e+01,1.106510267136581049e+01
-9.656681659840687715e+00,1.023489354876836011e+01
-1.118607952521742099e+01,-8.539537754621745691e+00
-7.463562974290295138e+00,8.381267218516166295e+00
-1.618165068570545628e+01,-3.986505796250302325e+00
-7.498943601140533488e+00,-6.008731793185415171e+00
7.525440899085867663e+00,-6.672040641625660129e+00
2.927962097557456733e+00,1.276334389350842535e+01
1.625813197943114474e+01,1.073620793758793157e+00
2.926315362591881630e+00,-1.271942878390357912e+01
1.634522879571547804e+01,-9.606829228030953516e+00
6.378080952052216368e+00,1.749362049741753466e+01
-4.111371933290572933e+00,7.366674764116107887e+00
-1.030712988090130366e+01,-1.318729497470843626e+01
-5.780657970198687323e+00,1.563019858116721572e+01
-1.292654916789263275e+01,1.148142877774915505e+01
6.627251147743198345e+00,1.189177720787363945e+01
1.036998149063685126e+01,5.112700560334524802e+00
-4.733149586122758379e+00,5.540633199716680224e+00
1.658826175432792738e+01,2.833077981646556331e+00
1.415247304288229424e+00,-4.627183381148145536e+00
5.323686796059844184e+00,-3.581112840476767367e+00
3.734796203984780849e+00,-9.109848336508507671e+00
6.319397555576252934e+00,-2.043909162355110443e+00
3.579566601745656218e+00,5.933706286105093319e+00
1.432525652981308184e+01,1.177082730182698533e+01
2.454034255600562542e+00,1.006344199446912668e+00
6.995482249146629528e+00,1.374172318113554070e+01
1.443346682710814477e+01,-4.167943735796929339e+00
-1.666741070810869729e+01,4.508036870366174398e+00
1.445383748793679146e+01,-9.563578565906521334e+00
1.761515660047533061e+01,-5.528416919551676578e+00
1.230264464758790588e+00,1.204161103831708424e+01
-5.820609675421556162e+00,1.211157623330282540e+01
-8.947421446112594268e+00,1.304507406295652849e+01
-1.185351842928334598e+01,-1.018484543457119251e+01
7.763722963068247829e+00,-1.574023079734348762e+01
-5.698582652396371628e+00,-7.266588923859708338e+00
3.130089084316821424e+00,-5.216933977633587460e+00
1.594846196536213156e+01,-7.577034164834871577e-01
6.272809616268589572e+00,3.046594403916758953e+00
-1.172455324376597652e+01,7.418156798914631977e+00
-1.397536429292016535e+01,8.329536407142777321e+00
-4.194665449387503742e+00,2.218554703317851207e+00
-1.235274975871606884e+01,5.647602837564533296e+00
1.169589521573762525e+01,-9.678350483321758180e-01
-7.617238974860547351e+00,-1.173147826299436813e+00
1.003714112798552982e+01,-1.003765999089249306e+01
4.154249791810617154e+00,1.510220861384007129e+00
-7.185666385963001446e+00,-4.255677807304655502e+00
8.079787716906865924e+00,-1.711595692519567002e+00
6.172624723474513520e-01,4.686461089972345562e+00
-7.878473799338299166e+00,1.016736076916618892e+01
-1.146670602326628696e+01,2.701041552380888167e+00
-1.761934276078578065e+01,-5.772629193371110468e+00
-1.380125801968291821e+00,-3.139742022365145102e-01
-4.973176860299623137e+00,8.931191092094467265e+00
-5.572605072421740857e+00,-3.418704101618167623e+00
-1.364477126269875606e+00,1.132013863231990669e+01
-9.390197992182740094e+00,-8.061874241557786647e+00
8.382391885765766659e+00,1.653761423138519149e+01
-2.840425304537952389e+00,-1.439789798685894961e+00
-1.987254843153174022e+00,-4.717699255321673668e+00
-1.758248258130072372e+01,7.067039827050986212e+00
5.850444299892007649e+00,-9.874463188554049253e+00
2.491486860123305114e+00,4.486341574060659809e+00
7.600363174553997903e-01,6.521004318028302826e+00
5.017962724015258225e+00,-7.749972590508203751e+00
1.314050692463268888e+01,-1.296066989600206121e+01
-1.740107055878037379e+00,4.614857637520537459e+00
9.451008297115695456e+00,9.079604944939623223e+00
1.999003601635330474e-01,1.040208901685880960e+01
-1.507864500362370208e+01,1.153811359711392015e+01
-1.050557714992305591e+01,4.559709521787168818e+00
-5.857703717931631360e+00,-7.889445225639557524e-01
-8.022875432070632584e+00,6.711045974772282818e+00
4.359660672381425961e+00,7.596803368491254815e+00
1.248857526470853507e+01,1.187192437473076012e+01
6.094112937910765915e+00,6.569741260337310429e+00
3.259370386180561852e+00,-1.750776545218624491e+01
-1.820874133237175130e+01,5.416935292610827624e+00
1.056062004700511103e+01,-1.458272180700702236e+01
3.090970981531142581e+00,9.029554374129974192e+00
1.348317487839835671e+01,3.356005605831476224e+00
7.190197873359048586e+00,-3.690919198161125347e+00
1.531745585209837834e+01,-1.121268991634882006e+01
-5.323073321872378472e+00,3.769692513928694755e+00
-1.110478078940975522e+01,9.099971527646797398e+00
-9.187700656939247423e+00,-9.877133049910348461e+00
1.627116966412382837e+01,-4.185495021102092039e+00
-5.943661903632019516e+00,7.457896416199293554e+00
-3.600636287655980539e+00,-6.265446107313222157e+00
5.295118565540809286e+00,-4.731092575703382819e-01
6.004650761836497708e+00,8.391094980065647135e+00
1.540332025766409352e+01,-8.005003346331863057e+00
9.428174061696630304e+00,1.843381182984339173e+00
4.731142638489959751e+00,-5.989992874136778056e+00
1.336521740517086343e+01,7.244533250743896424e+00
-1.343563465037405003e+01,-1.168466450918966393e+00
-1.398335264656101451e+01,6.502575652053387500e+00
-1.215035707756366712e+01,-3.711256133054469775e+00
6.974773420759825093e+00,-1.237752017485479428e+01
-4.198959797462125110e+00,-2.379476123115093489e-01
-8.764349397960877752e+00,-1.216023945242522331e+01
-4.210526187726365777e+00,1.072246648653339207e+01
-3.768305417340531149e-01,7.931398381894550376e+00
-1.029143699395472566e+00,-1.091072176454144049e+01
1.512066532815167363e+01,4.370170127652961867e+00
-1.449721868866813956e+01,4.762801311871898591e+00
3.810572052663473652e+00,1.433827109728338556e+01
-5.048662229237111276e+00,-1.479395646055939118e+01
1.098492306653913886e+01,2.886229734605649355e+00
1.226335236995922839e+00,-1.202177241855750367e+01
-3.573312498820782057e+00,4.159466970987534040e+00
3.538015456079473431e+00,-3.924714138941521324e-01
-4.902269956343456414e+00,-1.285377654204524234e+01
-5.838667609278585857e+00,-5.434234253335716858e+00
3.695193329606713206e+00,1.108083067936609467e+01
-1.365229601180255159e+00,9.495796327197490783e+00
8.615144305621541321e+00,5.499447623949398789e+00
9.557792749175486602e-01,1.891858006890041466e+01
-1.245657962667397811e+01,-7.243524198352949028e+00
-8.328977339704421112e+00,-2.864787945069555253e+00
1.034345617455193045e+00,-2.885995551142880089e+00
-1.451986314078767748e+01,1.528178662354097828e+00
-1.007960090380829321e+01,1.555225977577496010e+01
8.566198651689951760e+00,-8.165771054709360044e+00
1.016204817757952839e+01,-1.224362464600105760e+01
1.100192438952622087e+00,2.944742569679202671e+00
-7.267595924909633354e+00,4.114163390629070882e+00
-1.390091404079107207e+01,1.294910434201744565e+01
-1.272688413032270738e+01,1.392290301382053341e+00
-1.179354084548103820e+01,-1.878769710270747684e+00
-1.000032824121347552e+01,6.423016946321139287e+00
-1.005586707105624633e+01,-2.562452439525629622e+00
1.045485166564101043e+01,3.142509378972490608e-01
1.257894361433620656e+00,8.712237422441644341e+00
-1.423419515735006469e+00,-2.617172269010866081e+00
-1.080500481294406434e+01,1.278009450052478080e+01
-6.072095946325831051e+00,1.388799740298648899e+01
4.253603145422791276e-01,-7.569721639408085068e+00
1.116348901962598283e+01,-8.540233867215393460e+00
-8.231794553488919419e+00,1.803184346911528513e+00
-7.627256779429559153e+00,-7.800659893816378698e+00
1.525177855929462645e+01,-2.447463799917102723e+00
9.971313637845666378e+00,-6.437393120540263247e+00
-4.392185402713741027e+00,-9.202127518018246022e+00
-2.624036148403722901e+00,1.426319098794984264e+01
-2.435435111857653379e+00,-9.727149680767958273e+00
-6.683371569343019125e+00,-1.323687578784318042e+01
