1.986186229423640981e-01,-3.136857140779676367e+00
-7.682858983191964697e-02,-6.707223195785597447e+00
-6.449196796942154641e+00,1.787168817792193920e+01
-1.589404073719380861e+01,-1.616887316751157933e+00
1.082593459185500784e+01,-3.537739702650172013e+00
-9.086233875866948750e+00,-4.732860863414981800e+00
-1.046089112647451813e+01,-1.198391154442068895e+01
-9.861132626776353050e+00,-2.587210056331775476e+00
1.398624927170722643e+01,1.135049864768028494e+00
1.539074286565941030e+00,-4.312468834202473289e+00
1.011702858043916819e+01,1.366682940574114546e+01
-1.135857227268191671e+01,6.351659010740692501e+00
-1.331284418809664594e+01,3.163004834790881237e+00
8.111092692738605336e+00,8.026873595992285004e+00
-6.391475468233772439e+00,-9.239973256688273295e+00
-2.497537225502211022e+00,7.846671634785002958e+00
6.018139366026939996e+00,1.339231561396375092e+01
1.417110853561822736e+01,3.772834980540617611e+00
-7.804160137525924412e+00,9.954099593796303935e+00
9.669944457658816717e+00,-4.919531185372080451e+00
3.040656126887352428e+00,4.826702530440850625e-01
1.452482195666080145e+01,-1.137932997252587874e+01
8.715196054506975543e+00,-7.442819293678303971e+00
-1.489475869549390019e+01,-3.599780689761046926e+00
-5.087586886729057234e+00,1.672006754349189706e+01
-8.730164913466627041e-01,3.594034189545519897e+00
1.178921893348630867e+01,-2.005622384711378547e+00
-9.076224096258357577e+00,-6.701533587651718804e+00
-5.076467619874939219e-01,-1.589276829572528982e+01
4.314067646355796981e+00,5.101859607963771914e+00
-4.186517622554622342e+00,-6.857692341960255344e-01
1.131921733038871558e+01,3.777349030474729474e+00
1.067616576096011904e+01,-2.048756449417471204e-01
7.394095927817241343e-01,-8.784880085563958829e+00
1.299597414403628548e+01,-1.038287408440526072e+01
-1.359186658757660027e+01,1.325837714052094185e+01
2.244892882910393350e+00,5.492527717370990992e+00
-1.323280410231820525e+01,6.354831933152752299e+00
1.105922156525512356e+01,-1.183852973740415493e+01
2.022791655787915310e+00,-9.727777768173566653e-01
-5.706144868685108840e+00,-1.389527250681166493e+01
-8.184433226280573237e+00,1.709334096699687677e+01
-1.104985980012171076e+01,3.290779534748602853e+00
1.385760713427090707e+01,-6.490471844095177190e+00
-5.445942067158123789e-01,-1.402935246488457999e+01
1.083130076744523329e+01,1.157744786861345787e+01
1.661068983802381771e+00,-7.216932030630965222e+00
9.658044198729122343e+00,-1.070157145543880794e+01
1.173826609237219998e+01,-5.045621217587007656e+00
3.565321359683849778e+00,6.824500973490161826e+00
2.977977759009153846e+00,3.860565134049796843e+00
-2.585764089622761830e-01,-1.777226887549271694e+01
1.707820646608803017e+01,-1.871524857525290741e+00
1.228564592379893572e+00,1.106387845450853114e+01
9.161995769066695772e+00,3.160469851908819461e+00
-4.429414248086357198e+00,8.888474821892950573e+00
-7.584481812202773732e+00,2.293498276058266949e+00
5.437745800910753324e+00,-7.235886747848029543e+00
-1.235542335252574198e+01,4.729432501969910163e+00
1.183289294549243031e+01,1.131693783240706130e+00
1.530024856626093488e+01,-5.246596250800910077e+00
-7.372219353767425432e+00,-7.476847218581235133e+00
-3.526010198003282525e+00,3.184539588333506366e+00
2.230820459075098239e-01,-1.326905818565135231e+00
1.164424246676927233e+01,-9.078537792907336978e+00
-4.100241489045062693e+00,1.178050720594055356e+00
3.625444761344638334e+00,-9.115652829410221258e+00
-8.985245214865267727e+00,-1.670805973721644122e+01
6.902094809173243029e+00,-1.398320181847071098e+01
7.220518619095185997e+00,-3.678086130716304858e+00
3.684755077317554139e+00,-1.092185845897671115e+01
4.517235845611486056e+00,-5.732577468682134914e+00
8.062037340400326713e+00,-5.656421325477206885e+00
-1.242986665072231922e+01,8.162065566637034308e+00
-1.786410278105446725e+00,1.517196822121730371e+01
4.386640298589914444e+00,1.008259363293747768e+01
1.781892824981783718e+01,6.556490358613547897e+00
1.178598313527730923e+01,1.308166829222924932e+01
1.563773801078745507e+01,9.859677637114067750e+00
-1.445120330194521152e+01,9.075268445167157694e+00
-7.410266832309283735e+00,-5.690486761765449764e+00
-1.312879398476378334e+01,-3.104436674758733972e+00
6.852060875552656860e+00,2.946777150335867734e+00
-2.815464371141832345e+00,-1.869895403821429491e+00
1.222145533797373851e+01,-7.362699890486220866e+00
1.634265489857802223e+01,-9.033199104873473217e+00
1.684055856384845384e+01,-6.007143192289920303e-02
1.375826822443111297e+01,-2.917698578345742977e+00
3.938807446762242037e+00,1.698173753024652299e+01
1.154593242102803075e+01,8.207682405739589626e+00
-1.049346791673938917e+01,1.200351209967424282e+01
8.952712185100670794e+00,-3.249865155580368814e+00
-4.626194094386002931e+00,-1.236279776472679615e+01
-5.853490390995851556e+00,5.796190018686167456e+00
-8.351155519444477093e+00,-9.016638203858596157e+00
1.511514634381076227e+01,-4.395937691704009942e-01
7.111413548026480846e+00,-8.438594583078712574e+00
-1.022088430829021100e+01,5.008220993768026652e+00
-3.724192864962605043e+00,1.056086235787568661e+01
1.070392179815222722e+00,-1.496474398139246453e+01
1.670506921642373044e+01,-4.179015496899932458e+00
4.489471941956542977e+00,8.321313911281450260e+00
9.926771684458350009e+00,4.878121350524057931e+00
-7.404052928054728255e+00,4.168528472859994949e+00
-1.408190369889836546e+01,-1.464549298210491957e+00
-8.520928519442872329e+00,1.345734267307352816e+01
-1.226208033605640502e+01,1.206091335653328578e+01
1.345947701637484961e+01,-1.141317242314024316e+00
1.838177394140555165e+01,-4.807326363693619875e+00
-1.035927658576367527e+01,-1.380088584438201949e+01
-2.129900271103612575e+00,-1.485081766305727768e+01
-4.254845040600709893e+00,4.797194939033717631e+00
-1.451372541397405413e+01,4.727379075208533621e+00
1.854542857030017755e+00,-1.658621830982805534e+01
-1.150759777840546860e+01,1.016749983138941893e+01
4.053646484525049942e+00,-1.822202032974056962e+01
-1.410179401475832250e+01,-5.285701649804850355e+00
9.880118730539930283e+00,-8.866189429853646331e+00
7.370712834875746466e+00,1.219532996261768432e+01
-4.298109838053219001e+00,-1.722275160438867303e+01
-2.034105987973330032e-01,-4.944572522212058452e+00
3.398784575686156995e+00,1.868708242044348111e+01
1.279738342147316388e+01,2.652900576222898543e+00
1.566173953995304302e+01,-7.303389960746916820e+00
5.575529080859520370e+00,7.993927068880607445e-01
-1.568456299678059107e+00,-3.207001446615145746e+00
-5.046280796628462184e+00,1.476969802006873245e+01
5.736506973896006167e-01,2.374395169264436500e+00
1.555805467721148894e+01,-2.831946757558921668e+00
-8.744208032278157461e+00,8.372772838114364902e+00
-8.648445781299766821e+00,6.517332115126740710e+00
1.061791409323729773e+01,-6.477076246353938416e+00
-4.861865030503613738e+00,1.299276788493864565e+01
-7.124496991831706261e+00,-1.505915274443778884e+01
-1.181566473614773516e+00,-1.012641170290144821e+01
-6.291070394329508986e+00,-1.787578573564533535e+00
6.382662763878890644e+00,1.511444826933724883e+01
1.405719073374777306e+00,-1.253449442085093857e+01
-8.930686494591054014e+00,-1.492949475128982861e+01
-9.253031751565725216e+00,7.872977399309337709e-01
-1.168947769582324980e+01,-1.495116780420628189e+01
6.261812798796213109e+00,8.270177945909384931e+00
-8.336908771784710126e+00,1.523358737266367058e+01
-5.776671098690759898e+00,1.847463008876466306e+00
-1.310234679585121320e+01,-7.382011152143347132e+00
-1.400318807000375187e+01,4.232795546733079117e-01
-7.662110005435664561e+00,-5.189711219989327079e-02
-9.889632355794118368e+00,1.622329103071353273e+01
-1.253938630507931151e+01,-9.070213187079628980e+00
-8.491582908519207606e+00,1.167643239595774496e+01
3.419862423041589050e+00,1.327044266401509276e+01
4.594504999372326925e-01,1.566355681079927287e+01
7.814519936993541194e+00,-1.614206738659999374e+01
8.806940952305565062e+00,9.664438323797517327e+00
8.330535874701975985e+00,1.391375910559215257e+01
-5.835542684399744884e-01,5.361544977270983559e+00
6.246673384242770410e+00,-5.319855444544027812e+00
-1.134231881973860112e+01,-4.597323277751080850e-01
-1.106450687305908964e+01,1.419177472343797097e+00
4.463162879543991046e+00,-6.105845209606409751e-01
-7.684204125908431493e+00,-3.621433851559599404e+00
-3.330459121786363497e+00,-3.637304018063827193e+00
1.265825301242914236e+01,6.800645785776075591e+00
4.143610568881817890e+00,1.946350612517535605e+00
1.860835985711566831e+00,8.023898193692632574e+00
7.240588026237875230e-01,6.603672252185763369e+00
1.382412356706741363e+01,-8.323663553118159086e+00
-5.417290405825833766e+00,1.114886337535507721e+01
-2.193667819385487050e+00,1.703462239604474604e+01
8.632967034115418770e+00,-1.454316595795711642e+01
-5.868566263601917576e+00,4.585884593829988448e-02
-4.073871463390588588e+00,-1.001235554334471445e+01
9.033709039516610417e+00,1.143257384564109103e+01
-2.010464155527901031e+00,-4.991291114626381642e+00
2.036286723425027034e+00,-1.005882695585858677e+01
2.599921497899242873e+00,-1.409748258029274659e+01
-5.907435923493136620e+00,-3.709639656148106202e+00
2.384137917364463455e+00,2.152608091015871583e+00
4.210228188528914117e+00,-2.402807276040546558e+00
-5.592212762986005226e-01,8.717751684976406068e+00
-1.666668270760091275e+01,-3.250047575247983378e+00
2.631721000955240530e+00,-5.733256143134803473e+00
-9.834682383232487002e-01,-8.245401703485084610e+00
5.363993337197768163e+00,-3.784052494201509464e+00
8.988847535098670960e+00,6.417939592809147165e+00
2.542933159524178865e+00,9.742650030401405203e+00
-2.678070714934898788e+00,1.881031465036691230e+01
-3.036411416113632633e+00,-1.149118214706461139e+01
-1.576964935267529277e+01,1.583119935547934454e-01
-3.485066872052557052e+00,1.575177623889975109e+01
-5.741745199964462643e+00,-6.672160242674248565e+00
1.063819750719300350e+00,4.179070446020103802e+00
-6.581356517540516649e+00,-1.222416375370950625e+01
1.013707780167581873e+01,1.549357414716189574e+01
9.167614075590652334e+00,7.094416595055310637e-01
7.999530289504277469e+00,-6.541929167524314082e-01
-1.068797336169111389e+01,-8.847195536996958154e+00
5.605458641744718307e+00,1.138544956335958425e+01
4.553231256048725584e+00,1.463106862051892776e+01
1.718413613196724299e+01,-6.234745802202684928e+00
-8.202825422338493766e+00,-1.913659907846137820e+00
-6.838288590086070151e+00,1.411965694460551113e+01
7.414456365483177436e+00,1.260569483426074111e+00
-8.166019919349977840e+00,-1.141022125552580846e+01
7.221682986960683337e+00,6.425403320794506712e+00
-1.833080678798279806e+01,-2.441248093973335198e+00
1.272824057834955624e+01,4.987567706643249998e+00
3.617414804629619951e+00,-4.067931015636407466e+00
-4.528723852529831007e+00,1.838891996258139372e+01
6.128111758865323111e+00,4.970830369509539715e+00
3.163733322848948593e+00,1.146128691714915959e+01
-5.691733954198623380e+00,3.622993128328911627e+00
5.379612482068131030e+00,-9.120154680990914642e+00
1.889692905917699051e+01,-1.976378539762123854e+00
-6.183171064173075493e+00,9.125162051163124843e+00
9.580333212931209985e+00,-1.596611111298072760e+00
1.670797586583441330e+01,3.301581242286537154e+00
7.900080752597318678e+00,4.404070984074551554e+00
-3.998828243528346871e+00,-7.151447882190381300e+00
1.159885533316135753e+00,7.067163146190914569e-01
-9.626383827470917254e+00,-1.031906551645150216e+01
3.590055747044336609e+00,-7.303273290367922499e+00
5.385064985686746297e+00,6.662403902217298501e+00
6.242024164186158686e+00,-9.314727108930827004e-01
1.473461422202492344e+01,8.215791855944191369e+00
5.776848754548815634e+00,1.683202228748571372e+01
7.903962838409387182e+00,-1.006449678348007737e+01
4.988489946975466216e-01,-1.093498572285226622e+01
5.945851145258314929e+00,-1.617130024984889403e+01
-2.500487985082106679e+00,-8.560587501645253172e-02
-2.223582849332379929e+00,9.593658081318146458e+00
-1.050776828867850732e+01,8.637104294269343896e+00
-2.638088828878869752e+00,-8.972679095614690681e+00
-2.227369041110194736e+00,-6.927000868932024602e+00
1.352457832202018828e+01,-4.688110107389031000e+00
-3.588449759120033278e+00,6.455033781858380060e+00
2.447028476075808090e+00,-2.738385277192279421e+00
-7.179498546799547576e+00,7.513724065924780149e+00
-6.708895829381494202e+00,1.602613090138877538e+01
-1.210879679212411908e+01,-1.282090808372854163e+01
4.709037591230802455e+00,-1.278440669580554889e+01
-1.336714418602384313e+01,1.053132604364178171e+01
-4.634626906667249635e+00,-2.433257698160376403e+00
5.081704767652478694e+00,3.445459440611808422e+00
-9.732731041472902689e+00,1.032395269634587365e+01
-6.734914001245013715e-01,1.057147983500044042e+01
1.567852008421012044e+01,4.854064077200500371e+00
-1.693226246941400248e+01,5.778640116165629337e+00
5.470542310813102382e+00,-1.097096015339639408e+01
-1.480693078209905345e+01,2.023860663925695746e+00
-4.531615770591753467e+00,-5.326625710838839289e+00
-2.419659895138432493e+00,1.729531825492088837e+00
-9.156899985103782669e+00,3.469523795875481209e+00
1.165958731193745024e+01,9.972577968154789474e+00
-7.374563407645357005e-01,1.136304551554273568e+00
-6.762683282599958545e+00,1.236350729194873743e+01
