-8.137508278655317895e+00,-1.181911256601539861e+01
1.272850658225060938e+00,-2.865273691165445058e+00
-5.111445235946768584e+00,-8.968185844524429129e+00
1.129694868864649493e+01,9.989891948154809853e+00
7.763616348240872433e+00,-6.572499258363575514e-01
9.609867054516962881e+00,2.348674374962225642e+00
-1.585794133791604743e+01,7.194825082918030468e+00
-1.481354304125062171e+01,5.263677933505613638e+00
1.480093251429143919e+01,-2.138493901874337855e+00
1.417109282015113969e+01,6.580351584970290268e+00
-6.719642906791135850e+00,-5.750866804710764058e+00
-1.681617029063268154e+00,7.387600550308138558e+00
-1.197610654265258390e+01,-1.222714761863230803e+00
-1.191885971547663070e+00,-7.853778155683663442e+00
-4.122584222512397645e+00,-6.986329958666552820e+00
1.130156012766953033e+01,-8.379086095392761224e-02
2.462890694128685887e+00,1.351691236142769981e+01
2.045112424145430818e+00,-9.645769334950553997e+00
-7.324484378213413471e+00,7.108039516575807681e+00
6.351785553414678986e+00,-1.783367575184342080e+00
5.384925101904944000e+00,-8.987069457552310681e+00
1.872336486352286045e+01,-3.215621648099530550e+00
6.421548835397233645e+00,-4.707347560177262302e+00
-1.331968311944827832e+01,-5.544890351850125576e+00
2.683250558567756627e+00,1.122115768733596308e+00
4.226042112697464326e+00,-7.480339035843760698e+00
1.174845718601193489e+01,1.211886314572067036e+01
-5.880122463852536896e+00,-7.301998337457741961e+00
3.030456601275353101e+00,-1.516384235724397911e+01
-1.007734173050697990e+01,-7.017623419722965217e+00
6.874424491947237037e+00,9.885308914748414111e+00
1.001786077143989218e+01,4.126144268692775618e+00
1.984037191221701857e+00,1.169838862001189206e+01
4.738376356025501224e+00,2.224696042072960012e+00
1.484670913044548968e+01,1.792964146313155149e+00
-1.480854333283260793e+01,9.100284858175959002e+00
-8.902703243281012702e-01,-1.128927947001544219e+01
-9.865714517317815790e+00,2.601726512466627561e+00
1.262863148295936355e+01,-8.887799279421573218e+00
-2.886045011726489751e+00,1.070471258824796834e+01
7.082803543024287940e+00,1.206182905250740411e+01
1.572176608919831686e+00,9.288802642125753906e+00
-1.113888366294922250e+01,8.577486506744942396e-01
-1.000846999921102132e+01,6.601508490789402828e+00
1.929497127902848330e+00,-1.260951531486928090e+01
8.590141999023956032e+00,-1.097979820051822664e+01
-1.739125404187971924e+01,-6.394972684729806289e+00
-8.110724146230475995e+00,2.073525073164716570e+00
-1.755030771179694682e+01,-3.241700175762120217e+00
-1.507124599830751954e+01,-5.099824120477474132e+00
6.670616805963395235e-01,4.156520617139054075e+00
6.094584014383598536e+00,2.268150953398359593e-02
1.662983882700835991e+01,1.400953106039427798e+00
-1.890029925851419046e+00,9.156967681814936810e+00
1.688179225717112075e+01,5.107094955120000890e+00
6.691101322948585839e+00,-1.541684188109812048e+01
-5.556303024965451032e-01,-1.433419276853990709e+01
-2.908433169854078404e+00,-8.273543946922401915e+00
-1.143279736743698649e+01,3.486955984091123284e+00
-7.473400762983177792e+00,3.641992008763513256e-01
-8.219332631193143612e+00,-1.004980671296959649e+01
-1.159530254798779580e+01,9.938478251842651545e+00
-1.021658655119324877e+01,-1.581078110152011940e+00
8.222081784563666673e+00,1.163850436345709394e+00
-1.066417788824522317e+00,9.513223299002893096e-01
1.783310253211348595e+01,-2.505840363990864857e-03
3.531099762388795416e+00,-5.845882714190505425e+00
-5.761920715451029018e+00,-1.803783523901030250e+01
5.029242985911788644e+00,5.708094875863031881e+00
-6.777269788204764112e+00,9.021219342386496365e+00
6.119940035147190649e+00,3.499227797598587930e+00
-1.307691042311310703e+01,8.524327152916974626e+00
1.487730487029152115e+01,-3.200453058877833490e-02
-1.175777511226352168e+01,6.864018656352167014e+00
1.038914492927744782e+01,7.526560007382550488e+00
1.228352689240365336e+00,5.945878513797500098e+00
3.009612771113790775e+00,2.888281875316415004e+00
8.902735564750496877e+00,1.494175357383549674e+01
8.792580802998278600e+00,-1.538542311023152465e+01
-2.376242416178769190e+00,-6.514497236213537157e+00
-3.454294625153612852e+00,-4.384410324277570936e+00
3.775276201309390789e+00,-4.102191610947224731e+00
-6.946793417263116943e+00,-2.108610497775543990e+00
-1.490578195988493526e+01,3.441184439891701530e+00
-1.817107366381382372e+00,2.636554797029527553e+00
1.736210598077812861e+01,-5.416616172647894523e+00
-6.841001721786614809e+00,4.888282363950024134e+00
-1.824405712170828409e+01,-3.812670790134032872e-01
-4.871259631294361903e+00,3.631093836197968994e+00
8.545095496978644789e+00,1.058712375877506418e+01
1.459893321805993338e+01,9.004957424678794453e+00
4.454999552559009146e+00,1.676340680892384682e+01
-1.532307799951750704e+00,-9.586870469793533189e+00
-2.833096302793995491e+00,7.719688712061621993e-01
1.226266070527904795e+01,-3.753099830107618828e+00
1.396362373303782256e+01,3.334766713706897256e+00
-8.481827222189661342e+00,5.710138338525410084e+00
8.780546725053302026e+00,-4.330355563834029198e+00
-5.736383986166255333e+00,6.309649258237187475e+00
7.316277784336968182e+00,6.832537791435953523e+00
1.633509651906194193e+01,-1.125104039417335056e+00
2.552488716538555469e+00,4.601714258875705177e+00
-2.971070618907058591e+00,3.963876855768414309e+00
-8.863249145497746895e+00,8.030474726733048740e+00
-1.033780592892530592e+01,-3.433885810659663473e+00
1.268537254734416031e+01,-1.084489202100052196e+01
-1.072156462166821456e+01,8.298897872011858468e+00
-1.724385621429997295e+00,-4.808517735948576899e+00
1.894743880050400264e+01,-1.400095664133581108e+00
-7.658296246784147776e+00,-1.622517225884770298e+01
1.283144349886129687e+00,-1.430692614220361847e+01
7.769268942279549783e+00,-5.870432378787884709e+00
-1.379043368002079539e+01,1.947178850792496752e+00
-1.546409138037205189e+01,-1.192697821732043861e+00
5.843233115116554188e+00,1.348930428871402043e+01
1.302727897678243174e+01,8.051781463233327329e+00
-2.480350210890334584e+00,1.782568284311868467e+01
-1.875522214166310420e+01,1.402938841387524338e+00
4.165616680511961434e+00,1.287382000742145394e+01
-8.867476118278500019e-01,-1.779640161432156020e+01
-6.974585495910744504e-01,1.460085957427331671e+01
7.325435975759769569e+00,1.751818546816343414e+01
-1.574752837973280606e+01,1.866296614918156127e+00
1.695269761571543654e+01,-2.896583281002578669e+00
-3.926923991679811543e+00,1.325325338888134219e+01
-3.674803307466889102e+00,2.336927545034732212e+00
8.117632124119122494e+00,8.528774440284061953e+00
-3.629022775919386934e+00,8.852603502735425067e+00
1.316316063750657506e+01,1.298525001851038807e+00
-4.185012307581165381e+00,1.710698392200512430e+01
3.657646527911084355e+00,1.116258300963049344e+01
1.134339977128916876e+00,1.472681874719361517e+01
-5.155324805155352408e+00,9.878028022046480672e+00
-7.097989236467754814e+00,-1.444828500088808809e+01
-3.640298878263436233e+00,7.092329065072114247e+00
-9.278751684709167336e+00,1.312266348416758710e+01
3.344867460259286940e+00,1.526462171604500639e+01
9.052947049795745826e+00,6.240208396771378396e+00
6.810388092869804622e-01,-7.686423308300871504e+00
-4.289636196690763015e+00,-2.168830535713828223e-01
-8.390509112851917806e+00,-4.882375527348614241e+00
1.452479254189627866e+01,-8.561678351227058670e+00
1.381870188242975317e+01,-6.803003043534736172e+00
3.749258570857331385e+00,1.861310636623022674e+01
-8.459451832072753419e+00,-1.164754364728764147e+00
-4.131526262924369419e+00,1.524266771222846906e+01
-2.342451397870653818e+00,5.729661415002976099e+00
-1.233839885371696532e+01,1.444739271911755019e+01
9.942379554860285573e-01,-1.111701220238302845e+01
-5.018684049855147933e+00,-5.287424221741020780e+00
-1.688516510931446502e-01,9.693809453373644303e+00
-2.523347186941617082e+00,1.432193588122862415e+01
-3.775293979309644055e+00,-2.587256701031551920e+00
6.800992467438994105e+00,-7.830021548007643162e+00
5.206342890703143489e+00,1.513774339361764909e+01
-1.022956503326155442e+01,-5.254071119287324620e+00
-1.156425563975201687e+00,1.115987527266059764e+01
-6.020575625135030862e+00,-6.183428042475098696e-01
2.685775676937985246e+00,-7.018009914702615371e-01
-8.320141612388365360e+00,-7.426634891733960409e+00
-8.343099338537152576e+00,3.938110875914575537e+00
2.239483637904608471e-01,-9.428933157800789999e+00
-1.187076992768679773e+01,-4.367766041620237516e+00
8.611173871809874925e+00,-7.558560946710183082e+00
1.527000732074825784e+01,-5.003814288411767564e+00
-4.204893742193145656e-02,2.493393225222448883e+00
1.200345980396412315e+01,-6.865094428527217296e+00
9.064382144796619967e-01,-1.077937377765030291e+00
5.360780069845719531e+00,-3.257873448912198988e+00
1.075734797185723224e+01,-1.213725261297032176e+01
1.011545731657857061e+01,1.141594514732293675e+01
1.574186053915309103e+01,7.612954154628485348e+00
5.499209950872194774e+00,1.114220684761713365e+01
1.022122853942542875e+01,-8.455570050902986523e+00
1.990822081223297513e+00,-4.501711001419890223e+00
1.016566362119209543e+01,-6.563659940017475769e+00
-8.567521411326175951e+00,-3.054276820351767618e+00
-9.460643221331281882e-01,-1.028489741007688751e+00
1.760992723814569416e+01,2.856889294982793537e+00
-2.280639242007471701e+00,-1.385623050046310745e+01
-2.721838177389023450e+00,-1.049598139103734118e+00
6.929622481318023830e+00,5.072837915114289054e+00
-1.149656162392260095e+00,4.322493336361901584e+00
1.619252433401845437e+01,-6.780311258067727387e+00
-4.486340056384709563e+00,1.156513971058652146e+01
-5.705753194511619109e-01,5.994487023481316790e+00
3.034737619573268486e+00,-2.479005864144880444e+00
1.039654087148751138e+01,-3.469099614505556151e+00
-1.352211452140094394e+01,-3.424644096359976686e+00
-7.156025678872432572e+00,1.422239203054633805e+01
-1.851371344532294128e+00,-2.676903938160715590e+00
5.533359278503262146e+00,1.816422489633996662e+01
-4.788967233716829419e+00,-1.105173898758416939e+01
6.949379831726980150e+00,1.577819700293408900e+01
4.339365425583157077e+00,3.906204844472630500e-01
5.580094233868838849e+00,7.455940072315831557e+00
-6.469446460349562500e+00,-1.042597302443481411e+01
3.342080142081617300e+00,9.371682633719101929e+00
-1.212921096029183410e+01,1.186687555633206514e+01
-1.406761977865173563e+01,7.002408150326502323e+00
1.140666038047851671e+01,-2.012662443194389361e+00
-8.999185475643136201e+00,1.129163281398786900e+01
7.856631883078477152e+00,3.069353067481980890e+00
-1.370343918390772631e+00,1.295859306650543807e+01
4.323956710881339482e+00,4.080024441187314110e+00
6.522429750991320496e+00,1.738225199541920452e+00
-1.372244081600538301e+01,1.279585448370305656e+01
-7.596713054082870897e+00,1.242588815122227963e+01
1.350349764957993592e+01,1.290577557811823262e+01
9.187316007993457934e-01,9.869851220486604015e-01
1.824920919176967471e-01,7.763280662929489040e+00
7.463649974718207680e+00,-3.154798234133588064e+00
1.490051318025287230e+01,4.958710086147405605e+00
3.776055844907971082e+00,7.544753893444826609e+00
7.705100337877835770e+00,-1.392744079824950632e+01
-4.112001323962611643e+00,5.377067839794361426e+00
6.993565778850723003e-02,-5.601740198560045236e+00
-5.717309676809820829e+00,1.289232875035583703e+01
1.195159031222185142e+01,6.559066239890553263e+00
1.211117892854128542e+01,3.364572762645653192e+00
1.131746636436278131e+01,1.798517231336304478e+00
1.309124390035394647e+01,1.000603316376183471e+01
-5.371291417852932071e+00,-1.396375475709401570e+01
-1.335838440557345486e+01,1.048077906403944048e+01
5.128773794614472692e+00,9.297294096008030806e+00
-1.302331185753311260e+01,5.476223271376451152e+00
5.779246680218874666e+00,-6.359892234647122500e+00
2.504961405342432723e+00,-7.907327053656155513e+00
8.918679946693355731e+00,1.675376699553395454e+01
1.988898137543867684e+00,7.539762024243182204e+00
-1.657272501370728790e+01,2.396885915788654342e-01
-1.665491250883376395e+01,8.869259443436119383e+00
-9.190637085987967581e+00,1.550706515428057308e+01
9.008386677084317284e+00,-2.191952416011676341e+00
9.554184797745515212e+00,-4.132752780016790140e-01
-5.253390447757046111e+00,8.109789176849519166e+00
-6.579238192427439458e+00,3.135956250702407022e+00
4.549924852022522614e+00,-1.393161639849109346e+00
-4.546122271413088889e+00,-1.667819512097873158e+01
1.776479660324909116e+00,-1.657299790447824250e+01
7.652119467708147660e+00,-9.469412769279323072e+00
1.732821391612211714e+00,-6.270530478888378667e+00
-1.416620225047082293e+01,1.283936000744207162e-01
-3.228361486566869942e+00,-1.008232179088144775e+01
-1.017531405731176442e+01,-1.440126413174708553e+01
-7.042061150572828332e+00,-8.669440278407055445e+00
1.284824150407967380e+01,4.992745775566313604e+00
-6.782065800860828553e+00,-3.883824358383141995e+00
-9.998192724643743645e+00,4.583348261665866730e+00
-1.374885906877909925e+01,-1.625400614442523706e+00
-1.899208171392583466e+00,1.602596989128434046e+01
-9.359183422085168402e+00,6.528155701763219687e-01
-5.378300195458423971e+00,1.742843058234046616e+00
-1.291613049136275571e+01,-7.817403287709440818e+00
-6.696859735720439133e+00,1.088863324598772131e+01
-3.428467512048914423e-01,-3.699382921086437737e+00
