7.374390723936966374e+00,1.750068555151228722e+01
-7.840698788549770981e+00,1.168447391320301776e+01
1.178770168729962364e+01,-5.525670324940885614e+00
-8.680457464194896167e-01,-1.853593719338859103e+01
1.546877598520224772e+01,-3.567755411423908285e+00
-1.044497242911668877e+01,-1.586341549073654456e+01
-1.968644483047058691e-01,1.404462757663871564e+01
5.094431142453270667e+00,-8.387086184158446756e+00
-1.836865991442292767e+01,4.205997420116972307e+00
-3.549487246571233268e+00,9.594671891916343398e+00
1.066696789783222066e+01,-1.335480830663073881e+01
1.629669063634958892e+00,1.393230508681581981e+01
-1.113088207294522469e+01,-2.363642641334495753e+00
-1.085423334197259315e+01,-1.137444048040304700e+01
-3.323976279080107510e+00,1.148403718515806915e+01
-7.465269401242821345e+00,-3.750611463222818909e+00
-1.131185925650109780e+01,1.049702804427820091e+01
-3.709137352095349449e+00,1.517675610596836222e+01
4.034714664680386420e+00,6.818588264469625848e+00
-5.134557890826705773e+00,-1.064420889336746612e+01
2.603899292968727686e-01,5.917788014894211024e+00
8.586248034301716459e+00,-8.372023337988967029e+00
6.169283444376068459e+00,8.556582950097377238e-02
-1.538314657125234497e+01,-6.126636248305063148e+00
5.522802017542507436e+00,-6.515331291506462286e+00
7.426661032797668982e-01,-2.607445085738785195e+00
-7.587386942360382136e+00,2.191791281376649803e+00
-7.147859839156206263e+00,-3.251901681376405118e-01
1.832189027833937089e+01,5.000776073785222486e+00
9.510021690370805914e+00,-3.756760209864290712e+00
1.678654173834467755e+01,-4.768753610585124925e+00
-5.242065286650669620e+00,-1.484899777698518797e+01
-2.193618823291628050e+00,-1.106663236098897585e+01
-2.939714840137199303e+00,-5.737782733824777992e+00
-1.147049626134447919e+01,-5.782236369850150659e+00
-5.723985299359185319e+00,-1.288013892269483840e+01
4.886220099954932117e+00,-4.844005273076565921e+00
3.091820264854699740e+00,-1.753821091357163553e+01
8.128003077622224737e+00,1.446972409227752721e+01
1.364397470650511401e+01,-3.119656975605509253e+00
-1.347210576771682611e+01,-5.283018481082453199e+00
6.176780978400358002e+00,8.969183914536284163e+00
-1.574783769074067052e+01,9.451155041926128320e+00
-1.547531346070509528e+01,-2.640768262955077272e+00
-9.238113232819404885e+00,-1.404337916539144615e+01
-7.871268615973806781e+00,-8.899041623328470152e+00
6.983986862574090182e+00,-7.576223371910523419e+00
-2.604845921126142105e-01,1.644432347081470525e+01
-1.842905385016032183e+00,1.562416478669807596e+01
8.609530502302227717e+00,1.637499672144894891e+00
-2.235273095958743905e+00,6.693525498751672131e+00
-6.668762848564453449e+00,-7.441872637781739463e+00
6.711489232484733947e+00,-9.368412014529729603e+00
5.984931811000517021e-02,-1.093277663304393954e+01
-6.259031956593872792e+00,-1.766034804460097263e+01
1.434247414061608161e+01,3.441113771716853620e+00
-3.556335548716065276e+00,-1.727969847776127943e-01
-2.066633704767982138e+00,8.573809071602727983e+00
-2.172936370270602602e+00,3.171748218135056696e+00
-1.758811054383518169e+01,-7.183467603746200858e+00
3.543188855029506978e+00,3.198738196267897571e+00
-9.237840447462383864e+00,-7.734347328085711126e+00
-1.228064770455161003e+01,8.977123394223728070e+00
5.649630201654610495e+00,5.700530732229612596e+00
-1.214499231355226749e+00,-7.638214170180414264e+00
6.915324274616792000e-01,4.059845515146760953e+00
-1.126382210394289318e+00,-5.579745224903964740e+00
8.021362965508478382e+00,7.637509118951848031e+00
6.921202713083657976e+00,1.579042521181240488e+01
-3.986097949701061349e+00,1.695333624902148628e+01
-4.539985375096557085e+00,-1.660167323655064564e+01
1.410213151184371938e+01,9.971927280243111924e-02
-1.668711713960486520e+01,3.641418931782416379e+00
-4.149021194063470808e-01,9.419616360058130411e+00
5.160650227701681025e+00,-1.031411844397513988e+01
1.662230891737231531e+01,5.949709087922583350e+00
-1.886123575564871535e+00,1.039477563747592193e+01
1.180479587709418965e+01,2.565943608736375392e+00
6.721498594019641448e-01,-5.330626022381395934e+00
9.623101591890241835e+00,3.102300105317853607e+00
-7.188174358822496224e+00,8.629902385126623443e+00
-7.507452552581129979e+00,-1.213892484045709708e+01
-9.910369698962544494e-01,9.163361437748452909e-01
1.408631443987947929e+00,1.571879292416741158e+01
1.895619177891220986e+01,1.192886179195735252e+00
-8.942358333215967292e+00,-1.253204949748805072e-02
3.596677892775113961e+00,-1.466057458865796015e+01
-1.351371699533256177e+01,-8.686563434780371296e+00
-6.648257143051541362e+00,-1.590327570777327182e+01
2.025630222799731595e+00,-1.373527039957980378e+01
1.133033302991408142e+01,1.473274976503761735e+01
4.984059795815375615e+00,-1.318145597097452937e+00
-9.155612920290957746e+00,-1.071308667929523217e+01
1.945199615214603162e+00,1.161960345797983685e+01
1.653002087293058153e+01,4.078947842102385479e+00
-1.430640392722755294e+01,-1.247280188769956411e+01
-6.100746754529873250e+00,-2.124331660328654170e+00
2.921102550764440586e+00,9.825166215300810135e-01
-1.108621796140607785e+01,-1.418906377656780826e+01
-1.189419967623943286e+01,1.223603422506640781e+00
6.788212155119820679e+00,-1.812628594574635654e+00
5.101426308268742993e+00,1.766162025562093518e+01
7.937504818247327343e+00,9.413927296993225724e+00
9.746796244229429362e+00,-2.311968964504975133e-01
1.038453003357318316e+01,1.428223400603796378e+00
-5.597489063437877554e+00,7.162155574095607768e+00
-3.728976499400689981e+00,7.846291712064441093e+00
9.776233997653884344e+00,8.248719631904162242e+00
1.241656594100221689e+01,-9.426193438841206529e+00
3.554150999954461376e+00,1.317814894567228556e+01
9.611339269532873431e+00,1.187268791034775006e+01
1.411598390819396265e+01,6.847547059324936569e+00
-1.382254710576015633e+01,6.652585325009239270e+00
3.089750800623318749e+00,1.497286295468241413e+01
-8.349923320472610655e+00,1.341210393906150777e+01
1.172739951445657169e+01,-3.652121384303008256e+00
2.037475088804624246e+00,-8.440771028912303464e+00
1.248630322704162054e+01,-1.373021235936995055e+01
3.594875638906217308e+00,-9.336511229863544870e+00
-1.402796779932621973e+00,-9.499638293290200153e+00
-9.762083152258364649e+00,-5.039930206457119866e+00
-5.453761682258804200e+00,1.471952047596476731e+01
-1.404812765295175581e+01,8.953381768171999155e+00
1.460412656549318955e+00,-9.079008570796865962e-01
3.316367407926148481e+00,-7.735440269145802406e-01
6.856337746299155711e+00,1.772914457330164062e+00
9.169768949073048958e+00,-1.966256671416813706e+00
1.126955036835850521e+00,1.882884926638673662e+01
9.759406853020466954e+00,1.372597355256145057e+01
4.411312070369364235e+00,9.438694790736438023e+00
1.097698541319045518e+01,4.397860963906392584e+00
1.334536443470936184e+01,8.561002564447807828e+00
-5.573872654816602434e+00,-3.848379206741578074e+00
2.223030445224608354e+00,4.980787905993381948e+00
-1.524599323015512908e+01,-8.170836195329679086e+00
-4.366297152267220039e-01,-3.909275188819769653e+00
-1.276778060091033140e+01,-6.991466157765345635e+00
1.095839117761369508e+01,-2.062459679469880403e+00
2.041459112074672344e+00,6.795994022398292422e+00
1.669075518760697108e+01,-2.095999542614543909e+00
-2.149887119775649502e+00,1.381839141244308422e+01
-3.875311671647778677e+00,1.334684510728216011e+01
1.150100683489103881e+00,-1.734176843338909535e+01
2.023941945167107459e+00,-4.188451200237794936e+00
1.111799060873080780e+00,8.810116408060181259e-01
-5.160964726125778945e+00,8.871801542941604168e+00
-4.160209320489168583e+00,-2.234857001332649862e+00
5.091112999985420551e+00,1.414311018108796070e+01
-6.899637681401652678e+00,5.811290121107899331e+00
1.010155037135049305e+01,-9.289304627424838756e+00
-1.292831029943634213e+01,-1.062826763571127309e+01
4.864556032806230057e+00,-1.219711980540824214e+01
-1.285661513279889689e+01,1.293349577333724021e+01
9.686612853935550049e+00,5.746878790965085138e+00
-9.452912363941873508e+00,4.096305282855044361e+00
1.407981319986448021e+01,1.024349965152291730e+01
7.096709188117995559e+00,-5.275681495639470420e+00
-1.201609682490960473e+01,6.624009035648291466e+00
-4.409008166372972326e+00,1.847104161323754878e+00
4.088152368825969774e+00,4.894040950301816295e+00
7.873460718794767388e+00,-4.075144185913709971e-01
-3.416153148011967566e+00,1.869036911538474399e+01
-4.661234893099707399e+00,-1.841308478698480400e+01
4.712348666964734534e+00,1.094088437582534601e+00
2.060124207012073327e+00,9.858732948819062258e+00
8.427659045976929164e+00,4.403530137983918458e+00
1.539458764327063800e-01,1.119242695918476471e+01
-5.239798906493866149e+00,1.825428410549065106e+01
-1.011877133779128179e+01,1.394922540458640725e+00
-8.159320673392409518e+00,-6.258856535178633607e+00
1.880642429453226327e+01,-2.519650806203275195e+00
-6.047783322739231693e+00,-9.126399286274240907e+00
-1.818966307975257024e+01,-5.423826669831073310e+00
-1.077649497657845679e+01,1.224879237874640836e+01
-7.446362829549608264e+00,-1.429550701310341942e+01
-5.460521016162627639e+00,1.255941288610186923e+01
5.082550002948896584e+00,1.227420649944725817e+01
-1.096051374447572790e+01,3.126242924963870351e+00
5.237613732065108607e+00,-1.540598642460803802e+01
-4.115273923847150961e+00,6.113570095098546986e+00
-1.066969382302337088e+01,7.959230288631710337e+00
-1.470305119864805121e+01,1.406809773567340605e+00
-1.036339704837161690e+01,5.836288624561811744e+00
-7.638198385522263045e+00,4.211751466942398991e+00
-2.335163662642393945e+00,-1.540989665302902933e+00
2.983675974377197893e+00,1.695657072540679522e+01
3.191407024493741140e+00,-5.564721991781851784e+00
-5.402996159184947800e+00,4.836828416498361705e+00
-5.006278822209888624e+00,1.075815747033208503e+01
7.880617742058248609e+00,-1.575232612172284519e+01
1.925710647078471061e+00,2.474409716905854761e+00
8.385708419699382077e+00,-1.325307368299025335e+01
-5.701033070131801495e+00,1.651392277113219009e+01
-2.793418275040414400e+00,4.915457443096503454e+00
-2.723764271297142603e+00,1.369211805838904228e+00
9.735616099473631380e+00,-1.109405305058999502e+01
1.404884264163088226e+01,-1.278996759501607094e+01
8.360238334344661792e-01,-1.553527769773632272e+01
-8.869692841709085229e+00,7.966546488947135352e+00
1.266175926331202994e+01,-1.388530234056011059e+00
-2.131540175227364387e+00,-3.319604265499844331e+00
3.447351551288730054e+00,-1.112081813752166504e+01
-5.380406748359106928e+00,-4.789519162534988106e-01
8.438411953309591595e+00,-6.502978565472232297e+00
1.908320330908021445e+00,-1.023416874176615110e+01
3.575433892838554839e-01,-8.999502113733566233e+00
-5.257393589007146595e-01,-1.278250381646969025e+00
9.898072902807037110e+00,-5.497449309109419424e+00
1.698462140501080242e+01,8.362551457649924913e+00
-3.966186751660541354e+00,3.604880797170982198e+00
1.522909384159795465e+01,8.787375785602810296e+00
-3.251204887419330891e+00,-9.251728750930730882e+00
-5.771724180440552798e-01,1.826475961664705849e+01
6.481023934852127300e-02,2.392289742010226927e+00
7.446395525041787700e+00,5.938881944584771588e+00
-1.037042031854477964e+00,4.560721000916273304e+00
2.566516816614549779e+00,-2.444989769865878682e+00
1.391347536676936336e+01,-1.053657686983953212e+01
1.124772403034427803e+01,9.238760492289834758e+00
7.973312434507811908e+00,-1.143251335124518953e+01
1.156428077344673433e+01,1.270853679248476986e+01
-3.771074919740446063e+00,-4.023910702769658343e+00
-5.904650095020498313e-01,7.538920206559222237e+00
-9.427279162491535303e+00,-1.801531089225415494e+00
-9.324999607610175545e+00,1.532839549688053715e+01
1.233122189178509309e+01,1.065258368448948545e+01
-4.794535957158397643e+00,-7.853824767308156929e+00
9.818389072740866252e-01,8.353620301554203209e+00
-2.172217037477966350e+00,1.736820595168866888e+01
-5.738399175413056774e+00,3.045217360494541836e+00
4.622710104507800288e+00,1.593443970008561905e+01
5.179272736087439100e+00,-1.826820785461304197e+01
1.666184313143334705e+01,-7.065744906875672804e+00
-1.558880190405611010e+01,5.141035653026151842e+00
1.468938074245746961e+01,-1.671836113642245936e+00
-4.754500823894017181e+00,-5.627737675552370256e+00
-7.142139792521298602e+00,1.760440921563486683e+01
-8.637188699731440877e+00,6.156349494104348175e+00
6.859300572826347420e+00,1.233803237616113258e+01
-1.184443198491766935e+01,-3.963232034205895982e+00
-6.120762928466047192e+00,1.143584301623336019e+00
5.311598125077689581e+00,2.789026919171442298e+00
3.633738687456828043e+00,-7.330967688696249596e+00
1.301103779443579533e+01,1.381706891122177794e+01
-1.570105921672559468e+00,1.214721563365084833e+01
6.546368553991799288e+00,4.079438045150562964e+00
4.210687742085377216e+00,-3.127281860755892318e+00
9.465614784010405458e+00,-1.472825464020334429e+01
-3.987402037076321015e+00,-1.199922846595559278e+01
-1.135054249391501813e+01,1.402074943079259839e+01
1.136254773797871742e+01,-7.940380125772271036e+00
-6.533362057101388842e+00,-5.374790106162902426e+00
1.815047195111388234e+00,-6.701593539122686849e+00
6.013581009935670352e+00,-3.419342012160144773e+00
6.598353103033667288e+00,-1.276967923133941518e+01
3.004948540228312925e+00,8.287693757554682961e+00
