5.241624605725843544e+00,-1.445911626634825886e+01
1.232531569737291166e+00,5.559172635815938790e-01
3.260580855442096748e+00,1.218331329809498698e+01
6.385184918056454606e+00,9.458100682181006746e+00
4.983989185952801826e+00,8.004664504830904193e+00
3.233519201244378749e+00,-1.054115759751779002e+01
2.985571343391774324e+00,-5.801606883289977645e+00
-4.110078223960677568e-01,-1.707556361462278360e+01
-1.032774139471494479e+01,9.111822000677410216e+00
-3.980672861487259517e+00,-1.814043540097871343e+01
-1.757896582522856121e+01,-6.273864066971508002e+00
-1.247407075144622013e+01,1.097723875557083772e+01
-4.575412308931769090e+00,1.139635430619127554e+01
-1.319868319489982289e+00,1.531080974633638192e+01
3.073579142772289607e+00,8.742687368190335206e+00
-1.223800324640673054e+01,2.751173259935094428e+00
6.521074639743503987e+00,-7.906645707310844706e+00
6.034792966386731905e+00,-9.609831094769198501e+00
-5.367952199878303965e+00,-1.522944259870703121e+01
-1.136895847373535062e+01,-1.302684638462153188e+01
-7.781477309106369589e+00,2.901633948769591687e+00
1.521792489643971891e+01,-5.395168645415314934e+00
-8.326980242396576415e+00,4.579115474805073305e+00
4.322325447126494247e+00,-8.896894064831620597e+00
-4.335671597350941653e+00,-3.530622955638301974e+00
1.690310191031608511e+01,-4.750923417722154318e-01
-1.950390122183685016e+00,1.700756033847263993e+01
-9.607529676420458742e+00,1.610416369464003239e+01
-1.108090192373888527e+01,1.214012990529574942e+01
-2.430550608601459217e+00,-1.010758072601157309e+01
5.654897781502442378e+00,5.851053976173332671e+00
1.014554950187068805e+01,-2.363963781022019983e+00
2.066580129268882793e+00,1.366876619029245532e+01
9.402610524532082792e+00,-5.074981038672905953e+00
1.020021509929435588e+01,2.507815172179487018e+00
-1.668671420162534247e+01,3.536286063793423917e+00
1.422996912929574975e+01,-3.796340638857704342e+00
2.202321482868602409e+00,1.064387872615031583e+01
2.626530351913082484e+00,1.768953498968017124e+00
-3.624545816854840563e+00,-1.452705375872843341e+01
6.717070828239333657e+00,1.230175528060422430e+01
-8.224531481961523838e+00,6.364329979216465816e+00
-1.201160338098056890e+01,7.428098266838175867e+00
1.554056986118844463e+01,9.397839338212184757e+00
-2.799646086718548865e+00,1.082628173105081615e+01
1.644875016132282752e+01,5.751005533148846105e+00
-1.276555136528027878e+00,-5.534820085110399468e+00
-1.454258837254439207e+01,7.814808514284572460e+00
8.111291658657142634e+00,9.863714346463520855e+00
8.002217246791939687e+00,1.441190718696910444e+01
1.637695147186462918e+00,-1.658464673594279049e+01
1.066037251273814412e+01,4.226692596482855002e+00
-1.573130570770873682e+01,-9.124977052456985760e+00
1.192670166671572218e+01,2.971996673359500463e+00
2.118055389032899694e+00,5.771953945234700178e+00
1.757891296455865771e+01,7.133822841381143753e+00
1.184957920389312847e+01,-3.140623863164665686e+00
-7.512428373039687024e+00,1.041329230949436280e+01
-2.380986799442722290e+00,9.116141333175550088e+00
-2.224537384206219104e-01,4.856737541151669113e+00
1.090193559774779253e+01,1.016556125626700258e+01
9.233982182103627423e+00,5.306891741774700577e+00
-5.537669906256211583e+00,-1.713945534447493557e+01
6.768372558070478995e+00,7.682967514220427674e+00
3.500119743520359261e+00,6.975049230248236753e+00
-2.717892213126956502e+00,-6.609260647933026256e+00
-1.740536694215367675e+01,5.268938017427053921e+00
-2.468887270104351828e+00,3.232950804568127001e+00
-7.268110270489443359e+00,-1.652528586597061278e+01
1.124591010990284445e+01,-1.260967974189062524e+01
-1.316626489011300016e+01,4.290299889257336297e+00
-1.014092426019471693e+00,-1.895523352535248662e+01
3.512485697648267458e+00,-1.407976516230785613e+01
-1.013431645963003369e+01,-1.931175670401549027e+00
-1.392336680700580942e+01,-7.943491189017260368e+00
7.577009975096661520e+00,6.103541781781995468e+00
2.572532857247617155e+00,-2.359522809345068861e+00
-1.764495547617075033e+01,7.034433453725272400e+00
9.501693855682429302e+00,-1.314147435467061165e+01
-6.025771355480242342e+00,3.043787218205750378e+00
-2.216170254414016050e+00,-9.619542942300967070e-01
-8.130602518347028962e+00,-1.495729517771845885e+01
-5.613917902586162079e+00,6.613190081558896871e+00
5.515257218753705892e+00,-1.268870589116043135e+01
-7.367871893071565870e-01,-2.010403462545805819e+00
6.113668236300944692e+00,-1.601202044089423637e+01
-1.004542822355482024e+01,2.195846095750634497e+00
1.183037623255525528e+00,-7.598998129901378462e+00
-1.344482864034957359e+01,6.163237245893537164e+00
-5.374275226026657748e+00,4.805707315281650516e+00
4.086598209830231809e+00,5.034255035152856994e-01
4.344076101372201570e+00,2.246128493619045763e+00
-2.407724115268610188e+00,1.261411996901606969e+01
-7.809024811124484877e+00,1.568938846245170637e+01
1.231120968609598876e+01,-1.444443279588004891e+01
-1.427285800236261082e+01,-6.017179581869913640e+00
-2.201542858880465303e+00,6.715121352426943524e+00
1.175406317689360769e+01,1.185623235460375824e+01
-1.062127128253260011e+01,3.924021503544244283e+00
-4.413111502743231537e-03,-9.034438319015341889e+00
1.178156337618632143e+01,1.372025996909255063e+01
1.669834435888218493e+01,3.831681333603064399e+00
8.562656421613182189e+00,-8.238458152371473275e+00
9.391868806046304030e+00,1.110954252038640888e+01
-6.852013530081331183e+00,-8.642343203774389693e+00
9.071681264440156767e-01,-2.986403694014102772e+00
3.757809958145089113e-01,1.097230309966850115e+01
-9.766855020600445414e+00,7.419081650870786859e+00
-6.667175565403123727e+00,1.368410835788583135e+00
2.580709666574351857e+00,-6.016446482600610324e-01
-4.242354611311997203e+00,3.302253830305482474e+00
8.366515738212160214e-01,-1.157858310488205866e+00
1.740293386243095597e+00,7.560380496545926476e+00
-9.159431542420882755e-01,2.252375700740861575e+00
-4.423287505692725663e-01,-1.133209582909069368e+01
1.408999966656599412e+01,5.441962865798999793e+00
-1.321508614333724729e+01,-1.334345093831261053e+01
3.401333505526350720e+00,-4.007429000915157857e+00
-8.210593804976102916e+00,1.219734625849380727e+01
4.946107449198789752e+00,-4.921065973942287286e+00
3.034138861213822480e+00,-7.616269059986528589e+00
5.487884238570249096e+00,1.100936827846046562e+01
5.631533765235987588e+00,-3.612558176041440472e-01
-1.823141716159578252e+01,-2.496155057236975505e+00
1.114414822114285819e+01,-7.747924543388953200e-01
5.258451857136472452e-01,-5.931103540719118605e+00
1.175840515965238531e+01,-9.557422647135284777e+00
1.235786436418436729e+01,4.926432440307006111e+00
1.373806017109887456e+01,1.265770627016066463e+01
9.641892082736193359e+00,7.840550475452310319e-01
6.934233174606538874e+00,-1.164277519244670600e+01
6.981001564644778057e+00,-1.386499886276543236e+01
-2.923722284792997339e+00,1.435185380448522530e+01
-7.302617188491202782e+00,7.885052240591490680e+00
-6.454584119295011524e-01,-7.302702003222107052e+00
-1.524122095997276105e+01,5.786877336195968446e+00
8.511762475273950912e+00,8.102250740123986716e+00
3.102613071021758095e+00,3.509525986099692574e+00
-1.241317721512653849e+00,5.226124487485933612e-01
-3.061336332549036587e+00,-4.859592658783498997e+00
-3.749415948323939318e+00,-1.852120859754829540e+00
1.679516100740757167e+01,-6.522230394362881434e+00
-7.514965848603807785e+00,-6.906435224176196819e+00
1.312278923733205360e+01,-8.246036664920593395e+00
-1.561932176948997153e+01,1.694911344921265828e+00
-5.810123938097583540e+00,8.849889558924891375e+00
4.965892121297137862e+00,-3.088081123805844985e+00
-1.647462363405009356e+01,1.490849806827971302e-01
-6.602771113897921040e+00,-1.390485014330803182e+01
1.399993971217128763e+00,-1.120489212531732370e+01
-3.904301422440327851e+00,-1.634776864796070583e+01
-9.599525009696676658e-01,8.031998446337112796e+00
2.009801283566153618e+00,-1.298083614954722975e+01
1.317218742805297715e+01,-6.400113349134324281e+00
2.072027165591716624e+00,-9.164994172601556244e+00
1.087160366236717413e-01,6.613144767106735600e+00
9.830272282926692640e+00,-7.027272746909003942e+00
-4.828271224216369895e+00,1.568567469669872372e+00
-9.185424713081886239e+00,-1.194394109076383970e+01
-1.179139137348628097e+01,-2.791976887200993129e+00
-3.991249861876006388e+00,-5.426616731840595148e-02
-4.121080039110169846e-02,1.403789823019325844e+01
-3.711924871703793816e+00,1.738417288785826997e+01
-1.133074536146298072e+01,8.952730429639778054e-01
1.558732339820086388e+01,8.531427713577719452e-01
-3.724091004806853622e+00,7.788185387961750195e+00
8.216237126956375647e+00,1.823775521589498405e+00
1.189180417451316174e+01,1.173149841930391402e+00
-2.167441656524549565e+00,-1.680332212439907380e+01
1.621162537820546135e+01,-3.859150117869142527e+00
1.723916970632603185e+00,-4.545560496730828959e+00
-5.494033551628859868e+00,-9.900853046069540753e+00
1.551473220212162829e+00,-1.893055388947693274e+01
1.048938742536913793e+01,-1.479346123655723666e+01
7.600351051631583310e+00,-4.713912079510413911e+00
8.770547788953866331e+00,3.528426898948617829e+00
1.276789004003822825e+01,1.032659343284249154e+01
6.359110785916100461e+00,-1.790279224014587811e+01
8.427783590604608355e-01,2.401688726897582615e+00
1.336049539458085889e+01,-2.254757232744768469e+00
-1.351170380946177119e+01,-4.251255278878736554e+00
-1.174716050698310710e+01,-4.628834397045602955e+00
-1.556834001653554722e+01,-7.297406778019534634e+00
-1.222261066348258396e+01,9.186470805333769363e+00
-1.017522493107406589e+01,-7.364639318215518315e+00
-8.336447772463966288e+00,-2.013331467366562322e+00
1.453744102040793074e+01,3.692670517668654284e+00
8.119779027766233170e+00,-6.509368265744790882e+00
-9.297752843909256271e+00,1.056096675754410263e+01
-7.581429056523049326e+00,-2.759766770329443730e-01
4.703533996336272338e+00,-1.715304408207937215e+01
-8.673321863528135722e+00,-5.373590325145506164e+00
1.260853800789760371e+01,-4.735324651377050387e+00
-1.169942168274315719e+01,5.676563996822667768e+00
6.052125375656212114e+00,2.897607365075346220e+00
-1.403359950560559710e+01,8.856431221100171669e-01
-7.415739627997656847e+00,-1.033951883521383941e+01
3.773076425063607964e+00,1.436145473410185858e+01
-4.105951397869567643e+00,9.627963559947650296e+00
7.806253906683514820e+00,-9.840886842822737179e+00
6.360825230776318229e+00,-6.054164540509960446e+00
6.745241699810085478e+00,-3.152433299044823833e+00
1.898296821828694858e+00,-1.476319145139605027e+01
7.951619852400691357e+00,-1.532930865142220433e+01
1.420404565469782776e+00,4.134008819057877204e+00
-5.908854980110069377e+00,-6.182462733058892823e+00
-1.247730865025500346e+00,-1.522279113060725386e+01
-1.341184809572395586e+01,-1.156795021814309621e+01
-9.657090151604293737e+00,-1.369289051870378238e+01
-1.645398025852775703e+01,8.340973658093535192e+00
9.909221179338851826e+00,6.928214508706305175e+00
7.948994780308556329e+00,-1.674055525215472837e-02
1.520589828829116641e+01,-1.931072583805181431e+00
4.143367672109280697e+00,-1.474901668952227407e+00
-2.066404609025820349e+00,-1.367113584162959583e+01
-8.720020695148583911e+00,-8.500979843433048799e+00
1.865248362161668183e+01,-3.263847684307460195e+00
-5.662687501197177120e+00,-1.175912310667476568e+01
3.001649828951107768e+00,-1.780081979878006493e+01
-1.384295088164978438e+01,-9.767323934267778895e+00
3.976902364580644722e+00,5.129076092191653835e+00
-2.415985387223879233e+00,-3.133536710115534696e+00
6.173996302158960781e+00,1.433460509923761883e+01
-1.654659444511364086e+01,-1.622443967297352962e+00
-9.886757526181659372e+00,5.531575134112159731e+00
-5.945958229843021137e+00,-4.410641762518787701e+00
1.408211834792187922e+01,8.207582012618269474e+00
-1.496457998141688606e+01,-3.188010761873377952e+00
-8.499477028681516444e+00,1.234171728175276206e+00
-7.416504156350224086e+00,-1.224134096589525278e+01
-3.771635903030260639e+00,5.583730272038704534e+00
-7.234825500012419530e-01,-3.806853427051703598e+00
2.278010929635950532e+00,1.742324643062733003e+01
3.728638363554682478e+00,-1.229187506197633795e+01
6.499097938129137830e+00,1.187506424691980200e+00
6.348840939545110196e+00,1.776538234661725113e+01
-2.987574281231645035e+00,1.495080340396664820e+00
8.751365732007959863e+00,-1.141364784481783268e+01
1.357509581353037476e+01,2.075744653871823608e+00
1.217101622482924483e+01,8.523051929699418494e+00
-9.245158803050808061e+00,-3.603789867169200800e+00
1.112916402859997156e+01,-5.746143278365156704e+00
6.315952330977359086e-01,8.939343369733085964e+00
9.864900662639074724e+00,-9.964540603938212726e+00
-1.803451682557453850e+01,-4.379962433973160429e+00
-4.021499313019486266e+00,-1.097788741004952762e+01
-2.236936206790598458e+00,-1.191416909651160339e+01
4.757761703281849996e+00,-6.941161757626295170e+00
-3.896384901485599350e+00,-9.048376347666485131e+00
1.283378531714927107e+01,6.875319242902908634e+00
8.542047421799226825e+00,1.271967911104408699e+01
7.117888735270183176e+00,4.407784305208886089e+00
-5.785907144859863571e+00,-2.063231455668795566e-01
-2.190753820383080530e+00,-8.309534910813972886e+00
-1.999977086596750553e+00,4.968071662781556874e+00
-4.411776416008311941e+00,-7.286608971323610184e+00
