4.366016852014684702e+00,1.439824864921652647e+01
-1.014179561378639249e+01,-4.966642318689244995e+00
1.205846508283217311e+01,1.467166794589859435e+01
-2.558378199814301368e+00,8.409888581898023574e+00
-7.417120541666559319e+00,-6.943069419824093869e-01
1.131858489374463428e+00,1.896625678303525575e+01
1.751180868993483841e+01,6.220074419911513885e+00
-1.237896041748749809e+01,4.937672711154761807e+00
8.471011254969488036e+00,3.251056970273517033e-01
2.418183748582531933e+00,9.390636197872741064e+00
-1.726593633100333136e+01,7.884586943164107353e+00
-2.758852463933472166e-01,-1.619105025701380640e+01
3.252890691894505526e-01,6.633710810846084271e+00
-1.241207755625346820e+01,1.248823147532627154e+01
4.445215997756761794e+00,1.187746228009053162e+01
-8.520336425356008547e+00,3.580385000080305247e+00
1.556945166098588729e+01,-3.997421222130756124e+00
-1.551947951379229451e+01,-5.045077149493250035e-01
-9.115037026798738395e+00,-1.163089699187208392e+00
1.589602681488447367e+01,-6.748656820591421024e+00
4.733746431853007586e+00,8.367908664037820188e+00
7.244397674924838881e+00,-7.271256199135611276e+00
-5.289539770007132269e+00,-1.459953070520909435e+01
-8.373229647912323159e+00,1.589550051041127254e+01
4.337162893173318601e+00,-1.417099330506185417e+01
6.012469523195420606e+00,-2.030445245842986246e+00
1.260823992955395845e+01,1.379704952388481676e+00
9.744107006041925700e+00,3.435028558232394946e+00
-1.421589557572422180e+01,-1.256255683564595671e+01
7.873578582211870902e+00,-8.999078975395118363e+00
1.221793607262797732e+00,-6.551135006118594006e+00
1.116775214444515996e+01,1.118529473379151717e+01
-6.816386347673548229e+00,9.959353938712018905e-01
-4.240187699550188150e+00,-6.490938271888655464e+00
7.564092499992203678e+00,1.333071454314206861e+01
-1.494590049302448209e+00,1.659554569530908807e+01
-1.226256006079561445e+01,1.330842873601170817e+00
-1.018497321447296677e+01,1.568082621600955662e+01
-1.246729237759485720e+01,6.732989616329423832e+00
-1.379521778624788553e+01,-2.869675699332371099e+00
1.107330066157088844e+01,9.366759531067909705e+00
-1.020782437393170738e+01,2.300205546523386158e+00
1.913545578120807722e-01,9.944681426887656883e+00
8.627860484900566007e+00,1.180141081591844809e+01
1.806454365294844422e+01,-3.829347554263544229e+00
4.596707998089732961e+00,3.858526977034494543e+00
1.184801152321704798e+00,-1.786563702346196436e+01
8.284631460338466979e+00,-1.484480176027615528e+01
-1.344374261091709544e+00,1.303315804153358926e+01
-2.002843584910861452e+00,-1.389188542335973509e+01
4.104135670165415029e+00,1.001909903711750083e+01
-1.367768573483948735e+01,9.865264470206073000e+00
-4.835435594478959764e+00,-1.652287569193228478e+01
5.137141128848631055e+00,1.609899938023959365e+01
-2.230982421827400586e+00,1.882413703416206729e+01
4.881666130580078478e-01,1.466588145883848249e+01
-3.103060157298534349e+00,-3.009057549975250101e+00
5.471638546937608316e-01,-8.231992272853819514e+00
-2.219246769998255431e+00,1.134243253510059013e+01
2.574235953590109816e+00,-1.459114123331248081e+01
-7.179017622246358421e+00,-5.770669918437450363e+00
6.399373441714185873e+00,1.479512810675663914e+01
-1.267940114888217007e+00,1.481353374552891644e+01
4.601206997861833514e+00,-3.235920917177975920e+00
1.642140190307985392e+01,3.749668146556552895e+00
-6.021717911223531061e+00,-1.059237671521790958e+01
-3.754411962837309602e+00,7.098942285971221011e+00
-1.395533226120042869e+01,7.777467540862843975e+00
-6.757117359244538823e-01,-1.798385942064803089e+01
8.107920058564463517e+00,-3.653887695898550891e+00
-4.824299821482362027e+00,1.677442366479255398e+01
1.565461355927283726e+01,1.446484690515035254e+00
-5.409375290742315379e+00,-8.854381487786207927e+00
-6.866567184330532925e+00,2.759827308312389427e+00
2.784316437579096859e-01,1.317580109521672815e+00
2.358543585944753662e+00,-9.912106071864478452e+00
3.342378994751111776e+00,5.818997174516988419e-02
-9.215217665758579813e+00,-6.506121241559947421e+00
-3.528292419580462358e+00,9.925008969773095657e+00
1.073278633334643795e+00,2.973553492939191578e+00
-1.820527508740814149e+00,3.578277213547979563e-01
1.412484237375337059e+01,2.341519984214449401e+00
9.299412944885471211e-01,1.163411018513437867e+01
-3.907852066754587739e+00,-9.927216653019105053e+00
3.395177518276132567e+00,-5.581838582926624603e+00
-6.608692364964301458e-01,3.731478715212992903e+00
-9.105137737798072450e+00,1.138974003112501698e+01
-1.230853090016947071e+01,8.724737855744329806e+00
-9.188441713802495414e-01,-7.177301018070975758e+00
-1.353291256354741900e+00,2.115074895593247906e+00
-1.018309338334048952e+01,-2.676602021746589344e+00
-3.374259094221162769e+00,1.994637758457292076e+00
-5.444420084044889308e+00,1.030028966488853825e+01
1.540871873906042300e+00,-1.606996301680613115e+01
-1.410185729079752903e+01,5.484098887477528272e+00
6.227375129361644390e+00,-1.592139873807872164e+01
9.743630824185672168e+00,-2.882593434822795952e+00
-5.889625179050627324e+00,-7.093130740292845182e+00
-3.704931488262586559e+00,-4.800662103398543046e+00
-5.837746062517474854e+00,7.183241325965677326e+00
-1.407581143341412222e+01,1.157736795530997576e+01
3.738503777827019814e+00,-1.857020101188154371e+01
5.611860402776919443e+00,5.447602065110990210e+00
2.918823606470117404e+00,-3.806173961693815055e+00
1.347116263651506252e+01,-1.130999357433428054e+00
-4.422240721019632836e+00,-1.712487980887918981e+00
9.585572839301233827e+00,-8.099584205599395403e+00
-4.262908691510986614e+00,3.690500461538522181e+00
7.630603054099813320e+00,8.323131180280807229e+00
7.005165119643159244e+00,-5.500819918155107402e+00
1.461746089376674540e+01,4.374847611342947751e+00
2.487594732640504791e+00,4.079408025539042804e+00
-5.238798618905480708e+00,1.951102348196132930e+00
-6.467257450026114851e-01,-1.145759781025224378e+01
2.256150198573130705e+00,5.922757740051841857e+00
-5.504091517381491272e+00,-5.224008154281371219e+00
-7.578509600276084335e+00,6.622275507718528686e+00
-1.797179303508066894e+01,6.160416564603308665e+00
1.408376181888062906e+00,-1.153125732464590314e+01
1.018036083431635852e+01,1.272912619627186714e+01
-7.937184506086086833e-01,-1.106813616071529616e+00
1.255795975270213916e+01,-1.022310200410421288e+01
8.005091157232820720e+00,-1.800431221850922414e+00
-8.439490988503033364e+00,-4.417144593431643784e+00
6.300696790491896238e+00,-3.845737603014923955e+00
-1.171837174709071583e+01,-1.247713062969918063e+01
-2.401372951945016876e+00,-6.036519450410795962e+00
7.183804796432680106e+00,-1.751081539220188077e+01
-2.375194277895920636e-01,-5.496024156261019478e+00
-8.629715166118504754e+00,-1.305938452320277854e+01
1.087442894897166035e+01,-9.398154695787932056e+00
1.425839985334865467e+01,-2.757142910650343559e+00
6.205795382486655853e+00,9.463467009359378679e+00
5.205672073435450464e+00,-5.233184694994714725e+00
-1.415436718161465279e+01,3.664415648062615993e+00
4.000498675006285976e-01,1.645928882196602316e+01
9.131700934258686786e+00,1.419544056039374524e+01
1.845970708098149116e+00,-2.348861617826111914e+00
-1.358211757272407283e+00,-8.944640992808265523e+00
6.039017488173914039e+00,-8.786748672799152615e+00
9.328525471912980649e+00,-1.252578098022323694e+01
9.251074325684461641e+00,-1.008750874052424962e+01
6.810690736481411101e+00,-1.332461530934149252e+01
3.398402321236378310e+00,2.527850129689330316e+00
-7.509779805696060961e+00,1.241512756077237434e+01
6.325817226580087826e+00,1.130360113640645103e+01
-1.038960784866785048e+01,-1.363537599999650141e+01
1.199022775406560903e+01,-7.969125884901188783e+00
-1.133162286424304455e+01,-3.748219533744664433e-01
-1.602391719707035378e+01,3.581492875647311447e+00
7.201723210533230279e+00,1.643643704194831656e+01
8.933447562051821222e+00,5.009354987249669655e+00
5.826368592962069215e+00,2.597246159279067435e+00
-7.988349417054005031e+00,-9.835002894299146092e+00
1.115385197355500679e+01,7.094549992114379533e-02
-3.716355799674097682e+00,1.995058385542245183e-01
-5.464893224924067816e+00,-2.104281082373080647e-01
-1.510188284657187907e+01,-1.081672275690623231e+01
8.931995406912006885e+00,-6.388639309799374999e+00
1.398445979003548700e+01,-7.215011807352126993e+00
8.302251584573145493e+00,2.380888792224382211e+00
1.744877598078862135e+01,3.196567729852948236e-01
-4.052090420514121050e+00,1.852471973390284887e+01
2.066130204788439340e+00,1.315815945167585932e+00
1.220825425227803018e+00,-1.331455987314167366e+01
2.831829531257459731e+00,7.635243862759311106e+00
-8.723803193027011460e+00,-1.491182060694626088e+01
1.215896632664670562e+01,-1.457097972019949594e+01
1.293796727858710227e+01,3.780241720277967676e+00
1.685239072689707740e+01,-5.241099404455582977e+00
-1.800574777121301651e+01,-6.018566184046231449e+00
1.356270907826931804e+01,9.552420936792024975e+00
-8.407576867425222034e+00,1.733202109334463392e+00
-2.452857376368584141e+00,3.579612482924327654e+00
7.356806695528831597e+00,5.856126381436206785e+00
3.883955755944355381e+00,1.739388712665922299e+01
-2.801322064923061350e-01,-1.434244721194387751e+01
3.606597987165341967e-01,-3.342046705801675177e+00
-6.110309957534370895e+00,4.390476848759655049e+00
-2.213026755724990302e+00,-1.059619300728774682e+01
-2.049481089046449434e+00,6.638054070965736742e+00
3.558886780063620137e+00,-1.796614895187857330e+00
1.506732404775067646e+00,-5.957795150943391294e-01
1.126343834803348898e+01,4.545447834546950006e+00
-1.241796839546418951e+01,3.119507738401567920e+00
-1.568238878544281079e+01,1.072462715673246336e+01
-9.225258290796213956e+00,5.181041265055456257e+00
-1.098773658178059875e+01,1.401180518407800868e+01
4.434045254456390417e+00,-1.606715765886210789e+01
-1.201971005941353354e+01,-2.629961586561140319e+00
-1.084083440320153713e+01,4.023640761576416480e+00
-1.530090393789019743e+01,8.992884990254260913e+00
-1.721847541865884068e+01,-9.457277621327561112e-01
7.139249087828678952e+00,3.867025054146001839e+00
6.198075518757791613e+00,7.263712986874948818e+00
-1.597078513313831394e+01,5.499844698720016467e+00
-1.363779948607106274e+00,-2.804858540431716563e+00
9.939187782469012689e+00,1.544749640996770923e+00
4.003056324510618325e+00,6.220070101239936200e+00
1.067577964525347056e+01,-6.670504762350323524e+00
-7.842100055550341731e-01,7.996747324964964321e+00
-2.583361409806587350e+00,-1.290722732784787219e+00
5.149555171567631540e+00,-4.868306628109680956e-01
2.947363675565361163e+00,-1.246289817463514282e+01
-6.653759488826750612e+00,8.889516052592467688e+00
-4.154991681088402444e+00,1.164304657737662652e+01
-3.125383969298610509e+00,5.211460234622127707e+00
4.686604035284385739e-01,-1.000140653762456822e+01
7.740819914914854216e+00,-1.174464209844525087e+01
9.722256782481858650e+00,-1.104792841184614627e+00
-9.710794267158862070e+00,5.402632683392006863e-01
8.375195228244194379e-01,4.834497714053263451e+00
9.691532023518482086e-01,8.317391020978140759e+00
5.373318278667037262e+00,-7.094856734914602114e+00
1.459645962091437532e+01,-5.466194704043592978e+00
-4.085090136246531500e+00,-1.314172618201204479e+01
5.788178300064370951e+00,1.311493422042213730e+01
8.787342725839454971e+00,6.883982352452441944e+00
-4.907586774225132231e+00,1.500070335414122447e+01
3.096743248083432931e+00,1.305526183511416605e+01
-4.816400079902777520e+00,8.651426469886139614e+00
2.691078793288354642e+00,1.115154830333505842e+01
-4.859452481285046588e+00,5.625546244362972459e+00
9.458259699240477048e+00,8.592908074020900955e+00
1.407096282610698967e+00,-4.769093876693960787e+00
-4.977916226002482958e+00,-3.405815313508964604e+00
1.463600011284947655e+01,1.211499954710325078e+01
-7.461892911150521890e+00,-1.166260185250167858e+01
4.644993519799264448e+00,1.260332361026831327e+00
-2.814271458894310296e+00,-1.700694781384352083e+01
6.915200541898136599e+00,1.185477615632083648e+00
1.034746259725171136e+01,-1.535011403332932289e+01
-1.066979554006571007e+01,6.214582712809857412e+00
2.891011234058716184e+00,-7.294320304736631400e+00
-1.502435843799074000e+01,-6.184401520148189668e+00
1.200244855157989221e+01,1.290536898798681875e+01
1.435597351048992465e+01,-1.237191480811767619e+01
1.134791340162601969e+01,-1.896709769383519539e+00
1.297606522655316397e+01,1.131647360333584729e+01
1.119404181039229407e+01,-4.343158876177415806e+00
1.139072655133107226e+01,2.727639732267279182e+00
-3.166483317297840383e+00,1.314130670903579379e+01
-6.742561548103993552e+00,-3.866382409264052633e+00
-5.772532067673478373e+00,-1.808562576453843107e+01
1.068413442231172539e+01,-1.132433563901217788e+01
5.198900268314712747e+00,-1.252758891467220614e+01
1.856860310542747428e+01,2.886079881538525793e+00
-1.062240802881953883e+01,7.989285805511893379e+00
-3.072732453444706469e+00,1.491272654378529694e+01
1.720129983262345164e+01,-8.013781763928625068e+00
-1.494247660811790190e+01,2.023306095864843446e+00
7.882508589494698015e+00,1.010998256466308298e+01
-8.064640661688613932e+00,-2.632641255632623967e+00
-1.287594332437834410e+01,-4.489600668442904841e+00
-3.587669235363947440e+00,-8.149182316178627872e+00
-6.146760045698001385e+00,-2.094920866018293637e+00
