-5.340169557036434256e+00,-9.289808545741930601e+00
-2.433783140919243693e-01,-9.441130481117847140e+00
-7.160628495095883395e+00,3.533156720841326148e+00
-1.162050382289519135e+01,1.451464369224885154e+01
4.919452078337229750e+00,-3.032526504870420414e+00
-1.162422452108721238e+01,3.613445125370448707e+00
-4.400220626828438064e+00,1.538660607047196471e+01
-4.593055302917992133e-01,1.573967537904652714e+00
-1.407958830323865307e+01,-4.122734302140266927e+00
-3.218561639438371813e+00,-1.199694907977522185e+01
9.146634512687059626e-01,-6.484411456716443034e+00
2.597561742096842430e+00,1.051681689775048589e+01
-3.523411869984039435e-01,-1.898637916014948601e+01
7.161837385445179116e+00,3.142937861878729144e+00
-9.590205419581634416e+00,-2.396359648842971701e+00
-3.482101972384751498e+00,9.178051526158126805e+00
9.709568256929921759e+00,-4.453298456853254983e+00
7.346046685718305991e-01,2.854620925504196105e+00
7.789693815959080503e+00,-1.394810332861555979e+00
-1.024904887317048541e+01,4.902010353814032939e+00
8.664768655574354383e+00,-6.001309757450669302e+00
-1.721914452137730311e+00,-4.067725965587011494e+00
-2.611461938592943843e-01,1.792397813318743260e+01
-2.082514364791488326e+00,-2.347797854746461965e+00
-1.423083203978314337e+00,6.889862141433221510e+00
-3.108709616317915536e+00,-2.331415899817563808e-01
-5.738165147260809285e+00,-2.623335109074043103e+00
-1.317390697858768833e+00,-3.534773414251448087e-01
4.834586095833296682e+00,-9.563733046292190565e+00
-4.204849731998061557e-02,8.178420140658017701e+00
9.547595209120617099e+00,-8.073924218951078480e-01
1.497317511181897487e+01,1.169357202260246176e+01
-1.502758202206138805e+01,9.606144403929098630e+00
-1.131478553298883583e+01,-2.889471271274921982e+00
1.557067870331467763e+00,-1.877524409662719762e+01
8.863956388906444772e+00,1.270456935047721636e+01
1.162176361055913709e+00,1.896229509167503835e+01
1.235078331760389148e+01,2.163550869728109394e+00
-9.831820738927197212e+00,1.348657478965288270e+01
-5.770733018250100876e+00,1.660938112577132841e+01
-6.029704887250639800e+00,9.848767175738865731e+00
4.771408362486868171e+00,1.839051552560713532e+01
9.535742206136418986e+00,-7.632669311681929081e+00
-3.364102750436224198e+00,1.692860252017245415e+01
-6.714668683013680806e+00,1.217976603581907113e+01
-4.582047988255284920e+00,-1.240545986509681509e+00
-2.582096325882287102e-01,-5.162758867260872186e+00
-1.553827082979682528e+00,1.667018140966336048e+01
1.131315957185287147e+01,2.493038313934167471e-01
1.324834203630534724e+01,4.561764386881963063e+00
1.623045577597378752e+01,5.446975721540660231e+00
-2.005639395001754366e+00,1.049509643207173148e+01
1.124798780817314281e+01,4.865863295700317614e+00
3.080507484518899997e+00,-9.265914574648224544e+00
-1.432982168797446221e+00,-1.720136863223845936e+01
-1.676305025856237085e+00,-6.313796534027018126e+00
6.449025408892997469e+00,9.866770598885608479e+00
1.497839349790142549e+00,-1.010236125503680071e+01
1.007453891527937095e+01,-1.373049334958393075e+01
-5.543383831521925487e+00,2.826004165570131121e+00
-6.149291525369858569e+00,5.034888255712457905e+00
-5.024398018115985742e+00,1.273654256637130189e+01
5.608969508387908753e+00,6.192526283672308729e+00
-1.791406586767009923e+00,8.701290731738293260e+00
4.906163254422732045e+00,2.246666655138939372e+00
1.563743711443314055e+01,3.637368819170621936e+00
-2.203643214346384216e+00,-1.499747917968927347e+01
3.811700632318349324e+00,-1.105917867521479891e+01
3.541117338585402230e+00,6.835782555664380311e+00
2.771906190342642073e+00,-1.264179676831928667e+01
-8.052136191412541777e+00,1.962637954275228358e+00
-3.574994723733602164e-01,-1.877621830566968963e+00
1.878175031771827719e+01,-2.806566390364769514e+00
-5.101284549234123666e+00,-5.690769492275370212e+00
6.736755836304662459e+00,-3.337360659829704090e+00
1.120720222163981816e+00,-1.182922549829330094e+01
4.897783249286018936e+00,1.657982935901911858e+01
1.275747879470694990e+01,8.046462257711754162e+00
-7.268013497868819783e+00,-1.211597550966600956e+01
-1.239538671865520136e+00,1.332441469451796046e+01
2.570763355151126195e+00,-5.687106005618433713e+00
5.394682217727461371e+00,1.279984690452829987e+01
1.413667403166871450e+00,-8.290605011057282425e+00
1.437444517815361245e+01,6.589382629584783935e+00
-7.439597797873057416e+00,-2.088456423672352624e+00
1.050146510221841822e+01,1.079761737614971295e+01
3.486506438660454399e-01,6.402282521036275931e+00
1.257430469648640958e+01,6.279151568897691327e+00
-3.869225875044290497e+00,2.273792582164227305e+00
-7.155364629426416379e+00,-5.948457387735239799e+00
9.951565838675643150e+00,-1.134393911811800670e+01
6.655551475864155186e+00,-9.789687372347477989e+00
-3.706490711762571166e+00,-1.022567367383746273e+01
1.409601726870610250e+01,-7.389694940596804429e+00
1.177811687556967968e+01,1.290398669701796130e+01
7.694725717491961436e-01,4.656730202982698685e+00
-8.582097426233977089e+00,1.203521656462666733e+01
-1.385693353575460840e+01,-1.726638221296886266e+00
9.719115562261350760e+00,9.828320391713456505e-01
1.410568157233387687e+00,9.175317342442257385e+00
5.525364965456576627e+00,3.912432686903458023e+00
3.612610466591501535e+00,8.130713668337519184e-01
-8.245732187107492450e+00,-3.676763258283282099e+00
8.517537955644604253e+00,-1.272103275936730249e+01
2.355024071320233059e+00,2.063651400205530617e+00
-2.797818343649359552e+00,3.683240214714246452e+00
-1.070725472620991958e+01,2.064809360212931821e+00
7.285215364175524400e+00,1.141041577133995766e+01
1.482723553163700814e+01,-3.913952435203439606e+00
-7.156096668012672524e+00,-9.482914600806997996e+00
-6.272932666867980345e+00,-5.223706005109119976e-01
-1.063746198542987287e+01,7.583486400200795785e+00
-6.748369024730131116e+00,-1.592513610973299443e+01
2.767087911521894483e+00,-1.589464083738369915e+01
-1.082275585802467077e+01,1.089477746098225985e+01
-6.873145179363675972e+00,-7.701088561423452994e+00
1.167703332417726081e+01,-4.435430078876160920e+00
-1.365015948177791483e+00,-1.184718698410152804e+01
-8.834261675281281256e+00,-5.374843272987916087e+00
-1.466018924752819252e+01,1.324631589646710017e+00
6.567447104360972787e+00,1.479185764513362145e+00
1.936668105179215615e+00,1.552601843424467098e+01
1.717381461638285955e+01,1.131559082881193223e+00
1.299780028354201278e+01,1.120736019031622988e+01
-1.646973854356880196e+01,6.431382701634792420e-01
1.103039013456191775e+01,1.546056186488034356e+01
-1.534430392303193891e+01,6.541031241288005837e+00
1.166715967943315846e+01,-8.258882589844036559e+00
-2.145952006061897510e+00,-8.307248540489020172e+00
7.080790977093956329e+00,1.328697958219018638e+01
-1.349287336637882184e+01,2.717607538403130185e+00
-4.861687709029020255e+00,-1.274068360003493261e+01
-4.488869549737997566e+00,-3.969694501068754544e+00
4.499643635968708644e+00,-1.328453007014706166e+01
-3.175131888545777326e+00,7.318961542369523343e+00
-1.260812475955480316e+01,1.133918531432178689e+01
-1.295244519062519473e+01,-1.017446074066556250e+01
-1.592003399239427530e+01,-4.086587089995199484e+00
-2.838950403153922331e+00,5.458263232922683450e+00
-5.876909445206731419e+00,1.436748447563671860e+01
8.197466008327797482e+00,1.466954968175622831e+01
-1.489404317590506999e+01,-9.159848816460375076e+00
6.510578017647859816e+00,1.784971635281974045e+01
-1.145499119736222937e+01,-1.125862936540187498e+01
-9.082755269428316680e+00,1.029679432896232960e+01
-8.854913705793348910e+00,-1.583603173422940102e+01
1.429055849425435509e+00,-2.039451098784038852e+00
3.265536470128004076e+00,-2.462514570829814176e+00
3.516005884818551142e+00,1.315663100638348304e+01
-8.918633692231923149e+00,8.080108135956514559e+00
-2.698166612588785540e+00,1.215854196645582164e+01
1.504530031393892209e+01,8.336320048901876945e+00
3.653385800134901551e+00,-4.243056914554537151e+00
-1.710323341414719422e+01,2.426325081185111809e+00
7.973091339149039669e+00,3.828107528805785309e-01
4.657951688513639610e+00,9.725195784020863599e+00
8.694356226302264901e+00,-1.688898601294479107e+01
-1.318503397986369485e+01,-8.422261380559515231e+00
1.825893418687840830e+00,7.371206648452742982e+00
4.927193577335015284e+00,-1.520436070080071822e+01
1.895641301909820342e+01,1.241810112791503551e+00
5.079543336154905830e+00,1.466674312276633074e+01
-1.146430831102452430e+01,1.273852649663373171e+01
-1.899020008474241550e+01,-4.808277084173425697e-01
8.825022563254998786e+00,2.540608587879535474e+00
5.989530318563425659e+00,-1.530672426058005797e+00
5.305879170510273468e+00,8.431915671855692851e-02
-1.044563649252009618e+01,-4.593364653574663947e+00
1.360955054035324352e+01,1.298586456737438333e+01
7.576380731390903733e+00,1.641576035376648335e+01
-7.584061025217336827e+00,1.634918873346907020e+01
1.190629208644552328e+01,9.693258795004856765e+00
4.678070478891500628e-01,-3.551251321105354464e+00
8.183867322265522048e+00,-1.094882521737197045e+01
1.294324095874903824e+00,4.955098245210223240e-01
1.422615633531394330e+01,-1.145155152291231815e+01
1.644392685190109660e+01,9.496817675593854702e+00
9.384317234505772376e+00,1.606412043462832173e+01
-1.567213513003431302e+01,-1.073891610737790359e+01
-5.113976453270050015e+00,-7.475284213614910023e+00
-4.666148827612200733e+00,6.676704247801663605e-01
-9.939075863202363470e-01,-1.365126416596232950e+01
-1.804220670817696970e+01,3.912797355985567993e+00
-4.691066008256539743e-01,-7.646591884271622064e+00
-3.162568827550488848e+00,-5.177705696310423100e+00
-1.508344473248931372e+01,-4.468243005028628145e-01
8.717216324729132992e+00,5.779767568039432923e+00
-3.484767225885798680e+00,1.373686890173936348e+01
-1.892284185772437866e+01,1.306043006226164094e+00
-7.148707266898701285e+00,8.382698398014161612e+00
3.221802128103687490e+00,8.683133715802750174e+00
-1.139044200314273425e+01,-1.520423175280615347e+01
1.398500863046899845e+01,2.881641212308168942e+00
4.158620980015610868e+00,5.136074828307807039e+00
3.498413702310258167e+00,3.421288768166417693e+00
-9.219390394304395997e+00,3.320202962221848519e+00
-9.527876682346942516e+00,6.372133546508019775e-01
1.397588132153232188e+01,-4.535601103967307757e-01
1.479259252619504039e+01,-2.051000450959671983e+00
-2.121825364226249899e+00,1.489610936895622118e+01
-4.761244676177108559e+00,1.810437720060053479e+01
4.185907605029828282e+00,1.148546249192886215e+01
-1.758373068702671294e+00,1.888131090414109892e+01
-1.031388993853998182e+00,3.348507803979142938e+00
1.057569173466036361e+01,2.695072119219513063e+00
7.313892640384026755e+00,6.938388152631993044e+00
2.683873786442777298e+00,-6.792587686327923313e-01
4.322018826863581964e+00,-6.189237149160016216e+00
-2.248257037009758985e+00,1.366360424440382193e+00
8.742213639511223988e+00,1.040109967752944087e+01
5.386645137304633124e+00,-4.754963665894402780e+00
8.345545425833623909e+00,-8.933207191052572327e+00
-4.519028092371684124e+00,4.294519430902023593e+00
-1.710819310668165372e+01,-6.842365178882944932e+00
3.021448159294712887e+00,1.865296365908995568e+01
1.006100492588227802e+01,-9.505263660456661157e+00
7.022112997688564562e+00,5.005852792702321530e+00
-1.140875886943233475e+01,9.206559983458188157e+00
6.084572353557228475e+00,-6.504660281257836019e+00
1.300993901042225964e+01,-3.090551141343084396e+00
-8.313844393309265612e+00,4.952081762121741448e+00
-8.657658196277147056e+00,-7.178675670752991067e+00
-9.010120206313841251e+00,-1.294387498629465760e+01
1.191917690085978876e+01,-1.370267842835456840e+01
-1.867538372964362148e-01,1.001555428782523727e+01
-5.739055533798690156e+00,-1.106762832023383503e+01
-6.436378460712806948e+00,1.256970132214390468e+00
-1.297037477193213206e+01,-6.666303845501560410e+00
-1.728876474559533349e+01,-9.983509605826591526e-01
-1.008000518783579125e+01,-8.257471639699799582e+00
-1.334747551275184385e+01,4.546945004145325875e+00
-1.235525084327541379e+01,1.354316070631601532e+00
1.557104928680627554e+00,-1.406500492438813588e+01
-4.495139929030028902e+00,6.109556914151720086e+00
-1.938709221591756293e+00,-1.011916723668112006e+01
8.783992799474972912e+00,-2.953439859780291776e+00
-1.028772932317993494e+01,-6.478542127139641060e+00
9.534400749580427714e+00,4.201961928271741975e+00
3.020259219406888462e+00,-7.437094857395551095e+00
5.118271983182363094e+00,7.913384969220745191e+00
-6.553714240476071318e+00,-4.244866640853524054e+00
7.181586534872285377e+00,-5.060080092605424795e+00
-1.708319971684563754e+01,7.418659993854054946e+00
-9.574748425915530214e-01,5.154525239321381846e+00
-3.383447826376037249e+00,-6.987942669930674811e+00
-1.529203499451752890e+01,-6.452527680050767600e+00
2.402986305417241564e+00,5.497664053453969579e+00
-1.204494525217924661e+01,-1.226475715979435055e+00
1.022619958863174894e+01,1.387316339378332941e+01
1.060287365009497940e+01,-2.919181499893189091e+00
-4.457074608140949579e+00,1.072173669498580217e+01
6.218783702742661568e+00,-1.384314765950248827e+01
-6.266978873487786927e+00,6.795732105623526920e+00
-8.038950651570761607e+00,-3.051409816537689612e-01
-4.864582927590239692e+00,7.947307816668531366e+00
1.201906217856164183e+01,-1.618517337427508584e+00
