3.995881287882860455e+00,1.271267420547983740e+01
-6.901587323052443601e+00,-1.768828657441102692e+01
-1.467095822367015323e+01,-1.658287329143518507e-01
1.800165107065511805e+00,-1.565163055114904544e+01
-8.233594591573408783e-01,2.432279911722305954e+00
2.802290006836189562e+00,1.140319964577202327e+01
-7.821755309862286509e+00,1.115800231865387993e+01
-8.369378709556729135e+00,-9.042539299664630548e+00
4.002395058268946926e+00,-1.106226180211744214e+01
-4.940765725769110439e+00,-1.470734016420017909e+01
1.595476635213836936e+01,-8.775793356982228843e-01
9.038399955307571787e+00,4.602658289400373137e-01
-3.077598917196804784e+00,-1.810960927900017614e+00
2.280604717772583889e+00,-5.981468136292496851e+00
1.105404187299203400e+01,-6.824296184790328290e+00
7.383173830018460393e+00,-9.617419147774748822e+00
1.290759638000079512e+01,-1.815145657545962132e+00
1.505191353766855578e+01,6.295301482517905001e+00
-3.485297576493076477e+00,1.734282609507632600e+01
-6.208455086173542803e+00,-6.269904214308760437e+00
1.390761164970548158e+01,4.818147498753883262e+00
5.469552804354216313e+00,7.758400287175110099e-01
8.662010067829355009e+00,7.625759307205029813e+00
5.333671412068321516e+00,3.988662582416193203e+00
-2.872171032348675102e+00,3.546589600642762186e+00
-9.283684359106477046e+00,-1.178807817608341502e+01
-6.384053338932870858e+00,4.524879737235648847e+00
6.229360022345918679e+00,5.591967548002452659e+00
-8.113609986883131953e+00,1.387115502290131985e+01
-1.437481650244144538e+00,1.203973372869272751e+01
-7.667315044035819760e+00,9.166788621385235647e-01
8.936141190630619846e+00,3.919372090112623219e+00
-1.076847835540814913e+01,1.008028495817553072e+01
-1.274027708987707719e+01,5.841417905555673862e+00
-1.551989220377029133e+00,4.721534091350539697e+00
-7.442107087304342450e+00,-7.542574588658921719e+00
6.061756547062211453e+00,-8.332137736829519525e+00
1.216830337518125127e+01,-8.294864528759319455e+00
1.466859414005637774e+01,8.053820166870478303e+00
-7.230948805435517102e+00,1.563684936949046467e+01
-5.751939889939028383e+00,-3.131175519508452965e+00
3.212428584484049221e+00,1.433153942048890883e+01
1.279287096318022421e+01,-1.181657173089022450e+01
4.414948245742469912e-01,-1.692071226515809457e+01
-8.278890863813707091e-01,1.376451832430299582e+01
1.485340375282944381e+00,-1.239796637462464624e+01
-4.817295825943421761e+00,9.593898400339908150e+00
9.866873488598230324e+00,5.462373804677868705e+00
-1.478875377392185086e+01,-6.194602392493039567e+00
8.413428536505247024e+00,-2.383209029075889607e+00
6.823238991478588034e+00,9.085385428974820599e+00
-7.508189609778183282e+00,-1.207153345712335302e+01
4.403600986659244043e+00,2.277837026898204886e+00
-9.471608220665773459e+00,-1.477368509427599541e+01
-1.483257932802716361e+01,4.361109560056798173e+00
-1.373220676057595124e+00,-1.305345825745789723e+00
5.824860741605130343e+00,1.272072388792496156e+01
-4.699758584606134271e+00,3.973895131940180736e+00
-8.828139765181799437e-01,-5.995386088532016267e+00
3.739417032782686334e+00,-9.194080204132612621e+00
9.913176155457185112e-01,1.357586307890224164e+00
8.702044870423559786e+00,-4.226897009383473680e+00
1.416829790478035811e+01,-4.839047480189697104e-01
-1.727222313415007093e+01,2.391958826135656579e+00
-1.971051574309227838e+00,6.526922734280334204e+00
4.518593758429749752e-01,-1.458526648598621689e+00
1.808403348938752586e+01,5.809317322344154100e+00
6.741976729621795839e-01,1.707434743185399384e+01
-2.430869022200919272e+00,-8.990919162819135835e+00
1.229138670793979671e+01,1.212421083629701535e+01
-1.847787064438155724e+01,-3.458500250545222254e+00
-1.118974109507620618e+01,2.579473589019039892e+00
1.870497350880082843e+00,9.872395354308839188e+00
8.934081479687145944e+00,-6.097747329598901977e+00
-1.317774372029043661e+01,-5.051528056185661697e+00
-1.883941161523483032e+01,1.580018218979428957e+00
-6.226773048590926507e+00,-2.591314178398690382e-01
1.929494675083913258e+00,-3.827814846477635591e+00
5.376635236415402197e+00,-2.881594530752121575e+00
-1.692904921167349741e+01,5.501283454130053485e+00
3.835473175527084333e+00,-1.342590996292194250e+00
1.133120421844867742e+01,9.537515019746019007e+00
1.187665948070825905e+01,-3.256469869785594273e+00
-2.518447490359821295e+00,-6.775467692635435135e+00
6.587936359785158125e+00,1.775921358395063265e+01
-5.345979159854675977e+00,7.859751628771716625e+00
-1.227467077989193278e+01,1.133897967391482808e+01
-8.744173546570470634e+00,6.491133764599513967e+00
6.920640751501964116e-01,-5.107899249172173306e+00
1.461076045696690784e+01,-2.423097715116616868e+00
-6.168938899953784194e+00,-8.868531664012216709e+00
-1.163821913634970606e+01,-4.108461150909202608e+00
1.699298544208490114e+01,-3.139832495728971384e+00
3.594767000117996769e+00,-1.343798878827450061e+01
-2.769311184667547998e+00,-8.260652097652376735e-02
1.447324418072087582e+01,-1.104912673062572281e+01
-9.918849010351273421e+00,3.793044830026830905e+00
3.548560248095704139e+00,-3.106275165963693574e+00
-1.576974881456686184e+01,1.256209611456217567e+00
9.728254246852298337e+00,-1.211761948590815319e+00
6.763637580574952679e+00,-1.288589343521165809e+01
3.615110113880268816e+00,4.436443528279817583e-01
-7.793582132186458900e+00,-1.397689400442253849e+01
-1.134267834438753475e+01,7.965955640545330674e+00
5.904247465974655773e-01,-1.087034249093970217e+01
4.300604810267514289e+00,-1.691186415720443392e+01
-2.321783664786067902e+00,-1.585040667816319804e+01
2.596051467023283266e+00,5.448162192414494953e+00
-4.555817299775799079e+00,3.670679208600718391e-01
-1.060046335648083193e+01,6.151989253358978615e+00
2.593601149695833108e+00,-7.802103861946879881e+00
4.362444776804117907e+00,-7.486342027009428080e+00
5.555822356390297756e+00,-1.010122888250506534e+01
7.267454457686293168e+00,-5.316088389057388675e+00
3.538791929898345234e+00,-1.529662888228176776e+01
1.075911079388190927e+01,-1.147536953353005806e+01
1.220997411376301933e+01,4.349406789213222879e+00
-8.168506822986987714e+00,8.199128916682663970e+00
-1.354296483381660199e+00,-1.118137332185364663e+01
-1.583306312095792912e+01,-9.871657387456300725e+00
-5.757529739777708322e+00,1.464963298007827674e+01
-5.945457372908832028e+00,1.546619347098693087e+00
6.309082475746766505e+00,2.342579988473948660e+00
9.197245898828580124e+00,-1.026571560772122460e+01
-1.495037002093307343e+01,-4.375661358198559725e+00
-1.508091665844581541e+01,-1.887489266548532552e+00
-5.202171392538657457e+00,5.918704558456221676e+00
5.803855085759893839e+00,-6.435209530345680662e+00
-4.657487842838626158e+00,-1.834186055681729854e+01
1.038636759005602883e+01,-5.037509666075960624e+00
-8.973657299860004599e+00,2.163684927286526616e+00
1.100830354513935205e+01,1.545862151310244847e+01
-1.704738181906280303e+01,-2.054693703240586977e+00
2.648863002176116144e+00,2.241478329172132078e+00
1.324735032723746642e+01,6.659727292489770356e+00
1.643235505904613802e+01,5.135365026234458341e+00
-9.309066564395729770e+00,-4.379905083938148813e+00
-1.974044902541536528e+00,1.849194371730487063e+01
1.146568485995531361e+01,-6.899146631540629127e-01
9.884533417663309285e-01,1.150001006075502197e+01
-1.142403343640443936e+01,7.861527969791087811e-01
5.591293244343900959e+00,-1.069789833578931537e+00
5.485663210626910313e+00,-1.431114152922195970e+01
-2.353256602253345431e+00,1.040575911701381351e+01
1.294169119087544573e+01,8.797248123597173119e+00
4.997750423241017342e-02,-3.267837641620434219e+00
-1.661915679135308188e-01,6.701074314821066302e+00
-1.219583922731408698e+01,-7.474167736141164475e+00
-3.275938971285085710e+00,-1.251985012879080195e+01
-5.957352402018006643e+00,1.108904375471120041e+01
1.383974362209184461e+00,1.394188468023752847e+01
-3.062421586171046872e+00,8.747139674216318994e+00
-9.668897616540254702e+00,5.435078248687706948e-01
3.803929798095420978e+00,-4.999007833801845102e+00
7.321510621336511981e+00,8.285812680672568487e-01
-4.668620098433000187e+00,-9.857975502213935926e+00
1.180550033522009912e+01,1.099267768496082764e+00
-1.253480418953257924e+01,9.487096602972826531e+00
-3.937836971732011193e+00,1.126535033581597034e+01
-7.755963043491934883e+00,-5.445594240450074786e+00
-3.062396205785040237e+00,-1.064607063488699978e+01
1.637611004955788729e+01,2.026265455413405636e+00
-6.791809323438753765e+00,1.271087383282110395e+01
7.389160434579033598e+00,-9.397736343239470047e-01
1.186693510259190010e+00,-8.861031240531282549e+00
-2.742743730426514315e+00,1.562226821070168370e+01
1.010245704682240309e+01,-3.032956089410230760e+00
-6.047960850924065213e+00,-1.330465656311675815e+01
-9.130316800921550069e+00,1.535555166544919636e+01
-1.321545816032140763e+01,7.676762343196538829e+00
-1.005712225015504657e+01,-2.657536925607982603e+00
5.046785391713151103e-01,8.422599836503293247e+00
8.529627245801520985e+00,2.178972972482631665e+00
-3.393270248304583792e+00,5.333935374843489896e+00
-6.233421135331481011e+00,-1.601814637587673928e+01
-9.086155636756179987e+00,-6.653780527300046543e+00
1.633828876820718312e+00,6.922055273391074515e+00
7.616331260638515843e+00,1.278424709688740180e+01
-1.123806261189760924e+01,-1.320234033288398834e+00
-7.008183605729843002e+00,-1.882181446357942267e+00
-1.441102379601898065e+01,2.573959069488392259e+00
-1.170174725174196517e+00,6.905180511910282704e-01
-4.301013119638226634e+00,-1.653559366085557514e+01
-1.357652914226376462e+00,1.671306344622205842e+01
-1.375692196858249838e+00,8.193207015737376864e+00
5.046001597510716863e+00,7.975918569450288764e+00
-6.967721402549029719e+00,6.225100636425297651e+00
-7.491264736366936461e+00,-3.632147316324298103e+00
-9.799223507846113179e+00,1.329096440209647589e+01
1.069479439674680776e+01,3.349677196303657567e+00
1.047392312998065655e+01,-9.029713309209425276e+00
-2.569438006740999203e+00,1.810550879461918505e+00
-3.882015341997238078e+00,-3.401908993496189026e+00
7.037015870211736690e+00,-3.486981685642362550e+00
-3.224221069062984668e+00,-1.429916126137350751e+01
4.895768637520988342e+00,1.111225653648754808e+01
2.363990527605915659e+00,-1.035587679926752536e+01
3.569495329718036736e+00,3.878312820494838498e+00
1.500475846083019782e+01,1.165578069166302910e+01
1.807286114255629794e+00,-2.413306753199098154e-01
-1.668513485462568724e+01,-3.906532260486696106e+00
-6.335729081218707037e+00,-1.071707498156810345e+01
-1.658478155369738261e+01,-5.937109263225817557e+00
2.795140517403483127e+00,8.304267703212563134e+00
1.369953402293234390e+01,1.255650383723571295e+00
-3.111404949568455702e+00,-5.081213279555141682e+00
-1.139963346598345240e+01,1.403663845187871573e+01
4.815370182339889560e+00,1.813545494438286099e+01
4.065321795899558666e+00,9.520835856168805122e+00
6.853336230823283692e+00,7.275055297567250001e+00
-1.434089731272776502e+00,-4.255672314943420353e+00
-1.326589703065624803e+01,-1.274818446178229037e+00
5.617343688748017705e+00,1.451920072285344077e+01
-5.006218256259985289e+00,-4.857406733345000838e+00
-1.316200369123850678e+01,1.314295025535714068e+01
7.448444056346361641e+00,-7.208076161597539055e+00
2.124389870750533316e+00,-2.002055314821608700e+00
-5.781410411813553418e-01,-9.547267073641435786e+00
1.460998713050443243e+01,-4.237816933898018057e+00
4.290153067304527945e-02,1.539675322059222573e+01
-3.686683662523041694e+00,7.080490512757681820e+00
-1.110748480152879303e+01,-1.134997124421767545e+01
-1.057275333895007741e+01,-5.720006008929933827e+00
1.310435190297841679e+01,1.054802240268487168e+01
-1.318674874951596365e+01,1.291070607256164626e+00
-8.397016579595261376e+00,-7.977896819348262447e-01
-9.878872981964317290e+00,-9.999266421780031777e+00
-1.066215686677823626e+00,-7.854002475401623329e+00
1.099344814938834247e+01,7.766423756074953388e+00
-4.952682278486181033e+00,-1.497177048149452183e+00
8.073423783810065757e+00,5.797402388841270238e+00
4.427014687964636153e+00,5.628586232266966860e+00
-1.371742165634066524e+01,-3.091295086839200845e+00
1.477196659190993344e+01,9.826835191277114134e+00
1.154631351860581567e+01,6.073695646656859459e+00
1.802310537638635246e+00,3.809557927181425718e+00
-1.224521163099953469e+01,4.088417250646470436e+00
-3.863620548070487271e+00,1.409963968914797405e+01
7.137582675656619635e+00,4.009734680909549986e+00
1.378221536667676972e+01,3.040480248550190723e+00
-8.200015475049005076e+00,4.489529982036545519e+00
-7.223426339221818537e+00,2.874059848698191644e+00
1.170080260804189898e+01,1.380230497477100826e+01
-8.994918175022723617e+00,9.814032145404098628e+00
1.063658918947735010e+01,1.118597801177811668e+01
7.790504382783516313e+00,-1.137741320233740261e+01
1.545747533955626807e+01,3.680494713866128365e+00
3.849327190326096160e-02,3.966769857570614288e+00
-4.353735560236636104e+00,-6.559177914526849840e+00
-4.311589348876459837e+00,2.202064458478951270e+00
5.571975764772962414e+00,-4.637105209951533524e+00
-4.932900239648678742e+00,-1.191755124887107975e+01
-6.650761377434577959e+00,9.089562504689260081e+00
1.645254225028279293e+01,-4.944554289906377242e+00
-5.006430031091780641e+00,1.269832310810804898e+01
-4.876467166123745756e-01,1.035008529617724271e+01
