-1.743595106548844198e+00,-2.986126994795725853e+00
-6.533346796073066898e+00,1.232280510002576079e+01
-4.839284928005195496e+00,1.162533979317418620e+01
-1.327497655389215581e+01,-5.429193953360793579e+00
-1.151080783657001660e+01,-5.125452048350237710e+00
5.383643524818325865e+00,-2.754441043213486928e+00
7.022233101545377387e+00,9.142040974378730311e+00
-6.718516332703178939e+00,5.118694080778653621e+00
1.633904145322607704e+01,-3.371089996583186199e+00
8.572163483879036150e-01,-1.391318630561496938e+01
3.417284576567219290e+00,5.335365203520808564e+00
-3.861516436169578625e+00,-5.572560162270250750e+00
1.575166539748668626e+01,-5.046863098437190942e+00
4.654897215974471258e+00,1.457478973705469549e+01
3.615979826094977589e+00,-9.406404808713812571e+00
1.789833894170347550e+00,-9.761497850942104648e+00
-7.304226301492593443e+00,-3.654946889853523118e+00
2.686369245131254857e+00,1.413836356084837576e+01
1.524389953095922046e+01,8.588183688281363359e+00
1.693305557382641935e-01,3.710458205408774468e+00
7.496752894275609869e+00,-9.987309754177426058e+00
4.742391200122425765e+00,-1.077629995430927856e+01
8.329937231178909940e+00,-4.807504146491011099e+00
-1.613687109173925194e+01,-5.605669825390766192e+00
-4.473442659067026206e+00,-1.669167069451275909e+00
1.375747809377910613e+01,5.157677808004706321e+00
4.311103666632842391e+00,6.992675203692685360e-01
-3.489977329533713313e+00,9.903301803114361590e+00
1.025114557826438499e+01,1.171791762279479521e+01
8.208091028353242891e+00,4.802395661645862290e+00
1.194591216266913491e+01,5.156632442794005122e+00
5.597491098551559574e+00,1.616010413839003945e+01
-1.654282184082897089e+01,-3.215602818686539521e+00
-1.186991185703337504e+00,1.336619900370335579e+01
-1.183737027082580973e+01,6.925286817941367801e+00
-1.362668028550592147e+01,7.087853923463228512e+00
-3.257381116513400343e+00,-3.876024013228942522e+00
1.337899793116673663e+01,9.135347720468706356e+00
1.637933083185014738e+00,-6.169639739656898492e+00
1.200148190973572504e+01,1.153921910094454972e+01
1.326051433886323849e+01,-6.037499098515493934e+00
1.395750429304290030e+01,-5.154209607837955121e-01
1.644251506283015019e+01,2.887688646842760498e+00
-1.878289369577277768e+01,2.666010601658395540e+00
1.084218808060246353e+01,2.538975033783378077e+00
-1.799530834386501965e+01,6.094467108991976190e+00
4.632577704750014291e+00,6.632597761641708445e+00
7.153579757774713777e+00,-6.210710190428224919e+00
-7.152806579797797326e+00,9.663668787671264582e+00
1.624636998763154594e+00,-2.024680275657577688e+00
1.166654320019859270e+01,-3.583466045241238351e+00
-1.188067941691179641e+01,1.128104637546649025e+00
3.929996761778122849e+00,1.088600474063032308e+01
-1.587043659679783225e+01,3.864469633761188128e+00
-7.566596383362979017e-01,5.264491343332657003e+00
1.241511600704081886e+01,-8.667608343584436881e+00
-7.601240993324703155e+00,-1.119607240064007136e+01
8.765030592785507224e+00,-1.203413875783343734e+01
-4.798313203661376036e+00,-1.167575482968890732e+01
-2.609128110260698907e+00,-1.413628132896718848e+00
-1.470213994740596064e+01,5.359845346686921808e+00
4.201305018425231630e+00,8.519145444380477272e+00
8.582971942223139195e+00,-7.115352202775925283e-01
-2.917886312928838155e+00,1.379977310821953473e+01
3.918426208237226760e+00,1.270810506628964909e+01
1.045667996990711046e+01,-1.165078569621669224e+00
1.065442163629857752e+01,-1.500020827585226968e+01
1.543804928152457023e+01,4.443963762590875000e+00
3.655249743254634920e-01,9.627564004784222362e+00
-1.085181569040348748e+01,2.570752473890041578e+00
-7.995184880154923235e+00,1.536060135006875527e+01
-1.678214316448950472e+00,9.778027030839922418e+00
-8.728305313775358343e+00,4.795871188995152745e-01
-1.624190762051214154e+00,-5.103077999485272187e+00
1.550495970990270322e+01,-1.765213965859879330e+00
-5.943146853234557714e-01,-6.709377706318895740e+00
-5.414787860840369227e+00,-1.743762756263490488e+01
-1.681072610278065094e+00,3.748189531874743352e+00
5.526049371527196996e+00,1.174210774144796332e+01
5.784211087259377493e+00,-9.260861375798761230e+00
1.308441185188392275e+01,1.760330261866156709e+00
1.104352109364784873e+01,-7.309309566307078398e+00
-1.266501343444859373e-01,-1.128793961561033754e+01
-1.535851734469404484e+01,-1.762142985580441135e+00
1.880540120317480302e+01,-9.959546886593575454e-01
4.724474088162891938e+00,4.129489553371105792e+00
2.058863291319696032e+00,1.235344541917418582e+01
4.696019670495743981e+00,-7.859470447085168843e+00
-3.660686265176242404e+00,-1.002370725217014069e+01
1.691744653688021183e+00,-1.156064688405250251e+01
-1.365713671301033649e+01,-1.310499203635354881e+01
-1.046877926852062402e+01,1.166694154651865034e+01
-6.639737176938199426e+00,-6.796735877159366446e+00
-1.627815026189494318e+01,9.488755093020824205e+00
-1.068907375231224338e-01,-9.412330249731567733e+00
1.235013054669404653e+01,-1.424824108673890422e+01
-2.827277961897622927e+00,-1.166266270408976347e+01
-4.725037042993379011e+00,4.898221194125913058e+00
6.601112148240036781e+00,2.221258179297519675e+00
7.091136077847509434e+00,1.092835765791579483e+01
-9.123398138163926419e+00,-9.128233685491762728e+00
-8.460868178970375908e+00,1.102752483476639256e+01
-5.107418509288627284e+00,-3.617684830608466129e+00
-8.879976474630439043e+00,5.747416193612805202e+00
-6.162234914202413094e+00,-2.198372091317261301e+00
9.072370603405186529e-01,6.092982751715871892e+00
2.410939462877844885e+00,8.806112821064877139e+00
-1.204168501378369882e+01,-3.360872753486359166e+00
-9.023428905935354294e+00,-2.957143398554716640e+00
-4.659872807998919342e+00,1.338898134467968859e+01
6.549013738733273193e+00,-4.473358023570973785e+00
-8.053636357811176927e-01,-1.153168550601086029e+00
-8.258546738165478018e+00,-7.542632532195471917e+00
2.978302542948797413e-03,-2.723212989721982780e+00
-1.346838946263927639e+01,-8.075248200006429400e+00
-6.560978566174330950e+00,-1.276248864897425861e+01
5.385755632946616522e+00,-6.088971502992800211e+00
-9.908532738364657533e+00,9.866131896314373151e+00
-1.290592773725985687e+01,5.482686966204532553e+00
6.173022221911160123e+00,7.547703892601187015e+00
1.167757151547615280e+01,9.651210954674558806e+00
6.150615497751039662e+00,1.344131120922667399e+01
-1.419470886960536937e+01,3.076959132266590680e-02
-5.621005548817247899e+00,-1.007529022688419040e+01
9.177592134325957218e+00,-1.652463318300850403e+01
2.070953899187968350e+00,1.578022585665322630e+01
-2.888098514020704943e+00,1.659214393366895024e+01
9.064310431847285798e+00,-2.412421084166845642e+00
-1.889180379699008938e+01,-7.980809871790873755e-01
-1.808470738591015481e+00,-1.018942646485456294e+01
-2.805066882090283542e+00,5.152795399565349044e+00
-9.889860171002476719e+00,7.362936598302507463e+00
-8.280262508417974843e+00,1.280195693267677548e+01
6.119184128004921952e+00,4.734008196224311349e-01
-1.377951727787716507e+01,-2.621225760253989900e+00
9.095509396710790284e+00,-1.395111492546907961e+01
-5.601745566008351496e+00,6.580648644687308035e+00
1.692593657065946999e+01,7.685623864454115939e+00
7.765994920143031166e-01,-7.818953080273136180e+00
9.188522218109307360e+00,3.231931104669502286e+00
-6.854646504624679615e+00,1.806786980614552673e+00
1.157713688220304427e+01,-5.353395800072487276e+00
-5.380315803320095291e+00,9.857975221799245347e+00
-7.861585775855682634e+00,-1.617412127148901480e+00
-4.074467866730362431e+00,-1.417578824433974560e+01
-4.898287046216072582e+00,-7.144481581190258446e+00
1.309907412649419678e+00,-2.909072199957828952e-01
-3.483635870068974683e+00,-8.231836425699158966e+00
-1.062123356515997408e+01,-1.936618600955886338e+00
-3.584738849108467296e+00,3.557543148306499425e+00
1.308673823243977452e+01,1.372142740141593720e+01
6.481177907885101064e+00,4.031607758331815283e+00
5.968626118133836478e+00,-1.550403811400272147e+01
-6.255364274498208310e+00,1.602100895125760971e+01
-1.299175979074704479e+01,8.761377135732587362e+00
-7.024785023206099766e+00,1.704107465056233645e-02
-7.464167206199367577e+00,3.503547622332458200e+00
-3.679541667278030115e+00,6.116882404474388579e-02
9.638436326951442368e+00,6.937114171658803841e+00
-5.378810313606041227e+00,7.132677338155904989e-01
7.150475208123116211e+00,-8.048964404313839083e+00
5.554255420582596692e+00,-1.373333249893623176e+01
9.935695488031296208e+00,9.976101389813448961e+00
4.848548455072865693e+00,-1.060228686594932412e+00
-3.470165761937900939e+00,1.834538044156531100e+01
1.382115758298515118e+01,7.358344135213167547e+00
-1.206765052603203614e+01,3.858309939091999041e+00
4.622370743804983251e-01,1.931854637979971034e+00
-7.276243606371678219e+00,-1.733398748826019542e+01
1.905612085945166678e-01,-5.092167794971084405e+00
7.331363498865623995e+00,-2.874947912662867644e+00
1.024648171243019945e+01,4.699122578459692612e+00
9.807161441302913119e+00,5.992283769609936250e-01
-3.810871148511462803e+00,6.674795519059258275e+00
-1.602636693703335879e+01,4.106318701185231457e-01
-7.062984586193802983e+00,7.666574447123210234e+00
2.555600664379248599e+00,1.004208703341678666e+00
9.780158808231711021e+00,-5.812061910843669743e+00
-9.704828782971588907e+00,-4.592497976414567695e+00
-2.250031552003033397e+00,-1.582508654769677037e+01
-3.061261542711637862e+00,1.171109225802767639e+01
3.354041940728518800e-01,1.431787253852461106e+01
-1.708098841465859508e+01,-1.072780018490392839e+00
1.526137909805743043e+01,6.287340748152359104e+00
3.946278879715657606e+00,2.491135416145454862e+00
-6.218875368547704063e+00,1.425118083123356527e+01
2.847469384223186406e+00,7.013189219683115816e+00
2.551805384423517786e+00,-8.009195730412063341e+00
9.207608664457277214e+00,1.320719608463403638e+01
3.936660537767698642e+00,-1.239583909996885680e+01
-1.611929777032070410e+00,-8.278789502202846151e+00
-1.493072410010280748e+01,-1.172259484745888791e+01
2.106327759963970703e+00,1.058312468771349657e+01
3.039221133103042316e+00,-7.688716028626180199e-01
-7.264086928675815846e-01,-1.487941879519689437e+01
1.211836841722593405e+01,-1.870962578686638844e+00
1.454416640938542393e+01,2.762930793887719894e+00
-1.117690400448570642e+01,8.652912571407947340e+00
9.936823031444049548e+00,-3.949693433713802992e+00
-1.589773089668177430e+00,1.513138109367498174e+01
2.112588693878548529e+00,2.762113069867855319e+00
-8.579836374273005717e+00,8.577500745785378911e+00
6.173447136747808095e+00,5.782235112139795241e+00
-8.483181856824042910e+00,-1.392910050148458367e+01
-9.680757171208346890e+00,-6.371568967449256604e+00
3.582325022081257693e+00,-6.466867409203278072e+00
9.849949672770668130e+00,1.496143866026626768e+01
-7.950691064231738991e+00,-5.424618413587887211e+00
-5.159522957795160458e+00,2.600506599323261447e+00
3.249307091759063848e+00,-2.950953325935830485e+00
-4.851758672973786268e+00,1.712903962680904613e+01
-4.550931373802475477e+00,8.275243426703834615e+00
4.231203627262099864e+00,-1.824090923394275876e+01
-9.413391158533469749e+00,-1.096926920139913619e+01
8.470695992495585358e+00,1.659042082474176283e+01
-3.090891356444612548e+00,1.786455357791421505e+00
-4.154432493092033774e+00,1.522114505441235366e+01
5.099524866821394387e-01,1.136992821059795489e+01
9.075115658658260642e+00,-9.098400739284691952e+00
-1.555514989753740629e+01,6.980960621735769145e+00
-1.188638083579628280e+01,1.035090129497902645e+01
-1.095072434954374785e+01,5.284441709196885384e+00
1.781447148727449026e+00,4.569963128011385045e+00
1.413433389275987295e+01,-9.041081360789975818e+00
8.278121545928508240e+00,1.575738131193821001e+00
-2.714507385020035191e+00,8.252902126158019769e+00
3.038255119193392861e+00,-4.699777877637923318e+00
-8.895792840707482663e-01,8.180473419147684666e+00
8.827560330798366550e+00,-7.320695442029809819e+00
-2.508455933005649285e+00,-6.714225386245641580e+00
1.460185041401407702e+00,-3.818749845898665729e+00
-6.711751959036078574e+00,1.777289872052656605e+01
6.744300673307198402e+00,-1.168255580402760563e+00
7.831388655599126558e+00,-1.524371549552716409e+01
4.787034382928008647e+00,-4.419750651817739850e+00
-1.843380273134046954e+00,6.661682339772612593e+00
-1.303144697688301212e+00,1.159644532429652841e+01
2.339505165924962715e-01,1.608200046297160313e+01
-1.414671422895879793e+01,1.808919901209987247e+00
7.196915836878998718e+00,-1.302599095238975835e+01
9.216849215255332739e-01,7.859282777105220497e+00
-1.312029773625936091e+00,2.000016961929146575e+00
1.546510914935432979e+01,-7.734085583974618316e+00
5.406354376090838798e+00,9.892947389995150331e+00
1.204578684451977466e+01,6.965931611576277049e+00
-9.158706421258576924e+00,4.011287041309246071e+00
8.745643643987927263e+00,8.593266444339546339e+00
-1.535354499299299569e+01,1.115138726573501415e+01
-1.841510786988791892e+00,2.798883715497301750e-01
-1.737515694080004991e+01,1.591411670234069931e+00
-1.478460264931655033e+01,-4.459213675764974738e+00
-1.232591785458310341e+01,-1.474687008513213771e+00
1.662236002437313331e+01,-9.168299208463325911e+00
-9.012739990285483671e+00,2.242803830264527232e+00
7.844478095019682407e+00,6.515134162189214706e+00
1.156522214898415868e+01,8.380206440125907985e-01
