1.476542368690347473e+01,-7.856004841511379233e+00
-9.296326593793054371e+00,1.595379579723094210e+01
-5.271077911196784704e+00,7.767250051894773577e+00
-6.518935853586262041e+00,-1.348994652618675794e+01
-5.412907171693746911e+00,-2.608313831037164743e+00
-1.713859698985024549e+00,-6.490206742092698100e+00
1.621310698567179287e+01,-8.078662522706885341e-01
4.404997292794170960e+00,-6.534874850051404671e+00
-1.113159119518388884e+01,-5.794912129117522070e+00
-1.030670020485132987e+01,-1.161136797760685191e+01
-2.931683267370243762e+00,1.056115179245452929e+01
3.606103821170815849e+00,-3.463557603527886553e+00
1.338633832218602926e+01,-5.739356489863321364e+00
-1.167238667232340044e+00,2.897926147446483913e+00
-1.363683076693298624e+01,-2.127872689576800092e+00
-9.060604740638929400e+00,-2.984696165817356306e+00
1.912132773716581191e+00,-1.366960709052932721e+01
-4.250706658356533829e+00,6.260762436557516075e+00
7.248871840466349248e+00,-2.149517620025596099e+00
4.703959236252583942e+00,4.175915866709834390e+00
1.107531806164603516e+01,7.662236073873786246e+00
-1.825981727850973257e+01,-5.191993359072921699e+00
-5.994503855899746547e+00,1.302120298006621102e+00
-1.522208800583345401e+00,9.445936548788715470e+00
1.247086980393200095e+00,-5.026672785460107873e-01
-1.784591564051596579e+00,6.325827241373954912e+00
-5.889771737500830717e+00,-1.519821238059857826e+01
2.865232965445884350e+00,3.795624714978790948e+00
-7.675848140583173773e+00,1.293261413933678838e+01
7.265420367374124666e+00,8.199327603447805757e+00
-1.429841583009254791e-01,-9.193932294880923450e+00
-1.360258136154286035e+01,3.105532990801511684e+00
-4.321478126400753794e+00,1.170296235225070980e+01
7.446211410808056819e+00,1.327170999638769011e+01
-1.288845435538957140e+01,-7.969877874901357018e+00
1.681628200791261563e+01,-2.632754938050702709e+00
-1.740375377690745395e+01,-2.599659530170955968e+00
7.895794127512799854e+00,1.821500935778401775e+00
2.840693687428177849e+00,9.587503410889642197e+00
5.884841837161796541e+00,-7.723885544265062464e+00
9.677824034022851407e+00,-4.715495376963168006e+00
1.813623506422515019e+00,-6.737964366178748499e+00
8.332960825965654905e+00,3.554489290123285627e+00
-1.559912012539026982e+01,7.438955953660651987e-01
-5.574491598155086436e+00,1.019729487484005404e+01
-1.119510668417464672e+01,6.399482713883525520e+00
1.358681912111382140e+01,1.262410119180632506e+01
6.205137741457179779e+00,1.219206065110670645e+00
-9.490785949131579358e+00,1.239380606816603070e+01
1.078283255466937973e+01,9.431597731161314613e+00
-2.281470763662328538e-01,1.789164852480453760e+01
-9.285769056622990902e+00,1.058248747966344716e+01
-1.443549044345801668e+01,-6.964912504033029528e+00
3.075621716354783430e+00,-5.334874338140224381e+00
-1.288818910728079814e+01,-1.387438223655031777e+01
-6.698490089019770721e+00,-1.167465652080443839e+01
1.634706618717620685e+01,4.937431519555955717e+00
1.962524158679732067e-01,6.267130167811352237e+00
9.133834155870776073e+00,5.173313099714634822e-01
6.019650282670061969e+00,-1.062300724265752727e+01
3.582634466657152128e+00,1.130670021337824949e+01
1.348416198506824770e+01,-3.918727182059217551e+00
-1.253737246506988079e+01,7.568562854710572552e+00
-4.108532888816651685e+00,1.686029794918979263e+01
9.644573669011089478e+00,2.297714259934483305e+00
1.565294539318510125e+01,9.846911255100422311e-01
-2.020294631125160389e+00,9.059993884523778185e-01
-1.773740982401257327e+00,1.891702521347768240e+01
-1.378006775221126690e+00,-4.769048707532718367e+00
-6.322076209806704483e+00,-4.191460034568084581e+00
-3.709471179621814052e+00,-2.107030755397957478e+00
1.506672796391174884e+01,-2.936870725963782736e+00
-1.289851080894027113e+01,-5.940993897363273213e+00
1.497178112549923945e+00,-8.472616078661371120e+00
-5.359733069777221637e+00,-1.012262097475401568e+01
1.891639398847749565e+00,-4.012923766984330953e+00
-6.754260035774347415e+00,8.792992317159308513e+00
-2.533549879997269993e+00,-9.937223844345201229e+00
-1.368131074862043128e+01,1.054780720837962349e+01
1.036461620767050462e+01,1.114804088353074896e+01
-7.699222966501132248e+00,8.204338515581774960e-01
-4.756155766842556254e+00,2.619502023654806333e+00
4.887674159159321796e+00,2.404771115809083426e+00
1.466546023599670789e+01,2.451653135232421121e+00
4.014411222621908415e+00,1.332872188522497225e+01
-1.089727413186958493e+01,1.646296984729174628e+00
5.841377768038088725e+00,-1.019076656977639050e+00
8.016936214549775785e-01,-1.565752427906351230e+01
3.005456286530057586e+00,-2.134755749726710006e-01
1.423656916071950995e+01,9.732606813348093411e+00
6.346241221358706497e+00,-1.790857803755207200e+01
-1.129371980603731274e+01,-7.948214349198493012e-02
-2.707731888411656573e+00,7.939495776808790595e+00
-5.452019543304895244e+00,-5.751257538349351606e+00
-1.006277457955490817e+01,-1.463174622654729307e+00
-1.108197029123082089e+01,-7.604004160548593738e+00
8.848265831412842175e+00,-1.301950951038465254e+00
-9.468346261124024110e+00,4.430668373408064298e-01
4.060137003817384738e+00,-1.640999662616958954e+00
5.383740226176280785e+00,-2.845406817066244098e+00
-1.560843698596281826e+01,-5.618805465253351450e+00
1.379665552302074827e-01,-1.939870437868444153e+00
-7.411679981323670674e+00,1.051463961446052053e+01
9.877951718248342061e+00,-2.813518675825465998e+00
-6.330280700112922432e+00,6.294934385292890511e+00
-1.575883198308404332e+01,4.828160022762784109e+00
1.171380012749826349e+01,-2.702736444413797567e+00
-1.055516810251343252e+01,9.351846922305751875e+00
-1.021557361417270116e+01,1.404724828228161471e+01
9.514836908946076033e-01,1.369354242778750397e+01
-6.209439992776035311e+00,1.192916448375333793e+01
-7.257996828017952318e+00,2.566025851932771218e+00
1.302760943672191019e+01,3.375987615584015611e+00
1.274335492918599577e+01,6.679341493576269606e+00
5.410533976662178723e+00,-1.628852945241317585e+01
-8.367137669678985645e+00,-1.233009606627271104e+01
-7.882043606703717842e+00,-5.112957651020551886e+00
1.736394087929916097e+01,6.555028625545083365e+00
8.090759956842035611e-03,-1.404941536413211445e+01
-1.729738581631379724e+00,-8.375478634828837698e+00
5.941864975063759324e+00,-1.248981608361028606e+01
1.625889106987453303e+01,8.297862116008227318e+00
1.459742872062914287e+01,4.255053164203252969e+00
-1.674918915883830195e+01,-4.247812043316475439e+00
4.658227492550231830e+00,3.878473357999672189e-01
1.305854114765489804e+01,-1.114467124735614334e+01
-4.087215498035533301e+00,-8.890186347396443978e+00
4.807689961849314741e+00,-4.751317273123101259e+00
-4.877187286450644699e+00,-1.191089386259260152e+01
1.053258318496117241e+01,-1.402931187769305588e+01
2.076305870213082105e-01,-1.095357334950724315e+01
4.453993839871064786e+00,-1.353075973805865750e+01
7.886455595030549937e+00,-5.344966956981666684e+00
7.091334793145662729e-01,1.633329417967592789e+01
6.374526628456312238e+00,-1.428788272451622454e+01
1.295859802202961752e+01,-7.571027371965712405e+00
2.178879972211661631e+00,-1.676170577530268702e+01
-5.390730695097423641e+00,-7.601983284900265758e+00
1.254664115569844540e+01,8.650875528514966106e+00
1.516949431584643904e+00,1.441060570870510205e+00
4.273444636813913178e+00,1.537217297054911747e+01
-1.659639802208577564e+01,2.300194663011537077e+00
4.777088851541643616e-02,-3.741053230651888217e+00
2.736916857394650737e+00,-1.850400300520432140e+01
-3.109206770590650648e-01,4.469163576479052047e+00
9.661478901398830033e+00,-1.239430102718602456e+01
2.097665853180195938e+00,-2.170260779442728882e+00
-2.748787820776886548e+00,1.542674053192546779e+01
1.824323363266915266e+01,4.574782081392695154e+00
1.151240124293028577e+00,3.294337458400969698e+00
3.189132496809785611e+00,-7.879137972735215989e+00
7.672284527628212558e+00,-1.167215258590791649e+01
-7.884581411947418239e+00,7.404585275513972498e+00
-8.545229174094879809e+00,3.894211917433948233e+00
6.141757950003866817e+00,-5.904754064312830231e+00
-1.173919766095620254e+01,4.699220025735315609e+00
4.585753089908141789e+00,-9.002867779921940539e+00
5.852403416683189086e+00,5.594871939301425456e+00
3.672419731466520343e+00,5.777333002585852029e+00
4.652605641246380763e+00,8.987629020773127309e+00
7.450318814941370604e+00,-1.807057303809812554e-01
-4.113944767633152644e+00,9.215372011107470840e+00
7.424216347712272679e+00,6.383772454998068113e+00
-9.005260438966226744e+00,2.145035245581034200e+00
9.007518445109802485e+00,9.699574074738947616e+00
-8.178895782115505497e+00,-7.891817202657657404e+00
-2.900448698405549974e-01,1.307535870753543605e+00
8.268730242541808551e+00,-3.611583206431056237e+00
-3.786045463266314748e+00,1.046737846115623150e+00
-1.476918000570338174e+00,1.342026687411184760e+01
-4.721645882895423085e+00,-1.377287045177541636e+01
8.876342632025759016e+00,5.233149107881622797e+00
-1.634234863361061940e+00,-1.147672659044110155e+01
-1.042134773635651790e+01,3.340575651373601129e+00
-3.165962534819084517e+00,-1.244752460725379528e+01
3.399394577369025505e+00,7.717946067344457539e+00
6.559018183552972836e+00,3.160654138235861943e+00
9.120699641572819871e+00,7.107599722535691278e+00
-2.210829488980340596e+00,4.519843368245427762e+00
-3.229741286652365151e+00,1.367314685023383447e+01
-8.143344972264159765e+00,5.649695643303862091e+00
-2.849223246249516173e+00,-3.755933037928051110e+00
5.243254307585144325e+00,1.070619107952820492e+01
-1.691102394808888931e+01,-6.198422199379959308e-01
7.593714803294777660e+00,-7.084392281174299200e+00
-1.698319933254246683e+00,-1.356260060205571349e+01
-1.160342848076646005e+00,-6.830019001477716234e-01
1.977740155248808751e+00,-1.095437897922065140e+01
1.057726514235619675e+01,5.935382245938574997e+00
1.201222814751590207e+01,-9.374267295672842337e+00
-3.556252929082176273e+00,1.865131980438612658e+01
9.583290421239382129e-01,-1.894130555804603588e+01
-1.508699912911274144e+00,1.161116946825501195e+01
5.139314910526337599e+00,7.252050496736939245e+00
4.690233986095775354e-01,-5.441599799234697166e+00
1.270174268553159891e+01,1.377285940362679373e+00
2.368092675577631478e+00,1.261106849357148718e+01
-9.046441704354361846e-02,-7.247817160650190438e+00
1.519174063841129829e+01,-6.090142954551535759e+00
1.097248414971015862e+01,1.024808428977922459e+00
4.458883916074194431e+00,-1.784497286117467851e+01
1.166114350834612168e+01,-6.366121982308467153e+00
-4.540638300940654126e+00,-4.230808998840732471e+00
4.031732867135084497e+00,-1.072654344317848185e+01
-1.562794800604067946e+00,-2.534687589730251656e+00
1.146536703179184080e+01,-4.567727268966602416e+00
1.734321135155055416e+01,-6.436544605727297252e+00
-4.862171480203529406e+00,-4.394870622391186532e-01
-7.464955733454969433e+00,-1.707898260075300811e+01
-1.514370558805018518e+01,-1.049114544558837236e+00
6.969323002539622003e+00,1.127029584727545597e+01
-6.519201100363626544e+00,-1.078922880979503507e+00
-1.147729601859842674e+01,-9.972110330411579682e+00
1.379271436805172257e+01,-9.409021693922587914e+00
-1.865093257351609068e+01,2.296631407281638726e+00
1.451471830562719667e+01,7.861187529371520100e+00
-1.621982173340044753e+01,-7.642884248857215290e+00
1.085470071593510077e+01,-7.983975246445694118e+00
-7.956911644350501689e+00,-1.043122233030187651e+01
-9.213098003066933828e+00,-6.415708442178022608e+00
-9.706702995752984009e+00,-4.653298541587373549e+00
-1.400291771270155650e+01,-4.535815311999289001e+00
-4.519401064581389793e-01,1.492233920194606611e+01
1.603253884019361664e+01,-4.498387118684367358e+00
-1.092145072910158632e+01,-3.059020355001934810e+00
1.286141432503070980e+01,-1.370647752930963970e+00
3.313630926482848960e+00,1.625344988544177305e+00
-4.008352036761402282e+00,4.303160198219359245e+00
-2.745410622537415579e-02,1.043378898174468006e+01
1.522180496693279705e+00,5.050081355069561795e+00
1.460132427988732040e+01,6.070862332567672048e+00
1.834042089828693634e+01,-1.526689517382227468e+00
-6.685720821365653599e+00,-8.895796150348058262e+00
-8.326680667444030348e+00,-9.310644077456304846e-01
-7.329557057615826210e+00,-2.717255134517019943e+00
6.563511233098115127e+00,-4.186015736943612175e+00
-3.377557536026257079e+00,-7.267261748074076877e+00
-1.174849795483331238e+00,-1.557013021914825224e+01
-2.259340351724597351e+00,1.717038948774864693e+01
-5.075369981973029354e+00,1.412442148752065307e+01
-9.883344213050397897e+00,5.115154309915449282e+00
-2.972250935765504032e+00,2.783888443029914228e+00
1.215896327329284077e+01,4.925815709948625276e+00
-6.352985663536647731e-01,7.856291219089065692e+00
3.834272002054905037e+00,1.717970224834994397e+01
9.167042039911873497e-01,8.916939989996865989e+00
-9.389980040018295782e+00,-9.315431757594547335e+00
1.886587087191774481e+00,6.777137487940827931e+00
1.060707252484535346e+01,-7.105315287359942333e-01
1.030731822443098977e+01,4.066907342983648199e+00
8.080571315213877170e+00,-1.344279431142661529e+01
-3.248406037911702349e+00,-5.507298463611722816e+00
-5.967857594575630031e+00,3.905714066160977715e+00
8.638570491774576254e+00,1.192379671837387534e+01
9.720964538849115044e+00,-6.543861861590841933e+00
-1.521711721389617189e+01,-3.107045356973516359e+00
