8.423702632096382814e+00,1.906238291570839793e+00
4.457489982782063542e+00,4.325201948896019388e+00
2.443894625614112748e+00,-4.830418869672803872e+00
-2.890967722617008739e+00,-1.820238352538739690e+01
-7.411869481026485129e-01,1.651498283343033613e+00
6.658353656733968506e+00,-5.181930013830696957e+00
-8.054244535665247895e+00,-1.342461633972606982e+01
1.718705360432441509e+01,-1.210404202765328563e+00
1.249288443765902379e+01,-7.761327324390244975e+00
1.035883709307116440e+01,4.809400180625872601e+00
-7.220712356404865417e+00,2.298551078224909894e+00
-9.548066036933992251e+00,-4.621175168793744348e+00
6.960937927978697815e+00,-1.596027660200430098e+01
-5.466280583567247220e+00,2.744650463041903521e+00
8.195712231891921107e+00,-4.245233992949745350e+00
-4.832394654935617595e+00,-8.451875537033076924e+00
-2.376076681490740583e+00,9.229913601433038295e+00
-1.420756448647576065e+01,-1.004817507330024107e+01
-2.092214728612332930e+00,5.419546859334563926e+00
3.278099218468182308e+00,-1.095718859039824622e+01
-7.728139668526355699e+00,-5.024063325628617349e+00
1.697412047760490239e+01,-5.967265787967351187e+00
-5.571843026365948859e+00,1.314649334860172125e+01
-9.540869923822899779e+00,-1.165668790893977347e+00
-2.304539874647627329e+00,-2.400129283615580089e+00
1.326896758333197646e+01,-1.281519480103562758e+00
6.656710123053123374e-01,-5.047784238481411556e+00
1.057945921563725244e+00,1.240227332560356110e+00
1.140971317299998766e+01,-5.924330963236340564e-01
-4.393118182324641019e+00,-3.761918487746965578e+00
-3.830703832976696699e+00,5.842925189289045917e+00
6.883479807785647608e+00,1.524745639951847131e+01
2.065274412121384184e+00,-1.650969578776806301e+01
9.812762637544446775e+00,-4.934101841114578058e+00
1.298006723595865708e+01,1.370767807896234913e+01
1.173825934733631060e+00,-1.813809295919650921e+01
-4.262295463276327134e-01,1.611221457022627490e+01
-9.201541620381746611e+00,6.855664148413874948e+00
-3.271454497822203766e+00,-1.636018165327708118e+01
-8.372857180623597628e+00,-1.555040177722155725e+01
-3.702249927326674683e+00,-1.080801045914344982e+01
-1.674627438924569134e+01,-8.640658889052543756e+00
-7.731039319886204852e-01,1.013784687120600303e+01
-3.818072128494078399e+00,-5.499503455833506749e+00
1.193711868804653520e+01,-1.037899501248020684e+01
1.092925363911436065e+01,-8.911267197639592297e+00
-3.483140491775381431e+00,-7.233409249180118294e+00
5.145321029938810575e+00,1.567151316325623966e+01
-8.071335463462563808e+00,8.302187216922854773e+00
-1.097836841426772203e+01,6.025911543866667941e+00
-1.473785521203251392e+01,8.401896938200069442e+00
-6.718894458811781156e+00,-8.490946407763123815e+00
-9.857749648299606093e+00,4.602622219875542875e+00
4.304311800517511166e+00,6.215930782589941472e+00
-2.318381433639953748e+00,2.694361490646224322e+00
3.209150740773840660e+00,2.552590330456466106e+00
-1.149238217224512582e+01,-2.084559424043513243e+00
4.994527934815859993e+00,8.519088034848381952e+00
3.417079083026166142e+00,1.661499457068952879e+01
7.480004945841152164e+00,-1.270971831532013319e+01
2.138662567651118951e-01,-6.916208219457163686e+00
-5.155374216920894703e+00,-1.196462257301511478e+01
-6.346508386681122715e+00,7.718826015875750457e-01
-5.250835897177443812e+00,-6.712388908769811202e+00
3.115291140524281133e+00,-3.149311239586797040e+00
-1.267287331758406310e+01,8.743311655878773792e+00
9.296288529926655997e+00,1.654269687004274303e+01
-1.205429659492135386e+01,1.430670752523080580e+01
-6.058549577062507296e+00,-1.046611153278822037e+00
8.411108346377365041e-01,-1.078772193456772666e+00
-2.182598534671232660e+00,-1.181773350939137757e+01
-1.193298062864837839e+01,-7.381710872080062380e+00
-1.045543918209510892e+01,1.527326378952781916e+01
5.067169822141771363e+00,8.503319142682979059e-01
-5.128640212878053939e-01,6.367295250659650740e+00
8.047107342715946743e+00,8.121494037820186307e+00
-1.554488630664803672e+01,-7.319502160680634972e+00
-1.421750848075491724e+01,4.379330356140196834e+00
1.249841202648633498e+01,1.487060542121639184e+00
1.295933702695026746e+01,-1.187431754490438252e+01
2.082751536022011241e+00,3.964937360601635596e+00
-1.334297593907246871e+01,-4.163153437257065548e+00
2.596152393544604475e+00,5.675985486374695910e+00
1.065841606693993349e+01,1.533782951525272509e+01
2.575383636775739227e+00,-1.471291765114860706e+00
-1.497407756831649017e+01,9.803318530921489860e-01
-8.782694338679412738e+00,-8.686964358451566781e+00
-1.261349687073485448e+01,5.178038759175847439e+00
-5.319964079317417438e-01,-2.205690612007357831e+00
5.883642023630098805e+00,-1.467763754885821337e+00
1.796788738517872241e+00,1.485479557086039648e+01
3.887656881125227226e+00,9.930676215822099806e+00
8.985015025316316795e+00,3.626980962994635682e+00
-3.957723357771746553e+00,1.541831108973821962e+01
-1.756101399627733528e+01,1.325752219025514989e-01
-7.173547924295916367e+00,6.775164580872719000e+00
-3.687907471970092388e+00,-1.299247508931316197e+01
1.492071757596210579e+00,-1.068661520642621809e+01
-5.685217347739087046e+00,5.600161676616095541e+00
-5.975562852446973494e+00,-4.680012033590790210e+00
-4.604248618997281994e+00,1.820208871986475352e-01
-4.502674335353094470e+00,-1.953052050840848652e+00
9.452886715593041833e-01,7.349170749034353634e+00
3.627725407461210416e+00,1.473580879566919677e+01
7.765023190906628514e+00,6.245344443779874410e+00
1.617428824537894627e+01,2.523395384215550430e-01
5.241430522714614959e+00,-8.356893460089453995e+00
-1.351326003101549134e+01,-2.355186297785598626e+00
-7.279452844499311404e+00,1.398492126602987717e+01
9.608665000762728781e+00,5.906642350962231225e-01
1.975243908765398348e-01,-9.334704648773589852e+00
1.128421476602782469e+00,-1.426893567644568428e+01
1.631128798916419598e+01,5.674902080282169692e+00
-6.604104949972944283e+00,-1.519282245564243539e+01
-5.031701850535008624e-01,-1.492287393468287604e+01
-1.486520344020887485e+01,6.616904160097028864e+00
-5.596758564503966582e+00,1.130994717002838001e+01
9.487874546438597179e+00,6.788600387249353219e+00
8.179219556356429166e+00,-2.398672735589288063e+00
9.273641775730556702e+00,-1.216599073896622940e+01
-3.872093460879018512e+00,1.818646026989145126e+00
-1.285058426069024584e+01,-8.923907692561181548e+00
6.633251198778895130e+00,-3.374064226311092707e+00
-1.652102979273052341e+01,1.965728802179996126e+00
2.014310799188686885e-01,1.406711892772260875e+01
-1.862082189562910983e+01,-3.684117857518606431e+00
6.790392725686382747e+00,2.839872368461737295e+00
-1.602180946207735657e+00,1.421957000818843397e+01
4.980568019341492736e+00,2.641564382596788274e+00
-1.495788600559346193e+01,-3.417960863207037292e+00
6.690765264171459670e+00,-1.073624939482541230e+01
1.205741966440800539e+01,4.079798293171212897e+00
1.128262454760947442e+01,6.367485777008982772e+00
5.634029117454478097e+00,1.019390275073651964e+01
7.450032837484216408e+00,4.494266458067259329e+00
2.618712292074144576e-01,-1.653647299530146952e+01
1.624581409247626596e+01,-2.866229793594702091e+00
1.348840328945832390e+01,-9.249258080805329740e+00
-1.111394222031858892e+00,-3.915395610729047071e+00
-1.538413515305465751e+01,-5.533041012832812910e+00
-1.682330383664128703e+01,-3.625419008760958128e+00
1.514292184037917721e+01,-1.012786919605093416e+01
-1.761169597534838971e+01,-7.082058501211511370e+00
1.503951133073635837e+01,-1.127494915888023863e+00
-2.061913731738387323e+00,-1.389761135520823032e+01
1.777214378460623223e+01,4.037313004494836655e+00
5.426007417246655251e+00,-6.501803839479719294e+00
7.559730078117402385e+00,-7.042380487588916216e-01
-1.231128953680247662e+01,-5.609202979719496440e+00
-4.599458094596319824e-01,-1.135890103054098077e+01
-5.458358494084518675e+00,-1.018672864336696193e+01
-1.630044543226780007e+01,5.551679695694522465e+00
4.841870819787457147e-01,2.976830487138261816e+00
9.705360853334324744e+00,-1.390273004923129108e+01
-3.431292763528131839e+00,4.107894276283186485e+00
-9.922288896180138096e+00,-2.903075702469017916e+00
6.679878333449374317e+00,1.773103890048876607e+01
1.570275144724036309e+01,-4.532235028792764631e+00
-6.174986218622725787e+00,-2.839917016319253307e+00
7.893075117533552287e+00,1.371549564612860372e+01
1.879591013137081035e+01,-2.693577356564388126e+00
2.922080435473435767e+00,-1.481972086035211689e+01
-1.578175067106584395e+00,-1.692094799935038552e+01
1.298884278845054219e+01,-1.366488271522953291e+01
-6.675625437333867929e+00,4.065443758880692648e+00
-9.956150346579984989e-01,3.920612158155352578e+00
-1.407420923425309844e+01,2.517948450549043926e+00
-1.591097490717364771e+01,3.742322048011291979e+00
2.067684782383451658e+00,1.231587115608208549e+01
-1.751008321302499127e+01,-5.296446872141382656e+00
2.770539875101567073e+00,7.430593166760321111e+00
-5.002457871775694009e+00,7.321580336479329709e+00
-9.501187233026781698e+00,1.043989566918441270e+01
4.547228908776132172e+00,1.322300724328620802e+01
-8.858332723049363366e+00,-6.910121254098537946e+00
7.786202943408610189e+00,1.185434780319858739e+01
-1.803674575497977983e+01,5.875284195098720907e+00
-5.740168709516711765e+00,1.558018115144013294e+01
1.838083696870346984e+01,-4.530385167685413883e+00
6.845819067526453416e+00,1.013780078787504868e+00
-1.124863534853600022e+01,1.139872127016708880e+01
8.008687681945316328e+00,-1.447530218003976366e+01
9.355903617286330132e+00,-1.563745260437253037e+01
-1.281834834078554142e+00,-5.554827215041667765e-01
2.770601184655128169e+00,7.723503825912054754e-01
1.404987757672059745e+00,-1.249424843688700193e+01
-8.751055653609999041e+00,3.173686165460908981e+00
-6.957117456272198908e+00,-1.125021522741134916e+01
1.166080397336756569e+01,-1.499553479407998680e+01
-1.513075755116365162e+00,-9.932377370686529261e+00
-8.062157349320001387e+00,-3.222545943180515238e+00
1.889548310338879844e+01,1.660478237416108671e+00
-1.111184509925198682e+01,7.793124528536836237e+00
2.910913300155347105e+00,-1.876137004143348719e+01
-2.403438454364630328e+00,8.483684554487359586e-01
3.503221466691224251e+00,-7.947780641378433764e+00
3.692282691399562555e+00,-6.134219077560954858e+00
-1.443420031255099545e+00,1.239493203383648101e+01
-7.505460272194141247e+00,1.154655983306398248e+01
-8.663716133553085896e+00,-1.171675953811186943e+01
-1.009293718902384107e+01,-1.492633649951088692e+01
-1.148204748588061896e+01,-3.964158560558320943e+00
-1.289141278495665865e+01,-1.377142469513523437e+01
6.918895107118057552e+00,-7.515788408069006721e+00
-8.114632475850669380e+00,5.216356334937012562e+00
-8.155097475232235382e+00,3.142594816152369241e-01
6.094937161496423172e+00,5.619346924778706232e+00
-1.054512264678274747e+01,-6.210580513886866605e+00
7.693607740545489460e-01,9.135279895068579847e+00
-1.407281531232034233e+01,-6.592345399418748642e-01
5.097864367313281742e-01,4.904587317634903521e+00
2.047511415862263373e+00,1.044463776147517997e+01
1.180540051455346129e+00,-3.035312846051577029e+00
3.992702097276664031e+00,-1.268996358449120798e+01
-1.594807588333737769e+01,-1.029944425024733867e+01
5.171725091942231955e-01,1.136651155362890364e+01
1.893643993823805971e+01,-8.008197732174555661e-01
-1.346138942955004403e+01,1.314234777654132635e+01
-2.400395278191402859e+00,7.156303078461492717e+00
8.213818125076137733e+00,-6.180393659677148044e+00
1.949532172485983539e+00,-6.530953455281866660e+00
9.642013997720869867e+00,-1.222952901011837401e+00
1.568669837260442357e+01,1.962731945144043255e+00
2.259719610506280674e+00,1.797664517214931124e+01
-7.043937240295647051e+00,-6.743115183150513836e+00
1.037961847939967086e+01,2.414993043254702432e+00
1.753593460482846256e+00,-8.283235758188293829e+00
1.396370848720138014e+01,-5.024504641377728120e+00
1.102336518153192735e+01,-1.199358727015694015e+01
1.173284977970021004e+01,-2.421755570471980423e+00
5.738003229421411611e+00,-1.229449890678862722e+01
-3.121204550919100207e+00,-9.045983368183390994e+00
1.597434658201365387e+01,3.828337218262720221e+00
-1.164444825936013395e+00,-5.709717942684905623e+00
-1.590742951035627328e+01,-7.516867349944307275e-01
-1.306985929917925482e+01,7.017424678641702052e+00
9.829610623210459863e+00,-3.184750201343635734e+00
9.902043321060098435e+00,-6.779504057630584057e+00
-3.066857406468609160e+00,-7.993325402324646944e-01
-7.798856401161413210e+00,-1.450946951991112677e+00
4.281243916937985006e+00,-7.385857069118505480e-01
-8.032613459960700197e-01,8.097116009437012707e+00
5.921188011791811867e+00,-1.745781390494356700e+01
-1.129249263677147930e+01,-3.062793315874783318e-01
-1.049970090661325273e+01,2.746434956397689309e+00
-1.822444411663191843e+01,2.574528848253557101e+00
-3.352790688246086503e+00,1.368163468226382840e+01
8.561881792460608764e+00,-8.371440980859571113e+00
-1.756656499104601821e+01,-1.968650703297561533e+00
-4.148544283108088315e+00,9.031615588393126615e+00
4.859407602923458747e+00,-2.925156966290867189e+00
5.965031556821712044e+00,1.203499249279125038e+01
-1.167707172945662508e+00,-8.090357943500956495e+00
4.954558265328977917e+00,-4.754670985394167104e+00
-1.370557601321990404e+01,-1.189582510928432058e+01
-6.104181314107390399e+00,9.052350139776100590e+00
