6.557543191864356302e+00,-9.819040890236856445e-01
4.226931938218772444e+00,8.311882719627020633e-01
-1.298163040072769192e+01,-5.577665296394944683e+00
1.376819553001796592e+01,8.466157435404931819e-01
6.605592716315650259e-01,6.085293100229857366e+00
-6.429979307415213619e+00,-1.116408438307415096e+01
-1.126425213435567230e+01,-1.008759047175563595e+01
1.585168247188318524e+01,-6.416063195206481495e+00
4.657156659822101474e+00,-9.381136587659918646e+00
1.271813671679142921e+01,2.288949178658731487e+00
9.092083927578283209e+00,-3.154688777464678573e+00
-7.387866384923531982e+00,-2.316102938832274027e+00
1.895029902954008527e+00,-1.704198705710605566e+01
1.257205413811697525e+01,-7.524415208945112177e+00
4.642694098656365398e+00,-5.746365822438774806e+00
-6.562372737626464669e+00,-5.783228722708806835e+00
2.013291502584730885e+00,9.525972235516743325e+00
4.599364534281803252e+00,6.250251394541611383e+00
2.269411676694796487e+00,-4.846028298514720944e+00
2.003535306031669905e-01,-1.037340749537452034e+01
-2.090790688904321293e+00,-1.891742131545432359e+00
1.427214998172871674e+01,-1.045491428597670946e+01
-1.975767197741070236e+00,1.406275576154996365e+01
-8.469924285038105793e+00,9.021516472345997295e-01
9.037374676334559709e+00,7.638450948122282647e+00
1.222652049495948923e+01,-5.097483549594913121e+00
-2.851080876201045888e-01,-1.927550249937438842e+00
3.849024200135790608e+00,2.760206869021847975e+00
-1.490680491943661323e+01,9.383139890623210633e+00
-3.827789623452148238e+00,-2.707440886234524502e+00
-1.356124304365912003e+01,1.097008534782263389e+01
1.078428902151532753e+01,1.229300324546342615e+01
-3.284277832998368396e+00,-1.539159017907389781e+01
6.575170114205140415e+00,-7.979240159787361897e+00
7.565977197124790221e-01,8.103216145878269216e+00
-3.842407622204486728e+00,-1.714049809571034189e+01
-1.146967558054737424e+01,4.786101342986420981e+00
-5.330609146325863357e+00,8.526863386045150150e+00
-7.980734413436232799e+00,-1.453529870410470970e+01
-1.264651694994536157e+01,-1.226031796318610212e+01
-5.571547371685742434e+00,-9.514722305765699772e+00
-1.842676264466205183e+01,-3.295479140694552278e+00
-1.105648107006208569e+01,-8.208445629527920673e+00
-5.577649901887395956e+00,-2.453570862873212022e+00
-2.242478132705678195e+00,-3.722085067036332795e+00
9.073584067645800388e+00,-1.239179674031797163e+01
-5.560907094236338111e+00,-4.231953514265855532e+00
9.115477887073023311e+00,1.296967348988345137e+01
-5.621181831020037656e+00,1.026360578667497592e+01
-7.981974702793828591e+00,7.740911663945892585e+00
-1.090796765106367339e+01,1.188790178734138969e+01
-7.412762374166939061e+00,-4.106207793295971520e+00
1.306846604213287399e+01,1.038825628424670633e+01
-1.358376836351150807e+00,-1.238625424808542341e+01
7.604679532611171133e+00,4.138107416267076566e+00
-6.385451374151348780e+00,2.016190456062581848e+00
-1.134928565726860938e+01,4.135101679632315341e-01
6.159109609378801586e+00,5.237959356195596605e+00
7.954526669698534391e+00,1.437236594096799180e+01
-2.103695424770482436e+00,1.051876373408413556e+01
-1.226911584586985127e+00,-5.382900361712787074e+00
-1.686794701743161085e+01,5.101225493661785571e+00
-1.481702976431795982e+01,-6.196930260779077493e+00
1.683842788235553556e+01,-3.407191388078386396e+00
-4.563940996937010830e+00,-1.115822420843579010e+01
-1.530328626793171765e+01,2.497663125301292641e+00
1.359181687889046053e+01,1.324390940571494113e+01
-7.413239374582845542e+00,1.717710832694501377e+01
-3.534509380460230776e+00,-8.697470549313202071e-01
5.144866528976822728e+00,1.722711532788836664e+01
-7.826603510659031482e-01,7.199277647729277696e+00
-1.354076368843273670e+01,-3.280564816914350867e+00
-5.689244326604719681e+00,1.762486929023053861e+01
-1.399250399760249408e+01,-9.387342794643982913e+00
1.076354811274634393e+01,-7.481997348857416519e+00
9.628952172934962306e+00,5.857530391000729253e+00
-1.701798399731657696e+01,-2.237431593443473865e+00
7.634260388533811614e+00,-9.485954035717581334e+00
1.206040829340499876e+01,-2.149374704139171310e+00
-2.973204512901327146e+00,3.072681609930146607e+00
2.577635055285163013e+00,1.489095976927703013e+00
-2.138276522535654145e+00,-1.401789883720605445e+01
4.370510719217218232e-01,4.328761570280274640e+00
1.443776172918308198e+01,1.161941577640860324e+01
-4.456158321344272366e+00,1.519159110111830024e+01
-1.396503721812063326e+01,5.830470950964528498e+00
-1.044042490658023503e+01,-5.742386812344260960e+00
-9.572470475088806552e+00,8.647587883579246792e+00
-1.074226820876649890e+00,5.367224829093964367e+00
5.010309618550561339e+00,-2.700095853400280799e+00
-4.282465810755344271e-01,-1.460300664280349814e+01
5.612907937169464567e+00,7.692112553832283872e+00
6.109915051802473407e+00,1.459777679739142719e+01
1.183275284438139119e+00,1.545314295898677770e+01
1.558603146582571775e+01,9.597097765348986398e-01
-6.378635137946457867e+00,6.979340220710374076e+00
-9.375173474649189487e+00,-2.625020929522289048e+00
-2.353240576405501994e+00,-1.080854714990677223e+01
-4.296370710123214920e+00,6.467993681737002731e+00
1.102297267204436437e+01,1.429427237606074819e+00
-1.576165849600690505e+00,2.219542284789135719e-02
-4.788226301915437411e+00,1.146318156623075568e+00
2.872762822603658339e+00,5.946215903951973303e+00
6.798263217009634651e+00,1.262925261527327869e+01
7.191540017392365591e+00,2.116473923293929360e+00
1.545500497749952906e+01,-4.638044807831935401e+00
5.911945316860190758e+00,-1.616041643690842378e+01
-1.325167569186372596e+01,1.263224551676392915e+00
-3.800958362130163692e+00,-4.655908582234316917e+00
8.295523141799375111e+00,-1.475282377174562454e+00
-2.211563978566979949e-01,-8.645320645436383344e+00
-9.136156296252480047e+00,-4.461358444645905585e+00
1.728434771039372464e+01,4.079537971306410604e-01
-1.082185267668688766e+01,-1.226639940565694076e+01
-4.808301995831060438e+00,-1.440217917578937090e+01
-1.188239574422117428e+01,1.029891954467267645e+01
-1.856383110751864507e+01,3.961557656010901596e+00
1.081628690663142045e+01,3.283076093693923614e+00
5.837886250475724736e+00,-4.281417614008702799e+00
4.507549744458650309e+00,-1.504542901187310022e+01
7.776751875197388308e+00,3.256122491204601621e-01
-1.504443417688936613e+01,-4.414363977900009672e+00
3.914049066791846609e+00,-4.104385991984122128e+00
-1.434561620177366059e+01,7.571229635329333796e+00
5.094321082078561602e+00,1.196890029154066148e+01
-1.822363870087946935e+01,2.207698577147201302e+00
-7.963040458390873155e+00,9.530548883412883754e+00
3.405749942194703284e+00,1.336289567202524964e+01
1.362059299654226452e+00,-7.857504348921120041e+00
-1.492735183570909818e+01,7.329436830749391785e-01
-6.118106338652799181e+00,1.580227487126188457e+01
1.130791152191129001e+01,-3.267530320204647398e-01
-1.562602656363346654e+01,-1.020954278530452086e+01
7.334087138713456078e+00,8.316930096858415666e+00
6.022086115237407000e+00,7.587092568835593909e-01
-3.607861093919685569e+00,8.119591379869365966e+00
1.440150355071895483e+01,-7.560960178115405661e+00
-6.264895342049926263e+00,-1.783228111828199047e+01
-1.321742839585876350e+00,-7.200228595603121562e+00
-1.620020300873488850e+01,-5.599358205467570571e-01
-1.670445864952366577e+01,1.271123237546914364e+00
-1.293596286124580885e+00,1.858215319634391127e+00
-1.892933597774458221e+01,-1.370375799305354469e+00
1.392209141327861488e+01,-5.664460040635960425e+00
-5.460115259450506464e+00,-1.276698080155315296e+01
1.754254161936011513e+01,-1.517653379685234061e+00
2.640271853466243268e+00,-6.588049029787404365e+00
3.163059859677401331e+00,-2.521756290785370336e+00
9.025608103320168496e+00,2.875802729587152662e+00
1.483636113537164736e+00,2.863549052298512088e+00
-7.407176531516730833e+00,-8.532844229689455773e+00
-1.312884736920382167e+01,8.984059360079680090e+00
3.023254904661568876e+00,-5.430181485797027641e-01
2.074330804974420683e+00,-9.778019621449486110e+00
-9.650614693872389793e+00,-1.089967643363213767e+01
-8.430566338729166276e+00,-8.599487312045843712e-01
1.171321922110132263e+01,1.490272377147653060e+01
-3.649792269104562337e+00,-9.524939822223901231e+00
-5.323700093220027796e+00,-7.042824078962326428e-01
1.122043363077217926e+01,1.046855189958444221e+01
1.710184804449651352e+01,-8.276408283341403660e+00
-4.908627470595308684e-01,-3.738075367731193310e+00
-3.147624774419069404e-01,9.581626162361411403e+00
8.214646404350521181e+00,-1.667991606053153575e+01
-4.646371858849592584e+00,4.706637856812436738e+00
1.329954032200391989e+00,1.934636361299555685e-01
-1.143854071725414556e+01,6.686591412548101410e+00
1.578094667165836107e+01,4.520611344793052488e+00
4.960361288496402565e+00,1.016062655362629030e+01
-1.826543473556393593e+01,2.609107897776981599e-01
2.763231226353354941e+00,4.149015754665512645e+00
-2.461735907173035365e+00,6.613106930473938050e+00
-6.906660520178109941e+00,1.229235207828977217e+01
8.116895061083457819e+00,1.130929659839651258e+01
-1.093569312690136819e+01,-3.813049511956964288e+00
-7.469144014724261815e+00,-1.276897228534593509e+01
-1.535438250765492008e+01,1.118738015577035050e+01
-9.759170239036082606e+00,3.156746242524333113e+00
1.617949147451655989e+01,-9.840205970079800579e+00
4.794108447415504237e+00,-9.089857342290003084e-01
-7.164286339425430583e+00,1.409619808533447305e+01
2.837443432022171308e+00,-1.450474606739284944e+01
3.661185277785467651e+00,-1.668341296794929463e+01
-1.663703771223411465e+01,8.277175677849516688e+00
4.555710053355295663e+00,4.465903955931910474e+00
-7.967099827288478764e+00,-1.027144347340156116e+01
-6.417864766847077185e+00,5.106203262986607427e+00
-9.218764013465760243e+00,-8.611248022887792786e+00
6.616700686348931271e+00,-1.780466714143045337e+01
-4.223944371743773019e+00,-7.812072710523754182e+00
-6.819432812315294079e+00,2.327055564950193667e-01
1.854542235939968364e+01,-4.105044912229394605e+00
8.899416767100728265e+00,-8.178973253025557000e+00
-3.004836420584975798e+00,-1.875733221894354941e+01
1.568362589187026757e+01,-1.281589252723088324e+00
-2.886558667856566007e+00,4.830775822304746114e+00
-8.553105429933372861e+00,-6.200304955872171675e+00
2.058793285192424438e+00,1.207404146714858939e+01
1.342189425092605326e+01,-3.428532655936272544e+00
-9.645707627386247651e+00,6.823538534982829695e+00
-1.413565079476872555e+01,-1.116815237575532116e+01
-1.019644210604071866e+01,-1.049627301108985611e+00
1.000581525890275003e+01,-9.630558964787370613e+00
3.184341431684392543e+00,-8.325783962594965004e+00
-8.327694788155321604e+00,1.126274522042831805e+01
-4.821851215301752980e+00,-6.113950771466235778e+00
5.868771750022164113e+00,3.300417015382461461e+00
-1.171129151730910678e+01,-2.044541606659945110e+00
4.063687668421262167e+00,8.534236058496222910e+00
-1.287278038528227420e+01,3.038960896137001377e+00
-1.326238103334984597e+00,-1.813290565008420074e+01
-1.368566739476004912e+01,-7.582433398692883131e+00
1.303084628093738750e+01,7.056899380600437865e+00
1.690604321190407155e+00,-1.151946997729745625e+01
-1.804675809260044517e+01,-5.110958315161752807e+00
3.278606228786870247e+00,1.076760404276352290e+01
1.774465467753406500e+01,-6.539102170870572550e+00
1.076166022223097585e+01,-3.845759698795196968e+00
-1.233046114334192200e+00,3.609905030517908564e+00
4.821312449118773991e+00,-7.583776129805131383e+00
3.326512003855233157e-01,-6.360602346355423542e+00
-1.963293889058320030e+00,-9.034318984576666267e+00
-9.295085893123465226e+00,1.288449045242983004e+01
7.266594876161902583e+00,1.604564066534003075e+01
1.533640096161289890e+01,2.785126045197936495e+00
9.565504451637821148e+00,8.265979697041049568e-03
1.888950418991332114e+01,-3.736599263571330765e-01
1.170934303253588205e+01,-9.066678223631962297e+00
7.293183255819335464e+00,-1.488483796962765027e+01
1.054315032204475244e+01,-5.694044250593600864e+00
1.021404809027349359e+01,-1.770011866455504457e+00
-5.976192510203918395e+00,-7.457485590571987011e+00
5.443996606412153660e+00,-1.229964664617089021e+01
-1.127374283344124173e+01,2.205758422920898632e+00
-1.473852030695113591e+01,4.215807022488397671e+00
-9.874770112917671483e+00,1.040390020500879764e+01
6.429765471403505295e+00,-6.145875406401629881e+00
-8.883013373011024782e+00,1.473904852043697744e+01
6.841454945694650291e+00,1.006555945410715402e+01
-1.777631532608901921e+01,6.708398723052523493e+00
1.582626962743476140e+00,-1.609233054317298572e+00
2.465372265153574993e+00,7.710098029764456129e+00
5.207035120648257909e-01,-1.825280815579890614e+01
-9.680440503804399910e+00,4.990278085022612053e+00
-8.094379836606528045e+00,5.950695771317491278e+00
-4.760466485969041095e+00,2.930278074693299928e+00
1.014572510698781294e+00,1.359254626143019884e+01
3.531811978098460703e+00,-1.089017647914212006e+01
-1.136516402637897194e+01,8.580860665567856316e+00
-1.873305099732229362e+00,8.698629512344377090e+00
1.236156649280350628e+00,-3.403737841780835716e+00
1.236683889488926935e+00,-1.539052421319862773e+01
-2.840480020910078895e+00,-6.196746181749640314e+00
-5.322249504792475605e-01,1.138616134714677131e+01
-1.658690179701513756e+01,-6.306504902622661390e+00
-3.800677572159791406e+00,9.910937339174470395e+00
