1.227116998138582815e+01,-1.871700381541700819e+00
-1.861297780767192478e+01,3.703218052255662140e+00
-9.768854545821307411e+00,9.997639448486847158e+00
-1.057996469461008449e+00,8.773427973445035999e-01
1.229128695189943166e+00,4.177726400605979329e+00
1.201682747404652973e+00,-1.406189328775771763e+01
-1.707711505696114074e+01,-7.528742111105438006e+00
-1.120283217097463258e+01,8.853529774766187188e+00
-2.732724783442268102e+00,-1.421133264033648835e+01
6.421642336240658722e+00,-1.311460469743679091e+01
-1.955995991913336285e+00,5.872902319398763282e+00
-1.478816165922710368e+01,2.637997253204366288e+00
3.342183883009385070e+00,-2.066386743180653074e+00
6.015095733951297596e+00,1.059110860219881367e+01
-6.390395490521190602e+00,1.613535865777431511e+01
-1.407105138355998930e+00,-3.236032726315691832e+00
2.947051525806629435e+00,6.791739857379659462e+00
1.121653222222375845e+01,2.984089650357958590e+00
3.219117384029745565e+00,-1.602450100477587469e+01
-2.904701743012098270e+00,-1.713670643046467745e+01
4.275163441658114682e-01,-2.950435741330478479e+00
5.264046381459450252e+00,2.516008510184384872e-01
5.697914737722963530e+00,1.811028844491808343e+01
1.144307568310811973e+01,-5.034430766653513523e+00
-1.300535442352781601e+01,5.689418301975733172e+00
1.365268702485911945e+01,8.767293466041657268e+00
4.303372153358897556e+00,1.499203038314886527e+01
9.114963749681901817e+00,8.198540145668346213e+00
-9.065821775903222246e+00,6.312255406008056013e+00
-1.467507009559466447e+01,-9.614565927073867257e+00
-1.278131197165416033e+01,2.279028455839774647e+00
-4.351940828502424807e+00,1.159037234675027861e+01
-3.610123916730662685e+00,5.142748024857713318e+00
5.054265683366719664e+00,-1.573696331669068194e+00
1.214982821455978979e+01,7.788769049047619575e+00
3.430634918565500957e+00,-4.658374572500528998e+00
-6.254335545225460535e+00,3.121238305124294232e+00
6.240098328523832727e+00,-6.742941053286540587e+00
-1.066318989680503115e+01,1.843954698825276628e+00
6.801682107244339193e+00,-1.608655724447279312e+01
-3.338878072664273056e+00,-2.871599282547192544e-01
4.329801161525423048e+00,1.861594469097209492e+00
-1.330316674559339063e+01,-1.419589555866324737e+00
5.964785887644766582e+00,1.416739639194201672e+01
7.015162694576044800e-01,1.602314070166818283e+01
6.230554544982370935e+00,1.240271255572940667e+01
1.367015513016382933e+01,3.144220430552905565e+00
-1.622750968207088818e+01,-1.997231046096427765e+00
-1.062522271147953035e+01,7.139350191345229746e+00
-6.034762845677775767e-01,-1.093109213601310259e+01
-1.331744170364793156e+01,1.172398993874304551e+01
-2.071509230530828916e+00,-1.556266485764876473e+00
-3.355079933764645972e+00,-2.929017206500003301e+00
-1.122879632959987894e+01,-8.232903363966403987e+00
1.099451709072397199e+00,1.402325467143127824e+01
3.253575804785472370e-01,-6.461608459989347075e+00
-5.753940066185419866e+00,4.844055443396230842e+00
-7.913310020654575894e+00,-1.544801903288101208e+01
1.193053634331003465e+01,1.048368314545861857e+01
-1.764177911607435423e+00,-1.572691715115199784e+01
2.158225610106736969e+00,9.478096792981276053e+00
9.188804669150986426e-02,2.757711789931895030e+00
5.553140529686721116e+00,-1.472215421175912731e+01
1.778519950555008933e+01,-6.155806328428655050e+00
1.054269545113848494e+01,-1.417282567131114845e+01
1.019672625949967859e+01,-6.308186141763427734e+00
1.106799953175799978e+01,-9.060650043167191470e+00
1.463511418537536191e+00,-9.887993518386400282e+00
1.422995169755628453e+00,7.816948249315482045e+00
1.552792315940941670e+01,3.428683795968277881e+00
-7.936584152492691224e+00,-3.178212161886132758e+00
8.871428848348534402e+00,-1.493369650653260550e+01
9.009110724140484194e+00,1.264836034458466152e+01
-5.132974984523824169e+00,-3.152109446208037902e+00
-8.155943751733495617e+00,-1.354361442075416200e+00
8.719253015779518279e+00,-3.663659250725089134e+00
9.373838483525132048e+00,3.273598975569656844e+00
-5.861240445306412639e-01,1.454238651467303001e+01
8.334172726897362438e+00,-6.601479204449874238e+00
5.537988218847549327e+00,-5.089077595543690435e+00
-1.865175803241929131e+01,2.861634617709042927e-01
1.460007886795142262e+00,-1.659458669476496340e+01
-1.188716536729735296e+01,-4.940995157078541311e+00
-9.604550252635071672e+00,-1.601921466040340647e+01
-1.535061106423685651e+00,9.751808899274777787e+00
8.699089953474349102e+00,-9.778644956018977652e+00
-8.928186837967601264e+00,2.411712961206049943e+00
-5.653062619020320589e+00,8.239730806341968972e+00
1.056965695416617379e+01,9.215158434002285404e+00
-1.639138426847862817e+01,6.310198402535757367e+00
-8.822995014139689118e+00,8.457437104591697619e+00
9.874501077620951861e+00,-1.246454875445114752e+01
3.265568218978847526e+00,1.680497487621029862e+01
4.678323787621464724e+00,-1.149637415465667090e+01
-3.388140051153356147e+00,9.702679347779742614e+00
-8.028315721053338905e+00,-1.201027652880734564e+01
-1.496132724203213415e+00,-5.899021041604661342e+00
-2.577894962944873747e+00,1.139749274988125372e+01
8.334117122133347877e+00,-1.152126397591678497e+01
-1.144529054272775603e+01,-1.769629775842946895e+00
-4.727902001430431156e+00,2.256697862469431382e+00
1.168747780276034653e+01,1.231792908804409237e+01
1.235025575447478552e+01,-1.372355450910255392e+01
-9.939179377094077950e+00,-9.568141805270391487e+00
-1.507080864350666438e+01,-5.604586864228273679e-01
8.219445852023657295e+00,-1.329532465573617017e+01
-1.136639049563424564e+01,1.438424265039756911e+01
2.569956271441182771e+00,1.193434829379288686e+00
-7.867180384854156827e+00,3.943875754980382453e+00
4.600562590373291627e+00,-3.350212069965527117e+00
-4.120226455829975265e+00,1.571537260104943279e+01
2.379106634924526009e+00,-6.848197128660877375e+00
7.398011621973525465e+00,-4.991340444999345038e+00
-5.168869419030145629e+00,-8.523707257495862777e+00
1.386531730620046687e+01,-1.123672700522818069e+01
7.829037433062006279e+00,9.488074974136226913e+00
-6.491820603853227567e+00,-1.334495098286623005e+01
6.929579873217114883e-02,-1.549730301177168990e+01
-1.366915921389115596e+01,-3.319638512521922991e+00
-1.785703206606307436e+00,7.820835037044410853e+00
9.139315520939705451e+00,5.782276883107315690e+00
-2.516540329455459357e+00,1.446088790000186819e+01
-2.328570374228898121e+00,-1.163360116025258684e+01
1.296193954450834740e+00,-1.219603723620131674e+01
-7.402966389665714964e+00,5.681969810475560934e+00
-1.672395305598236570e-01,8.562844656029113821e+00
1.454045472205542744e+01,-1.273461804126036379e+00
4.863855940353600804e-01,1.025402401455795420e+01
-6.792408781638519244e+00,-2.580547333841824373e-02
-1.127922583374049381e+01,1.870761425997274352e-01
-1.316025432520527261e+01,1.361156759432521923e+01
-6.060424282456459366e+00,-1.800753335458835380e+01
-7.789840893672983491e-02,-4.686237265783970152e+00
-1.332538295303979936e+01,-6.117900998312005179e+00
1.397055433900253263e+01,4.732879012772934213e-01
-2.702005031284926417e+00,-4.560060337004223641e+00
-8.521239847628844899e+00,-8.246788298626880120e+00
-9.284013474573001856e-01,-1.741294398180248137e+01
7.662355268930691743e+00,-8.241101960544288119e+00
-3.517255297756108345e-01,6.716282336010331200e+00
5.850561841937667040e+00,4.713413184103032449e+00
9.213419797280982593e+00,1.656999904235854970e+01
1.059613031453533694e+01,4.630836892143949335e+00
-1.242507574152199901e+01,7.489804885308823046e+00
3.574515597582440751e+00,-3.145954613189389515e-01
1.250270635507210315e+01,1.481576907527914377e+00
-1.458368077965097065e+01,6.579586497343671070e+00
-1.723797775482853822e+01,7.966550982008317128e+00
-3.092303352252185000e+00,1.541556391300062057e+00
-4.854844339114411156e+00,-1.326483438347319410e+00
6.470460978931680707e+00,-1.129350472984240028e+01
6.706631404748121916e+00,1.326548768377028509e+00
-8.477759389084987163e+00,1.350824446760636022e+01
1.801287437218132004e+00,-8.161039888760661665e-01
1.131080524303941104e+01,-2.343942301399686290e-01
-1.012077372436018230e+01,-6.017674316484437291e+00
1.048026353272905808e+01,-1.833278827440385506e+00
6.816233861167269481e+00,-1.719112715954575821e+00
7.712866654977728942e+00,1.135557467484558636e+01
-1.059182914282888532e+01,-1.328851970472856436e+01
1.663792398983473531e+00,-5.195407473192893200e+00
-3.946611110549611556e+00,-1.013853696992296349e+01
1.023618879566916995e+01,-1.070168471662947418e+01
-6.481666391598795762e+00,-1.993033965689744225e+00
4.215346429204587686e+00,-9.793559493969862473e+00
1.307797154241973736e+00,5.959728569652441799e+00
-3.338768887256245765e+00,3.348689661028939391e+00
6.109564181726080179e+00,6.644364549205248771e+00
-1.792182252674122367e+01,-1.409956803446897444e+00
1.241586350028664221e+01,4.660648460230067514e+00
-5.156098197835778940e+00,9.942225306310092492e+00
1.278241035217761734e+01,-9.853824825705640222e+00
-1.040267239594380833e+00,-7.660864416861298487e+00
1.300925614943912301e+01,-3.556917124069750358e+00
2.770104589848596977e+00,-8.603346389965693675e+00
-7.362758205132521105e+00,7.435570835091861674e+00
2.087421919381739155e+00,1.133974457852375650e+01
-6.810845610591859334e+00,-7.453432843642164407e+00
2.839404232604775480e+00,4.961242385000284472e+00
1.333613809341078671e+01,-6.117323376403470903e+00
-8.220795902446241143e+00,-1.021340791628142064e+01
-1.145185644516731038e+01,3.452991802369272278e+00
-8.863080556170881863e+00,-1.389644134782816920e+01
-1.395401308721729094e+01,8.405151662970357762e+00
-3.955759401613245796e+00,-6.612232845693556627e+00
-4.654115165307484148e+00,-1.683649112158605732e+01
-8.349242444228316629e+00,-6.406013378467673824e+00
-5.038356941742855533e+00,4.907956274756531401e-01
7.881955685570947168e-01,1.101324962456061707e+00
-8.536397340380574406e+00,4.229559931727327471e-01
9.472939342437991073e+00,-1.913924915052371278e-01
4.565353341358038719e+00,-1.327845170914395112e+01
-7.906870362338390690e-01,1.773132204552771185e+01
3.052102076620303972e+00,-1.417615173412100660e+01
8.682230051832432238e+00,-1.886326079668408928e+00
-6.469559825293933031e+00,-4.340067758575313128e+00
2.885862720316767049e+00,-1.104939559192675524e+01
-7.314498774007407889e+00,1.137347768531813763e+01
-6.253100447112986515e+00,-1.129824510333749288e+01
6.431589341071681787e+00,-3.519741900908442744e+00
1.738976275375684821e+01,2.320689750898862869e+00
-5.012390380655741495e+00,1.742568519041072506e+01
7.614149574647625762e+00,2.891169904484343078e+00
9.631268809410341802e+00,-8.011519463241132399e+00
1.533621466484661866e+01,1.659307531307441019e+00
-1.718237649618478002e+01,2.556616117698142787e+00
6.044566213808881372e+00,-9.102396799044583986e+00
-1.696896132205612640e+00,2.640434588655288017e+00
2.676369114220763290e+00,3.100977247222829192e+00
-1.348986408976457163e+01,3.945759231208747941e+00
-1.065739451406760274e+01,5.136829610787061462e+00
-5.825056712148834137e+00,-5.990988569153889998e+00
-8.030281214239096688e-01,1.154516633371621204e+01
1.167204096303248839e+01,-1.198461776771634035e+01
4.577696036484441677e+00,-7.983641777667080497e+00
-1.590308250651630395e+00,1.602268943091312181e+01
-1.402522435624299924e+01,9.375338955834228161e-01
-9.257579441682976196e+00,-4.380189664086006296e+00
-1.248145151706726530e+01,1.012660418426927578e+01
-6.064805812077822544e+00,-1.551431153049845690e+01
-3.300725173181096483e+00,-8.439361640613428861e+00
-4.295854441048074790e+00,-1.506092617479244566e+01
4.270865785920761049e+00,3.837695031851496186e+00
-1.289384138658799017e+01,-9.124730405562516466e+00
4.603696254174761471e+00,9.492852603436292114e+00
4.431782399256958271e+00,5.805438999294092461e+00
2.500727979553192704e+00,-1.809890099093892957e+01
-9.836685208846693840e+00,-2.715237085496409630e+00
2.126558115363691215e+00,-3.414431736700611619e+00
1.484246704887531010e+01,-3.099320170519350270e+00
7.848667829155218101e+00,6.972828108559327553e+00
-9.871196889746201464e+00,-1.164401071270310872e+01
-5.137238241014225437e+00,6.525002164426125795e+00
-4.174367891500510019e+00,1.361928571897179374e+01
4.124098715833123485e+00,-6.269380083334608500e+00
9.418574326156138321e-01,-8.099078925443656374e+00
-2.953562906203917593e-01,-1.316145907919961555e+00
-4.488561432014908092e+00,-4.813115935703527803e+00
7.699225362368016690e+00,4.745623505520930152e+00
4.533542987132087809e+00,7.678568384217336451e+00
8.622328483152497114e+00,1.415550578614668042e+00
7.683873683421862388e+00,-1.703664685525603240e-01
-7.285293036265715116e+00,1.662563664418462039e+00
-7.034251957983456371e+00,9.429868759684762125e+00
-8.595637070355522269e+00,1.545168769520767960e+01
1.000156082765046861e+01,1.105702205943093475e+01
-4.746977258533391919e-01,4.863078443092648584e+00
-7.707921623207682593e+00,-1.732127812677821765e+01
1.040771070430271905e+01,1.366702204087315575e+00
-3.343891693886290817e+00,6.950419836864576872e+00
1.175288508708489843e+01,-7.407600268511287389e+00
5.787205032032267660e+00,2.842249350044663281e+00
-9.062035808635171108e+00,1.169188931705502910e+01
-9.854813485605008694e+00,-8.529816386968009922e-01
-2.106300538099070252e+00,-9.758507736608857286e+00
-1.538645351288361773e+01,-3.693901454086558900e+00
