-2.683165512156037380e+00,9.615922399411164889e+00
4.716613499568721446e-01,-1.898394530666125135e+01
1.096764973566575208e+01,-1.551485286026750998e+01
-6.053260154544562788e+00,1.745267261033851725e+01
-1.981353193318474037e+00,1.399973144453585583e+01
1.061777937377848957e+01,7.112496258052998677e+00
-1.374826899188506812e-01,1.403251097947902615e+01
-4.340304934836907158e+00,-9.934747440477661229e+00
-1.607354384331585351e+01,-6.548975245364442088e+00
7.563465243561245721e+00,9.461863355395760067e+00
-2.226673480526070836e+00,-6.663006418803182562e+00
3.503853156617748432e+00,-1.365360482567497158e+01
8.870068092327130671e+00,3.487521664061418836e+00
-9.065289887944647518e+00,-1.295170390286175355e+01
-1.159114391683724676e+01,-1.041846737157777980e+01
1.311386780136846397e+01,-5.198706404058111019e+00
-7.480868320153058804e+00,1.626972827889655449e+01
5.647542113669376529e-02,-3.707266510085143185e+00
8.284940580234044158e-03,3.484123629858085547e+00
1.534863313891733405e+01,3.556851023135569001e+00
7.787818781186492068e+00,1.933105082882270009e+00
-1.009923414870660885e+01,-9.372226854541871433e+00
-1.873484161391691316e+01,-1.214270659502032501e+00
9.284591637055987334e+00,-4.308746219487067819e+00
-1.133355977544317605e+00,-1.174478703155444670e+01
-6.910636640664203689e+00,2.553221568237622474e+00
-1.514256544558051232e+01,-4.981866124796623108e-02
3.468283811954643081e+00,-7.644761309561796558e+00
1.900178633828895292e+00,-8.536909099762157282e+00
1.474892701886623136e+01,-9.469793330410050558e+00
-3.405459271358124873e+00,2.186235979276976771e+00
-1.149862407968502254e+01,-8.146762620802823207e+00
7.356599491565230409e+00,5.587562359037886672e+00
-3.137996840698068279e+00,-1.576635854407576609e+01
1.112554104604880756e+01,-2.159412280268286910e+00
1.663044990090434538e+01,-9.188478442784237643e+00
-6.496301811066950371e+00,-8.869744014804370025e+00
1.692008552542502642e+01,-3.789574177404354316e+00
-1.684188639319813774e+01,-1.235636224605062061e+00
1.522896424992644349e+01,-1.121796278790325374e+01
7.696280395495514348e+00,-3.470658614099062955e+00
-1.029219638697812655e+01,1.507490468457995370e+01
1.300897862470577770e+01,-3.373208601273959939e+00
-6.333582915216787734e-01,1.572694892417367107e+01
-9.726958880026835175e+00,-3.591388492728626591e+00
-1.366431004366177504e+01,9.370584797713656933e-01
-3.247525953403572974e+00,-5.062773522299567119e+00
7.345257068566769298e+00,-1.426675875447864961e+01
-2.673712565889466930e+00,-1.068201780076279839e+01
-1.111187581614809083e+01,-1.030114418320133840e+00
-7.918303461258925147e+00,-2.737044524835187786e+00
-6.747509433565618941e+00,4.314175760930345049e+00
-1.549928920902934593e+01,1.881236637729264416e+00
1.050735436198538153e+01,-5.592471851692580209e+00
-1.266247038279146508e+01,-4.805402400591608725e+00
7.795354448928744517e+00,-9.374786329137984708e+00
-1.166094434332170060e+01,4.197643900221883939e+00
-1.011361624139922633e+01,8.771165119315545766e+00
1.418515805854110567e+01,-2.002642901069749293e+00
1.355656014129069931e+01,3.546850372973947341e+00
-6.055876019471747362e+00,-5.808796126368412915e-01
4.685358792088847757e+00,1.438817552910728048e-01
1.105771084403967031e+01,8.898171840552793199e+00
-1.728364462971964599e+01,7.863518511931794741e+00
-4.182682859024404287e+00,1.614829655344334824e+01
1.742503556648145935e+00,8.267756761046211267e+00
1.254153617281402511e+01,-1.174694305340747214e+01
7.048842570177043854e+00,3.786981456345074992e+00
9.505360149946191939e+00,9.821516531819291629e+00
1.100658005377296078e+00,1.182974885273044841e+01
-8.086716099474719144e+00,1.216189584594704520e+01
-5.462400002852913161e+00,7.727003636675457976e+00
-1.816017612696216643e+00,-4.030200214794854574e+00
1.052107174694521863e+00,-5.225649773039859447e+00
9.001061338922164978e+00,6.327600186378370850e+00
-3.410355999216069911e+00,-1.230779249059050606e+01
1.502320310038561146e+00,-2.708801935484109968e+00
1.557495643320108236e+01,-7.138142317558033412e+00
-1.671215886278452967e+00,2.915824712724330858e+00
4.747497110365496709e-01,-1.258905226667800914e+00
4.351525818998926987e+00,-4.016305542468312062e+00
1.279375753423488682e+01,7.232691271871143357e+00
8.536873327816385526e+00,-7.767137743900526914e+00
-7.408294443505754501e+00,1.048320176753244048e+01
3.268688695997223892e+00,-2.456690195816947142e+00
-1.820700002079253821e+01,4.669433191014770834e+00
-1.091837243388782674e+01,6.853521747769846684e+00
-3.972855149777886563e+00,-8.219100270869176939e+00
-9.045031456431683381e+00,7.290932961013631974e+00
-3.742532341766854120e+00,1.432536629217736568e+01
1.128300736163687468e+01,-2.630294723276613289e-01
6.718477017155683129e+00,1.205168666898873653e+01
-1.499984582724766469e+01,1.038469574338740742e+01
8.890929086786968583e+00,8.123892946689634798e+00
1.604699414644045419e+01,9.930482337911442636e-01
-1.382205358830363373e+01,-3.302629855454485508e+00
1.070161064875152945e+01,1.122236295179669519e+01
-8.213499568307502940e+00,-4.713547173818975367e+00
5.839738746485410026e+00,9.846200599432973988e+00
5.197433240432069113e+00,-8.999100865704999563e+00
-8.324831830242159114e+00,8.953046503639722431e+00
-4.937204816001888652e+00,-4.419280774439620529e+00
7.728331624772586395e+00,1.357213174455788085e+01
1.133937209511653599e+01,-3.979665264284258264e+00
5.063773827588032184e+00,-1.471532882248300744e+01
8.413167744884175292e+00,1.125709796040737132e+01
-7.358704186509855916e+00,-1.226856884010194726e+01
3.066830466381831322e+00,-1.187624295401856855e+01
-8.529587520613441498e+00,4.020410085892365259e+00
-3.300408608902911656e-01,1.600660294786824256e+00
-6.051150998513038282e+00,-5.777947676280067668e+00
2.933617945856379805e+00,3.133842525300091886e+00
1.543967224198440036e+01,-7.199873143913808615e-01
8.914420387165838733e+00,-2.130667249029139843e+00
2.241880850861758923e+00,-1.596794080087127554e+01
-9.211380373097147967e+00,1.659790346518870763e+01
-7.898187918136181374e+00,-9.832626984310055551e-01
1.006230284143257592e+01,4.772216390509149697e+00
8.195463871871478290e+00,-5.913554746943046503e+00
1.459965896969626087e-01,1.829175007939440434e+01
-4.994119403170377502e+00,4.645945155420518446e+00
-1.521395270874825556e+01,6.880395651243344624e+00
4.943984184602338239e+00,-1.617314627560489715e+00
-5.046906180278379672e+00,2.846668953569670535e+00
-1.389924876728880487e-02,-8.619974407491861612e+00
1.631641275972330885e+00,1.007106571910606618e+01
-9.086021841140700772e+00,-7.846143131536877924e+00
-5.961896431485682157e+00,-2.413061964243876645e+00
4.867533723553596481e+00,-5.722946134911119032e+00
3.424536498811936891e+00,-9.435890383634619738e+00
-1.090023380895006966e+01,-4.953705782854524564e+00
-1.379079454352582168e+01,3.078008153498859922e+00
-9.191408786670804076e+00,1.064054120573801754e+01
9.789555541714477727e+00,-9.170238299521608738e+00
-4.450188133778345545e+00,1.041680513704163147e+01
4.085513001483291440e+00,1.027401414129790247e+01
6.059194243095412880e+00,1.515741777309231653e+00
3.522603895965201737e+00,-1.718433972930128206e+01
-8.473934169808281069e+00,-1.014716995451442649e+01
1.288925891988084160e+00,-1.214447457567955801e+01
-6.512620918675660064e+00,-1.072032264657281964e+01
1.001519612575215934e+00,6.659056700127204742e+00
-7.234827393045255128e+00,7.541133570365355254e+00
-2.335220512484303512e+00,-1.410743474254261010e+01
1.228619340493981049e+01,1.019032559363930979e+01
1.379113694758923714e+01,1.116479404495974670e+01
1.176400076649433402e+01,5.266912665246917591e+00
1.410337052708028871e+01,-1.272144320838510545e+01
1.029255313622106627e+01,-7.452870528474909051e+00
-5.184388368293490146e+00,-1.271351060945485223e+01
3.279007884049023769e+00,1.519110869675486342e+01
-1.253499535778206830e+00,-5.282888293362095755e-01
-9.829726087492046460e+00,-1.128109377687448678e+01
4.706699402625176276e+00,1.840395520693601839e+01
-4.321558477509995555e+00,6.265731364103189094e+00
5.664205515250024803e+00,-7.284512928193269232e+00
1.344694279075835608e+00,2.285621612319013618e+00
-1.690875640147276471e+01,6.780318159316179871e-01
-7.545146615386341793e+00,8.208932084834302811e-01
1.593077633674312388e+01,-5.346424958242730341e+00
1.255770280028360109e+00,4.942513372925847470e-01
-1.045109977747777386e+01,1.771314687719231618e+00
9.366831732099324404e-01,-1.721417366629720291e+01
-6.446595375990534116e+00,1.369674670743029310e+01
5.579134024329535535e+00,8.110371786780882886e+00
-1.420097129986742424e+00,1.740145898948387782e+01
1.172876623249682382e+01,-8.586796776636399287e+00
1.120346902090250474e+01,-1.032470131381269596e+01
7.377577517344477087e+00,-1.602146127518716412e+01
-5.921057733608568796e+00,9.434274360143222182e+00
3.929379838062495356e+00,4.650564361081348963e+00
5.555679740176871384e+00,1.336891425421885771e+01
-4.049092863774381712e+00,5.153052040224144204e-01
8.750733967672953639e+00,4.587024434945288776e-01
9.960736296207146623e+00,-1.161021826491164077e+01
-5.913932447019957017e+00,1.543190830831304794e+01
-9.455390608643401862e+00,-1.820867400685929116e+00
5.874418732368947182e+00,-3.129963030260668688e+00
-9.706386668876602286e+00,5.501018676243307759e+00
2.066540211012444672e+00,1.378920445536513384e+01
-4.922120529155185054e+00,-1.515484555559091007e+01
1.885233131782698246e+00,-1.038969314225353457e+01
-7.883083566274488030e-01,8.768143146274463007e+00
-3.085699709417935921e+00,1.159562270320304478e+01
5.176495084604095354e+00,1.508669820902436420e+01
-8.717706712832256954e+00,-1.468395989300700499e+01
-2.020247643610135757e+00,1.106378046192664222e+00
3.601487075365286561e+00,8.471222601509488470e+00
6.610918779525833955e+00,-5.112699982222602912e+00
3.805551085515610055e+00,1.303724885135883582e+01
-6.536579805070169336e+00,-1.440379098585591500e+01
4.195485494083238009e+00,6.805102455089269142e+00
1.106163580554474102e+01,3.299184724141964509e+00
2.332880067031462001e+00,-9.345592855428609402e-01
-1.202925197700527349e+01,-2.772558078393886571e+00
-1.299721906214428957e+00,1.189473319294974551e+01
-8.691579403921824820e+00,2.177073297456695755e+00
6.324559109706363813e+00,-1.039139759508028327e+01
-8.077059852225062508e-01,-1.673774346470996477e+01
1.840455328165776949e+00,-1.425296571798242162e+01
-8.264939957203534249e+00,1.403747802935408906e+01
1.003450195202013973e+01,-1.395426036312482765e+01
-7.039060159674590533e-01,-5.547014522494322364e+00
7.022345876903274942e+00,1.012452051044284568e-02
-6.305079716781662569e+00,1.193261995313336321e+01
7.230607577890978632e+00,7.456074032042402600e+00
5.684988683763681827e+00,1.687508077793915007e+01
5.514550675034453064e+00,5.550422718135530786e+00
9.205565477992699641e+00,-1.658906106587884821e+01
-8.882785241279769761e-02,-1.406441928111045847e+01
8.659004221024144132e-02,-1.039324446460237183e+01
-6.348629240402430263e+00,-1.626193608761517595e+01
-7.682208799976616653e+00,-6.696649967244383994e+00
-2.463899892666560287e+00,1.579956975674002706e+01
-4.435312156633607117e+00,-6.484880611864576316e+00
-1.264043513882329783e+01,-6.642620384875304040e+00
4.568503086701663385e+00,-1.086251229122528095e+01
-3.553554377432635469e+00,7.927659716436341597e+00
8.086616950567499629e+00,-1.116199483071792109e+01
1.717589949064321786e+01,-1.076977808465240383e+00
-2.628919302106750067e+00,5.684279629697162051e+00
-2.260446737448333021e+00,-8.818961350401099963e+00
-9.465057143296242259e+00,-6.052788869839209163e+00
-1.320845371532918122e+01,-1.351603265601996062e+00
-1.504457411547940993e+01,-1.820679679137494622e+00
-1.260986809128429531e+00,-1.846462862459607379e+01
1.578174579753152607e+01,8.732324114873060594e+00
3.041294854607896614e+00,-5.889047726759331525e+00
1.214370447805763398e+01,-6.708540748784098895e+00
7.085266729768997962e+00,-1.789976358674066237e+00
-7.904076404711343429e+00,5.801469441862523446e+00
1.466623535756357022e+01,-4.030699282500957104e+00
2.995161318026129837e+00,8.023359067618485163e-01
2.639389223466981349e+00,5.937956713367733563e+00
1.630332086629245225e+00,4.445118117840095806e+00
-1.215821703018065847e+01,2.369420466808688452e+00
1.840609319089121598e+01,2.417092630860045777e+00
-1.991832085979899913e-01,1.046607382070799908e+01
-1.025294157270558282e+00,4.965205148458013085e+00
-5.770236331027015275e+00,1.178824502072734370e+00
-3.174627856883677435e+00,3.946596764189393536e+00
-1.858562057928963007e+00,7.320356239226803119e+00
-1.130001227225750693e+00,-2.334056345821207579e+00
-3.885570199057475804e+00,-2.920425612717884256e+00
-4.731741387291920731e+00,1.285761744944956497e+01
-1.334033819833056711e+01,4.845689111333047805e+00
9.052747885218911383e-01,-7.049086334964107081e+00
1.897376177959315413e+01,-8.593309576386889415e-01
5.275753272778564984e+00,3.446251402738298886e+00
1.199749560470210419e+01,1.675354591672876037e+00
2.836345999408706131e+00,1.152483344368630824e+01
-6.093086975285773477e+00,6.045315022346811062e+00
2.536872234566525552e+00,-4.176661531558885088e+00
4.286435715189034212e+00,1.987454342927652773e+00
9.845416563414996602e+00,1.871366033235789317e+00
8.577277554882053678e+00,-1.295070345362861808e+01
