-1.393710449595001144e+01,4.654060057312148224e+00
-3.514574042550414390e+00,-2.867247003619056045e+00
-1.083104766522204798e+01,2.456744100221961880e+00
1.271917489118196265e+01,-8.066086465721207688e+00
1.621936011834718583e+00,-9.234628727260730585e+00
5.120780717949861227e+00,-8.899475803508003935e+00
2.419799308178284480e+00,1.723371222848789230e+01
9.446734577491578966e-01,1.571605805410630374e+01
2.202897224467878612e+00,-1.494863908659253049e+01
-2.286873577517042122e+00,-1.615346091307647169e+00
-1.272443777859130210e+00,3.914850608798952969e+00
7.394838522241368395e+00,3.912181431921586405e+00
-4.300949605177620150e+00,1.156854035094351474e+01
-8.469553660253048122e+00,-9.958777189047751666e-01
-9.072281393233325275e+00,2.179399681378729081e+00
3.305833515825458591e+00,-1.185743520630640901e+01
1.416077381578053895e+01,1.483368878881962338e+00
-9.541853046243680581e+00,-6.974999305810873906e+00
4.682240860619800493e+00,1.007011056616723366e+01
1.611465858256444506e-01,-8.253824368642186826e+00
-7.137361253974823683e+00,-7.646738416960208617e+00
2.000131419134721700e+00,-1.887506528756563284e+01
-3.137403166826512102e+00,-7.622335448155593163e+00
-9.647070835572389313e+00,1.140502105523105136e+01
3.213758558737092486e+00,-4.570299500831392692e+00
-1.404074758888736163e+01,-1.581447771543714742e-01
1.500896031533369168e+01,-7.968896122863487363e+00
-9.428269407143554659e+00,3.957359843242797659e+00
-1.373321344194194538e+01,-7.125751104460326779e+00
-9.847532989529955927e+00,8.150004845391437769e+00
1.136934645944628386e+01,-3.747748479431618041e+00
7.074386112723826336e+00,-8.335608482627760552e+00
1.240974873639063958e+01,1.728223636934679064e+00
5.033795589212874511e+00,-4.280519977514830821e+00
-2.484768098136203029e+00,-1.472065445194934519e+01
4.546449675534682378e+00,1.674597776486451650e+01
-1.246534050222932599e+01,-1.909454860003868992e+00
5.628914727238456539e-01,1.018061872651862565e+01
-4.918287623320094504e+00,-1.462454100979656779e+01
1.006127007540844254e+01,5.978587457680765382e+00
1.374321907710259616e+01,-3.794935423798722507e+00
1.119991129820729903e+01,4.546779856271485065e-01
-2.523437826627416669e+00,1.127477381946117063e+01
1.623842413852823796e+00,-1.322058151596076137e+01
-1.190500280852253745e+01,-6.116828076221530353e+00
-3.378260327849246902e+00,7.108549181143101192e-01
-1.105281175521634651e+01,1.489704941681711681e+01
-5.196688030764202715e-01,8.757941256762920901e+00
-8.079110046551896573e+00,1.591482877821097830e+01
-3.188320727717476100e+00,-5.868989492589007817e+00
5.817510329451152984e+00,6.474394806114791567e-01
1.740120272526270773e+00,-7.448294199824845307e+00
6.121136916957529372e+00,-1.587865555735722367e+01
9.170223086807549606e+00,3.784861529870810593e+00
9.716672224312262074e+00,-1.482943499475332771e+01
-1.288914785472668179e+01,-1.073687913135304761e+01
3.766614450196719144e+00,-1.012008481464440024e+01
-1.788989989535231695e+00,-3.367320685877608799e+00
-7.656626298011841580e-01,1.151514431125559845e+01
-1.943861135368604831e+00,7.657386275105170448e+00
-7.708417871850462788e+00,4.485780434581622345e+00
6.639173127129429197e+00,1.407676005257776097e+01
1.110843948838563477e+01,-8.979268023165484891e+00
3.336260531368144822e+00,-8.304395152252631362e+00
-4.974251956088183491e+00,2.545212426486341162e+00
5.102487841690885872e+00,-1.731957809825642514e+01
-4.899970548432083461e+00,-6.360909585366388619e+00
-1.896436218961830988e+01,7.788521190510220293e-01
-4.865921546923810959e-01,6.613084382191588340e+00
3.375927453199773165e+00,-2.595523515782278690e+00
6.150198305430533807e+00,-5.651663523538597467e+00
7.588334681257751235e+00,-4.591584316326892790e+00
4.017453027186041581e+00,-1.477228910379928450e+01
3.041421435643473448e+00,1.374277668285604115e+01
1.022018992040693952e+01,-7.446266211565345294e+00
7.572777418058771914e+00,4.073060103743599281e-01
5.258693219008932829e+00,-2.503207787497636172e+00
1.681085615892959950e+01,-4.248898352411730528e+00
3.506528477840367142e+00,9.677704991361855136e-01
-7.947244036090898689e+00,7.765355029620962801e-01
-7.147778357566740404e+00,2.624263984567007046e+00
-7.999201346480717234e+00,9.698627479169958931e+00
-3.526055521179781937e+00,6.630794683522815092e+00
-8.231882945013990760e-01,1.528626135157422716e+01
2.101037465785076552e+00,4.308652531765896576e+00
-6.051788167282857317e-02,-1.817846853433541199e+01
1.049927090556719200e+01,-1.177351254773008371e+01
-5.574751865696689457e+00,1.746079243690972760e+01
3.013886302975725684e+00,7.318920505597298565e+00
1.278768836768987605e+01,-5.327834557892805911e+00
1.318384771717824755e+01,-1.190785113195304845e+01
1.748603240908568424e+01,4.282387273086915025e-01
-1.030456085020029100e+01,-9.442775170153080433e-01
2.402130996603343838e-01,5.001296112769554547e+00
-9.909995807635909593e-01,-1.366149554351897955e+01
7.414731314428463449e+00,-1.331430061506824103e+01
2.856059218499260588e+00,1.069163023120371392e+01
-1.877359866502354091e+00,-1.031376429411441542e+01
4.564589567582842733e+00,8.317319457887423440e+00
9.190011226548636003e+00,-5.449397021344946523e+00
3.449041430726768720e+00,-1.651146073310700402e+01
6.484228456101696736e+00,-1.042419749966037923e+00
3.514991973550785520e+00,5.512143223097415223e+00
4.187273491158797434e+00,1.184977518207150382e+01
-6.156633555381314515e+00,1.082026291780654326e+01
-6.854340871514179589e+00,-1.528793200759115400e+01
4.910248339429397646e+00,1.346686725674877927e+01
-7.829803366896884498e+00,6.286284391402052307e+00
3.825102480235718083e+00,-1.860948358385700985e+01
-1.774609840355560308e+01,2.803141281350701508e+00
-1.350873630045352058e+01,-5.268241524932678388e+00
-3.513850505799811952e+00,-9.397045281646736470e+00
-1.910115138655609668e+00,1.383477861557391009e+01
-1.264744924014580540e+01,-8.993699564898612664e+00
1.522909999733578346e+01,-2.296914483279103081e+00
1.185937490250514337e+01,-1.062390409125508839e+01
6.492728631787198168e+00,-1.003453773084481782e+01
-3.893907727084258141e+00,1.837812247268934485e+01
1.423302576038967082e+01,-3.439350156774358402e-01
-1.730272832658805271e+01,-4.205052799467398295e+00
1.402174965600434930e+01,4.740915123363396155e+00
4.426070915335712286e+00,3.982654195758887017e+00
-2.648080441737647561e+00,1.564667054320301709e+01
1.776464236702331778e+00,-1.707182654465213290e+01
1.197233140614542357e+01,7.560231061221125870e+00
1.722600538596714914e+00,6.038273389296600513e+00
1.104144343553463870e+01,-5.612277010327034077e+00
8.473858247476615091e+00,7.285097912346176763e+00
4.633206289513856824e+00,-1.304342891092943013e+01
1.530626466692282506e+01,8.874170416805103656e+00
1.185503570321466427e+01,-1.215713033940424070e+00
1.489966418498216427e+01,3.155519571750555308e+00
8.297242719627096363e+00,9.057862544200020238e+00
-1.597872527050196290e+01,-4.277341642314460568e-01
6.820771381888280693e+00,6.595681313479347274e+00
9.983707799582324682e+00,1.322558744984344514e+01
1.599093255657737700e+01,1.536152122621945004e+00
8.460449109257279332e+00,-7.065643698184277177e+00
-7.763782975863838587e+00,-4.033996665162679740e+00
-1.964963435695372906e+00,5.595171577150259701e+00
-9.666846546259291628e+00,6.398642571235341414e+00
-4.203484242069095878e+00,-1.637720441734280286e+01
-2.342569479480807182e+00,-1.653099315253199109e+01
1.891683625065098440e+01,1.498584527927003140e+00
-3.076274519936731178e+00,9.029813124432825688e+00
-5.751125929126713610e-01,-1.226050592085168311e+00
5.864714474229963947e+00,5.000822812415569807e+00
1.035289701545709917e+01,1.587486300758217794e+01
-1.126571139865455429e+01,-4.467668328570741920e+00
6.002677072899709643e+00,1.170086943352992392e+01
1.030769064982269079e+01,2.229922875651847658e+00
1.366740072335518263e+01,6.712766354164569016e+00
-5.899066030629398050e+00,4.128179461677265571e+00
-6.298757109104442975e+00,-9.218154732909029647e+00
1.602497932853398765e+01,-7.164777600388516632e-01
1.590420283933407175e+00,1.874892865241670536e+00
1.084425665756181090e+01,4.367370125270399583e+00
-4.685582687356468767e+00,8.040243022405404005e+00
1.788368035621877850e-01,-4.736090190785204435e+00
-1.085684981255597137e+01,5.029710912330328298e+00
-3.287302642492101246e+00,3.119902824056464574e+00
-1.082794600781814864e+01,-2.688585220698819445e+00
-7.892942923668170074e+00,1.159794793271113456e+01
-5.218786949000399744e+00,-1.075175892373773046e+01
-5.110966200100500734e-01,-1.607450224485066670e+01
4.723270155281815263e+00,-7.826740843512370871e-01
-3.054101565027818044e+00,-1.301202221708803641e+01
6.293972029628719156e+00,9.126426540628433060e+00
1.247098158807885859e+01,3.619701822000289226e+00
-8.604724597792813512e+00,-1.376850418896652251e+01
-6.453611540171920069e+00,-5.387836741937567453e+00
-6.562474387630130579e+00,-4.527105115747004360e-01
1.345391983410791248e+01,-2.009183680041994879e+00
-9.696439959408589826e-02,1.370082759137791539e+00
-4.399133464981215269e+00,-4.468852079666657318e+00
-3.516911900451121564e+00,-1.118695347521616235e+01
-6.260844472160611573e+00,9.060388351565869414e+00
1.354903839491619078e+00,7.903168034226250305e-02
7.970933576939657428e+00,-1.615299489379979647e+01
-1.424783579293496061e+01,-1.920441774023652792e+00
-6.289298596417984832e+00,7.258047694250586268e+00
-1.190443282873587272e+01,7.494175503419000073e+00
4.868866234042695140e+00,2.241757806692480148e+00
-1.963830275610208176e+00,-1.829066017371892272e+01
1.022268757874416600e+01,7.821063205363349091e+00
6.634089068605629969e+00,2.258214345560816572e+00
-1.599128690404722830e+00,-5.127789320722041744e+00
-8.951821878147624645e+00,-2.739422263468337615e+00
-7.113267344187171659e+00,1.321118947293014578e+01
1.183914313719848366e+01,1.119902730169607175e+01
-5.184740410906466757e+00,7.225321595026760191e-01
1.898904781967408795e+01,-5.138795575463204202e-01
-1.270762845918852690e+01,1.714649081238775796e+00
1.700998392438491891e+01,-2.237049038400563905e+00
1.738367348087468400e+00,-5.607458997017163327e+00
1.727585576197780526e+00,-3.535091301401423358e+00
-1.225553765043451548e+01,3.782014221314947466e+00
1.006027212472658938e+01,-1.196115919250449577e+00
3.797515257095417929e-01,3.192032262217952443e+00
2.763494985368935009e+00,1.551778160158900555e+01
-1.757827497991472088e+00,2.070874182723397183e+00
8.384193361257116450e+00,1.212430968532293640e+01
1.459448543609232818e+00,-1.769785503755210820e+00
1.232284328531254403e+01,5.385654253153654203e+00
6.996940294958081452e+00,-2.887146545964700994e+00
3.313663012930210705e+00,-6.380596452285247189e+00
8.420528759309066302e+00,1.677131840269497332e+01
1.000723174843642482e+01,1.138176758870650040e+01
1.623598744402401550e+01,-9.399975239826250828e+00
2.948654168192442526e+00,-7.631868025988337578e-01
8.445057751564926107e+00,2.066923813133493493e+00
-1.583226048696182220e+00,-8.566399126705691813e+00
9.205583022572346508e+00,-1.304949870672852619e+01
9.206221103990415600e+00,-3.115210253420936937e+00
-1.119428857271982203e+01,-1.127276769943215839e+01
4.947825188754713110e+00,6.564346900292663101e+00
-7.244413168038802198e+00,-2.260526181131333079e+00
1.187355088213762677e+01,9.320333887931044003e+00
9.413864669241212013e+00,5.684344844157319665e-01
7.528202245080002797e+00,-1.145117333394296821e+01
5.147956203028349442e+00,-1.129668437075434717e+01
1.348448565228345686e+01,-9.681963364615706169e+00
-1.511601706894171215e+01,1.333961754498967034e+00
6.345074070327644478e+00,1.588868449983251452e+01
5.037527116015683148e+00,-7.074046935944687142e+00
1.746052054743299919e+01,2.634017715263173187e+00
-4.860287695745715730e+00,-8.160071790150549731e+00
-8.205610360708481821e+00,-5.816846187615587915e+00
2.724115427629281855e-02,-2.970977904639915401e+00
8.329404613195540819e+00,-1.558855151222016566e+00
-4.390715043714606303e+00,1.606882599484221785e+01
-9.463539111614540644e+00,-4.565715745638898149e+00
-3.944275187791467019e+00,-9.538225596842550003e-01
-1.003298523218416061e-01,-9.991035547598611899e+00
1.626597734866780609e+00,-1.101653653087426576e+01
3.060001840243302240e+00,2.822222701748279494e+00
2.246621035990595594e+00,8.938661490552219036e+00
-3.570087384492887650e-01,-6.462117492734326341e+00
-1.778228781794031121e+01,-5.552052851191112692e-01
-1.693457538665663265e+01,4.381471824449025831e+00
-8.041883278888034781e+00,-9.669214226716031035e+00
-6.022250099772143095e+00,-3.565927556599006287e+00
-4.800170618890329699e+00,-1.254882204023728498e+01
-1.129919898518749122e+01,5.772272159401796721e-01
-1.658396915213443634e+01,6.212044914562829589e+00
8.357150235193362420e+00,5.521789634936555835e+00
9.150317833590728256e+00,-1.057089599805885349e+01
-5.229636824608460799e+00,5.802387938875957829e+00
1.414529748679084431e+00,1.176199668228090012e+01
-5.267727821859201853e+00,1.308034540648165134e+01
-1.641037596152628897e+00,2.958077939182929272e-01
-3.612819975244102810e+00,4.846717731943587459e+00
9.387717246125218962e-01,7.698641231860274381e+00
-1.117741919950164586e+01,1.017981126979674755e+01
1.003784697289846051e+01,9.614463036447491007e+00
-5.499834404393134868e+00,-1.886245212691766149e+00
