1.469643824439769908e+01,1.491272527401039938e-01
-1.892696124698573357e+01,5.727410621334768637e-01
-4.843583387067679880e+00,1.373540446870407195e+01
1.550458253791470575e+01,9.680701451796229762e+00
3.587761109913314983e-01,-3.086798935573756175e+00
1.132176194539431968e+01,1.375149255223073075e+00
7.398199254914953116e+00,1.300338342571603079e+01
-1.250662995624249341e+01,4.405147402847528149e+00
-1.237724751152804537e+01,-3.851415071252987321e+00
1.201469482058788074e+01,9.692842048403980115e+00
4.522929463253136717e+00,4.314327890772356788e+00
-9.597073285823878308e+00,-1.464857484095802853e+01
-4.088239103013285636e+00,4.632556101824914840e+00
-7.284685722560586107e+00,-6.030361455198065990e+00
2.418151571980996728e+00,3.445946798278082923e+00
-6.893461276961036610e+00,-1.079322236209362984e+01
-8.421495439981949716e+00,-4.106746542752995888e-01
1.200176690242419575e+01,-1.198390248338865050e+01
2.909223904714314024e+00,1.552750128683677922e+01
4.890849774804348016e+00,1.264194799667002300e+01
1.021996277721529189e+01,-1.182047435455455187e+01
4.503157331445333256e+00,-7.275910795939805276e+00
1.180616741618650423e+01,6.936436596126617005e+00
7.254584818848676342e+00,-4.892370465244280098e+00
1.669004859410348374e+00,6.486919859273846178e+00
-2.172696858454342017e+00,-3.581622940343728523e+00
3.503916656332165314e+00,-1.922880031476491558e+00
9.290960146327689628e+00,-4.052063002631344446e+00
1.070396974283583802e+01,1.297910810616449595e+01
1.022525051019477083e+01,6.148961783597178155e+00
9.095682603055388782e+00,1.028998776435321361e+01
7.659457248219056602e+00,-8.175160049022064612e+00
6.011504104262382242e+00,1.411132589515844415e+01
2.129682126777612261e+00,1.707483756193018287e+00
6.485914723216860800e+00,4.535726438633804314e+00
-1.073223824676204075e+01,5.000085066774114573e+00
-6.169206257516801628e+00,-8.302297411359742085e+00
-6.723375724311600798e+00,-8.929142055755237006e-01
-1.222040888922292190e+01,7.656476129295354482e+00
1.275250222725325955e+01,1.302909955226116168e+01
-5.973421759696157629e+00,4.507021306341037814e+00
1.535579629669831903e+01,1.789089971693768932e+00
-7.041834953617538417e+00,-2.637379674443877331e+00
4.017242071254967684e+00,2.554300317055571590e+00
4.777170211737469252e+00,-5.548090690699590155e+00
-1.171677492698711909e+01,-6.772570934169221957e+00
7.227367775749371503e+00,7.778986820394283797e+00
9.590108848665206409e+00,-7.733774106554465178e+00
-1.125801277648169396e+01,1.190363829312969379e+01
1.006388937949151297e+00,-9.663720542886121478e+00
-7.572181104607241149e-03,1.366101975785682487e+00
3.421281676978458197e+00,4.682015592681906813e-01
-1.383717038177340874e-01,-1.368434607644833489e+00
-1.335068638076968028e+01,-5.380339134904237319e+00
6.653474440354529840e+00,-1.204665152070971601e+01
-3.073197964825422179e+00,1.057783292731902769e+01
1.398582768046794023e+01,-1.566900285853850994e+00
1.541462166827986646e+00,8.238788506639613374e+00
-6.281024181221658509e+00,-4.380973871843315770e+00
6.953923722770082305e-01,3.010722959117507536e+00
4.880021226308645765e+00,-6.775461223701215729e-01
-1.231644516977081771e+01,1.040997238959499249e+01
4.998287886028575322e+00,-1.413328655420576396e+01
1.062096212354366687e+00,-4.732521727984499549e+00
6.249738142415837139e+00,6.291866409091415591e+00
1.357597730116686163e+00,1.237503962213954622e+01
1.169863848003237194e+01,-1.495724352888101372e+01
1.684840337886670980e+01,4.943888828969179805e+00
-1.018111865704429952e+01,-6.647157499899133265e-03
1.597639643806486376e+01,-7.493377384804765562e+00
-1.029232303130194914e+01,1.595704643239974985e+01
-2.016543899334569456e+00,1.207237139839768325e+01
-1.117457436349190703e+00,2.759306744449085969e+00
-3.417156853887603596e+00,-1.222725353967030948e+01
-9.938753109674919983e+00,1.054754859259116628e+01
-5.004885373090722567e+00,1.827921770860465855e+01
-3.814798074713547649e-02,1.405396664583373045e+01
3.854257752577502916e-01,-1.132259404248289236e+01
-1.138965121155143034e+00,-6.330515989661377851e+00
-5.744237131563983967e-01,1.889942623696157753e+01
6.203413274586799808e-01,-6.453784063960052109e+00
-1.851662096654165479e+00,-7.968384351751489625e+00
6.821147564020430210e+00,-1.577456724799340959e+00
-9.043107183458205967e+00,1.611514250175129170e+00
1.899044176255517513e+01,-1.782781478539514353e-01
4.867200182651046703e+00,9.554019630947200525e+00
7.001602133129403605e+00,1.559134501284348850e+01
3.967379055157036927e+00,1.113101080058288694e+01
-1.339764702383638451e+01,1.216813504733548967e+01
3.132124898225487453e+00,-1.427735354396916101e+01
-3.590586837371665396e+00,-1.485356978634052139e+00
-7.983698955674035425e+00,9.938130078363105468e+00
2.642110900473283674e+00,-1.802375868456989139e+01
-8.040084716721827007e+00,-4.404712104053039923e+00
3.099623976730046415e+00,1.280984343287732052e+01
-5.434556630929636256e+00,-1.735621676712279893e+01
-2.930167011736630189e-01,1.130371180762551298e+01
-7.499368234930117172e-01,1.710508324452691298e+01
7.581416654970865920e+00,1.122516484113485724e+01
-4.669565462866649419e+00,9.733517525403659221e+00
-8.217850807666421398e-01,-1.477050449113147401e+01
2.830020307326059470e+00,-5.148379403867986426e+00
-2.653580137288116259e+00,1.808690088600546142e+00
2.169469830787937425e+00,1.076415110927540653e+01
1.324767863440998283e+01,-4.895715039874085406e+00
-3.666049922403523453e+00,-6.642638218663758032e+00
-1.653979214207114268e+01,-4.521278292926668385e+00
2.943867978488591497e+00,5.244022866801477889e+00
1.357444864052263833e+00,3.106597764838170059e-02
-1.420409743333795127e+01,2.461677687517874080e+00
-7.688192068144623192e+00,1.356071820311614040e+01
1.064712726002346344e+00,4.741137408229890937e+00
-7.775819035691062808e+00,-9.210305977546850542e+00
-3.472399575079832434e+00,-1.040477098272836010e+01
-1.320877327883548880e+01,-8.527101124087979045e+00
-7.803199147154547433e+00,-1.417160212048877987e+01
8.671195237404351275e+00,-1.097123800118270331e+01
5.794541558972561290e+00,1.104649830641731256e+01
-1.333311722108166641e+01,-2.339574908980412093e+00
-5.027547949371699687e+00,-4.323180211985220289e-01
1.359458882788031531e+01,1.099662984517085462e+01
-1.643239460799487406e-01,6.571386772897125361e+00
6.301054849817025350e+00,-6.553627071843717289e+00
-7.048158867808716366e+00,-1.256891692892432566e+01
-9.626835205381672367e+00,1.267991314174429363e+01
-1.389907399364325435e+01,-6.568513113859081320e-01
3.268087935006275035e+00,7.401996639515384224e+00
-4.115910316573613059e+00,-8.418982923997102574e+00
-9.827989846768243609e+00,-4.015013454889400535e+00
-1.426391490240381810e+00,-1.143476015420324110e+01
-1.344404468642824257e+00,9.885253496171147347e+00
1.826610958699200182e+01,-4.916221411607015312e+00
-7.857762513377942071e+00,1.534053326570527709e+01
-8.609181212747655465e+00,-1.174590076695536389e+01
1.007515815650684488e+01,-9.792233641187577220e+00
1.042855446240140971e+01,-1.363883560531254879e+01
-7.900167121264796144e+00,8.129524059465445873e+00
1.670998955881459480e+01,8.248610476259466751e+00
4.034165583225018281e+00,-1.263069516448780227e+01
1.151549666805890215e+00,-1.346649207465740083e+01
1.178723513309426174e+01,1.143521330428536764e+01
2.428725415202351190e+00,-6.887650236198616049e+00
-4.397400164821121393e+00,1.256641689296753128e+00
5.233929612449291113e+00,-2.435206600220714446e+00
1.716536716999667478e+00,1.419059713181665217e+01
-4.917559207237379049e+00,-1.512543783907495865e+01
8.098935303247639439e+00,3.540632100906418334e+00
-1.107774629558154800e+01,9.084645780149477545e+00
-9.281478881520582647e+00,-2.013307281523064596e+00
-7.235324512471397185e-01,-1.705821730828236937e+01
1.432365409161958425e+01,3.293511746756823566e+00
-6.661377029950110717e+00,-1.556911724487854620e+01
8.460788658540536744e+00,-5.564164731181717866e-02
-5.492833399655336457e+00,-6.638758854305079282e+00
2.987226600922245900e+00,-1.046459816495591433e+01
-3.931875472101396873e+00,-3.544799217959730075e+00
5.353654135524217317e+00,-1.056491352578770027e+01
5.148630526873256841e+00,1.568372484143449164e+01
1.037360792807586485e+01,8.978308460410648451e+00
-8.776308125899834778e+00,6.453059642719658484e+00
-1.166628418498396513e+01,-9.343178755197123486e-01
2.276941668159099930e+00,-3.455305138768340889e+00
1.056999880516768364e+01,-2.366239255481686676e+00
-1.101207012868139934e+01,-2.577552147488059386e+00
1.605049614995899709e+00,-1.716229174389374279e+00
1.488277742650393520e+01,7.944371375970374238e+00
2.303372751843431043e+00,-1.208526376052861018e+01
5.972531528780002041e+00,2.846000708210153718e+00
1.164717401631051708e+01,1.450475234998702589e+01
3.664553512389504775e+00,1.712525484726047154e+01
-6.334101571823700816e+00,9.129502136328312645e+00
1.068666513793066919e+01,3.035788730459396234e+00
1.264007711177958271e+01,4.076678193911512871e+00
4.496436452419201757e+00,6.106913262106829166e+00
-1.714628987051625586e+01,3.830250081551110353e-01
-1.064450595818058609e+01,6.821806465473462922e+00
-7.694519621859806868e+00,4.971476989163732263e+00
1.481497640643212321e+01,-3.197258562182276886e+00
8.290401621757879980e+00,-1.270259164045545397e+01
-4.885018372942712794e+00,7.987792043552849997e+00
-5.043205718117994785e+00,6.194180197303333912e+00
-1.092118081686431630e+01,1.614208427058258177e+00
-1.696901208068767986e+01,-1.404697284501237542e+00
1.596880800167713943e+01,6.475482219869278744e+00
8.314689752303277004e+00,5.368405987563743764e+00
-5.219009038388429111e+00,-2.273511843379243391e+00
3.035490232471615535e+00,9.187103285590724866e+00
-6.825674783207891672e+00,6.580513181098957887e+00
9.029266431113960323e+00,1.380172859783917794e+01
-6.088303674552791200e+00,1.500688042548958734e+01
-3.221262031626738409e+00,-1.437086888996326017e+01
-1.714586754050559048e+00,-1.322378068523434536e+01
-6.652122360438061932e+00,2.680337213811750718e+00
-3.168463126720602596e-02,-8.106270282730324794e+00
-1.513385443594196111e+01,-1.914106104488426885e+00
-5.280832361028383382e+00,-9.824950352133743792e+00
2.874116498470723702e+00,-1.612262448151818006e+01
7.615708816677745574e+00,-3.155274788328112923e+00
1.612069155905261297e+01,-9.989470784367211920e+00
4.048095994707790801e+00,-3.802549225502845687e+00
-9.407813350147916864e+00,1.442094297763385846e+01
-1.805938724632021319e+00,1.695199311730906933e-01
-1.128554275667979923e+01,1.368149078636898075e+01
-7.016381037408201404e-01,-4.602114924017705277e+00
1.304939027394451934e+01,-6.984218913033976683e+00
-8.322588751517544736e+00,3.290331166837509702e+00
9.338148304098975672e+00,1.561444277768444344e+01
-8.035837531025045166e-01,4.548375108702171765e+00
1.149689811940978679e+01,-8.309571339835961634e-01
1.116742505672328001e+01,-4.022932041657220736e+00
-4.868302039827244521e+00,2.950267191522929711e+00
-3.832444034445404046e+00,1.220488961895369329e+01
7.262507209672831365e+00,-9.914140214113883687e+00
2.455556147117766930e+00,-8.671411843235254935e+00
8.029867063892499601e+00,1.706283562705252521e+01
-5.345597481967081954e+00,-1.167906168317245452e+01
4.216012446631136612e+00,-9.042388296618220522e+00
-5.490490211748537241e+00,-1.344416419081978908e+01
-2.501430488526889651e+00,3.850242643503698492e+00
1.489520919547334721e+01,5.043193804214133102e+00
5.121612361441051142e+00,7.768524170863229550e+00
-1.463050843133955858e+01,6.700588997864705298e+00
-9.599487706350782190e+00,-1.028263309098496237e+01
1.466608272843333083e+01,-8.975589306995850336e+00
-3.043534914049021101e+00,1.394357907255794338e+01
-2.743483119901621858e+00,8.216099098821485924e+00
-1.878860068207968803e+00,-1.862653360108174638e+01
-8.923019641167838856e+00,-7.080823923517352014e+00
1.157081741441095346e+01,-8.641449457404098311e+00
5.363805221971746029e+00,1.761388866509338413e+01
9.935482198733769366e+00,-5.798021855673668234e+00
8.876418556333909748e+00,-1.844151677639940923e+00
-8.011039365933838141e+00,1.170171468940754700e+01
5.923841023387415916e+00,-8.520356712081095907e+00
9.288439043242380677e+00,1.893419666751376518e+00
6.644990856193684792e+00,2.219796364191221616e-01
-1.564810755880434279e+00,1.508185940705745409e+01
-8.687023959333833645e+00,1.689571458752565647e+01
8.230177713783159987e+00,-6.380353067520002419e+00
6.820161697446478932e+00,-1.391224079348168807e+01
6.564122971834918108e-01,9.827785690379437611e+00
-4.079828918780514235e-01,8.371772861666954668e+00
9.351168851259261672e+00,-1.509387558841193311e+01
-1.817078490662403922e+01,-2.828402801476120665e+00
1.470457427496046954e+01,-6.098482263638858925e+00
-1.009169602509383878e+01,-1.283295807878680428e+01
5.082607739229584531e+00,1.097112027889894037e+00
7.470170679769264410e+00,1.831651822967786947e+00
-1.014481269064150659e+01,3.328143338770710891e+00
-7.322902740493225870e+00,9.780395567438381343e-01
-1.051694228451923285e+00,-9.639616247083916178e+00
-1.538848200663823285e+01,4.788227946311764960e-01
6.767033898038840256e+00,9.481459979643716451e+00
1.054004748038770423e+00,-1.719295793526952565e+01
-1.860456264983336272e+00,-1.744275881414500962e+00
1.331327077060123187e+01,1.420643510053839265e+00
