-6.111791705110619644e-01,5.322063367964204872e+00
-3.309003397985023742e+00,8.353920229022641308e+00
3.664804782775670677e+00,-1.094158426273662066e+01
3.672983753533224927e-01,-9.181313391332906804e+00
1.853121939154360831e+01,-4.180423670410741366e+00
-6.596148067842470653e+00,4.166042578092371329e+00
-6.295454388689340597e+00,-6.817469992526293154e+00
-9.421326588320162898e+00,1.151501585368593261e+01
-1.457740587736743976e+01,4.434640701737018631e+00
-8.787520146809464805e+00,1.459366888005789953e+01
1.983450971024269593e+00,9.248123081650090782e+00
1.606782905091045421e+01,2.696570602988206944e-01
6.107371634263818017e+00,-5.616589236781981853e+00
-9.107383631665989299e+00,5.806577380515066250e-02
8.348984327249919346e+00,-1.521762502506556025e+01
1.610026056384798121e+00,7.498782018816623207e+00
-6.707449016099613637e+00,2.254163332429818922e+00
-7.439991499200180325e-01,-1.057128937251074241e+01
-6.770549424376040015e+00,1.390956015570523974e+01
4.435266825549061820e-01,1.791312818763998038e+01
-9.216836547673207036e+00,5.085542726353040166e+00
3.711342989088031619e+00,-8.763064042523879493e+00
4.547225822248349481e+00,5.276449914297302257e+00
-5.129809974556096108e+00,3.118345943066537451e+00
-1.154740016906864852e+01,-2.122496123451323768e+00
-1.281975446228555882e+01,-1.060624930403867694e+01
1.209141587424394793e+01,-1.091327428020802870e+01
-6.750674942750882757e-01,-1.346308888364119216e+00
1.639691172065741753e+01,-1.661759254752320336e+00
-6.624315709235952809e+00,7.354280625730668319e+00
1.409389031803528525e+01,-2.816446215028192590e+00
6.069954196081234876e+00,-1.276220668578038797e+01
5.532419230868844018e+00,-8.629238785317097538e+00
-7.341293984695321129e+00,5.917456201188462384e-01
-4.469134007175775913e+00,-7.206844068346348386e+00
1.512291463812122316e+01,8.392750283742714146e+00
1.073205014131419510e+01,-4.123768649863951197e+00
-3.296088739433736148e+00,1.438030328090132137e+01
1.291508453298726877e+01,-1.347802074781585979e+00
-6.590031341642592189e+00,1.204939908609635246e+01
-8.091351235173023682e+00,-3.238094997892872140e+00
9.485879220727341021e+00,4.349393166130974819e+00
1.351606069446761360e+01,2.970704859351992244e+00
-4.844285448876190614e+00,-1.606297519513451633e+01
-3.082408079375865029e+00,-6.076372254188525446e+00
-8.617041903555088922e+00,-1.527394595190892268e+01
-1.396940734809158968e+01,-4.744129959154392395e+00
1.600906560476121143e+01,3.792515561275759506e+00
1.333947587001873103e+00,-1.910057075794784065e-01
1.690923000986416724e+01,-3.343821809889697683e+00
-1.095100741696360203e+01,1.043582609206425893e+01
1.173032698662775708e+00,1.089842219195579176e+01
5.819133028924944107e+00,1.717660849713243110e+01
4.111755073248640757e-01,-7.205795911291109412e+00
9.290391522616685549e-01,-1.145509217918771228e+01
-5.933646451790375309e+00,-5.315642371519724296e-01
-9.834954581328913648e+00,-7.378710784198102779e+00
1.064348063987787185e+01,-9.776105378135250490e+00
1.405921194846946065e+01,-7.551036240366333807e+00
-3.520500782531588158e-01,1.628814220550251335e+01
-1.350548713203443718e+00,-1.233536642574642350e+01
-1.262950929692722823e+00,-6.580655045273479331e+00
-7.335142094318167771e+00,1.569741197141965294e+01
4.809476370216708041e+00,-6.012639270317380324e-01
-1.482936897035706456e-02,-5.336758424124692368e+00
-1.187076454519871049e+01,1.312588512793517204e+01
1.717836684628538180e+01,7.145361610070207981e+00
-2.422883328673519188e+00,-1.097498766928483249e+00
-2.283116240176164879e+00,-9.679629380839836372e+00
-1.546677253349996484e+01,2.342166497167152972e+00
1.125641236532718459e+01,4.504797807024576883e+00
-1.176405464904708431e+01,1.489519714694261587e+01
9.064852679751139730e-01,3.796313415857330398e+00
6.606699774186787444e+00,7.376880704661005872e+00
5.544675267385002826e+00,1.516981571191796618e+01
-1.002099429793063301e+01,3.081816329138690858e+00
1.009570954326835412e+00,-1.942611925284372321e+00
1.003023407362177188e+01,-5.760537767686187749e+00
-1.199085349982578208e+01,3.194631709058290969e+00
3.662956993770499547e+00,1.544653772924406532e+00
1.857700264055386441e+01,2.127875690687867749e+00
-3.910784581388758951e+00,1.633770930593342641e+01
5.784376655362988728e+00,3.878534316636705448e+00
-1.095311599226884702e+01,4.631935977415665207e+00
1.466263043385069054e+01,-9.722895924079129060e-01
-1.325492502351684365e+01,7.814008317862213282e+00
1.012146148002100610e+01,-1.163546423845115108e+01
-3.323559331369307035e+00,9.799574891899397455e-01
-9.619047464650149593e+00,-1.100316595348344428e+01
1.642606624264368165e+01,-5.115912610492681090e+00
9.040432737978651545e+00,-8.931623773227434171e+00
-1.244774317717888401e+01,1.139914706870341021e+01
-3.929166514979842262e+00,-8.949047415709552311e+00
-1.027763807552438813e+01,-1.595980446021827071e+01
-1.875154113888799046e+01,2.779874688537065097e+00
6.578273099344183805e+00,1.373875821129702501e+01
1.882516963757562323e+01,-2.211034006787732764e+00
-4.806489033656133891e+00,-1.057169533093723501e+01
7.593701084608392549e+00,3.872671834850756500e+00
-4.219336605167216980e+00,4.803331773760713297e+00
-2.630115608652134340e-01,-1.709874730298134793e+01
-1.010433146212803202e+01,-1.392010033806814562e+01
-8.748069879405351301e+00,1.836049736810757560e+00
1.119054484445145192e+01,-1.883013156457234993e+00
1.002590812170089407e+01,1.306723807084909517e+01
-1.009177036842998021e+01,1.323336819191739622e+01
1.274493090575709253e+01,-1.344612391072026192e+01
9.620004955203526720e+00,9.272091246129148256e-01
1.239796408096371927e+01,-3.445070595744732511e+00
-7.587948789890287316e+00,5.835024109637259038e+00
9.582504476119311221e+00,-2.671590378893575757e+00
-5.238791260658590687e+00,1.032722441936149949e+01
4.029529985169799211e+00,-5.254082862322296599e+00
-6.526288125188375311e+00,-2.324045813199941524e+00
-5.766314510980047103e+00,5.737359679315040317e+00
-5.989222489601054633e+00,-1.245801500879554524e+01
3.747564036526296771e+00,1.464845637279768908e+01
5.366667063122991799e+00,2.068218936875097391e+00
1.275216698331553289e+01,5.451305588852432216e+00
5.357607905795533476e+00,-1.040710696696954685e+01
-9.390206505139230941e+00,-9.186498775889875290e+00
-2.556818528447135641e+00,6.452558682735716644e+00
8.842740442658740818e+00,-4.353537675879864288e+00
-1.235453411096434362e+00,1.204628653228991375e+01
-5.843599766354515168e+00,-5.043664251872885806e+00
-1.746941486384866904e+00,-4.687969731767402948e+00
-1.503053243259713589e+01,-6.815479362041479972e-01
-5.705494960042948094e+00,-8.765506152769239279e+00
4.456820737248515130e+00,-2.400962011260300510e+00
-2.594503648675671847e+00,-2.912705497351683270e+00
7.991822266190500734e+00,-1.890281883926651918e-01
4.850152540010596702e+00,-6.931854382262120140e+00
-1.340480781703649593e-01,7.028798855700306270e+00
1.333559059373644295e+01,8.310373643014713707e+00
-1.867334548027734797e+00,2.087329302663369912e+00
3.469907884741138648e+00,8.155015171044444955e+00
2.519094188792320388e+00,4.615098811044351379e+00
-1.572269285758795432e+00,1.764077457971103513e+01
-1.117740705348346175e+01,7.732364995883894920e+00
2.011983907727219911e+00,-1.006383482051119138e+01
-4.140431126974083220e+00,-6.787499619378607463e-01
-7.332006737147108488e+00,-1.751307252566923012e+01
9.093180470413835259e-01,-3.828957610858045868e+00
8.917294153579037541e+00,1.084305259090842632e+01
1.162300927834021458e+01,8.714986974900750027e+00
7.116172792293016691e+00,-3.808407195270616441e+00
-5.467040038390253986e-01,1.039826070064879460e+01
1.802241103251168397e+01,-5.990135787202969020e+00
2.401777530059256094e+00,2.817713422397029266e+00
-8.262057666885601392e+00,8.169921745528915480e+00
-8.278023505970933726e+00,1.289833466672892825e+01
-1.839601944593321647e+01,7.368115408413291600e-01
6.313102100848387188e+00,4.945055426960231482e-01
9.715490333468045137e+00,-8.624365752408135188e-01
-3.339710081670974606e+00,3.190761196394324983e+00
3.019075821948500327e+00,-3.813675623748976840e+00
-1.315112607657721755e+00,3.396200069486548512e-01
1.908675769859965010e+00,-5.401039675409995411e+00
-6.885846911437194962e+00,-1.468472347410975409e+01
4.886974402001100337e+00,7.028879864052181681e+00
-4.347625563584741393e+00,6.813360995223201044e+00
1.440436710110067864e+01,4.616325046821668998e+00
1.424736636490067099e+01,-1.058769244225871908e+01
8.103763901685740123e+00,5.596116757237795447e+00
-5.054320132112454900e+00,1.435858330306155040e+01
2.767625704048399804e+00,-1.862502492754767314e+00
-7.545052980455542180e-01,-3.153451886552371963e+00
-8.060793213668294044e+00,-6.735677596455537319e+00
-1.267817011632521940e+01,-6.027984289365553749e+00
-1.403885380181844234e+01,-7.203479144773232257e+00
8.294873458341024630e+00,-1.085814869748939415e+01
-1.561776445374068345e+00,8.064156615119332017e+00
-1.232808370803082987e+01,9.319603916629690232e+00
-1.701730511942091795e+01,3.450235316653969875e+00
-2.923415745637337082e+00,1.263537093023707669e+01
3.017562456189295528e+00,-6.793124084270842467e+00
-1.980428504263466172e+00,-1.404244745785356763e+01
6.321075054100935731e+00,5.553229921813019665e+00
-7.710459255069505247e+00,-4.999865720486425857e+00
-1.890719612068367539e+01,-1.417935079380704622e+00
6.753696638774927763e+00,1.175144865015304063e+01
5.562994218560866067e+00,8.832814342142965458e+00
7.311526234633231702e+00,1.542586519476191320e+01
-1.454900057600280050e+01,-1.131746282431136486e+01
4.103804735975697504e+00,9.846177114189980983e+00
2.196893244115778909e+00,1.730680761516490662e+01
1.980382659008201207e+00,1.433727986753764583e+01
-5.133388414559578727e+00,1.259382601857425454e+00
-4.705836218746502375e+00,-2.361511727501961921e+00
1.137189270547034781e+01,5.243901505014341158e-01
6.161318290751525595e+00,-1.747847161062364263e+00
3.006749968235849835e+00,6.399982894992551685e+00
3.147347657869869586e+00,-1.774908191291108750e+01
8.984035470389040157e+00,2.601875343408512897e+00
-1.237310410266447214e+01,1.460401234122930658e+00
8.452212893327699206e+00,7.384542012117520926e+00
-2.211188563165778831e+00,9.753018880269893387e+00
-8.248483037191885359e+00,3.541297010440894510e+00
1.995426980678739914e+00,-8.239855165633343859e+00
-1.043608892054451509e+01,1.315907114225727925e+00
1.698633968517254544e+01,5.320598977908560734e+00
1.180132390755513150e+01,-6.659588874143588022e+00
-9.880618314285335657e+00,8.908599434654151494e+00
-1.385723492225647213e+01,6.075388535039336624e+00
3.109851358283690637e+00,-1.329819355240575707e-01
1.776598935142669689e+01,-3.354864114259002994e-01
-8.400642596491067593e+00,1.003479309274693598e+01
-1.551959670141605629e+00,1.386896195813128507e+01
7.880071224425689635e+00,-5.831491875499283495e+00
-4.804349591939670816e+00,1.227258065297462863e+01
-2.451260048866758634e+00,-7.887726673604646521e+00
7.480887682432349806e+00,8.987260655783231300e+00
-1.310385739732205401e+01,-8.750494893640533789e+00
-1.457507761978474292e+01,1.065506157903292284e+01
-6.774848507190339042e+00,9.233822739212683928e+00
2.267750064220628581e-01,8.805897389095456163e+00
1.420177895415225144e+01,7.667998673693263711e-01
9.742340489402291581e+00,8.651493287267756571e+00
-1.377313195581846195e+01,2.817631676146119535e+00
3.843304468620627024e+00,1.648762075500736302e+01
1.593162040923811862e+00,1.260709693884702709e+01
7.950644371958536460e+00,-1.948023560521178865e+00
4.400611305550425456e+00,-1.440285664024630208e+01
1.114923139382029227e+01,1.147656986530395962e+01
7.184462390440732094e+00,2.090358228750164749e+00
3.998530250247905204e+00,3.582872567068093872e+00
-3.698149540421360459e+00,-1.464665891053478930e+01
-1.199794799401050582e+01,6.053707397781920463e+00
-2.380267824580075242e+00,4.678729369111427339e+00
-1.617028753017725862e+01,6.964689996156795404e-01
3.306468040799026824e-03,2.016081708506249903e+00
8.234938819001786925e+00,1.292202661980364553e+01
6.737597440745294541e+00,-7.284872107626183535e+00
-9.492232890776913123e+00,6.846748763975787355e+00
7.947742650849276558e+00,-1.259507402212559946e+01
-3.594221575327147811e+00,1.097737107106460996e+01
1.158944424870144152e+00,5.788535728957192816e+00
-1.131296521264942712e+01,-2.710200106836986866e-01
-7.585875647400592392e+00,-8.532362823709750188e+00
-2.887010409909305242e+00,-1.136297565729513614e+01
-9.855080360873786915e+00,-3.341607979664187322e+00
-9.846037767869820101e+00,-1.577698940406683903e+00
-3.663956126424884108e+00,-4.350257921612777245e+00
7.275862207817263894e+00,-8.995468831409700883e+00
4.286240039422144044e+00,-1.263920369605492233e+01
-8.817743535070382777e+00,-1.261759310719715721e+01
-5.194040763354175638e+00,8.457409093962413138e+00
1.032398655752582428e+01,-7.650179809116489871e+00
-1.239987764467268150e+01,-3.666374354236958233e+00
-4.005295049758526460e+00,-1.285881791985928402e+01
-2.032378675497887588e-01,-1.402346060213776191e+01
-9.041937653945834041e-01,3.569415737465204241e+00
5.309787776150131755e+00,-3.964855429778897378e+00
1.182512825573696524e+01,2.398284307084988853e+00
-6.616326393288394669e+00,-1.074983394080220656e+01
1.506737265293564754e+01,6.308430030758983342e+00
