-5.693758154599199983e+00,1.364432881733280034e+01
-2.680551919717493625e+00,-1.808461103097727474e+01
-2.696327100823597167e+00,-9.099123427529549613e-01
1.155220448828002588e+01,4.269018751051542715e+00
-1.900474764408986328e+00,1.228075727281747298e+01
-1.193246702510264212e+00,-4.050509414801575225e+00
-1.167874374379454849e+01,9.923010357263709835e+00
2.896718183185184259e+00,4.780807136095053700e+00
8.663633441790297596e+00,-6.209405889471077966e-01
1.362232272351113771e+01,-3.125172609135123736e+00
-5.268387484509824858e+00,5.546630373074621367e+00
-2.409653141389848374e-01,1.776467293275522108e+00
-1.431729641311649814e+00,7.079735624607706335e+00
7.035575966643333068e+00,2.316006623102193629e+00
1.011934270844426464e+01,-6.695729062301072787e+00
2.766293070461116166e+00,-5.430849232979170216e-01
6.517318103699802911e+00,1.242361290390621420e+01
-2.004142878007974193e+00,8.752617646716803534e+00
-2.342807648431396661e+00,1.737769426245755922e+00
-5.989794150080861357e+00,-1.600719590543553039e+01
-1.111825638689794893e+01,1.460602367744918251e+00
1.478557019060516176e+00,1.791664624052119237e+01
-1.512757337989591377e+01,5.231074741365631553e+00
1.209206949089036476e+00,-1.118429919266428740e+01
-1.347256145411176043e+01,1.075492756633438240e+01
9.774543046960761927e+00,8.051399006767351096e+00
1.037213700954305207e+00,-1.523544717846808005e+01
8.797624024390183095e+00,-3.646293594556509365e+00
-7.768358009564736655e+00,9.328543330266484190e+00
-8.056784445314704612e+00,-1.079340681229873367e+00
2.265128762338712853e+00,-5.047152396210814906e+00
7.948485473799091316e+00,-1.048311568019375706e+01
1.367045905462423327e+00,1.005990486555412033e+01
7.339316657172526348e+00,-1.406924726269101278e+01
1.561878622384597826e+01,-9.139412620652763053e+00
-1.021964121084472410e+01,1.115476874971757582e+01
1.508828583293053072e+01,-7.409750699270516883e+00
-3.343802050887513477e+00,-4.207681021687401213e+00
-6.365013183094005100e+00,-3.171832988764021977e+00
7.561862471294864108e+00,1.388960816291779565e+01
-3.832542763970329336e+00,8.786114208752003663e+00
-9.746579360010816373e+00,-3.682733294596912899e+00
-3.732578261265765196e+00,5.825467371498110891e-01
1.176178025629393709e+01,-1.013651865425905108e+01
-3.363788674287558234e+00,-9.578739080128384487e+00
4.504327868269034418e+00,-9.998085844745741468e+00
-1.800630642281976179e+01,-1.157622035266481220e+00
-1.489735577378617570e+01,-8.483180004308216837e+00
1.399712727659831302e+01,9.317853109935246847e-01
3.136924410858504597e+00,9.677371345703104311e+00
-9.267286561541101975e+00,-1.287152471323062031e+01
1.084232901724793230e+01,1.382867694854720675e+01
2.035904368082363802e-01,-9.658000912544803640e+00
-5.152529601196540909e+00,-9.244977710613788702e+00
1.882808732695314902e+01,2.514499705708562960e+00
-1.066402909902008744e+01,4.798940615209080107e+00
-5.274308395502028013e+00,7.322366556993138431e+00
6.273368989860052203e+00,-1.289160122638303152e+00
-5.458487139017642598e+00,3.597387787310807550e+00
3.109038480019435280e+00,1.147737853317432055e+01
-8.535849408643144676e-01,-1.756087259082661234e+01
1.031220147898654815e+01,2.685428791362147294e+00
1.588634123130072950e+01,1.261187934263116261e+00
4.463383180032743702e+00,-1.108719826375863082e+00
-7.730650405105095935e+00,-1.661468945704449851e+01
-1.159913356297496101e+01,8.121524680340286295e+00
-8.244003266014422238e+00,2.187814644970484057e+00
-9.606773319847352610e+00,-1.465372581412790609e+01
-1.720518677350002434e+01,9.361300378713344195e-01
5.543781855971420924e+00,3.272227253531048707e-01
1.656375015953632612e+01,5.306276505617162798e+00
-8.443472247109111706e+00,1.107254112305528793e+01
-8.766134095388755654e+00,7.859119041006305650e+00
-5.763248436519069706e+00,-7.070953746654804029e+00
8.203559014060624932e+00,3.693801403586457699e+00
-1.493222733206535580e+01,8.290492527180765236e+00
-2.197136729348587725e+00,-7.488494874012378233e+00
-6.727822412362440829e+00,1.166088781265889018e+01
6.856432293346201412e+00,1.770299222842738729e+01
7.997318883125916322e+00,7.354681027917925107e+00
-8.632062802209043983e-01,-1.111007015059679759e+01
2.774897543837508973e+00,-1.426472640997779706e+01
1.400493964043890927e+01,-1.047938293342796756e+00
-1.055812295001080336e+01,6.626976446332866644e+00
-1.022746422658472909e+01,-6.618548724154271312e+00
5.381730077289603287e+00,-4.684282333277447030e+00
1.094462632503607225e+01,-1.450268077644013331e+01
9.207625203922066959e+00,1.289018283926685804e+01
4.787540448050742192e+00,4.502850895406333542e+00
2.360607943195258240e+00,1.902602359393431808e+00
-4.560696231558810432e+00,1.228026173368943574e+01
-2.281682803400546966e+00,-2.668059216742960871e+00
-1.956004567610380440e-01,8.668895307031178277e+00
1.539572090335199306e+01,-1.090660773222478852e+01
-1.710888074233796985e+01,-5.309373841256593174e+00
1.032463221052791447e+01,8.698442144062443759e-01
-3.750121274623408052e+00,4.244962924216944877e+00
3.707268902585377113e+00,-3.962769850417576123e+00
-2.481410781611691707e+00,5.483508426259435353e+00
1.284725115889029157e+00,4.737086845500125820e-01
1.067873916575338988e+01,1.191628071063887084e+01
-1.853582790940024694e+01,-4.151157685010263165e+00
6.323617390217139977e+00,-9.710973248993445495e+00
-8.159496618073202256e+00,-2.851870388872183693e+00
-7.000964295217827482e-01,-6.209459844832490027e+00
9.325463869338291190e+00,-1.347137680078114030e+01
-1.069042541768420485e+01,-1.144588733179133833e+01
-9.955647292137314253e+00,-9.784454641595903723e+00
9.279432857087149600e+00,-1.166338335584967112e+01
-8.564640953291789316e+00,-7.913148266641219841e+00
5.166327164528653704e+00,-1.645282427934133196e+01
6.728344594453369076e+00,-7.880501520818295802e+00
6.278400002184574724e+00,7.903626709772539449e+00
-1.336489917145867423e+01,3.380984296859334659e+00
-1.541027859142127143e+00,1.621106448934116173e+01
1.364977300137950422e+01,3.207859381463466608e+00
9.165252817207742098e+00,1.662354812691738104e+01
-1.764920779005492335e+01,5.885469449689616717e+00
-7.560967014578336531e+00,-4.600488160566666096e+00
1.352273660514867970e+01,-9.930501413836029911e+00
-1.560008163947526327e+01,-6.252067554381586234e+00
-1.109426761345595303e+01,-1.328330656301359625e+01
-1.230551920738586169e+01,6.205507557980721067e+00
-5.227336505041200176e+00,1.056178906521560279e+01
1.053004541789443849e+01,-9.527334925459701731e-01
-3.311546891726873110e+00,1.650807933193488708e+01
5.219220365424548369e+00,2.210466458029069603e+00
4.071195084891789051e+00,6.121285309525027252e+00
9.797483553445374582e+00,4.521187114990946831e+00
2.315654826551110101e+00,6.658621186744290377e+00
-7.265199693184353436e+00,3.741691734058603558e+00
-1.215631416272784016e+01,1.398821235615469583e+01
-2.059172519129312207e+00,3.588378176001579600e+00
-1.401340588436120349e+01,6.762703982533584401e+00
3.763113323955199707e+00,1.457620556964578284e+01
-3.975786062235204810e+00,-1.673394056079082404e+01
9.187957551010297763e+00,1.467950210906946573e+01
5.032647795534312074e+00,1.772710981440067712e+01
-1.298533149022486910e+01,1.370453080015750169e+00
-1.199058859463989535e+01,-6.405989786645368333e+00
-1.279154913077667644e+01,-9.271383598786687941e+00
1.106219319783883925e+01,-1.190271060574636586e+01
1.552666016734546695e+01,8.186609966752092404e+00
8.859034637583890870e+00,-5.466238161223171410e+00
6.551164464080761363e+00,4.465836589807105739e+00
3.224638319826106381e-01,1.598578885399227190e+01
-3.459017994156337927e+00,7.015209028088441379e+00
-7.187018629525852020e+00,-1.211338383103729122e+01
7.453265930954510843e+00,1.086000675667320792e+01
-2.411202003697719309e+00,-5.706580021930103719e+00
-5.360698488648533377e+00,-1.257792388127172600e+01
1.140334053628754063e+00,1.191619943673195614e+01
1.294761084510990479e+00,-8.259796446766106470e+00
2.792004863997949116e+00,-7.199454052568396101e+00
-6.605484893568938087e-01,5.276123079392668558e+00
4.382464219747287615e+00,-8.006007586555456967e+00
1.610260098973803844e+00,8.312660414854466495e+00
-5.590814037932483771e+00,4.360425355477287046e-01
-1.338432225314009294e+00,2.461311300291081361e-01
-2.726514164631608672e+00,-1.127930393496520445e+01
6.495263503731905530e+00,-1.768987002300690392e+01
-7.352865608462453295e-01,-1.563884120907755193e+00
-4.467655742268129337e+00,-1.039039268219589918e+00
3.892779076951733863e+00,-5.794612235708898496e+00
-1.155128195528040713e+01,-1.814007700197120876e+00
8.796889093099284906e+00,-8.922690428929048068e+00
3.638474049420117318e+00,3.122330706458523064e+00
2.313784478331958105e+00,-2.822738794494024539e+00
5.131759818317076949e+00,-2.796052660959296166e+00
-6.450968213480955171e+00,-1.783801737763986495e+01
9.481869928536760028e+00,6.285897832275878727e+00
-6.397569290916674589e+00,2.011216334677652373e+00
-7.357507932014941687e+00,5.424346577111728296e-01
-7.023439169867679688e+00,5.484889967689842827e+00
1.257201719451200361e+01,1.351348375088969966e+01
-4.616874626417067695e+00,-2.819284417660075093e+00
-9.711647160780451316e+00,9.426070076498236361e+00
-1.050317766484624826e+01,-2.718780317486894638e-01
3.526527919436499015e-01,-2.991319720655667869e+00
-4.532994124714694095e+00,-1.094334995808886113e+01
1.050426667858041396e+00,-6.441555102583592429e+00
-6.870466684084886921e+00,-8.558323227529085031e+00
-8.929011732364545040e+00,4.316586567884700187e+00
-9.519419269011409668e+00,-1.643505812441618730e+01
-7.044871975007153786e+00,7.354527643449241481e+00
1.739561394040910969e+01,3.762709485082767813e+00
-4.756724287399912043e+00,-1.838576595040051842e+01
1.427649874826137122e+01,1.095847128754135191e+01
-9.927415392374054903e+00,2.835097451928881185e+00
-3.546527009647106432e+00,1.382236025396688461e+01
3.755272023101649648e+00,7.914826281782544548e+00
1.079038103357240530e+01,1.559264895321322619e+01
-4.257845869746102352e+00,-6.104027876185261547e+00
-8.687988200232195979e+00,-1.117908801427849319e+01
1.067808392079587776e+01,-8.746506576217761619e+00
3.759801591918953800e+00,1.640390919482502596e+01
-7.500463604603592849e+00,-6.397714533983245744e+00
6.929067865483286681e+00,-3.759052039376291621e+00
3.557393705496396663e-01,6.860392112818066934e+00
-8.780457833559552228e+00,6.091613582510125191e+00
7.589456773139666268e+00,1.570145603029374826e+01
-1.667150418899401521e+00,1.051183252554085001e+01
5.848098346673530123e+00,6.140176628432640449e+00
-7.450829309354194407e+00,1.346427530564760211e+01
1.268959147047252767e+00,-1.320425547786770792e+01
-6.226102936953911815e+00,-1.419970596230717952e+01
1.130295068948529469e+01,6.099701300644489343e+00
3.473553529538089713e+00,-1.592029941217422007e+01
4.578718078939111313e-01,-4.747587883016179511e+00
1.245181356339121947e+01,-8.422568117920548048e+00
-1.118523474628967662e+01,-4.829871369309591600e+00
-2.470830508069630227e-01,3.546444872597677378e+00
1.227280367930082683e+01,-1.325438945828430581e+00
-4.649112029779480793e+00,1.518964079318212512e+01
1.299544118632242373e+01,-1.350344223692090395e+01
-1.516593339363219428e+01,3.450656565757570071e+00
1.490863291950951464e+01,-4.628533926932944631e+00
-3.407960298861069326e+00,1.083976092296983218e+01
1.204316196685373264e+01,1.559084028783297660e+00
-5.151130172268527652e+00,-4.537508555488826367e+00
1.195843197205893826e+00,5.267369845278108365e+00
1.299775227661543475e+01,-4.943089273441596987e+00
5.515439132724382354e+00,-6.527674984511838474e+00
-9.161222674254846154e+00,1.267840231580998278e+01
-9.708672533035933583e+00,-1.880155724610194312e+00
-5.974570551101575866e+00,8.961917245202066340e+00
-1.894423802055229444e+01,4.395583530456926846e-01
7.443231991231158418e+00,-1.230395121117391355e+01
2.966774812737251299e+00,-9.084147225343432552e+00
3.864569551530888880e+00,9.752453504673360696e-01
-1.124480099897009255e+00,-1.460759251486138410e+01
-1.535249055772446347e+01,-1.050130263955381160e+01
7.934961433549374554e+00,9.147209521152818823e+00
1.198110009519299268e+01,1.053936429038944134e+01
-4.003104591012410118e+00,2.445668256395651330e+00
-3.923140492818950165e+00,-7.877677240998081309e+00
-1.259059589738271612e+01,-1.420391260812787593e+01
-1.408548961175297931e+00,-1.281646133476449201e+01
7.086603581966470777e+00,-5.547976118147103897e+00
-6.517286020642197641e+00,-1.041345640910452097e+01
2.945845657553272989e+00,-1.087495034291153750e+01
1.143929066105938031e+00,-1.347925865298220671e+00
7.797511635501538585e+00,-2.152652408371299675e+00
5.144617750161181391e+00,1.124582264040298973e+01
-1.255292763316280436e+01,-1.116250349020650745e+01
-1.380834412685448065e+01,-6.542762631441611632e+00
8.688506192108814474e+00,1.719535734941095795e+00
7.350461910938681953e+00,5.844244299710761315e-01
-1.579175000352589286e+00,-9.169528820921280854e+00
8.381718233021606679e+00,-7.154806293006204854e+00
2.018820479049589611e+00,1.528577477934979534e+01
-6.293127250652252869e+00,-1.376948605602659192e+00
1.552198289778981888e+00,3.511968605308499747e+00
-1.419242573731297519e+01,-2.994174166211639232e+00
1.031409879106846539e+01,-2.709232818534465181e+00
1.333923353828320479e+01,-6.685625848414315620e+00
