-7.405255098892230547e-01,5.252665490263365378e+00
-9.783506409019004479e+00,-8.858484961761195819e+00
-1.146324883249489091e+01,-8.215199304953031856e+00
1.032690150772998905e+01,-1.154645140498444178e+01
9.373669368480499031e+00,-9.636950915993445221e+00
-6.654709282558890493e+00,-6.000425436816929636e-01
-1.188735397258287918e+01,4.550408889550414671e+00
-1.990490677469862746e+00,-1.150882151084475424e+01
8.748488723187229255e+00,-5.653187060186171564e+00
1.322647160680513068e+01,5.263761465134608741e+00
1.228139617857047661e+01,7.967372838983879824e+00
5.502233347636290794e+00,4.486730865903963306e+00
4.835795950481904804e-01,1.659678053606489812e+01
1.372118238432073767e+01,9.620853838104850286e-01
-3.877197793195207076e+00,-1.124737239788628607e+01
1.003052558278143991e+01,-3.437528974730855058e+00
7.103940855840848556e+00,-8.545263647087924852e+00
8.357398602119838316e+00,1.404774588114320366e+01
-1.283810710061503180e+01,1.196222353413167383e+01
-4.822759755059887077e+00,-7.111696260873401343e+00
8.424892137062450104e+00,1.145588144325360247e+01
1.052843400410903207e+01,8.582447994241558575e+00
2.682892212364310858e+00,1.006745911759464462e+01
1.350536134976742186e+00,5.157380326601066933e+00
-3.064486070846291099e+00,-7.853758665922299098e-01
-1.300157652863231261e+00,-1.317085853538600126e+01
-4.817369815358990337e+00,-8.629653430649565360e-01
-9.789433771743542678e+00,-7.048353258262144649e+00
-1.438671684794836203e+01,6.417274965843860812e+00
-8.841524789703198550e+00,8.422492723532911896e+00
-9.668601533172136442e+00,1.033130960322553804e+01
3.565812952530268198e+00,5.241475737107269772e+00
7.060831811820968085e+00,-1.159640306636755014e+01
-1.346550431197422881e+01,-3.149738821990111237e+00
-3.861857512024025940e+00,-1.554309825009713286e+01
-2.122052214006338033e+00,-1.638189110393879844e+01
8.195877340650978837e+00,-3.200205349220448969e+00
-1.294867761340569423e+01,1.008131242123341487e+01
6.809134563181909350e+00,1.489804711544481819e+01
-1.494627402444765352e+01,8.357701061758101346e+00
-9.696393735578099360e-01,-3.736602969231913374e+00
-4.928192202983855630e+00,1.306150435665305309e+01
-1.229854259938883976e+00,3.505855622927295911e+00
2.712006634714108522e+00,3.705185590833089737e+00
-7.830458904184334656e+00,1.010427747412921917e+01
-4.703513972401863974e+00,-1.395072573447838415e+01
-9.081568535017920496e+00,4.610088320446921628e+00
2.335879450764001941e+00,6.663890285941205249e+00
-8.366727317822862275e+00,-1.279875064787009364e+01
4.594547883536495902e+00,2.860590709890159289e+00
7.907657236300910109e-01,1.152082583648337355e+01
1.085716326877077753e+00,-1.350972272873224789e+01
1.172468927165119368e+01,1.266213173816247650e+00
1.387675335398677268e+00,-1.705972514005227580e+01
-1.327595898770378469e+01,-5.392100831778544823e+00
1.409321015853896242e+01,-6.775398859530622708e+00
1.427671744495044059e+01,-4.613220612856465230e+00
-1.394725486761092270e+01,1.956018254948910018e+00
2.539585330256194151e+00,-3.061514161856187854e+00
7.200915520404674197e+00,-4.751713319316377415e+00
1.345505739960917824e+00,2.137555978594342376e-01
-9.446415422137173223e+00,2.671551602422351124e+00
-2.943928807485304056e+00,2.979818616061837400e+00
-1.448786277597877259e+01,-8.128119356826367436e+00
-4.600932851737677964e+00,2.412881503583939935e+00
-4.486263536414787367e-01,-1.893770233091125910e+00
1.123375139402089218e+01,1.531738992517725428e+01
-9.286717198353333202e+00,1.357809596448863587e+01
3.637514032691444132e+00,-8.250498450828514407e+00
7.674011712376848093e-01,-3.300218586083136785e+00
-1.261178056659230329e+01,-1.362094046149986326e+01
-1.015207127598720938e+01,-4.893122893318998301e+00
4.297489453812897153e+00,-3.304262509688051797e+00
9.882167945657965191e+00,8.775157937126328855e-01
-6.971412279193665462e+00,-1.155198245694011128e+01
-1.579477668138514090e+01,-9.349932413221404559e+00
-4.001624449683529150e+00,-2.534860571994443035e+00
-1.423384849604254487e+00,6.966665037344492717e+00
4.522969837976862806e+00,-7.427683998752020178e-02
8.538280058361420899e+00,8.416650099303163657e+00
-1.320035089510742887e+00,-2.957525361760484084e-01
3.777517713548260048e+00,1.331251205394902648e+01
1.070139203858260224e+01,4.691349567814094179e+00
-5.387260799684170820e+00,-1.231035099281145229e+01
-5.081544681070099045e+00,1.829787935097368390e+01
-6.252954033089700658e+00,3.302362243972236655e+00
-1.650466858357663114e+01,1.820104383181044838e+00
-1.059592160155508189e+01,1.250461353983932877e+00
1.143408950571506288e+01,-2.345744764179860109e+00
1.138984408239948642e+01,6.349376545729732868e+00
-1.089801447273251567e+00,-9.924130695130457980e+00
-7.182743899501886631e+00,-9.754796678111437913e+00
1.574148861567245916e+01,7.020329146330788639e+00
1.364884308448412575e+00,-1.625034716022016879e+00
1.066175071155716303e+01,2.735877240129747978e+00
8.377799263688491038e+00,1.895113892444855841e+00
-7.413211649945177228e+00,-3.331827677792849496e+00
3.135439052541650451e+00,-1.361589810883884422e+00
-1.294229389077162118e+01,-7.220486995743028658e+00
7.314105730516926585e+00,4.443025129064559486e+00
1.227546273655513431e+01,-6.285177622881661819e+00
-8.376369109300565441e+00,-1.458451321359107311e+01
1.653145108041980560e+00,-1.528940606958443205e+01
-3.148365358114243673e+00,-1.299431511359531299e+01
5.387016062989215648e+00,-7.931148809171319591e+00
1.306695279317378144e+01,-1.104055941386341821e+01
6.411444082247714782e+00,-1.344230108924629263e+01
5.072005532340445377e+00,6.186962106520317306e+00
-2.179494971453851182e+00,-2.382985385998212635e+00
-1.135028756335115219e+01,-3.687351755530177688e-01
-2.633056586119081999e+00,-8.021261542953881829e+00
6.380719353114070458e+00,-3.149150334031557197e+00
1.061380625734610383e+01,-5.443700117002472361e+00
8.211805737364215929e+00,3.440168412587768509e-02
1.146383989244880830e+01,-1.013160983125305137e+01
1.547240918543284138e+01,-2.991717685452116360e+00
6.890236228812153030e+00,1.054950593589494545e+01
-1.731072723132558266e+01,-2.164593409163786397e-01
-6.055501370665212768e-01,-1.508221875947602975e+01
-6.770281707251279535e+00,-1.695750908628514964e+01
-1.312411163244041212e+01,8.273112657953406668e+00
7.621388377208915266e-02,-5.233174575681887930e+00
-6.640637708951154572e+00,-1.354224376675962738e+01
1.333147767212343737e+01,-3.097560227715115744e+00
-9.433158320322867496e+00,-1.067167692133227774e+01
-1.699775093905922674e+01,-2.100259194743978597e+00
-5.594480457582689858e+00,8.667197467074241324e-01
5.408347576234773246e-01,9.765927826698693082e+00
7.018375085530812463e+00,-1.762424500185499099e+01
2.553298181372479547e+00,1.199503198409227522e+01
-6.383313760142034887e+00,-4.848256766272899476e+00
5.705565869871916940e-01,1.844893281939537388e+01
-1.185288727447177415e+01,-1.194298311462249096e+01
-4.810190761135537230e+00,1.517917344795398371e+01
-3.381666184357972504e+00,1.395359577660296857e+01
1.028474883876168988e+01,1.381880420622330519e+01
-4.523972527930674836e+00,-8.897585714253667177e+00
-1.246697840521220435e+01,1.385779832168115888e+01
8.847499634159229132e+00,5.435407282395260609e+00
-6.032483280641857348e+00,9.837917373774779151e+00
-8.566578409840602149e+00,-5.704922814651874674e+00
1.567860478735016772e+00,1.350669272479449745e+01
1.259262579200520804e+01,-8.168265705621889694e+00
-7.477680820707443665e+00,6.563424947102764584e+00
-5.444158401695856853e+00,-1.046268630640988384e+01
1.588828466220174107e+01,-6.177478786787188980e+00
-3.964450592788735239e+00,4.429346549332165317e+00
-1.828278772127548990e+01,-3.330816656366118789e+00
6.105259453045967177e+00,-1.002335515905193475e+01
-1.719116287163979129e+00,-5.412991551455070827e+00
-1.691448032020623415e+01,8.633414787993183737e+00
-7.219669990254018010e+00,4.811045926262151440e+00
5.254993107254727569e+00,-1.703615016768634582e+00
6.923976964482267071e+00,6.200116126408291350e+00
-4.917912263541260209e+00,-1.708350256242397691e+01
2.508128193820461149e+00,-1.011973257424654626e+01
9.704591264705410225e+00,6.998565327377709977e+00
-3.099838200611240158e+00,-4.223265112342732053e+00
-9.476648965907022770e+00,6.783549667503610436e+00
-6.137911270489631796e-03,-8.539346612145534365e+00
4.316616924095067809e+00,-9.955496961856129090e+00
1.188542010617074673e+01,1.135910178127251235e+01
-1.244126991255132886e+01,6.337729559986932770e+00
4.117788971318530056e-01,6.656156725651871220e+00
5.508266361435860681e+00,-5.272636683641710675e+00
-1.137446174038222146e+01,1.095110693756838671e+01
1.763535032090325805e+00,-8.389626820201161905e+00
2.906441910847810561e+00,-1.399383299394377822e+01
-1.619684541210262907e+01,6.973822834541503646e+00
6.811534957357139319e+00,2.763201820404798781e+00
-6.257379195076013367e+00,-8.253005113613863131e+00
-3.763723234941963813e+00,6.797475613415975282e+00
-4.477926337024035419e+00,8.763030186880454764e+00
-3.782953824127993414e+00,8.618842610770491852e-01
4.087725331453386346e+00,-1.532936327518226705e+01
-2.863045607892169997e+00,-9.767786203312512683e+00
-2.487560683552248797e+00,5.565047022894258788e+00
2.961809122516229742e+00,9.131958664658922364e-01
8.567585873706391908e+00,-7.532882480846915918e+00
-4.638097159519359636e+00,-5.113742748254398229e+00
-1.136961605083471483e+01,-6.255068044832195362e+00
-1.529657487160648621e+01,-2.858034021192731089e+00
5.842866680521138889e+00,-1.580914818621366003e+01
-1.088804790024042646e+01,1.273906581293633344e+01
-5.525374292071274951e+00,5.355321213674367975e+00
-9.023521854953787669e-01,8.666684981447588143e+00
-8.758850806308814185e+00,9.283704202929153881e-01
-3.243244947740563600e+00,-6.334541609811028096e+00
-1.567289867576709916e+01,5.139598696177423598e+00
6.530218335243028527e+00,8.756676538389317699e+00
1.299827784432237543e+01,-1.350788454562052321e+00
9.129981298870417206e+00,3.627810916139491582e+00
-1.092552593079274992e+01,-2.186147252290429499e+00
5.653338434225716469e+00,1.354604858115188826e+00
4.450361147366553638e+00,-1.176278955433188500e+01
-2.842506484751265994e+00,1.164854811720764083e+01
6.855463175736122849e+00,-6.592425400210179198e+00
5.653722982027525878e-01,3.478970879136321859e+00
5.383471148214006519e+00,1.803726906799834140e+01
-1.513249676462630688e+01,-6.395970768981252164e+00
-1.011972444788535874e+01,-1.232960568197410467e+01
-2.023115538626225174e+00,1.360946385656215174e+00
-1.017001832159982122e+01,-1.416368825263910658e+01
-2.678875204441129032e+00,8.344824251981837193e+00
1.609053374144852055e+00,2.034608885349497243e+00
-1.031059785570219489e+00,-7.052839346698859480e+00
-1.740577951230780940e+01,4.742360741479910047e+00
-6.731827564143999076e+00,1.750137643715983060e+01
-4.472986006486195265e+00,1.070100860499206163e+01
1.351427548003899748e+00,8.183680494265106020e+00
1.816695288240655293e+00,-4.790449841885950022e+00
-8.052242493065564943e+00,-8.093974328720609179e+00
1.598997277407078954e+01,9.658712074849109541e+00
-1.400804006038434935e+01,-6.731314572007665031e-01
-1.834102056326642938e+01,2.957754937954602426e+00
7.373404884125840830e+00,-1.606570357045189246e+00
-1.399000011984906244e+01,-9.933704711071968063e+00
4.247941246212944222e+00,-6.567868839607453602e+00
-1.492858006631916368e+01,-4.604426470993780995e+00
-8.127863784115099577e+00,1.195722632450949163e+01
-6.189470002991830810e+00,-1.525350485177504112e+01
-2.359566000602948410e+00,-1.461702922960460960e+01
-7.178620115835466109e+00,1.797072812185749768e+00
3.692359637068167721e+00,1.645320651490631292e+01
-5.528061785298115538e+00,7.155187583669643914e+00
-7.046443127856746536e+00,-6.610217872959218255e+00
4.959967736060554522e+00,7.956338767958488489e+00
3.589443118235258634e+00,-4.929558976094308598e+00
4.309186238908708333e+00,1.154136821408409830e+01
9.506495097803554728e+00,-1.406578250522485973e+00
3.168214491818236667e+00,8.365167690893406061e+00
-1.427964977961485715e+01,-1.251930989956948714e+01
-9.543628005805958381e+00,-6.879893896493696204e-01
5.545655188770020949e+00,1.624452803845685978e+01
4.699690894842311728e+00,9.829349842225450828e+00
-3.517820667429831794e-01,1.968603840911531400e+00
-1.166836803112213339e+01,-3.855488396688613317e+00
-1.136837177385810449e+01,7.809442102617209613e+00
-2.059077655271955631e+00,1.001190945582809455e+01
9.852264892894892157e+00,1.021425996604759057e+01
-8.070205905415379632e+00,-1.641179367528021293e+00
-5.819029751281340701e+00,-2.422673322644309568e+00
2.089518183985070721e+00,1.730539730335427606e+01
-1.163916047237487916e+01,2.679766928193743070e+00
2.510751676373363495e+00,1.513230393447868316e+01
1.223024939768407293e+01,-4.463491155969776081e+00
1.025015603959202437e+01,1.205677297777357815e+01
-3.884567004374149146e+00,1.688013631166942474e+01
8.133569823767645701e-01,-6.847347643093248060e+00
3.568945541002138455e+00,-1.706441149858826378e+01
8.718219055822403973e+00,-1.300855230962605269e+01
1.752344360278822899e+00,-1.186480682386951813e+01
3.610997273729246615e+00,1.860300097769669136e+01
4.603918261697411557e-02,-1.129295357932268296e+01
1.087511456042200031e+01,-7.430248295628767430e+00
-6.963583210858882211e+00,8.327286551448993990e+00
