1.534266134173144458e+01,7.556103025754919322e+00
-1.839043778685585551e+01,1.894209868623677906e+00
-1.022611713870690409e+01,5.062730994647977045e-01
7.382841125390217307e+00,-1.316008063153359409e+01
-1.855954297428039412e+00,-5.262268057720294934e+00
4.808666988727858360e+00,-5.683470927584044929e+00
1.047346289058981306e+01,1.294934582889465347e+01
8.576593843675071938e+00,1.991709652697134236e-01
-3.720631120940364411e+00,-1.239328484574638978e+01
3.039537577252291456e+00,-1.542674845551865026e+01
-2.844722099550187178e+00,7.730442840472725230e+00
5.029229079818000159e+00,7.022414534188129442e-01
1.275667770658390943e+01,7.852900468030529879e+00
-4.278671733477625416e+00,1.804993586090194446e+00
-6.304402747642298799e+00,-1.232193012790457409e+01
-3.974524972027198455e+00,-1.060231622622193903e+01
1.223176577923882391e+01,-6.404524994243035785e+00
-8.507733177311603612e+00,-1.235422264774355128e-02
6.436023628039295730e+00,4.694250433779825649e+00
-4.488611999496642802e-01,5.560054363855341464e+00
1.283486672247584615e+00,1.364084145946077165e+01
-6.560104164796053183e+00,-1.783097669521415796e+01
-5.084805293185369557e+00,-4.867334515188359134e+00
-2.244313931199622747e+00,1.405616711713841482e+01
1.448062658854683438e+00,2.677312874588628211e-01
-5.803543179533955154e+00,-1.625755173680983212e+00
9.078870323703107204e+00,-1.405516315118869208e+01
-1.865888805072834833e+00,4.488814991236742991e+00
-1.554959115954089199e+01,1.355292995853866866e+00
-2.748823553040550038e+00,1.123666560894447031e+01
7.902683906713728668e+00,-6.589790773130179247e+00
1.816422464500489220e-01,-8.025390975221466050e+00
-1.226269021616038835e+01,3.215360463299739902e+00
9.719120056859967272e-02,-1.342269072556089293e+00
-1.287214056834970144e+00,-1.540533049746430372e+01
1.206193277888456095e+01,1.210348460199505105e+01
-1.049195184113264112e+01,2.735568614624865447e+00
3.569271505321525595e+00,7.914595549617101433e+00
-1.160421576639448560e+01,-1.033522277178233750e+01
1.038503583907072247e+01,3.479024481050539686e-02
1.019686168975199969e+01,5.093435494183011336e+00
7.449848385045331867e+00,-3.153222206396490090e+00
2.265737234229439956e+00,9.190421462280891518e+00
7.599605460062597295e+00,8.038880796163436315e+00
-1.182024717485049692e+01,1.446437026141030868e+00
-1.227971753702497537e+01,-5.263734529956494157e+00
-2.220479367465048703e+00,1.841148339838854397e+01
3.318851768933345880e+00,6.084492132838385636e+00
-8.118911899492008644e+00,-3.358755183441333614e+00
-1.536346346852569988e+00,1.571319542348045850e+01
-1.454584966228473242e+01,1.031440019990369095e+01
-1.398729906762055819e+01,-1.206156701000643761e+00
-2.932742039692360692e+00,-1.606118901188297343e+01
6.777209469852556012e+00,-2.289495681630855095e-01
6.130791859281798928e-01,-1.703180022531520166e+01
5.518651391354582714e+00,-1.265371492467787462e+01
-1.394162140894950497e+01,3.800100391694201551e+00
-6.169608017181100301e+00,4.892190090246388401e+00
5.247762968148110829e+00,8.399706320937479376e+00
1.185707124375913679e+01,-1.140425593707012242e+00
-7.010513468590457542e+00,9.721561543033141461e+00
1.118367871347120257e+01,8.735908802975428600e+00
-1.397645083996130566e+01,-5.787781323679974221e+00
-3.325420436069383423e-01,-6.229717040398823791e+00
4.032806557622261145e+00,9.680363651533607339e+00
-2.695600265159956432e+00,-2.640837909793121607e+00
-3.903107000980250429e+00,-1.336526513850841313e+00
-1.628816504208334237e+01,9.731880967249404435e+00
3.351738775588341657e+00,-4.594534181912194093e+00
-1.367013575089411237e+00,-8.853954345378129531e+00
-9.964884015687838770e-02,-4.442754264208875092e+00
1.122784333249307487e+01,1.051607805209965996e+01
-2.917158001661115385e+00,-1.423699463031525170e+01
9.327960533437641644e+00,-3.385007656900027140e+00
5.014616792105464071e+00,-1.089987883476395680e+01
4.344188159969751162e+00,-1.590353901170112882e+00
-1.151156069899846379e+01,-7.508087908113112441e-01
7.196971734943139687e+00,-8.426714170988036656e+00
-1.656465804811286091e+01,-4.848853498559456909e+00
-3.408445934595766058e+00,1.552624269826715597e+01
-2.425367014864423520e+00,1.906334576576236062e+00
-4.622360434940040896e+00,-2.984542494465617146e+00
1.372959622606090724e+00,5.519600593267641742e+00
6.694443704105513149e+00,1.329404741285592984e+01
-8.435031611686365949e+00,1.112184020319996591e+01
-3.228155236610419809e+00,-8.995051060440854229e+00
4.589453443360747897e+00,4.856617456052427784e+00
3.642716873748439887e+00,1.767540091099386146e+01
2.020035595300209152e+00,2.734790258912188854e+00
8.622844646205590990e+00,-1.025216499215806643e+01
-9.498434622485752987e-01,2.928976240150629184e+00
-7.321868951680480464e+00,-9.329580048623244082e+00
-7.542588280599455963e+00,3.004561876689826772e+00
-5.619860591370036129e-01,-1.845017557382363194e+01
-5.566152571850551567e+00,-9.607357243977601158e+00
-1.308010837376181457e-01,-1.403827280671785616e+01
6.911333632969404839e+00,6.385828553351976744e+00
-6.218057040128869950e+00,-7.899942251714170638e+00
4.080649656554998117e+00,3.163955593429808921e+00
3.114470481714352257e+00,-6.404872523129248485e+00
-4.730586575126023874e+00,-1.589939691271927913e+01
1.887759747026417800e+00,-1.441972204154741366e+00
-7.623588243911471274e+00,-1.113157117756897208e+01
8.703735219242231480e+00,6.563084310796122978e+00
-9.490539260412607092e+00,-1.623660189067687831e+00
-1.339222878163941566e+01,-9.827923003167100546e+00
9.332639900019897183e+00,8.497763128807729771e+00
-1.375638716986037480e+01,-3.078244634692989035e+00
-1.746254426579215036e+01,3.949203190457049178e-02
-1.060264730648995268e+01,8.808032656899888124e+00
-1.390223258567495712e+01,1.991983213951697529e+00
-6.877439137693350801e+00,-5.157334060233712769e+00
4.912817780995773376e+00,1.295606393628667696e+01
2.521977823809666841e+00,1.488525555421851720e+01
1.633110517288322328e+01,-5.171537309797984427e+00
4.679579693672440754e+00,-1.460545400770412350e+01
2.138987615910385442e-01,-9.812934981452155370e+00
5.426740374716847448e+00,1.789037461548260666e+01
1.156576562177778023e+01,-8.171083168933094498e+00
6.168153875118535190e+00,-6.964391511425465531e+00
1.372008150874363963e+01,-2.564807863368607777e+00
1.954365617113713371e+00,1.822348292519384572e+01
5.349481252862888780e+00,1.470315985813776116e+01
-6.502910303470360809e+00,-1.599219899750131901e+01
2.758029291904410485e+00,4.343201881797770447e+00
1.673216611239296725e+01,3.959751294022332502e+00
5.477031579376030912e+00,-9.178323372338978103e+00
7.299816320234947753e+00,1.467746666135888667e+00
-1.986763952477405226e+00,-1.266352583190359304e+01
1.752160402965248664e+01,2.345197967374206827e-01
9.748168022355105933e+00,-6.536401560016549261e+00
1.354699836534984492e+01,-4.456767439700942468e+00
9.264419876746019966e+00,3.078627556451580372e+00
-1.277847341308482854e+01,1.026582993825720180e+01
5.804694947014721329e+00,2.451427465763504454e+00
1.405439186718948008e+01,6.304278793309452844e+00
1.482358831307745106e+01,-8.118001438892022747e+00
3.694824041579085172e+00,-9.630885066284930573e+00
6.526227644142872375e-01,1.611058469346625444e+01
4.532715961737164845e-01,1.712627147260727511e+00
-9.901238082971186572e+00,1.251103224856506735e+01
-1.164787370055309879e+01,-1.209803395218606248e+01
3.009287068568169854e+00,-2.852515496928273997e+00
1.667083294723468256e+01,-8.544861312865746683e+00
-5.255653863530089787e+00,3.329171158834826727e+00
1.571928814934478424e+01,5.101210240862620315e-01
3.355253770321390494e+00,1.506707954419818085e+00
-1.406157409250571000e+01,6.866555319029572502e+00
7.118657404093901242e+00,1.735645834299671009e+01
-3.333452945985256655e+00,3.477168154312116233e+00
8.375819778856447684e+00,-1.608722080964694490e+00
1.396054643377726201e+01,-6.672450181018809712e-01
-1.136602291319846891e+01,-2.535370174221001083e+00
-8.687000892065182001e+00,-5.209215964291502132e+00
1.323042632038839272e+01,-9.071833773755308528e+00
-1.121574285515023206e+01,-7.074847442461653202e+00
1.014678200384074458e+01,-1.752902953178094192e+00
-1.138311289728953124e+00,7.294968015862596467e+00
-2.927535695136727956e+00,5.970978696137835051e+00
-5.092779310710987772e+00,9.944243282731139999e+00
5.063647271141495487e+00,6.612944585938305586e+00
-8.963981037615306846e+00,1.775420672340063399e+00
-1.043448672347967010e+00,1.069545519774168518e+01
-7.656343828956686970e+00,-6.808208807739584145e+00
-3.608729550981657042e+00,1.279283328130488151e+01
1.371643572788798782e+00,-1.131265178625758416e+01
-1.212208772478760910e+00,6.032013885336335868e-01
8.378608687450419978e+00,4.837545615033008950e+00
-3.404286125995939383e+00,-4.251845844640446792e+00
-1.172323062449761188e+01,6.789854981768348452e+00
8.853503377141842989e+00,-1.199346084490214714e+01
6.185721363554602670e-01,1.003091631103396075e+01
8.932066834297827995e+00,-8.120884541373706966e+00
-9.434302773115515350e+00,-6.871174542024544252e+00
-6.322974791605462386e+00,-3.453612992996533571e+00
-4.639628694360689920e+00,8.177949422694716475e+00
3.337970704390538224e-01,8.265289627443218379e+00
-1.358758806679412734e+00,1.244956203363559766e+01
-6.060760534877873695e+00,1.690361968128661463e+00
-1.292997660267441340e+01,5.399352232126358508e+00
-9.963719816996272627e+00,-3.674773172696193413e+00
1.617382322300947362e+00,-4.897513823281060219e+00
3.186770340371940069e+00,-2.631402690928362764e-01
-9.459986545724838436e+00,-1.402862805419373160e+01
1.060147071492002624e+01,1.830853377283590655e+00
1.024932824170103096e+01,-9.463962711035510011e+00
-9.111307949151186136e-01,-2.822494851143025230e+00
1.029144151481367331e+01,-4.857581152610231712e+00
1.118102280388049818e+00,1.182440307494747067e+01
1.477133014121822896e+01,4.114179481675764194e+00
-1.713715013324147662e+01,8.128903810066862690e+00
1.602038079569965490e+01,-1.021265635080991174e+01
-9.935020908324501576e+00,6.269928819218915983e+00
-3.285944056625481835e+00,9.441351008590450178e+00
4.922956399429533114e+00,-3.375233976421742721e+00
6.438467038221457273e+00,1.133693931447241177e+01
-8.853742475091678443e+00,9.353138385840679803e+00
8.202750080417901657e+00,-4.795121106131372990e+00
1.421332579055291312e+01,8.989157981921946927e+00
9.252530797014992814e+00,1.163577007753678316e+01
1.709176863653147649e+01,-6.799700431519185351e+00
1.203215728425704611e+01,6.179828303609203211e+00
1.386447667242696413e+00,-6.690921200400853586e+00
1.118936125081343214e+01,-3.229172373003462493e+00
1.228794312569173375e+00,-3.137460677940956177e+00
1.043150829155725567e+01,7.046407591707728457e+00
1.549326976029729508e+01,1.027981804671353316e+01
1.298727338466090053e+01,4.696184335060692661e+00
9.398313263866095113e+00,-1.607875305740684979e+01
-8.061498851378903652e+00,-1.284185844073988214e+01
6.076538368214184693e+00,-1.955473239164623456e+00
-3.672382007639444002e+00,-6.028626878478007711e+00
1.256288472989417260e+00,-1.514456191397025897e+01
1.582723300845849934e+01,5.619984779780636153e+00
-1.282806856681295749e+01,-1.370710717968865211e+01
2.666878571808990905e+00,-8.122634756152669055e+00
-2.928120797982915580e+00,1.642503100319517018e-01
1.326373387982798135e+01,2.890230942250898938e+00
3.508664019532127032e+00,-1.325724601414997039e+01
-6.147934513321138272e-01,-1.141739470905424980e+01
-2.203649927364213834e+00,-1.056450661454438844e+01
6.484547656955212069e+00,-1.467566862155444518e+01
-1.238287711361429544e+01,8.486627309852785572e+00
1.304041854654898813e+01,1.036356772792142600e+01
6.271201655729760738e+00,-4.585412551175625850e+00
8.363195388287158138e+00,9.968473560211375428e+00
5.572411190215349475e-01,3.933220250781370275e+00
-6.757467072251495566e+00,-5.219488538933282629e-02
1.463682929799580457e+01,-1.145670823272965499e+01
-4.413073710486305146e+00,4.914069850374207959e+00
3.995303977839795628e+00,1.585387288910277270e+01
1.201368803128118223e+01,1.395497067390033763e+01
3.260135896367400310e+00,-1.137993953248288648e+01
-4.375359121579434962e+00,-7.665708797875026903e+00
-2.184359373628689927e+00,-7.065803838620405841e+00
7.440911461759315060e+00,3.214300549980321442e+00
4.458448200011073226e+00,-7.628439353029492054e+00
1.187047235887737706e+01,-1.024599704571887315e+01
-1.520478221162607291e+01,8.272825773721418585e+00
-1.543917383744291350e+01,4.822520774361446882e+00
-1.043956162357948614e+01,-5.378721920233870968e+00
-4.956582352785670942e+00,1.505852249441141932e-01
3.147856631259318583e+00,1.274370399338231508e+01
-8.012480923182575765e+00,4.764336869164997879e+00
-1.162543711891947318e+01,1.320954993574062186e+01
-7.137359281169162628e+00,6.449792239147762452e+00
1.639766569095188364e+00,-1.307264550056496333e+01
-5.256847562796129303e+00,6.478720653145396469e+00
6.633745022281187786e+00,9.549047682725010588e+00
2.768983199221580538e+00,1.091977228802272748e+01
1.567015920928522377e+01,-1.389014974961902515e+00
1.839714797199141882e+00,7.254034670198891810e+00
-7.637360290266345331e+00,-1.648385107412155159e+00
-4.664161450880338400e+00,1.423872304442212311e+01
1.108611442413616643e+01,3.554997711104377789e+00
-1.686578643430158397e+00,-1.122518930624588629e+00
