-1.340522292565329066e+00,-9.701531753957976179e+00
5.393569806939055411e+00,-1.276315912934158137e+00
-1.887774764867942423e+01,-2.075015598629356361e+00
-2.324844225020406885e+00,-1.571428350845440214e+01
5.965119436980956813e+00,9.818325961403132851e+00
2.287129513423808103e+00,-8.213969622828912520e+00
9.160795054859105946e+00,-1.271145666734022583e+01
4.161675797285163125e-01,-8.982880984165257487e+00
9.156160435400375164e+00,1.313826767114780480e+01
5.633431104360651531e+00,1.106003466538284075e+00
-1.319347923524258626e+01,-1.007107691982413300e+01
-8.854458504270219521e+00,2.797043609818004040e+00
-4.827853806813479309e+00,-1.115651626493292881e+01
1.699559086556909016e+00,-5.749628945618703746e+00
6.316829447354400884e+00,-8.242530598272644227e+00
-6.813096588917458618e+00,-4.604111685369541851e-01
-1.142485008573317806e+01,9.172654232678311814e+00
-1.439579888697065080e+01,-7.080553988069575588e+00
-1.146620094271252732e+01,-4.865940333811107799e+00
6.035541447232539269e+00,7.941951710854139534e+00
1.141876238375742680e+01,-5.942670795942175399e-01
1.456285434098281151e+01,1.119107107354703068e+01
9.107058318669537300e+00,5.164198365521740719e+00
-3.673075977708778472e-01,-1.576928624290997405e+01
2.750078974008426935e-01,7.720218853045888174e+00
-4.325263674698863525e+00,1.105244315020955526e+01
1.839479225960081621e+00,-2.629225963603627036e+00
4.823825147680341097e+00,-1.011369235322019478e+01
1.523636466621737640e+01,-4.156295589546805225e+00
2.454508848430287049e+00,-1.357315520037730927e+01
-4.833979674224971879e-01,-1.924370517689218074e+00
-7.358518101213463725e-01,1.105487514426921614e+01
2.856027683784813753e+00,9.531891332726706523e+00
6.877168094065500448e+00,-2.375426666057921798e-01
1.287455899507786938e+01,1.035484746270067902e+01
-1.494364835604089947e+01,-9.497694719511132533e+00
-1.786592906864154395e+00,2.594668191010973235e+00
-7.383471527393100864e+00,-8.851619537584596742e+00
1.386580717523220940e+01,7.704189870860031597e+00
-1.168554107765946171e+01,2.862323157445643584e+00
6.914420585031629152e+00,6.293704878061624264e+00
3.411150018714468768e+00,1.631620777274568113e+01
-5.689708462306545478e+00,-9.474432950385192953e+00
8.747493270425330536e+00,1.131544751956866435e+01
1.304197156816076841e+01,-3.479708554940463383e+00
-8.047196861847215388e+00,1.323178817860849499e+01
-2.067466626186745149e+00,-1.888700931669547600e+01
1.217869670779412417e+01,7.098899238558823654e+00
7.809419028637988092e+00,9.787966079742117742e+00
3.643608528571548710e+00,3.687332506571523005e+00
-5.754480865360185327e+00,4.888102971463424318e+00
1.693894799705786625e+01,-4.601250017077804344e+00
5.527984403740290098e+00,1.613039596780298623e+01
-1.018040852828639409e+01,3.978208566277245506e+00
2.949460307955860117e+00,1.814187394479479210e+01
-9.460711572799208824e+00,-2.716221638620520462e+00
4.055160536980594976e+00,1.084922415310219179e+01
6.997718142870164471e+00,2.420525863293488289e+00
-6.898734197941557511e+00,-1.104245576624041547e+01
9.294682586667994073e+00,-1.059530297654135467e+01
1.031822058746731052e+01,2.522545763762648718e+00
-1.602559284310220278e+01,-6.310162995262825092e+00
-2.136398273493817168e+00,-2.635512372097278622e+00
1.545950583191753269e+00,1.082503427995253986e+01
1.146474848807796754e+01,8.878570065086300644e+00
7.323191944821637378e+00,1.623435632878119605e+01
8.579618032890293122e+00,1.605704052414903327e+00
1.359705660837944485e+01,-1.323520573684516322e+01
1.525264766303021524e+01,3.006866472092840858e+00
5.302581754948406889e+00,2.877590042812437687e+00
1.014300902779837443e+01,7.261891387066068404e-01
3.784124286218120137e+00,-2.809190331093786686e+00
6.621833206464925681e+00,1.457674218846551639e+01
-1.118092734381312958e+01,-9.187881036731345930e+00
-1.556703039749960027e+01,1.506139517350957524e+00
-7.692093621002387138e+00,6.142631688277359281e+00
-2.374080347811122316e+00,1.868163586284441280e+01
-9.606755431133182199e+00,1.439842790550458140e+01
-5.562711004627707290e+00,1.746632440835917066e+01
1.440949776708250951e+01,4.782177418375217037e+00
4.051748007126388273e+00,-8.513778572482125995e+00
-4.160319055876353089e-01,-1.400546150194716688e+01
-1.069665414322718444e+00,6.482230699277740094e+00
-3.686311457789441803e+00,-6.137065437430867298e+00
9.858662493529577020e+00,9.780681189966399458e+00
1.270890816380808097e+01,1.310862296875618682e+01
8.164101968445518054e+00,-7.544329184132500643e+00
-7.512692767978106367e+00,-1.693429706316908678e+01
-8.919832594079919019e+00,-4.395346829530792476e+00
-5.858005887699754055e+00,1.297391086085847611e+01
-9.537899742083282284e-01,1.764072970235912052e+01
4.503938721616574270e+00,8.830487860010489243e+00
1.062752457625679448e+01,-7.100019005115412618e+00
-5.021232491912726026e+00,-3.837755927741509865e+00
-6.682893070458345797e+00,-4.448923254005056727e+00
4.332893087489773976e+00,1.473075776441810092e+01
-8.929125201404742640e+00,-7.892439738667270888e+00
8.586270427290983775e+00,6.908498175166495336e+00
-1.055767341192436071e+01,-1.279230546860525175e+00
1.455283885248336340e+01,-2.487514257583614885e+00
8.426959533762444110e+00,1.479314142668856746e+01
-6.048067311969195892e+00,6.750086128577281741e+00
-7.783949882987157842e+00,-1.991607833904475378e+00
-5.467822895617220347e+00,-5.822338078406085415e+00
-2.170358882842066794e+00,-1.385829726294550035e+01
-1.498873602251199166e+01,-4.802451234032555583e+00
-1.294366454859263449e+01,-8.281046984353588769e+00
2.452925042925829580e+00,-1.171188798905247452e+01
9.144043793211036331e+00,1.662360953437920230e+01
1.140363939509705915e+01,-1.313659129783497370e+01
1.378407651838804426e+01,-5.317223698145692623e+00
-3.982110024776698509e+00,-2.343924941432111275e+00
-7.967301174224317606e+00,-1.251863092812026323e+01
1.634008919235377988e+01,-2.261941411844905492e+00
-1.009588250660644171e+01,1.266365504227885452e+01
-1.862197171436751120e+00,1.577421193475700711e+01
1.187645733578380547e+00,-1.489560547678921765e+01
1.035884066919920166e+01,7.495734610357334127e+00
-9.940776950616120544e+00,1.016405870810572054e+01
1.567043798831971912e+01,-8.408230066526613200e+00
4.184072949456096424e+00,9.252000410115424067e-02
-1.664197536186219040e+01,8.109311279736122202e+00
1.036928704699757064e+00,1.359315127645706234e+01
1.095872427805248428e+01,1.336976104971788359e+01
-2.631666669974377579e-02,3.007072990236515864e+00
1.362355715240780540e+01,-9.735878107696137596e-01
-7.164696239125116772e-01,-1.141566591962167898e+01
-1.133062995112076976e+01,3.312115058312817273e-01
5.373044096232300504e+00,1.320405307582656107e+01
-1.728655408668241478e+01,3.583663113520658250e+00
-8.351739027793801284e+00,-6.140368451678248185e+00
-1.478890578427230018e+01,7.348278076022721983e+00
-1.355717552511156931e+01,-1.554958974533876326e+00
1.250431816505050797e+01,-1.034371797094621392e+01
7.671972895733313536e+00,-1.814907460187634936e+00
6.763670573565279120e+00,-6.341488024081533226e+00
-1.321472864120672597e+01,9.874189563654434565e+00
1.137063506625916531e+01,-2.571786580905500497e+00
-3.136950416614725956e+00,-7.596686379964175950e-01
-2.855609501266512584e+00,-7.797074273223804752e+00
1.168859114587108294e+01,-1.496703183104208712e+01
1.472548182085613533e+01,9.281733598439791066e+00
-1.668449427029646870e+01,-4.296462074522173324e+00
3.661586435955033636e+00,1.864313324544411676e+00
-3.819942406709015081e+00,-9.642284737436048303e+00
-3.522225088603489596e+00,-1.251684538445046613e+01
-1.899907112681167298e+00,-6.046886771736720512e+00
-1.829015017434510071e+01,-5.144939902457934977e+00
5.541530809112921396e+00,-1.363471931353512723e+01
-1.327434695279111843e+01,-5.690652325481582174e+00
-1.124545761070536720e+01,5.513076144841118520e+00
-1.469627459051998741e+01,4.361502444653500454e+00
2.935226898250711258e+00,-9.958548121543170595e+00
-5.780274289333801718e+00,1.002971953160526297e+01
-1.140159074370424186e+01,1.147473393065365421e+01
-4.449095838811473413e+00,9.286523946284694908e-01
-1.268975932116268446e+01,4.392920762850837768e+00
-2.566426463099330313e+00,-1.103662042467641946e+01
1.807278059936287562e+01,3.518653194820283048e+00
2.049652821432802252e+00,2.828186368900526215e+00
2.663884658853958309e-01,9.542561023661095376e+00
1.059797698854345827e+00,-9.179029699540955933e-01
-3.112431590071195409e+00,1.358955040372208956e+01
1.141693449567926777e+01,-4.332046705371948470e+00
-7.048863532223409223e+00,2.885484845799279885e+00
-5.257317940722470162e+00,3.185431077851737847e+00
1.123819583658023902e+01,1.106066433544503802e+01
-1.197426850125538245e+01,-2.399295252133332834e+00
-1.298652018814111209e+01,6.180131146796177255e+00
1.620280261984695969e+01,4.863484189170131700e+00
-1.393703645138911984e+00,-4.250452050741548859e+00
8.112235898526586553e+00,-5.188312594416428780e+00
-8.683461499589226307e+00,1.148824549763375735e+01
2.948695053463370019e+00,-1.194011169779459092e+00
8.652802816587614743e+00,-3.107694042865528083e-01
1.083912342583177413e+01,5.729739489525710994e+00
-1.074127511443251637e-01,-5.509996719207972404e+00
-4.987422700378708385e+00,-8.368275074268681779e-01
2.427180158816403477e+00,5.334185424588177016e-01
-8.051403509877960829e+00,1.088159792972011486e+00
5.437668003850369303e+00,4.699329960908907644e+00
-9.061486959944778929e-01,1.019048299237356181e+00
-6.280354662559363810e+00,1.234345616916866284e+00
2.742017638843890825e+00,-4.228474740466476867e+00
-3.288415342608233427e+00,9.200567107197054284e+00
-8.109292203342493011e+00,4.414807594232344812e+00
-1.811306155731357137e+01,1.459000465295925419e+00
9.941811118124773472e+00,-5.396268773194242030e+00
-3.888713792789561641e+00,-1.466112462926561477e+01
-1.641960741947936597e+01,-2.115968527792670140e-01
5.034396647499741029e+00,-7.028163115758927937e+00
-2.664134726242266105e+00,9.867862956477491121e-01
1.080791966785942293e+01,-9.664369459680560936e+00
-1.174037875966800115e+01,1.341534001963800904e+01
1.378618666717558172e+00,6.228141572768580936e+00
2.143938310004101844e+00,4.631974102021900741e+00
5.993360223008477483e+00,-1.191296043171209362e+01
-9.199913493935834907e+00,7.363624056639244131e+00
-1.311111387247613536e+01,8.063627553663456737e+00
1.027000065672161000e+01,1.510534180167046081e+01
6.927088569535282403e-01,-7.245237521533523406e+00
-1.493758393545925856e+01,-2.673415068647706061e+00
3.943828632538782242e-01,4.767927213569100431e+00
6.795683482131090081e+00,-1.004956558674306066e+01
-4.848452507865069094e+00,8.150021264384395892e+00
-1.414153339994010938e+00,-1.725540508706366793e+01
-1.370462021383238804e+00,1.292851230603208101e+01
-3.934637143862218522e+00,4.471402576418418207e+00
-1.826805982657404925e+01,-3.298645697906991692e-01
-2.597674963982865126e+00,5.615357430761726221e+00
-9.430501513979761441e+00,5.596377754643549807e+00
-3.168222097743190524e+00,-4.175564448316332999e+00
1.494469767381320757e+00,1.707466516398875456e+01
6.487075168624921950e+00,1.785345891704134047e+01
-1.131908639456212917e+01,-1.401674317911936996e+01
2.362408833394269880e+00,7.792535854754516045e+00
9.061400573958032112e+00,-3.381561412365402752e+00
-2.696559971945920786e+00,7.506862808723448133e+00
5.630261963339209252e+00,-4.864586343774534249e+00
1.592478670985565836e+00,1.530821193537800085e+01
7.721574107768909734e+00,-1.158486024285619997e+01
-7.693085610487213621e+00,9.929496655972769759e+00
-4.295025958595649840e+00,6.417404611894890643e+00
-3.593113466982560400e+00,2.629600228359401548e+00
-3.799308733421945306e+00,1.698652373083976741e+01
-1.522612970526063414e+01,9.185297147028240516e+00
8.695255456689952922e+00,3.425109836057672386e+00
9.911692474111475804e+00,-1.534691444858687914e+00
1.682986808106592136e+01,2.030977681023845793e+00
-6.746888305115710693e+00,8.418981838357078473e+00
-8.863522940154229701e+00,-5.057412697476962871e-01
-1.185570386907837559e+01,-6.841553717404715407e+00
7.243035270367215617e+00,-3.603079037844644450e+00
5.544237916705857749e+00,-3.026311745610509529e+00
6.340115791515020582e+00,1.163238424768729118e+01
-5.962459746116158144e+00,-2.288498621028941304e+00
8.581783947847843042e-01,1.422864760500218262e+00
-1.013763259781609172e+01,-6.114901005489712382e+00
-1.672223712480075619e+01,-2.460292392216075097e+00
9.385591173422218603e+00,-1.456272023210610200e+01
1.388169698495996940e+01,1.488187189189620119e+00
7.228023371501321570e+00,4.504355222840727535e+00
2.889114918244037877e-01,-3.662595248163351247e+00
-1.418749056007555298e+00,4.314392386264972679e+00
8.105597003460101035e+00,-1.582925322267182899e+01
-9.793791588492693378e+00,1.244248753580853517e+00
-3.709737456322317328e-01,1.470765930871279537e+01
9.311692071789299252e-01,-1.068451514343603748e+01
1.203292171014852130e+01,1.940512299324419487e+00
-5.254841750691841895e+00,-1.353115324082943260e+01
3.967105678725149520e+00,-5.579785740266483884e+00
-1.068654422837705509e+00,-7.829219825492375939e+00
-6.823955284468103955e+00,-7.046637917476711976e+00
4.592112628260073826e-01,-1.768564911886267055e+01
-1.460991964797285547e+01,-5.881679094276690695e-02
-1.350838745399413199e+01,-3.851707808112752485e+00
