-1.179151404515280710e+01,-1.434678358093577799e+01
1.196457674573026608e+01,1.200247694480334193e+00
-5.163842045970051586e+00,5.002006748726907759e+00
6.623922625735372272e+00,1.706263751708284104e+01
5.863717855435241155e+00,5.764229579657091929e-01
-5.472325453364025316e-01,-5.816240867985400520e+00
9.621329202067320452e+00,-9.340611902478192619e+00
-2.905321341747217012e+00,6.236868631450436240e+00
1.068287170710177314e+01,-1.135333458408404361e+01
-1.715127512202400695e+01,-2.244079379812072839e-01
5.509388528659052042e+00,-4.949412033353906004e+00
5.506765123700509967e+00,-1.008606764814629031e+01
2.814912243086914234e+00,5.614897522178571160e-02
7.584671562126051647e+00,-1.507904972142631728e+01
5.595342670547883479e+00,8.627664264874011835e+00
-2.896887583261824162e+00,2.219640349864851203e-01
-1.131830790906535178e+01,-3.378343931408099299e-01
9.751820902516580958e+00,-6.800487972190492947e+00
-1.132114824829720590e+01,-1.232414878244389200e+01
6.179716856883053389e+00,6.931982049744017438e+00
-4.091048167839327121e+00,9.433345638235637765e+00
-4.092942497069103958e+00,7.562301641505110972e+00
-3.660898820042342905e+00,1.167508343961488038e+01
-4.303868803738843063e+00,1.337955213217423456e+01
-1.828202300466612229e+01,5.153282810415462656e+00
1.182622113234095051e+00,-6.593822504282477182e-01
-7.224009022451630457e+00,9.260651694981778093e+00
2.369616267013919142e+00,-1.588975822251009440e+01
-6.505188169133165665e+00,-2.128786157488526065e+00
-2.278243152376266956e+00,1.969070158110176827e+00
1.217132893231954505e+01,9.476911078909083130e+00
1.009499847924150195e+01,1.603430540608044552e+01
2.054991058792495995e+00,7.030747173454235721e+00
-8.284010213077207752e+00,6.166282794782694587e+00
-8.919660268762944710e+00,-5.110924304021820852e+00
-8.792373662346411933e+00,-7.417046334697933396e+00
3.068914081668996818e+00,5.420024366807911775e+00
2.281855954645236828e+00,1.756832930850169561e+01
1.400239696575907189e+01,7.535961987022743447e-01
-8.614576310280947169e+00,2.854814698216393776e+00
-9.853886299208521882e-01,6.926932057415238653e+00
-4.265794912978647879e+00,-8.600154383879207387e+00
1.272961001529813352e+01,-1.290704313524267022e+01
1.555629546037319011e-01,-2.132024250940481203e+00
1.324554015609996860e+01,1.184884881902783604e+01
7.923037901825940033e+00,6.309521923279571176e+00
4.396484875311256424e+00,-1.660352842990056033e+01
1.746009554547269005e+01,-6.570397602861007824e-01
-1.699675641628483502e+00,-1.496558567612664703e+01
-1.340908489168513995e+01,-1.331357764540484112e+01
-1.086355347052384523e+01,7.587543915046653709e+00
2.429730749975514303e+00,3.737265459236835508e+00
8.639850104746070514e+00,3.829062358494628171e-01
-2.639552032515726676e+00,1.416797483528984358e+01
1.079598921622638663e+01,1.438428102735724856e+01
1.299213507639205645e+01,-1.021042492022825066e+01
-1.480376428227528862e+01,-1.104886156435972566e+01
-1.028933439465022248e+00,-4.043945780603287687e+00
-1.647868381332211751e-01,-1.404100317516171792e+01
1.782154368591299232e+01,3.661219145432545563e+00
-1.182903648192022317e+01,1.733678186661864240e+00
9.128822760510940881e+00,3.402659405655132474e+00
-1.529488384879845420e+01,-5.392792656455723588e+00
-1.881031539908180505e+01,2.505507705913029959e+00
-8.313162424045618337e+00,-1.438962019199307996e+01
-5.796871126077980385e+00,8.113937170457379722e+00
3.544767059833097811e+00,1.103679071574951465e+01
2.429256961393177150e+00,-4.990902339997913550e+00
3.983042751511843171e+00,7.344148184065371510e+00
8.853651143492349274e-01,1.985297185133041431e+00
-1.410112595571762384e+01,5.969432228788599915e+00
-1.185709731412767098e+01,4.503276474369219073e+00
-1.009073857744328606e+01,1.280127313647896337e+01
-1.297460615778634585e+00,-5.571202230046271575e-01
-2.200301218308667650e+00,-1.145944342393565840e+01
7.980571338487919775e+00,-2.340443160133076628e+00
-7.392380600131337465e-01,-7.620284834262220031e+00
5.408444772763640884e-01,-1.571417727879231485e+01
-1.199844337015402651e+01,1.396356691445697606e+01
-5.553858457056755071e+00,7.414146821582295876e-01
6.763023196709785800e+00,-7.995375636566997457e+00
-1.330201585497169603e+01,-5.397305167936689685e+00
1.766706725469622796e+01,-3.482118049030058060e+00
-3.882152499188937789e+00,-1.487288472342581436e+01
-1.695120486477643595e+01,3.874470121496633723e+00
3.873653813752929498e+00,-6.343272936490457425e+00
-1.370618600801154718e+00,1.283491489489941806e+01
9.861811681427909093e+00,-4.902343044502765146e+00
1.106656882850544754e+01,1.097537787532061948e+01
-1.730724632149475362e+00,-1.777319164079017710e+01
1.355499763671206459e+01,-4.952310860775791745e+00
7.219729008632787881e+00,1.382986427898748794e+01
1.751853001803585030e+01,6.923775064335440099e+00
-1.045048065250420599e+01,2.941634509299561717e+00
-9.173272614104160283e+00,-9.172393254724370948e+00
1.612702643886390064e+01,8.225202233281764919e+00
8.713019848001977152e+00,-1.092911015336672520e+01
3.350953214892137044e+00,-2.044207428347257771e+00
1.425189430883744812e+01,-1.144566929441221959e+01
-1.417913799620216864e+01,7.801151032400968077e-01
-1.581812724268812431e+01,6.785716117604588149e+00
6.245945224829139164e-01,3.764168404158064085e+00
-2.630076167379332919e+00,-7.197561402752271853e+00
-6.784703640411270165e+00,-1.773293570978083267e+01
-7.738824122395658200e+00,1.578512516022655987e+01
-1.422904609149092003e+01,7.771030770382512998e+00
-4.416840192909986307e+00,1.661331360268201252e+01
1.202115137462000050e+01,-5.929453863233110411e+00
1.520170087499808353e+01,1.050069630480184202e+01
-5.491276512820634892e+00,-1.142579571544644779e+01
4.761015450607113952e-01,8.036608203935067252e+00
1.561244551007957782e+01,-1.534937270764817674e+00
1.150316367893431391e+01,-9.194918848959641622e+00
-6.653427061105186446e+00,-1.342491957767072641e+01
-4.384501361315661150e+00,-6.801024868720118022e+00
-9.173101483543002033e+00,4.581100421003210243e+00
-7.889557849431995784e+00,-3.630956263264851547e+00
2.266178041780734898e+00,-1.386609137158146865e+01
-8.409970493225760180e+00,7.946837814420963042e+00
3.936915411676061183e+00,-3.957932892784958856e+00
1.066623943140537101e+01,8.367356031335061672e+00
-1.005749797299568815e+00,1.600780452435292034e+01
5.092325414124619698e+00,-2.548461012929102321e+00
-6.126693246235432433e+00,-7.680262948150200053e+00
7.254746350784560427e+00,-9.836938766263886080e+00
-1.043692843353561628e+01,5.839327841733076063e+00
1.326418514661117598e+00,1.533298579068488010e+01
-5.894021584502777245e+00,2.490001620990752507e+00
-1.154848529192179463e+01,-3.784948185331240111e+00
1.609545533706937093e+01,-1.002524473308990949e+01
-6.972883915946727740e+00,-3.848574525192817730e-01
1.613945479067750810e+01,2.908948368254324457e+00
-1.097405997418707635e+01,-2.082911586704209395e+00
-1.266670060617635230e+01,1.091726957057987413e+01
1.144684897047561378e+01,6.309463809153869285e+00
7.601439197296380179e+00,4.483079148431435179e+00
7.095328991326144141e-01,-4.332021275430673946e+00
-6.786589211549557632e+00,4.048891971692924585e+00
1.371540207801771238e+01,7.593231806651598248e+00
1.062213975479804340e+01,-1.571974103437820958e+01
1.724391796786062514e+01,-5.319636364605477397e+00
-1.635511616331185802e+00,-2.321431103195265688e+00
-1.079635713333375335e+01,-1.011697962197955292e+01
-6.110460609118964825e+00,-3.846792256624927742e+00
-1.125782189462045757e+01,9.331593009298364549e+00
3.074545385827900379e+00,-8.175381221930972941e+00
1.153715535701478956e+01,-4.197772607522690436e+00
1.364738366469428854e+01,-1.246772485169184819e+00
-8.699007386926611574e+00,-9.682693460798265095e-01
4.919077666844809293e+00,-8.325943860462560409e+00
-5.986702878547001561e+00,1.752744446793403554e+01
-2.541722001289085320e+00,1.030916541012070553e+01
-1.305132743684254670e+01,9.127844079113641484e+00
1.704632693481725303e+00,1.130222423452330105e+01
4.458752401205290816e+00,-5.748067975910277072e-01
-5.026964535515335841e-01,-1.086314435783460297e+01
6.580913401665388740e+00,-3.472892000436401894e+00
-6.872444156304907681e-01,1.180222988580788224e+00
-1.674731938513085083e+01,-7.770460814934840421e+00
4.408262430802674103e+00,1.300028765057277269e+01
8.356715289667885571e+00,1.190295508430491367e+01
1.321613698587320229e+01,4.228128874530319159e+00
-5.003765101152720440e+00,-9.970729398894364603e-01
1.416571319876113932e+01,-8.818357000283368663e+00
-2.270469123635542097e+00,-5.330808570849224104e+00
-4.105819363225357677e+00,1.789940620742453747e+00
3.155221799637274227e+00,1.579453116790891976e+01
6.617354209222272576e-01,9.858292657317218044e+00
2.671484827788707328e+00,1.932228513745485765e+00
-1.896789058202765332e+01,1.352184839685086418e-02
-1.766473108647925727e+01,6.867413560278616380e+00
5.824036752939528050e+00,4.138883962988076703e+00
1.894104586456148809e+01,1.030544406084296982e+00
3.029397696930034467e+00,-1.843553651309527908e+01
1.213762636857276256e+01,-1.459895227913778726e+01
5.516886744253965524e+00,-1.361084924757421533e+01
-9.118843878040856055e+00,-1.095196555830117369e+01
1.434187047517337454e+01,2.700664431586679015e+00
1.017040096295357188e+01,1.325858761817474196e+00
-1.086649780983599545e+00,3.319984571350195868e+00
7.952305315226874782e+00,-6.319153504258472331e+00
-1.359816901684639490e+01,4.275149697532378390e+00
-1.669124473228377781e+01,-4.096289773062325779e+00
3.692891688934567984e+00,-1.025875208816332140e+01
-4.020234454665494006e+00,-5.015803124407880453e+00
-6.330450067711921314e+00,-1.518445774097538248e+01
-8.980757511223353973e+00,1.431116951032498186e+01
2.847040658124126544e+00,8.935853974595046267e+00
-7.437172122460764534e+00,-6.121910033346781077e+00
8.521856962587254003e+00,1.694822153631475459e+01
6.618437584149821973e+00,1.156717365755233295e+01
-8.310974358797540873e+00,1.266693479332566064e+01
-1.259200932684539609e+01,-9.677534763879728885e+00
-7.312813231056348506e+00,1.113018659732798987e+01
9.456252674580527540e+00,9.962607677670858308e+00
1.554903534712704882e+01,-4.462707323335986409e+00
-1.027634671220571860e+01,1.595828455966286619e+01
9.523454148846417056e+00,-1.432964629925614197e+01
8.132137766618596331e+00,-4.462359757239068081e+00
-1.049982576395705358e+01,1.103365689120165882e+01
7.194324573904782305e+00,-6.292382565966863073e-01
-2.371874431911243253e+00,8.000030283741130788e+00
9.771451700681843988e+00,-2.436066452718886666e+00
9.097069609737873819e+00,1.378747548640425791e+01
-8.522454776569136081e-01,5.104566202922695695e+00
9.729012761329196568e-01,5.561174070731172314e+00
-4.962420489923462519e+00,-1.637070431903280010e+01
1.818563530359299074e+00,-2.895447826872342034e+00
-1.847944577341396766e+01,-4.348376333578724662e+00
-2.220179217718568632e-01,1.441072060348908757e+01
7.322498935077000226e+00,1.824005624733644249e+00
-5.715314621379045334e+00,-5.595542566904206261e+00
-2.953724162187349567e+00,-3.524648949274431065e+00
-1.553356952932344193e+01,9.093774287826695613e+00
-3.323999892670472800e+00,-1.533173691184684495e+00
7.364093802841580327e+00,-1.310508038619300564e+01
1.164613199697428669e+01,-1.225936489901015891e+00
1.055081404503358300e+00,-8.092181713834349921e+00
-6.018207234134863803e+00,-9.454075478018808099e+00
1.190722510129172074e+00,-6.286964123174352714e+00
-1.496471157894777448e+01,-9.045623169217760662e+00
1.088517266110580550e+01,2.982528220336354341e+00
-1.039604395237190460e+01,-6.652235119654656081e+00
-7.816121294744776016e+00,1.180200139370912504e+00
-4.111448754338983491e+00,-1.826864911927969359e+01
-1.492310800994201081e+01,-7.229318472672263240e+00
-1.314425808649883898e+01,-7.820536380064763371e+00
-1.009257101067996132e+01,-1.520045547428969357e+01
-8.918657066262568378e+00,1.005359242152556476e+01
-1.789742755893752602e+01,-6.281669266066111312e+00
-9.491666655782227124e+00,-1.284958198745812297e+01
-2.487969002604587254e-01,1.896505815094634784e+01
-1.350055986819756804e+01,2.435241889247084845e+00
1.261752731338737732e+01,-7.744606771299073600e+00
-7.841833698233514616e-01,1.095773185872541511e+01
-6.083275288069418529e+00,1.295043319264179082e+01
-4.614927401542287200e+00,-2.822107676248958530e+00
-1.005678903654951162e+00,9.166179232031097968e+00
1.051502131197975665e+01,4.710451297742619836e+00
-1.538922324662507712e+01,4.705173189156492519e+00
-2.551100948899043264e+00,4.422551947425612084e+00
-3.084975789388900491e+00,-1.310883873123141186e+01
1.456650933154226735e+01,5.915849035866201255e+00
-4.842417161155458949e+00,-1.310382533077555323e+01
1.142271593357501169e+00,-1.162623428428543271e+01
1.158194036613575051e+01,1.278166992336992003e+01
5.243181739199173741e+00,1.037306992583062382e+01
-1.241574453490972729e+01,6.732234737787014645e+00
1.559343279887423828e+00,-9.866217085944379406e+00
-3.058810546616743675e+00,-1.657757968749884725e+01
-4.098299179936979897e+00,3.554948274399322372e+00
4.831070643412143539e+00,1.647047118392187315e+01
1.417762379873619416e+01,-6.771805863408760118e+00
-1.299864532000957240e+01,-1.148727051788166875e+01
-8.662115411935760179e+00,-1.663157246799594446e+01
1.569501296078841790e+01,-7.737394009335627487e+00
