-1.007946969835378681e+01,-4.581237141789156198e+00
1.875671694591896310e+00,-1.139611976108551161e+01
1.361333236542557223e+01,2.100919210425270300e+00
1.200644892200872960e+01,-1.764017168556654358e+00
9.695907359644213130e+00,-1.832441634656003071e+00
1.226079643883204540e+01,-6.187085989983424739e+00
-5.550743684825304669e+00,-5.218870261111996811e+00
-1.604696990699754977e+01,-6.289646295635582973e+00
4.247483696585805824e+00,1.325161511009915039e+01
-7.627745729723169887e-01,1.152331086419165551e+01
-1.523823455803598925e+01,6.201918649846432707e+00
5.090662347561885959e+00,1.585661200592368480e+01
8.023199856032869448e+00,8.898489692738275281e+00
2.065347854895786206e+00,5.278858099481881894e+00
1.110828510127194235e+01,1.953625617989219077e+00
-2.237332906805330257e+00,1.263264109788410927e+01
-1.209245536503868301e+01,-1.280069731759360341e+00
-6.147987312661147286e+00,-9.483136101546017827e+00
-1.620056180917199740e+01,-1.067445465804187199e+00
-1.748226361320018185e+01,5.056700581820125606e+00
-4.237252769245027362e-01,9.723929235915340641e+00
1.104741927602005180e+00,-1.616641923613586584e+01
7.597901002370710977e+00,-1.498410390971773509e+01
1.655422886433312613e+01,-4.704584093888025897e+00
2.971211017909872076e+00,7.455943459878906054e+00
-1.299422708122845549e+01,1.877075399082407392e+00
1.547206012998587621e+00,6.569275310666855550e-01
1.090586899069817761e+01,1.525853064369863432e+01
6.691439672311033426e+00,1.507292174298301468e+01
-9.380912600701073245e+00,-2.838766671878638626e+00
8.528707524353361435e+00,-3.210841889193366328e+00
1.120535297489458948e+01,-1.195867059911221580e-01
1.354634655363199869e+01,3.874497729890452824e+00
-1.473129326742797840e+00,-1.118333743636505950e+01
5.972820249746921384e+00,-8.375053321420676156e+00
7.162424082700205474e+00,-9.819520989589578974e+00
2.500184932986249553e+00,-1.492909911192825767e+01
-9.945465791037845449e+00,-8.400029820731219621e-01
9.406722603821162210e+00,-1.526918227607547607e+01
-1.547692280890059280e+01,-2.752866698792737044e+00
1.371648626370410895e+01,-8.839578080670501548e-01
3.039966855550642499e+00,1.111972994944142989e+01
1.917908213245238525e+00,1.396361426336977196e+01
1.539357850752512391e+01,-1.095018547005122223e+01
9.913608813082928961e+00,7.508450649536211330e+00
1.244608691035545256e+01,-1.375491056437166471e+01
-6.387717401018316643e+00,-1.284387701923555225e+00
2.126326357636065811e+00,1.618263252756759840e+01
1.368803307064435693e+01,-2.671097533920399947e+00
1.714462645553054188e+01,-1.348931850039218672e+00
-1.522657011660521853e+01,-8.008733310410489636e+00
7.708807213235330913e+00,-8.087847020167901135e+00
-1.465232976247304464e+01,1.081217123129274782e+01
8.927550205351135304e+00,-1.024050960432300883e+01
-8.801916835171843090e+00,-1.266011220772884016e+01
1.399394694443486031e+01,-1.284629754914267963e+01
2.197615839017744488e+00,-1.318023796872079423e+01
2.565854000250091804e+00,-5.567712416967648181e+00
8.265240423946512038e+00,6.699914206789789439e+00
6.593501105800634754e+00,3.559065267798451782e+00
1.481724926333288472e+01,-6.001650532337063915e+00
8.924719783496392722e+00,-6.714595994572477800e+00
-1.802032442668671663e+01,-1.734755639309108366e+00
1.032836826874314440e+01,-3.530481603454138195e+00
-1.307351483062750841e+00,-3.180214076987322724e-01
-7.755916385653609524e+00,2.485171035855967270e-01
-2.099378785501517797e+00,1.811269957119494478e+01
3.862662517461387335e+00,5.469783855269851003e+00
-2.401902609776164876e+00,-3.231703747272252070e+00
-6.971676186067601755e+00,-1.539261253121844675e+01
-8.079579778439388349e+00,8.051233300125668180e+00
-1.782348262160774865e+01,-6.582056459591229647e+00
-1.110032762798667072e+01,6.133701252805049409e-01
-6.640412250693453977e+00,9.098326637279299689e+00
-1.280911028706838195e+01,9.531324139533195350e+00
8.997202224128120207e+00,-4.954339307215170685e+00
2.816482333646470604e+00,-3.334389134108679098e+00
1.556118560512739890e+01,2.278161132557098012e-01
2.934485478043197038e+00,-1.540734100890488456e+00
9.924524398461043173e-01,8.692052589588529443e+00
6.131847057630423592e+00,1.195238710792868631e+01
5.054377861684315576e+00,1.844150483084016356e-01
4.557965478382186575e+00,8.843097543948585937e+00
1.297790982916169344e+00,6.906193873860232202e+00
6.721758421712996423e+00,-1.465731047398504572e+00
-1.232896607002953004e+01,-1.201668217616480128e+01
-3.848938137921320557e+00,-6.168819730552121960e+00
1.025262538422579084e+00,-2.981967834907915726e+00
4.070083230088373805e-01,1.546204953689907846e+01
2.803344521943890388e+00,9.273508322739305143e+00
4.311323675549111556e+00,-5.182711406905922580e+00
-3.147139781565913896e+00,3.480594937900424735e-01
3.530991508833797088e+00,2.014410814456560672e+00
1.120491551430677823e+01,1.341520725124990854e+01
-8.309475185317772628e+00,-1.705164810105640427e+01
1.154370517450057809e+00,-1.092426755852647036e+00
6.482088837321211550e+00,6.630587546693448964e+00
1.658792934644503347e+01,-6.473180848824112488e+00
1.325536693982701797e+00,1.226145056784691079e+01
-8.320074181438876337e+00,-4.236033515418035300e+00
1.837355288262246233e+01,-4.831747364915621290e+00
1.070321232918787935e+01,-1.398690828909567330e+01
-5.072523275644230445e+00,9.960464671524881908e+00
1.528399944023248658e+01,-1.685487745806793169e+00
1.439669157045045544e+01,-9.387766159324897330e+00
-2.635746180262420246e+00,-1.480025380628076315e+00
1.107043437566927757e+01,5.380322292212369462e+00
-1.711580512832822976e+00,1.441281497629319786e+00
-1.377742853489836827e+00,8.236965072172198532e+00
-3.154799463658201297e+00,2.499259469661796018e+00
-4.472782404863156480e-01,6.682099159130031829e+00
-4.843839468914010737e+00,8.178011268861528293e+00
7.542240097766995888e+00,2.059946001637904089e+00
1.036644440325727601e+01,3.661442957206015425e+00
-1.152741607537297419e+01,-5.570275324456118504e+00
1.122538599043017982e+01,-1.117522335161935665e+01
-1.757370399925052240e+01,6.877278126022712712e+00
1.332875461730716804e+00,1.047965497969236459e+01
7.988184470667569315e+00,1.323726564141845330e+01
-3.219004351080615223e+00,-7.919513235486127734e+00
-6.116592802257589057e+00,-6.892844465421001487e+00
4.765688468667538480e+00,3.448555489648984729e+00
1.175851215376987113e+00,-6.839439932041914361e+00
7.464626122303332778e+00,5.091249552603160033e+00
-5.619265666555668837e+00,5.184445952527134693e+00
-5.327467529239439337e+00,-3.391881267298241021e+00
-4.047544246392043021e+00,-1.458289000461544305e+01
-1.710892232430930804e+01,5.292786772643727211e-01
1.711256127327478893e+01,-8.252782437990932252e+00
4.060114054099329017e+00,-8.796898199794158657e+00
-8.341726020093545912e+00,-1.091571947850437319e+01
-1.053966780040593854e+01,-1.208889900356333413e+01
1.207981188833934283e+01,9.087256228086570076e+00
-6.454593723394598248e-01,-3.750162558423951964e+00
-7.143334695932911593e+00,-2.877965317563411674e+00
-1.106214463046430563e+00,1.638429493386025371e+01
1.073211176906406727e+01,-5.274273422458357174e+00
6.701471774817512994e+00,-3.266826155827032618e+00
1.725048511747057534e+00,2.474697047288938467e+00
-6.192553858257079824e+00,1.070032250030790388e+00
-4.374197889013681007e+00,3.865110952471154437e+00
7.345456552054367982e-01,-1.801260288223265604e+01
-9.094133940420711326e+00,5.011565456263674889e+00
8.517206295507159908e+00,3.570120005205694280e+00
-8.308556545501415425e-01,4.933568841008824535e+00
5.785979737872287920e+00,1.019724969914190815e+01
-5.103033843407970283e-01,-7.567274012431081331e+00
-6.418709753575336130e+00,1.515953246221158679e+01
7.678161471708714991e+00,-1.183145890364610153e+01
-9.388323910647242698e+00,-6.768482927107954517e+00
-1.714853503433215565e+01,-3.346749442289945531e+00
3.273162466738420040e+00,2.709361327090865079e-01
5.751691647156252252e+00,-1.182476803329098836e+01
-1.051661830162576639e+00,-1.488038089504674133e+01
-7.668643531532302937e+00,-5.998046760283436640e+00
4.937573443277235796e+00,-1.579716052030524009e+00
-1.435555986079523549e+01,3.267434040583980792e+00
-2.311587881801836275e+00,6.516111868643225336e+00
-1.570985374786970112e+01,4.501163758903374834e+00
-8.069055858988374297e+00,1.031057020529928536e+01
-2.542705749608384913e+00,4.264267237431594637e+00
1.286601874014192148e+01,5.563361290914426327e+00
1.446833779622889082e+01,1.037482821971810942e+01
-3.742815102718922926e+00,1.116979582999676524e+01
9.325219409367811352e+00,1.836070133463759912e+00
6.295919764577348587e+00,8.444924092192156451e+00
4.824334705555092029e+00,-6.991813166242879518e+00
3.869025430757488948e+00,-1.112568460846463836e+01
-1.347211268673248163e+01,-8.617577215685319203e+00
-1.404900144456863842e+01,1.911646931309720077e-01
-3.877823889363563037e+00,-4.404376429072916821e+00
-1.107958711888391612e+01,2.490702764620752685e+00
1.102895609982975600e+01,-9.379520836596947575e+00
-9.358301632625346755e+00,-1.556343695178475883e+01
-1.606218752642183611e+00,-9.029261618164015957e+00
9.718421698725958346e-02,-1.022130417688992843e+01
-1.302689894249069980e+01,-3.170800251335470943e+00
-1.385596377812161606e+01,-1.294608778854495768e+01
9.419968553662396715e+00,3.459886739782187109e-02
4.017273656799469350e+00,-1.342408345743264064e+01
5.665080149264924536e+00,1.857969657173440980e+00
9.259354848558917439e+00,1.035877002990496543e+01
6.168614811241906359e+00,-1.763098867543905612e+01
3.459559506906572768e+00,1.498681750826249015e+01
-9.633789270080381328e+00,7.107445323146998284e+00
-6.085529520198103448e+00,6.922975034450860043e+00
8.620021306271489436e+00,-1.353402417008975256e+01
7.966724652797261275e-01,4.035009902689969508e+00
1.535278620990288978e+01,3.852750086066304647e+00
-1.105717427735494418e+00,3.164748982215344064e+00
3.008441423094676992e+00,3.713810439582255096e+00
-7.783168506019309874e+00,6.294650397519546026e+00
6.119719151469212859e-01,-1.412356583306629609e+01
-5.596157231307390401e-01,1.392889149133434223e+01
6.004383191075548964e+00,-5.678336677669318711e+00
-4.799135099832404272e+00,1.323821315341199245e+01
-1.250073707757053931e+01,3.639937242477236712e+00
2.428449640357020378e+00,-9.675725978737901301e+00
2.803785737569776337e+00,-1.812860473863208455e+01
-5.954912313543439417e+00,-1.126092395204110552e+01
-3.742352005812894511e+00,-9.664864537192682903e+00
9.426717380713698358e-01,-8.586588272240996744e+00
-1.284828119242719602e+01,-6.906086932103470133e+00
-1.110717921191888102e+01,-1.394949527412496693e+01
6.890735857611199222e+00,3.021085729080538185e-01
-7.690494977932165632e+00,3.866687742075498146e+00
-1.446034138343679665e+01,-5.457427607212674836e+00
-1.603074486102429574e+01,7.923227157777346541e+00
-1.677558905674624157e+01,3.016318994604521020e+00
1.271409549786678639e+00,1.892787446835918175e+01
1.074725167895764422e+01,-7.134087681966517103e+00
1.210236486809352563e+01,-3.665175379499280517e+00
4.350736713050499915e+00,-1.517212588830892983e+01
5.371461833010015674e+00,-1.005124449780972995e+01
1.386201457162107575e-01,1.721899285520904987e+00
-1.142829343205118775e+01,6.717241369738141898e+00
1.730572367516982268e+01,7.459345743948839758e-01
-1.970569370166965317e+00,-5.045604804881326011e+00
1.345766409472685510e+01,-4.782839760163358100e+00
9.634233497695213089e+00,-1.193080146838489064e+01
-9.245327172449854913e+00,2.935306278040711092e+00
-5.887008485879061226e+00,2.798888060069466555e+00
4.601259459575087973e+00,-3.331665608656309896e+00
-8.182829205016453500e+00,1.445048726092481317e+01
-2.095341881127250616e+00,1.029187795855658649e+01
-4.315920535489198850e-01,-1.935683669643039950e+00
1.268415132854683591e+01,-1.013157374302104508e+01
5.630194081351811430e-01,1.730734414472451732e+01
-3.158380746655262694e+00,8.784674446680082127e+00
-1.513245047408449295e+01,1.584002788455199484e+00
4.744505445387055431e+00,7.048667936360080155e+00
-4.906293719985055368e+00,-1.281942496899283745e-01
1.683448104122297195e+01,4.877346428882530560e+00
8.350512159858621830e-01,-4.819179159570320614e+00
3.090759943397022091e+00,-7.310687174469064686e+00
1.893195503123108381e+01,1.520628663185672913e+00
1.642679487102936164e+01,2.322298733733235920e+00
-6.960740750996984083e+00,-1.282796371602027108e+01
9.454712015718367724e+00,-8.532909155885507246e+00
1.401966344363272832e+01,-7.677365928456057809e+00
-4.399590173678963545e+00,-1.847334152576126653e+00
6.528020302952485920e+00,-1.349969025550058532e+01
9.298310267791080719e+00,5.164064895071621031e+00
-5.141381082108884115e+00,-1.306778598182570406e+01
-1.122876783139737356e+01,1.476424573088798731e+01
-1.398969102740551662e+01,-1.590333343534248378e+00
-1.121179680866994843e+01,-2.845818016440591514e+00
-1.292195414781625828e+01,5.479051013883924348e+00
-9.400580266519449779e+00,1.127284729558280629e+00
1.226731675800431631e+01,-8.060693515827304978e+00
1.526289013965546282e+01,-3.487484893493280058e+00
1.202467748389333302e+01,7.224479505235049892e+00
-3.840351334589300780e+00,5.601246159867498520e+00
-8.216321391778565797e+00,-1.463873075898601606e+00
5.604059132025228429e+00,5.101877729815557316e+00
-7.719598203430477312e+00,2.055602237556917622e+00
