1.604965912738083089e+00,-1.376153253151169586e+01
-1.062607322159919043e+00,1.896341546860257310e+01
1.329756963738340936e+01,6.257811178010348030e+00
-8.179796744873236491e+00,1.348981820159331413e+01
2.911651724276789643e+00,-2.721378159023342569e+00
2.001223594443998000e+00,-1.200209316896040690e+01
1.237465667005273140e+01,-6.342817124087431147e+00
3.534240694087811274e+00,1.218648800888121642e+01
-9.838845486124171202e+00,9.295547137373176838e+00
1.001074464196360125e+01,-1.056118175688643568e+01
-1.488117954740831017e+01,-5.957681241665479632e+00
-3.311528916787289667e+00,1.708206965429895252e+00
1.732925099995342499e+00,2.987755382349431166e+00
-5.684659489619995121e+00,5.403160370810254243e+00
-1.344123489577373931e+01,1.352357402855240975e+00
-1.113265203441638462e+01,5.352282783162561230e+00
-1.314107915602069632e+00,7.404293720838881931e+00
-1.082055028188286805e+01,-1.209610200585446549e+01
1.063675500861065437e+01,-1.434887951101243431e+01
1.230420252540739945e+01,-3.183035717880866144e+00
-1.076652922479243379e+01,-1.033875936655153183e+01
-5.432155598996112111e+00,-3.911876416546866242e+00
-4.736598213482658082e+00,-1.111312181983717018e+01
-3.347024651312728860e+00,-6.535454658040100284e+00
4.874110060308068704e+00,-1.507948098792621261e+00
-6.660483692824309188e+00,1.192270946082374161e+00
-4.437176568804639398e-01,-1.276828979758775962e+00
-3.308791360530725534e+00,-8.297939133358434916e+00
1.352576837207174343e+01,-9.479082317217283560e+00
7.076489606488600259e+00,-1.083895482758511086e+01
7.944305959037797571e+00,2.167787004627411473e+00
-6.751220058885969877e+00,-7.735544538751549126e+00
1.396776194667502580e+01,-4.721918779449992165e+00
1.484949351365107795e+01,1.188778731071924000e+00
3.994335407073932753e+00,-4.155864375347145590e+00
3.652641144401069351e+00,1.041176501797593623e+01
-9.260858588180781226e+00,5.697663345348986219e+00
-1.486236672758162314e+01,2.413122163225823957e+00
-4.065515866091498509e+00,7.027579698831893928e+00
1.344689360985495874e+01,-1.124250331899426847e+01
4.342331842230834127e+00,5.048799353562995584e+00
3.118709598194158161e+00,-1.469483818227330474e+01
-2.062037835864151791e+00,3.965131171370407159e+00
1.374983908685005307e+00,-1.351605036768907864e+00
7.068965318869180336e+00,-1.264763506973908136e+01
-6.880203324395250952e+00,1.084997737337623747e+01
8.246603844451650289e+00,-6.222289761086411630e+00
-6.749164885770992051e+00,-9.542786411033766569e+00
1.080555284822731821e+01,1.189107873212687672e+01
-9.501350523805013992e+00,-1.406251080709108647e+00
-2.160485056280152083e+00,-1.156335161221827512e+01
1.750441548717808882e+00,1.400738490343196219e+01
-3.762333415202798736e+00,-4.794830306729925162e+00
2.371413377683313062e+00,1.741068062389630455e+01
-1.013181148066509252e+01,-7.650574360838536592e+00
4.646594154628763129e-01,1.622603818036693291e+00
-1.037142435223131903e-01,-1.417180706012954339e+01
6.688859878695501138e+00,-1.240457069546749391e+00
-2.143598758623375122e+00,5.771381695516165422e+00
-7.694022055846408747e+00,6.899430283635816785e+00
-6.318353757118498892e-01,-3.029646148471384137e+00
-1.041083977422035289e+01,2.257696175754798640e-01
-1.313164771737706893e+01,-5.474450988980411381e+00
1.678954805621757274e+01,5.038601206176156921e+00
5.454501338180921977e+00,-5.162751734211981081e+00
-3.346779690489044556e-01,3.469855052846634091e+00
-1.393125970962267601e+01,-1.289131320194922203e+01
6.582382759462977795e+00,-1.611490457733902204e+01
-1.556413303051189301e+00,9.574209009330077791e+00
-6.083315419099239563e+00,-1.644882247865878000e+01
1.538022179923882149e+01,1.111587520522292571e+01
1.143231823738366160e+01,2.355153545332944187e+00
1.825261195570253347e+00,-1.015223179630828021e+01
-1.167181648880562683e+01,1.517720247956811042e+00
9.656607035434340958e+00,1.042342479723588866e+01
1.776801147296938055e+01,6.572670747032011818e+00
1.308090661483178074e+01,1.313143319414487475e+00
-3.791594750539382996e+00,3.487554328664675740e+00
-6.051524692009017770e+00,-5.440378327743923270e-01
1.766324367527946393e+01,2.123944459933480022e+00
-4.415768374455346645e+00,-1.218462785049147179e+00
-6.054184129074515752e+00,-1.348520107251535016e+01
-1.299633785034543010e+01,-2.349464061808463011e+00
6.373509235012455969e-03,8.624673548777947119e+00
1.467495315113775733e+00,-1.890091450548290553e+01
8.922958566968311800e+00,-4.258989432336022674e+00
1.591243214302191333e+01,-5.299630407501827456e+00
1.066879227141115827e+01,-2.437675022653287726e+00
-3.907727353253090286e+00,5.245326639459978679e+00
-1.436140752994997705e+01,-3.968170236528615558e+00
1.861534665943475275e+00,1.085978209437296371e+01
8.734017555561475632e+00,8.623343102139692462e+00
-1.673970169506723948e+01,-4.282586157809843641e+00
-8.815128035058711120e+00,1.074400270553904235e+01
3.053479612232866902e+00,1.653723824296219114e+00
-1.774854521180637690e+01,3.959492337580871268e+00
1.110378371778003448e+01,5.181712757456604646e-01
-5.203026818160830125e+00,2.392375945071437471e+00
1.505076526285000327e+01,5.698037514149179472e+00
1.209043758896430099e+01,7.879568348273023659e+00
-1.158412077659791350e+01,8.969626490858253476e+00
-3.926555416393564535e+00,-2.941284163927248674e+00
1.250913250884388761e+00,1.601350544873185200e+01
1.402420174341565939e+01,-2.622301984387660490e+00
-3.909320702341586795e+00,-1.347034090976320542e+01
-1.104844333338549411e+01,1.359843365927954473e+01
-4.756071939706627560e+00,1.548903455940718032e+01
3.152336915280518959e+00,-8.813479334361978834e-01
4.972654026313509057e+00,2.053885917844957554e+00
1.204187540486283226e+01,-1.295648579717837867e+00
-5.957905649716479957e+00,7.228067380367836137e+00
-7.501004742703092809e+00,5.104088356477256561e+00
-9.488314845039869994e+00,7.559793185282618566e+00
-9.987219943153323953e+00,2.205921893415994983e+00
-9.651036702527653333e+00,1.241915274118852430e+01
-1.466928277877397235e+01,5.942238641206957439e+00
-9.279415931900738101e+00,-9.261465664422930288e+00
1.112787930937679448e+01,-4.582503725703425346e+00
-3.504799142761572117e+00,1.189034557388586677e+01
1.022541864470707473e+01,1.562276698684069309e+01
1.165518288444744499e+01,-1.139363736342613720e+01
6.542019104072628544e+00,9.925601434560721303e-01
-5.316170387612586090e+00,-5.694205042719291399e+00
-1.288465855803537252e+01,5.313803970403843557e+00
1.173962366881053399e+01,1.032089733816143529e+01
5.383945663080117683e+00,-8.455153316681354170e+00
7.284865236056529803e+00,-2.924410141128630070e+00
-8.209054981259397366e+00,3.270756226545287859e+00
-2.859478164822015778e+00,8.337024462952989268e+00
-1.169144295956301960e+01,-1.003708908986944204e+00
9.661818783246367559e+00,1.698103919032647013e+00
-3.340408048836063681e+00,-1.869681044023782235e+01
1.506390251866849539e+01,9.321396542816387409e+00
-1.222424792782316949e+01,6.957387970561730306e+00
-8.554555158497059608e+00,-1.091282029816693111e+01
-1.261850883839557902e+01,-1.168095270734168523e+01
6.738546342892680840e+00,7.500162731548528861e+00
9.602781925287979803e+00,-1.590207301264675976e+01
-1.127155885151965364e+01,-4.291028768854011410e+00
7.269228837278767230e+00,-8.338096918237027921e+00
1.078768654715542574e+01,4.041808085700250963e+00
-6.258748518731521493e+00,-2.346939537269154386e+00
-1.097583899323771384e+01,1.070488881390528668e+01
-2.270711289026399182e+00,-3.802637879467826831e+00
1.383424317702502471e+01,-7.931574985671899780e-01
1.556837339262850506e+01,-4.810572784600642970e-01
3.012751159775615140e+00,-6.170631666818773731e+00
7.889948523053101681e+00,1.189315110168375966e+01
-3.049531520423584219e+00,-3.887836030752834376e-02
8.990815415892766893e+00,-7.882060413876233795e+00
4.643873439601020614e+00,-1.374064147016366988e+01
6.522388912208203493e+00,-6.630241690031130730e+00
1.190972137139670428e+00,-6.134968306006181038e+00
-6.432291148365139932e+00,3.664141382001028013e+00
-7.249869268887038309e+00,-4.083866506008301478e+00
-1.466867792831958894e+00,2.090614300592279928e+00
-1.029093227169532376e+01,-5.786589066300131812e+00
1.553389564720998806e+01,-3.536345504208004087e+00
8.467414035551504625e+00,-9.693210977283296614e+00
5.184833797425748791e+00,8.419602341758766428e+00
-1.541232581772311372e+00,1.145757071756805168e+01
-1.403373999176063869e+01,-8.691906266388766511e+00
1.221591711592560969e+01,-8.114290503457574744e+00
-8.068349265824819483e+00,-2.445017845217928976e+00
-4.624349287717367751e+00,8.777736985491069177e+00
9.026670493310112064e+00,-1.348026945741144722e+01
-1.081313539978004812e+01,-2.595075503402858086e+00
9.807307303073922733e-02,1.468602260040117535e+01
1.508459601010948248e+01,-1.028962141565395072e+01
1.646707481314354737e+01,-2.023197374690784756e+00
8.105824281426224687e+00,6.380547878933169770e+00
3.654050660584191590e+00,-9.721262017797808852e+00
5.365441847249806884e+00,-1.208451464134347653e+01
5.491505708968555055e+00,-3.219516711044488666e+00
-1.097837854925165280e+00,1.715222702026757773e+01
5.413437948770588370e+00,1.030402958012654580e+01
1.248221498158724518e+00,-7.951504440336873536e+00
-1.782992494743786960e+00,-1.493149781181326752e+01
9.659317863882739275e+00,5.512034524311157035e+00
6.214207635702852173e+00,5.149925139422044218e+00
1.479703098696191432e+01,3.947794727483448174e+00
1.758307944353090013e+00,3.662671958889517909e-01
-3.114251931161233777e+00,1.645909586668522095e+01
8.064105827544516103e+00,-1.501801405241299037e+01
4.686650307178013009e+00,-6.783209907529904825e+00
-1.317081580465547130e+00,3.002906983997451484e-01
8.895691198369137354e+00,-2.181198384619504438e+00
5.171716606990206522e+00,6.647367780759632971e+00
1.447471126989732149e+01,-7.863458458509524185e+00
1.385118273817503365e+01,7.933119197099342657e+00
-1.343347593696977782e+01,3.556790855790826988e+00
4.456035590191116391e+00,3.422671779934912673e-01
2.580398237582969934e+00,5.567033137603778492e+00
-7.891300450072838757e+00,-5.754505811308837648e-01
-3.219489929897780822e+00,1.441886358899470011e+01
-9.900070865598891601e+00,4.056928879241676000e+00
-6.347049580172123839e+00,9.101280066097631405e+00
-1.838095423157233288e+00,-5.587342445168329341e+00
-8.567373075711389063e+00,-1.693002390918520561e+01
-2.210046623143592459e+00,-1.801970656886615618e+00
1.353637298282371404e+01,1.053096795919388562e+01
-9.079652094090134185e+00,-1.259849020387045826e+01
1.256338050399635797e+01,1.239732028112247342e+01
2.085880964523109116e-01,-9.421727443775671063e+00
-1.192645812252894544e+01,-6.785920076750724839e+00
1.591578510993503226e+00,7.217714345711605084e+00
1.634624645009943578e+01,-7.940369394242208223e+00
3.287735897844122679e+00,-1.847381784985284980e+01
-2.112345074189330568e-02,-1.123878561467661541e+01
-3.190559107933174321e+00,-1.009954157033898170e+01
1.022648024389361865e+00,4.639863768929415322e+00
1.141705600463438230e+01,6.177285312578717047e+00
-8.447530708276046241e+00,-7.120205746121981427e+00
3.414979114870828614e+00,7.111349111652801369e+00
1.747425588332527369e+01,-6.426673863141412646e+00
-1.155600638911373679e+01,3.359650774579330701e+00
-4.684229187758528035e+00,6.178171892013225586e-01
-3.296374458196108304e+00,1.004851667272176563e+01
-1.507583801927013312e+01,-2.305882006226500192e+00
6.343209423853169326e+00,-1.426468192568715843e+01
7.184761906853724511e+00,-4.698161876565015938e+00
5.381771335244255106e+00,1.517244239683810214e+01
7.067860704777431557e+00,9.312168139839533509e+00
-7.622084767802723704e+00,-1.541313761656944337e+01
1.243562831737635754e+01,4.698698504774585949e+00
7.864073697068357127e+00,4.394903154030718184e+00
4.927749602780540528e+00,1.332729067469130158e+01
-8.156938306906768688e+00,8.744735265024740301e+00
-7.181519254213002412e+00,-1.208245788735593429e+01
3.472294981683866855e+00,3.442718643558424496e+00
-4.834780182678612981e+00,-9.325454888510508411e+00
-1.495051827247127596e+00,-7.856640251153634402e+00
1.054987895051830726e+01,8.790152438242854416e+00
-7.192355961127039343e+00,-5.863959026734527846e+00
3.022159018461416213e+00,-7.971612060614802431e+00
-1.775378296465311145e-01,-4.949610358923347775e+00
1.326215265065732929e+01,3.060275399954575537e+00
8.610696087069827698e+00,-1.171592132536452446e+01
-4.969249453603804767e+00,-7.482041091021342183e+00
-1.163162514294316985e+01,-8.659453690638947876e+00
9.800363589906769590e+00,-6.494785883435008067e-01
8.120555012570607190e+00,1.877848448963896077e-01
-1.413138840884014868e+01,-1.067029884186521116e+01
-4.355344237101886229e+00,1.779665827437053238e+01
-4.829697567845112616e+00,-1.509207323202016937e+01
-1.338140572135352002e+01,8.333840856937101194e+00
1.136488057145009334e+00,-3.194388742923531144e+00
2.150024875245982958e+00,-4.626969123212513857e+00
1.695613361155094534e+00,9.104473408160254522e+00
6.717694354631470466e-02,6.229691145637001881e+00
-8.451939836056952871e+00,1.296352954482446140e+00
-1.183784074301911238e+00,1.336953827974857489e+01
1.005233279587996442e+01,-5.987051328204056055e+00
-1.702094798286630706e+01,-2.421848745744692888e+00
1.054460865846457907e+01,-8.805496181789211008e+00
5.401114898640087425e+00,-1.022583022878060710e+01
