3.671591198018409052e+00,-9.798188178146534366e-02
6.890395036613177204e+00,-3.308957189423258338e-01
-1.816415888214201502e+01,-5.555570208136690447e+00
8.450962908063363033e-01,-1.590883308921038441e+01
4.277341111001659257e+00,1.037964595728269224e+01
4.249293037541177043e+00,-9.323390580767078717e+00
-3.715156457379169552e+00,-3.475479457572203112e-01
2.153394835929339557e+00,-1.017034505236457598e+01
-1.007014048078126445e+00,1.407948933408832204e+01
5.281302721406248679e+00,6.629064056892182144e-01
-1.331989702579843993e+01,1.079627075806567227e+01
-1.092455722604276147e+01,1.420847633722341352e-01
-3.809796678256652580e+00,-1.310991561798402394e+01
-8.401898861787438832e+00,9.146802758016285395e+00
8.887798238433367359e+00,-6.829616036120838451e+00
-8.129881605909639930e+00,-1.887100358577844084e+00
-1.314306359265997948e+01,6.580265039690488038e+00
-3.370955526903455013e+00,1.496386760812467998e+01
-1.083217613464305629e+01,-6.653720665972717718e+00
6.002179584277519631e+00,9.766801308653375813e+00
3.333752853069039679e-01,3.165412449204678680e+00
1.212838322352162734e+01,1.399620850607569622e+01
8.119009401754992084e+00,8.402391963687843912e+00
-3.062374127608110452e+00,-2.102123813724146473e+00
-1.694764505847135538e+01,-4.171432724937731429e+00
-4.725506577096577843e+00,-2.688623355447862906e+00
2.863723863436524741e+00,1.161145584712969736e+01
-9.387218957791231944e+00,-5.459986204135633514e+00
1.585101279274758923e+01,-1.301584469452745196e+00
-5.729541854337189655e+00,4.088049050113489180e+00
1.058611961529123402e+00,-4.885297189736228063e+00
-3.001230771655146956e+00,1.151955683885526227e+01
1.081596598451720848e+00,1.181829050444656382e+01
9.152225812371600711e+00,1.048634593523506853e+00
1.108569349286484318e+01,1.248781890457002675e+01
-1.371647970390183957e+01,-1.314721338438035403e+01
-6.039633734016354616e+00,2.332782449196965313e+00
-6.971060316762478948e+00,-1.294347575784055238e+01
1.242152205627507833e+01,1.052075246196940128e+01
2.195750228320596076e+00,1.897723881681740110e+00
1.578999700683554330e-01,-1.356436041849564900e+00
-1.755746080865570846e+01,-7.233009164848022365e+00
-3.863793625772878659e+00,-1.101885785480977908e+01
7.354918843401313744e+00,1.362731322011214274e+01
1.398458096479825841e+01,-1.237981063155498385e+00
-1.104893138727530655e+01,1.157917453198667879e+01
7.301974322749568813e+00,1.448495755870609747e+00
1.134223332730232947e+01,9.032955959222675801e+00
5.785558161077723582e+00,1.161787459666584255e+01
-7.538517730641258296e+00,4.287037820650525966e+00
-4.089532340941916644e+00,2.988767531920790699e+00
1.774295358051720228e+01,-1.121522988032915613e+00
3.297288268268593558e+00,1.709779545897658792e+01
-1.142303343145119143e+01,1.912139381931984294e+00
-1.829058214106514368e+00,9.872790625389500363e+00
-9.226476877151412737e+00,-3.670823695791227248e+00
4.849909530109237643e+00,8.383099868774303687e+00
8.020079130640064946e+00,5.686203032015561654e+00
-5.360197569567382914e+00,-1.214159639666173440e+01
-3.591831868705223640e-01,-1.879789832704627983e+01
6.303590580891410333e+00,1.513151644149693631e+01
7.125966942999029996e+00,-7.940022187499334194e+00
-4.018257488469202166e+00,-4.309203691617844889e+00
1.909594207753801287e+00,-1.672729117792952636e+00
9.752498559051394622e+00,1.127613663545196054e+01
-6.988104034233653117e-01,-4.785447500925260833e+00
8.873864042727264589e+00,2.828221936158054284e+00
1.624192905828385136e+01,-9.783242385952055642e+00
1.432021660296975973e+01,6.201706704793796376e+00
-6.694206641279266456e+00,-7.897193107362518560e+00
1.219482738029802782e+01,3.128734128902445288e+00
4.847936796999057663e+00,3.967172408117614513e+00
-6.241676672690560146e+00,5.738181755254513350e-01
-8.596571798151181554e+00,-1.206397626762074715e+01
-1.521888714879952609e+01,-9.970336862290924973e-01
-1.036737176522540871e+01,4.888608293482522349e+00
-5.659297607513045669e+00,1.813521191217471085e+01
-1.258285306722660657e+01,1.253851255646762297e+01
-9.086699822622103184e+00,1.614087799775804299e+01
-9.177416122279391075e+00,-1.500697884586534947e+01
8.980487588843361735e+00,-7.402380522952035635e-01
2.481828387127657631e+00,-1.327646404277681214e+01
-3.379248168939081864e+00,7.841074200575453901e+00
2.171486215920678031e+00,-3.411266167642169389e+00
8.091070456642269093e+00,1.191491060593466678e+01
9.843152995534959260e+00,1.589488171521930759e+01
3.291354552907105324e-01,1.833680188364698438e+01
3.819755217894038157e+00,1.309813058761496407e+01
6.334812350849100326e+00,5.009222944577183867e+00
-7.621069699958937349e+00,1.182063989653787317e+01
-1.282165127355933798e+01,-9.743541974105969672e+00
3.105421173577629812e+00,8.691724785726957947e+00
1.212073895168393456e+01,-5.247058274155139479e+00
-6.383049390247796495e+00,-6.121105967448730922e+00
8.721253253394218419e+00,-8.812409262231685858e+00
6.283309463241224524e-01,1.481040156944061437e+01
9.228396195883375341e+00,6.966565002064763590e+00
-1.410304481756686101e+00,2.791869292162684868e+00
-2.817110386485420115e+00,6.133836011495240825e+00
1.499592386177002368e+01,2.618139425250128327e-01
5.080278948824353158e+00,1.640412366874064531e+01
-8.644384087315829746e+00,5.641626101667116977e+00
-5.113171568833930536e+00,1.099376661336876104e+01
-4.846521899228368291e+00,-7.723733978190849392e+00
7.682882498471382826e-01,-1.412273459891331484e+01
-1.415548844215276780e+01,-8.181615005862457934e+00
-1.287557242557582704e+01,-1.155154881321356264e+01
2.088921818848060052e+00,1.373009962563098263e+01
5.751755156499622323e+00,1.810722768352155043e+01
1.321607048970658838e+01,-1.098028059701630887e+01
1.474466189364144242e+01,-2.877058874767293606e+00
-5.794978040374762607e+00,-4.400185091944975646e+00
-5.413702985925748834e+00,-1.428942175489717847e+01
-1.915380016786039086e+00,-7.110656964375163813e-01
-1.077380723164703191e+01,-1.120898772284529876e+01
1.840097197831945763e+01,3.166900986872925650e+00
4.573861177340358353e+00,-1.433646738230062923e+01
9.546916160466571100e+00,9.516909357784896883e+00
-1.206244684619314711e+01,8.054021287071055468e+00
1.698862911200825110e+01,-5.107485239197453453e+00
5.256686336755284294e+00,-1.160482081863838388e+00
-1.846190471435852487e+01,4.326015904828866887e+00
-2.697142117511319270e+00,1.333694410922295859e+01
8.181843005340185826e+00,1.531556946390296758e+01
5.020980047260780177e-01,6.709127105442001415e+00
3.672598598177438944e+00,-1.965997643543195394e+00
-1.542474287702143121e+00,7.408141303636098129e+00
-2.831700654607009593e+00,1.677908183915538753e+00
4.271103875933033756e+00,1.483527020639930427e+01
-8.711507529960677232e+00,-8.453760764732916044e+00
-6.682302553833487480e+00,-9.756935891155771756e+00
7.762411807995810875e+00,1.017797677683779334e+01
-1.331815691372425192e+01,-3.438138759838545333e+00
1.466631515641968164e+01,-7.828203312876132358e+00
1.037767226142964283e+01,-1.911125494431156868e+00
1.556328099860753378e+00,-6.698796773324186660e+00
-1.492185977012138132e+01,7.228376080951281146e+00
1.266611988985753889e+01,1.390425570312689985e+00
1.442717974139075388e+01,-9.670609079529814522e+00
-1.502495985155338110e+00,-9.429900311873899099e+00
-6.390005151090979219e+00,7.528744880294946817e+00
-3.813817872013793409e+00,-9.166985739960178847e+00
-1.581144624876313287e+01,-7.556190666613798790e+00
-2.207130259501229208e+00,-5.874484842167435161e+00
6.717187456913930710e+00,-1.341093186986852359e+01
-1.101122325813619351e+00,-1.396658388356799207e+01
-9.651958504402362304e-02,-8.365383339485035208e+00
-1.664688145125020569e+01,-9.157365992540277944e+00
8.465799145480429999e+00,-1.301461145433061262e+01
-1.163896521173010257e+01,-8.430928394337698251e+00
-1.355432800432191520e+01,3.916972306715080787e+00
-1.563070575956980512e+01,1.214150152304835029e+00
1.649596336844739497e+01,7.016842216307927593e+00
-9.905627203667476621e+00,1.005776213145375308e+01
-1.353851471967018938e+01,9.045149434243329623e+00
-5.778496390006960581e+00,-1.165771603117127464e+00
5.970352462470671639e+00,6.782984609288281952e+00
2.492468400382212845e+00,1.549548035206859531e+01
-2.031804667444169876e+00,-1.112079422631624759e+01
2.325588066374875140e+00,5.162183391999217719e+00
-6.593203465141924013e+00,-2.798904307286829596e+00
3.962755281027958709e+00,-3.734070844346836004e+00
-6.301057907432720206e+00,1.305586437610622674e+01
-1.099454473107160712e+00,5.694243549036464458e+00
-9.695765500017214933e+00,1.431953216214322033e+00
-8.031642415140812119e+00,6.892676808264626143e-01
9.159407907406709626e+00,1.351196817165630293e+01
-1.130656856405632738e+01,-4.752863866323563613e+00
-1.713749599590602557e+01,-1.340491959566979085e+00
1.493372266746404087e+01,7.907472581232220854e+00
-4.362891309519140171e-01,-6.574530570689360864e+00
1.014994556796233383e+01,-4.996101658067699347e+00
-1.176962466715794164e+01,9.848205468564021459e+00
1.046688333624351586e+01,3.669905144109133044e+00
1.090686878768618051e+01,1.606453593259711043e+00
1.438887907439027813e+01,2.054042438799709380e+00
3.910255155400359506e+00,-6.632500448154146966e+00
-2.312104022150749838e+00,4.309634940159980054e+00
3.108465420620209141e+00,3.478984094802460625e+00
-9.310008973519440900e+00,-5.830732067225060655e-01
2.438455441279786307e+00,-1.680880795692473484e+01
5.633198029086641689e+00,2.386173607760802451e+00
7.866553956314064955e+00,-2.190902727557349827e+00
4.144215049364529335e+00,5.645992063494245983e+00
-6.469707756009605681e+00,9.735415739638533239e+00
-9.603896204025080152e+00,3.240807749508956004e+00
-7.864084876076866237e+00,2.473207515318391891e+00
1.134266339807598101e+01,-3.613561040770528976e+00
-9.723169695099933563e-01,-1.574477670074505831e+01
-1.591966871230362379e+01,-2.737262901554843086e+00
6.536658114187632762e+00,-6.274059248021788271e+00
-4.608212353818995410e+00,1.228701164949911107e+00
1.850022809930041534e+00,1.060268147244784465e-01
-9.830984702945769982e+00,-1.332470501959165787e+01
-2.230716424834396361e-01,1.063259879117373430e+01
1.319827998397712143e+00,8.322171024815760987e+00
8.403166609845595048e+00,-1.123880000119201128e+01
-1.136598427566792502e+01,6.411979532885625943e+00
-1.455307220522960066e+01,5.412200990813494705e+00
7.132248909997359831e+00,1.684090057397519757e+01
1.680574353896420403e+00,-8.449870328927103103e+00
-1.463299622672635536e+01,-6.154627647126942769e+00
-4.278791368505663884e-01,8.787028187976630988e+00
1.096092460459740003e+01,-8.721903428646738732e+00
-8.270324023895582854e+00,7.399811242677603929e+00
1.497835111812691800e+00,-1.843282713499937486e+01
-4.500961896010649888e+00,1.291892164036561930e+01
1.076970774583367874e+00,1.659278050405196581e+01
-1.865685776626160219e+01,-3.550417148396264544e+00
-4.869391617824402552e+00,6.412303858058071349e+00
-1.173352313796840463e+01,3.726173170523605638e+00
-4.018507119050721776e+00,-6.114675823247226916e+00
9.757702358335295756e+00,5.289918209452588727e+00
2.632634955271009325e+00,1.878435398284436175e+01
-1.253120005572975204e+00,9.143903353978781734e-01
1.814887308728274196e+00,1.010553921904489449e+01
-2.509696920560050781e+00,1.684706758715265451e+01
-3.607142021225290041e+00,9.809486847843178481e+00
6.995613816802312535e+00,-4.445087751521092478e+00
5.044989402985875504e-01,1.401891884215131334e+00
9.927730775541611763e+00,-1.020382638915446449e+01
7.125117684624830972e+00,3.387947071347264583e+00
-6.538223957475633341e+00,5.733626292011848591e+00
2.482821213180280484e+00,6.986964174099060010e+00
-7.522062925778000064e+00,1.511519491030000850e+01
-1.656780653330454101e+01,6.580613441525185792e+00
1.103933320710216925e+01,6.839869339796065262e+00
1.105774107198650036e+01,-2.038087983723721741e-01
1.647952392768154084e+01,5.173629182540475213e+00
3.743499475856919556e-01,-3.240558942671081244e+00
-1.021642181411262662e+01,-2.172712960863601328e+00
-8.514319173189464962e+00,-1.031084865322947230e+01
8.932106058586228414e+00,-3.685423097794023217e+00
6.172647721811416410e+00,-2.851925584399591873e+00
5.560075140470341459e+00,1.344480465158666860e+01
-7.621000661767983964e+00,-4.418085955133279619e+00
-1.270479034085192716e+01,-6.996980696804030231e+00
-8.109889668606758306e+00,-6.744594106480325202e+00
-1.638466438651129664e+01,-5.852303186298795090e+00
1.221377832343761582e+01,-1.275153506145825588e+01
1.338381701424895098e+01,4.486317314176580417e+00
-1.159033924601042997e+01,-1.289972843016320780e+01
2.908651291834949859e+00,-5.152028309505713999e+00
-4.016776338379632882e+00,4.825853982257100938e+00
-1.021815548968851495e+01,-9.525219943782296639e+00
-1.267727962503764960e+00,1.209853959665552203e+01
-4.952185300250500077e+00,8.666680968492117998e+00
-6.636078514309343923e+00,-1.663930613683562498e+01
1.158648373142185406e+01,5.119470141106776673e+00
-2.761090810015609964e+00,-1.471637258541661453e+01
5.311464453975066391e+00,-4.952744921030738823e+00
-2.293577914993238043e+00,-3.978954175170164032e+00
5.708487687306521563e-01,4.927464975466548047e+00
-9.380717576682583214e+00,1.223414728121873907e+01
-1.239420732012623816e+00,-2.446346579986143688e+00
-1.310035444952240447e+01,-5.238457050001686710e+00
