3.976498288379624935e+00,2.974603846011782071e+00
-1.400717461818557652e+01,-1.257050628982772622e+01
-1.270128798432622830e+01,6.587742984931433732e+00
-5.374111132455606565e+00,-1.434755409979706187e+01
-4.273297349770891707e+00,-1.273724288907178703e+01
7.366527405230585579e+00,8.769104072283010254e+00
-1.745861589671366287e+00,1.285780123475560721e+01
-1.029886447780864955e+01,-3.509432199773260486e+00
-1.917942825224770109e+00,-1.120197167174332620e+01
1.056835869461066046e+01,-1.020398822477380918e+01
1.340482886924786321e+01,-7.754064711691328604e+00
7.056102233038224369e+00,-2.912808264031146344e+00
1.496461060480812932e+01,7.167936465794372936e+00
-7.345996538516752494e-01,-4.812107463550276520e+00
6.954999234026019828e+00,-1.068695734746734161e+01
1.773453391377038946e+00,-1.133203536451506110e+01
-4.410317350664804792e+00,-1.056157471990258934e+01
1.630372656211835647e+01,-1.059364248227919081e+00
4.773191148705601350e+00,1.700604279407922448e+01
-8.149015790997953701e+00,1.413993185684946363e+00
1.416935980152939933e+01,-2.055033613420874872e+00
5.688019133594838017e+00,-1.706085630374267081e+00
1.068085918853718219e+01,2.918616605871458880e+00
5.811555584516664652e+00,8.924374991787376032e-01
-1.408834852504170065e+00,3.053190267374664479e+00
-1.306370137740293025e+01,-5.978636872153475501e+00
-2.865551912192151107e+00,5.029621520197043338e+00
7.389827002838686099e+00,2.043658236099942904e+00
-8.446120738602391764e-01,1.573612376085260856e+01
3.335451526418851120e+00,1.193782042809327137e+01
4.707974460100523117e+00,1.345357594245487043e+01
7.295177275414796547e+00,-7.600246664225460691e-01
-7.365516112377745728e+00,-1.193185231604168628e+01
-8.153674251695534281e+00,1.064401644923746915e+01
-1.639546425823953157e+01,-4.500901755335687149e+00
-1.573349129262706647e+01,-6.188429065835763687e+00
1.174189076888790151e+00,-9.662670495227470013e+00
6.963871438410473402e+00,-1.297099768194380687e+01
1.638231165071271889e+01,8.202868251870313321e-01
6.664795319129762641e-01,1.712833864261102335e+01
-4.012303857775516569e+00,-1.292252397325504676e+00
9.209442570888489499e+00,1.046397509862998376e+01
2.368675921798404360e+00,3.860248839418508382e+00
-6.995608373139570624e+00,-1.505838357076033240e+01
5.175185371944953872e+00,1.172989938816173350e+01
-1.534069450220696673e+01,-3.088884324645139845e+00
-2.247831182282980234e-01,1.044453840012341850e+01
9.058563974353804227e+00,-3.630878737467417294e-01
-1.577560994733987521e+01,1.885538940979681444e+00
5.178995319938479724e+00,-3.441360374769675268e+00
1.062131503587636416e+01,4.701726622316430237e+00
-1.198685188108680144e+01,-7.603410421030099009e+00
4.510528823612693472e+00,-3.833697191055956965e-01
-1.488592921490490539e+01,-9.092755929410692772e+00
-1.132007748705499139e+01,9.740033547138260417e+00
-9.575654509560854732e-01,9.403365385603335014e-01
2.362001135715352085e+00,-1.491627417879792361e+01
-4.609092006476383396e+00,1.333796773995121399e+01
-2.367557291594862168e+00,-4.052012174013773560e+00
-9.108403402755189671e-01,-9.474272720870475339e+00
1.281253866891938653e+00,3.894490822694253174e-01
-1.904676802414219994e+00,9.650412101584391777e+00
1.174158778511228363e+01,-6.850809272925152626e+00
-1.422778453724326475e+01,9.813295776830612382e+00
6.290185177285481100e-01,5.974674934668263049e+00
-8.201984860425749480e-01,-1.096390106615256377e+00
1.875421109690227794e+01,-3.036568206951377746e+00
7.884277376990107555e+00,1.451528540220784436e+01
-5.597815737652181767e+00,-7.101748250944948104e+00
-2.446850965213397178e+00,-2.218332604012743570e+00
-1.789349637637402424e+01,5.015818276131893683e+00
-8.825973789751563103e+00,7.169717720954603912e+00
-6.823551653699101438e-01,-6.568652862440202966e+00
5.303215229393637209e+00,-8.510645611815109035e+00
-1.390998797725155356e+01,1.382669874337621563e+00
-1.607261601835654474e+01,9.931356237129540077e+00
-4.833918215871563895e+00,2.492574167628444304e+00
5.631585752061169181e+00,4.478698211653915351e+00
2.524531425249630257e+00,-4.745327386103349809e+00
1.164730948009498235e+01,-3.570315358912718562e+00
2.415060634200363321e+00,-2.920075245447976808e+00
1.419364660455880589e+01,3.238162423938498513e+00
8.810291896347081320e+00,-7.606972715311300703e+00
-1.398079944297071364e+01,-5.135513662960532466e-01
1.397447152678934579e+01,1.284125593421881639e+01
-2.973400889259274482e-01,7.486498176124767312e+00
-5.872294692876820044e+00,1.551688587021911658e+01
-3.876375732279058628e+00,1.004443540743970331e+01
3.564729517649130930e+00,-1.119895266372003384e+01
1.120515300900496314e+01,-8.544494723821969728e+00
-8.952052153489832520e+00,-4.697540767635276282e+00
-1.212865392760507532e+01,1.705352191920378013e+00
1.339807946486319779e+01,-1.079678395917695788e+01
-2.423153761868682032e+00,-3.034761679291755887e-01
-2.284997756619550291e+00,-5.842300928772535151e+00
-9.423165503631093287e+00,2.872536240404884200e+00
-6.289578148244609146e+00,6.388733298576597441e+00
8.227747646856946595e-01,-3.815713158673533112e+00
-1.315511388256421554e+01,8.345882316211673313e+00
7.929413095602916961e+00,-4.442000116392094355e+00
5.195702464743109407e-03,-1.406023537013208902e+01
3.979712275569766700e+00,-2.084897480472475806e+00
-1.311069346435527549e+01,-8.985754033083614090e+00
-1.356509184146953650e+01,-3.262610651481056667e+00
-4.260341973267931515e+00,-8.677358531121198482e+00
-3.830948629437965103e+00,-1.663976607297603749e+01
-9.173497918903768422e+00,-1.183297876775078628e+01
6.125443183205760977e-01,4.096535708849580182e+00
-2.626264689212413739e+00,1.519706094986681411e+00
-5.672234561480964388e+00,1.025926403764291628e+01
-8.566585391211287259e+00,-1.968115206589076793e+00
2.369380496638959499e-01,-8.148273207786887795e+00
-1.177099370092578173e-01,-1.129439924790287009e+01
3.905924625573980791e+00,-7.202426147087613195e+00
-3.615566460144628014e+00,-1.488348338196196430e+01
4.389522358441431571e+00,-1.514945623541196085e+01
1.245048882396141465e+01,-1.381724090620316980e+00
-8.100474985837147202e+00,1.531236513516914677e+01
-6.094920791892725731e+00,-8.821379468841739069e+00
-1.858404833197102235e+01,-1.618199588279876533e+00
1.397030737632822373e+00,1.544646705775702422e+01
-3.211924571878611356e+00,3.205405336477888056e+00
-1.575958594940827595e+01,8.014531699014802724e-03
3.539384876412543068e+00,-1.333457943505223220e+01
-1.447467552205027275e+01,3.086113462574850530e+00
-1.287255259081892156e+01,3.818850690311478946e+00
-1.838037465648870050e+00,6.485009596456971614e+00
1.825381342752220082e+00,-7.174274622031428628e+00
-1.247908306163489911e+01,-1.425902228609648859e+01
1.241382357232624578e+01,3.283601802881839227e+00
-6.275152627315466525e+00,4.516241811291191510e+00
1.671137929584694604e+01,7.917399417921494376e+00
-1.615325915715390792e+01,5.677452710756381471e+00
1.131550576408837649e+01,1.119826789940668021e+01
1.480327431867838150e+01,-1.084826348741309981e-01
1.702294604101379250e+01,-2.677378259465980737e+00
-9.205258851384215291e+00,-1.755845384954348720e-01
6.646357770332360637e+00,1.738078769384535249e+01
9.115478963107381816e+00,-5.819273914089158062e+00
5.763829977786364189e+00,9.681891658754883778e+00
-9.019422920680712608e+00,5.394340426204190742e+00
1.287801858448609060e+01,5.033981648415505106e+00
-1.563590086578503957e+00,-1.497531330473917954e+01
2.241556661053148325e+00,9.970843147400641371e+00
-1.192282715787617775e+01,-2.441383926209710342e+00
-7.161977196970246151e-01,-2.885974538428062175e+00
2.394491845419246534e+00,5.932943056936725412e+00
-1.139442094837273167e+01,1.476906561656860717e+01
-6.178516815851130772e+00,-1.063546635014713182e+01
-5.700443890801390801e+00,-7.853727080855170684e-01
6.910437940803713097e+00,1.117576925057353954e+01
7.831211154395809615e-01,8.963552225265297935e+00
9.110583599882434713e-01,-5.590100383226455527e+00
9.045698065766048401e+00,-2.968743602807049520e+00
-1.778331343969449563e+01,-3.368550902522885693e+00
-7.783240368654847252e+00,-6.920638378494705201e+00
1.079091626483458199e+01,-5.232463446338267765e+00
-5.899133858454684187e+00,1.014728167493616828e+00
1.504322291510238330e+00,1.168041070912503976e+01
-7.251340853296534661e+00,-3.921878685257695896e+00
-7.871041764442144206e+00,-8.766175015588418162e+00
1.553091151248877466e+01,-5.489898593669032323e+00
8.891255440042781979e-04,1.404250272057491777e+01
5.759550178710893142e+00,2.702657730934127756e+00
-2.146540788558064072e+00,-7.709299912415417566e+00
4.593066639267221696e+00,1.524237111818745127e+01
-6.588487754124207285e+00,-5.605997212711478994e+00
-1.122148013076104078e+01,-9.212141958913107942e+00
-1.155424056805956834e+00,1.760342904463043112e+01
6.190930917205231587e+00,-5.030537331955772906e+00
-1.025552239099446084e+01,1.307718064685081227e+00
4.245139235055538585e+00,6.563214195636332349e+00
5.570316032824164765e+00,7.933455003722322374e+00
-9.864095821040131939e-01,4.848417729370460449e+00
-1.182328388197110769e+01,-1.089999384176083019e+01
-1.030795063976761661e+01,-1.638197873220378353e+00
3.848200787032076242e+00,4.827667145401461468e+00
1.216743011177922185e+01,8.276330225659686235e+00
-1.115141708307035096e+01,3.391492338636523662e+00
-6.726310756112574119e+00,2.600310652693565761e+00
-1.134020441496939924e+01,7.855729252363557791e+00
-9.285183443400290670e+00,1.250225959246454899e+01
-1.133960355955640331e+01,-1.263611304306310856e+01
6.383092923794279727e+00,1.548663103458880386e+01
2.107645912851187298e+00,7.742930081129169473e+00
7.515810835372286114e+00,4.393541741970770964e+00
-3.305880177135602782e+00,8.331121384887607562e+00
-7.438066908479574302e+00,-2.116402986713916967e-01
-2.562704355678889989e+00,1.630567571302413654e+01
1.069033723289921056e+01,-2.040014296435364916e+00
5.006760632240879971e+00,-1.220656922647587805e+01
7.371844794594957229e+00,-6.404709909258974321e+00
-6.983071942333149096e+00,8.710101111495664128e+00
4.340220285697630409e+00,-5.046431532606262316e+00
-9.270319084239096341e+00,-9.932270414352442955e+00
9.457596940775621519e+00,7.684627204381172305e+00
-2.668719404995357536e+00,-9.606113837936337774e+00
3.644246883783548441e+00,1.213390422081943809e+00
1.855177958704356200e+01,3.445437717762640517e+00
1.157946111373525433e+00,-1.608127281790538765e+00
-1.611749136368288760e+01,3.845349764684244054e+00
-9.555573867913206954e+00,-6.349884698988432774e+00
-1.741924444111675996e+01,2.624435525852001128e+00
6.212948698507422485e+00,6.226029444727906537e+00
2.683581971039033842e+00,-7.188725252319487780e-01
-6.714920590337349893e+00,-2.220902354160505965e+00
-3.711622530221281302e+00,1.770733539437555848e+01
1.250739593872282285e+01,1.396667823659346652e+01
7.769171118129230891e+00,7.058272958881313563e+00
8.829220186871143738e+00,3.111832900785044487e+00
-3.980433728869184673e+00,-3.187244867008215188e+00
-1.157315122357386805e+01,5.167165561411514396e+00
1.589461653348008419e+01,-9.819144364150135473e+00
-6.972601610472013434e+00,1.216122677867224411e+01
-5.758663385210847530e+00,1.766927946206915934e+01
2.807954982592381743e+00,-8.715888719672994611e+00
-1.520946780280643296e+01,7.925735389523813623e+00
-3.799715590665315723e+00,-6.977276309615461969e+00
-1.141611635961254656e+01,1.184597496395545591e+01
6.926308050512550274e+00,1.296511046180423676e+01
-1.670727411719413880e+01,-1.509290370165343287e+00
-1.450240174962557482e+01,-4.783954953610598970e+00
-1.128401003672682279e+01,-1.307978445525707911e-01
1.636135744869103803e+01,4.253634630939830075e+00
3.836305677533384362e+00,8.332850018718900742e+00
-7.995778866348448588e+00,3.891574639651447232e+00
-1.200385158978489919e+01,-4.207589840926585723e+00
-4.021365363618103927e+00,-5.095680317242682555e+00
1.321681228888756721e+01,1.574558277753111968e+00
-4.195269418693809982e+00,4.903984921140289166e-01
9.738160060056227252e+00,1.283639959667558728e+00
-1.762682702444994831e+01,7.041655985341286339e+00
-5.109348885239776372e+00,8.457340488403522372e+00
1.703018908775208118e+01,2.485761083523217341e+00
1.083497393501690098e+01,-2.562279196818954552e-01
2.017966293080844853e+00,2.080660791378045715e+00
-8.851849872551012410e+00,8.993785586435974366e+00
1.738881909185365782e+00,1.369625015063372864e+01
8.839398152544703180e+00,5.635079462825173913e+00
1.368278843482724128e+01,-3.745176308545201227e+00
-4.453255868462850486e+00,6.767185967466307517e+00
-4.518415243314679586e+00,4.427551111933579975e+00
1.637332760103111085e+01,6.041599729877713543e+00
-3.013451513173809548e+00,1.163483214022579837e+01
1.472640829754820402e+01,5.037950822931637873e+00
1.722266373407885576e+00,-1.312140012026912750e+01
1.553839130854427530e+01,-3.706651465896060760e+00
2.607016705801556977e-01,2.269523705258206903e+00
-5.496853549547246587e+00,-4.134247286486901984e+00
-1.368726388237218039e+01,-1.077153042089262769e+01
-8.149662469619222804e+00,-1.365634274760095224e+01
-9.703498815518880605e+00,-8.132939638628998935e+00
1.822559678524099169e+01,5.278007564458243372e+00
-1.129728283633550134e+01,-5.946698312700040567e+00
-1.721909588305408523e+00,-1.306833554222975913e+01
4.065361732045702503e+00,1.029736099329572951e+01
