1.893131897162809807e+01,-1.614051422499970911e+00
7.486060243743682285e+00,1.071603540056042903e+01
-1.857806686099968685e+00,-1.126838488354679058e+01
-1.784207094620689205e+01,-4.259451498993444218e+00
-5.926197875208930377e+00,6.034402172647106433e+00
-1.858514886641302510e+01,3.924899943488965537e+00
1.101836263760352530e+01,4.278490565683368274e+00
-4.168850800062061879e+00,-5.308545695349957683e+00
-2.017867709118899899e+00,1.795726381503820335e+01
7.783251784298444775e+00,6.115503771220169860e+00
2.003789009603470228e-01,-6.349134743496851918e+00
6.057390343797766974e+00,9.614413634104716166e+00
-4.071025220637500830e+00,8.718108775556155265e+00
1.693518828695059764e+00,-5.318929848947634653e+00
-1.299492295858599533e+01,1.365180253386516718e+00
-2.731954737259906896e+00,4.019720468839269145e+00
6.464687327461009048e+00,1.433569117974287188e+01
9.528327342663386545e+00,-1.210650400236447766e+01
5.021783097553065289e+00,-1.189258080883134117e+00
-1.074761920278945659e+01,1.632642494630621055e+00
2.810835159848518394e+00,1.773937241892568961e+00
-5.098855448121534906e+00,-9.209455358297221395e+00
1.407916912353453220e+01,9.838510185693401411e+00
-1.095114514378787440e+01,1.237896800446471524e+01
5.889437572126518639e+00,-1.806281504353042067e+01
-1.725409556620944640e+00,-2.070904513934731517e-01
-5.796712385065534434e+00,-1.279047443654298633e+01
1.134812180269221571e+01,1.178019954901155231e+01
1.588052857026630349e+01,8.116485659788478912e+00
-1.435752357634884291e+00,-5.713094043195195759e+00
-1.481160039853503108e+01,4.346577821112693307e+00
-1.585674568301283927e+01,-1.845662119526590705e-01
-9.937772303121235495e+00,-1.626892934727739437e+00
1.036984436374761920e+01,-9.408002862443332504e+00
-7.616731509120080901e+00,8.549389860726055446e+00
1.783546155337622396e+00,3.661038087603014635e+00
-3.581672769678504231e+00,-3.602552222593078390e+00
-1.583392339597775234e+01,-7.934539959380876972e+00
-7.903990129127423714e+00,1.129472483503518987e+01
-6.414359322687868570e+00,2.511864466199220214e+00
-9.587291592937001283e+00,1.047982128443692673e+01
9.557535608565812524e+00,-7.264913321359013354e-01
3.460068793700230128e+00,1.789285445235539029e+01
-7.410123992621389100e+00,1.323112339668062098e+01
-1.647778795773150051e+01,3.515041508862652098e+00
-1.053808155968355820e+01,4.199335073928347484e+00
-1.166176188702309169e+01,-3.030246522413076793e+00
-1.942788301918847660e+00,-9.418317324256392453e+00
1.384912485358882428e+01,7.430458250458096714e+00
1.859830148966306496e+01,-3.613616238835481109e+00
1.557439950971577325e+01,1.083264924640089433e+01
-8.084456481848338427e+00,3.376566794373570879e+00
-5.967397605299698427e+00,7.800019009137436399e+00
-9.953433989889942879e+00,-3.448981525212100330e+00
-1.793335391552762559e+01,4.760523190099575364e-01
7.176274194202740375e+00,-1.175378731554501854e+01
9.379263204712973589e+00,5.023041854393512473e+00
6.371967007530743743e+00,3.025317849889244126e+00
-8.814943622291876224e+00,-1.311309440113905822e-01
-1.335284520749564585e+01,1.350217529202828004e+01
6.918352311081936712e+00,-9.908093327168161935e+00
-9.161970594150156799e+00,5.660421772938613927e+00
4.239039081989324664e+00,1.515580206197970270e+01
6.459154775601390952e+00,-2.390076357716675926e+00
-5.350528243831755404e+00,-3.982577433301221159e+00
1.328101408591454202e+00,5.854844855404381931e-01
-1.120805999204137215e+01,-4.786411374799732776e+00
4.158810637746956473e+00,6.004355957240023578e+00
1.731468232684810005e+01,-2.355954526410880767e+00
1.319569702795742572e+01,1.147025010737563910e+01
8.043481278104628318e-01,-8.006365453436202984e+00
4.365913377235979276e+00,-1.329710766204193995e+01
-5.394088176209110408e+00,-1.598960131667629980e+01
8.080965578237334412e+00,2.330388853823222473e+00
-6.291055120091539443e+00,-7.869156820401171260e+00
1.159957140896448635e+00,8.563317848456200920e+00
7.763253448021909087e+00,4.276566744449073809e+00
-4.686638908630279765e+00,1.075809077123477664e+01
-4.829045002104681572e+00,-1.771491848904181055e+01
4.962091201505979043e+00,-6.914468876329803670e+00
4.494372376505697986e+00,1.045827998263203185e+01
1.146800886862299684e+01,-7.841838745031555646e+00
-7.019843434246545222e+00,1.675471717135605232e+01
1.441238907371051248e+01,5.488271824253884823e+00
7.156675459490800861e+00,-1.675003809000190103e+01
-2.728344719331941448e+00,5.977925715750994407e+00
-1.150324625917013677e+01,-7.004546728795576271e+00
-1.143522124277177143e+00,1.387857217576932278e+01
-6.113109706486151929e+00,1.188442589293252816e+01
-3.674133874765028285e+00,2.469137002999791441e+00
1.621870761668592564e+01,-4.216380438608713810e+00
-1.573164668160189805e+01,-2.105478498375833674e+00
-1.297965666226880010e+01,4.809946575712594097e+00
5.040463239523459649e+00,-1.157649934018806270e+01
1.296563185138141883e+01,-3.084771579881020021e+00
-1.661762150749952482e+01,9.189600312731720066e+00
4.659653971090651048e+00,1.331083420436965348e+01
-4.246806783673095609e+00,5.074820871739047945e+00
-1.726827009411510616e+01,5.139168196063789829e+00
-2.990172387555406708e+00,1.124339897275721967e+01
-9.814674849381493260e+00,-1.168351203336862199e+01
1.781664448685763702e+01,1.256948551448470841e+00
4.504266270751322132e+00,7.841609573056980587e+00
2.489793134888357518e+00,-7.394683212173788434e+00
-1.800851682063934645e+00,-3.214491425578215988e+00
2.813543059526724122e+00,7.252785333349828889e+00
1.142507931047793512e+01,-6.251329049303357976e-01
-2.577882864726815715e+00,1.509990228438830862e+01
-1.740274469093064980e+01,7.580349275425814604e+00
1.153523816818733572e+01,1.839797868129216640e+00
-8.949164128632057569e+00,-4.958756189303411333e+00
-6.895440603491103992e+00,1.497075529411088191e+01
1.257205860756222870e+00,1.541822152025580372e+01
1.496828000220889443e+01,2.319321171131905501e+00
9.550954435420921484e+00,1.167433149329165332e+01
-8.494071901845538786e-02,-1.127317594673428225e+01
8.261447517179224320e+00,-5.947127192003174301e+00
9.870311272868098840e+00,9.931821873462466144e+00
-6.002287311211522258e+00,-5.944219137333378811e+00
-6.703211252043339563e-01,6.837823086747447654e+00
4.873764574839057673e+00,-4.704204661872798177e+00
-1.291485112114193967e+01,-1.037644029652347655e+01
-2.494260760424351631e+00,-1.406675688082117048e+01
-7.065980343308114753e-01,8.612173996757652716e+00
1.567397414256460308e+01,-1.491154676085382214e+00
6.208923660508131742e-02,-1.405811253290098328e+01
-1.395398355526909207e+01,-7.505663177421687315e+00
5.101211496812400270e+00,-9.809457580669352694e+00
9.882975980884211253e+00,-6.935210980123810209e+00
-5.060247451539057195e+00,1.370857027037937437e+00
6.502997283325179012e+00,-7.883545470031125824e+00
1.190629385577421395e+01,-1.026290884590757635e+01
8.268190461928456969e+00,-7.920348562860902497e+00
-2.303072056890635544e+00,-1.677748832665713508e+01
-1.269044271269223678e+01,1.185215180180458461e+01
6.499176620161199125e+00,-1.504206682857606125e+01
5.178082168305871313e+00,4.363517747153180082e+00
1.712012602457887223e+00,-1.085795631715487986e+01
-1.247625948978414989e+01,6.851291367165647017e+00
7.072181748144974911e+00,1.761976950719909496e+01
-5.340853694940808083e+00,1.728137655013405904e+01
2.786411984319484780e+00,-4.999981645496842098e-01
1.479575036116732534e+01,-3.045322376840243539e+00
-8.819797036475891971e+00,1.447816244557763810e+01
-1.202871710990657927e+00,-1.534552862427377384e+01
6.376600393641322917e+00,7.815141003270584363e+00
6.521411732256645166e+00,1.229064760843786797e+00
-5.312034890390771480e+00,1.351238381233204855e+01
-1.136168950364012353e+01,1.020719388704807251e+01
3.164145575650310516e+00,9.004832415500615639e+00
-1.101756137478438724e+01,-2.409213786895926801e-01
-8.134701402353480049e+00,-8.142403964884568524e+00
1.318222458239385109e+00,-3.528886200831750308e+00
-4.712374247295364249e+00,-2.195902508283462229e+00
3.532998131907747030e+00,3.574074444699549158e+00
1.428649634155766002e+01,-9.738431361815052867e+00
-8.936211930615642896e-01,1.040054189108675331e+01
2.432174303045750108e+00,1.264176007622893394e+01
-8.054790202278472311e-01,3.278319243075972000e+00
-1.362625531440067839e+01,-4.529048057467660371e+00
-3.421710539209382507e+00,-8.433113713740556960e+00
1.580043120060751605e+01,4.294889356356303978e+00
6.452675750067151661e+00,-5.979973326001462475e+00
1.133711996158325075e+00,-1.176332216549486276e+00
9.783357416499137926e+00,1.408873396482041018e+00
2.337429191449047483e+00,-9.216410108205423057e+00
-1.501814424444454765e+01,-5.981802505468494680e+00
-1.442312315536818712e+00,1.214881819359771598e+01
-2.301035191435210958e+00,7.773870217418207496e+00
-7.493396173772494784e+00,5.066189534245070902e+00
4.128954668702050412e+00,-1.853833957633669982e+01
-8.952279320386249850e+00,1.749965222356316241e+00
-1.145951982884481168e+01,1.507881047512201178e+01
1.362726101258460787e+01,1.320391713411421186e+01
6.735902520063562271e+00,-5.829092983857030452e-01
1.102713595316932604e+01,8.593892552651659855e+00
1.393514577443922420e+01,-1.060220177356017146e+00
8.966010672895773359e-01,1.033028490814288780e+01
-1.209614087922218495e+01,2.913684872988659524e+00
-1.006524098226273756e+00,1.474302490096224716e+00
2.660706140783049900e+00,1.081752464689903093e+01
4.731590336430936183e+00,-1.510091051955358488e+01
5.955377097328889979e-01,4.977678268077645463e+00
1.096465320448303471e+00,6.778111989043594576e+00
-3.463840202601901286e+00,-1.032695867768501685e+01
1.683327245834584929e+01,2.754710911732057621e+00
-7.146027515710346556e+00,-1.565153894938177892e+01
-1.077557204213814046e+01,-8.654100972797447611e+00
8.953020981348963403e+00,7.458408794541774967e+00
1.393648864447886204e+01,7.848610649368870096e-01
-1.422798664470847108e+01,-9.210965317305812583e-01
-2.617353474315869954e-01,-4.326758291207265295e+00
-6.520517960289693882e+00,-2.525478303802898505e+00
1.199316050700145553e+01,1.012101946373318384e+01
3.428155600189284780e+00,-5.898983128629405215e+00
-1.323746727184707428e+00,-7.620297831111604303e+00
-7.443008784513338583e+00,-1.746856797165952457e+01
-1.342357404888528549e+01,8.344761125393597823e+00
2.607634389090060623e+00,-2.303136719053642256e+00
2.832346867879630192e+00,-1.231821722729129931e+01
4.311268287047592906e+00,4.745690362498800052e-01
-7.809061132103884972e+00,-6.368832315541545164e+00
-6.136809665409852066e+00,9.546606832926626041e+00
-2.494194463579614940e+00,9.555444762558963134e+00
-7.123903807888040340e+00,-4.561351054553699491e+00
-8.181239443544264134e+00,-3.120103929735422721e+00
1.703098311811997334e+01,5.791428298143030950e+00
2.499934676123696686e+00,5.358180174925890604e+00
1.366519084532338191e+01,-1.316164872859159374e+01
-1.254970851778161567e+01,-8.615789774398949774e+00
1.338686743836970372e+01,-1.129304670768840424e+01
-7.286161947243307679e+00,9.802825379498707470e-01
8.166578267365853350e+00,-1.834214534166374699e+00
-4.677229402082899945e+00,-7.148618330000171106e+00
6.600002998569809876e+00,-4.142483182462323832e+00
7.271428207609578642e+00,1.266585827844936674e+01
5.982231135526324017e+00,6.053596380885068129e+00
3.970702488357432003e+00,-8.435667797996259765e+00
1.129430843691664421e+01,-2.457350790207028624e+00
-7.203177032163843307e+00,-9.829671638172690962e+00
1.617081902563492690e+01,-6.601492113577537069e+00
-1.240629653786455400e+01,-1.358535199062663068e+00
4.778999792586837714e+00,2.175209922410560548e+00
-1.525915034064694886e+01,8.072067165498694408e+00
3.079393622637466965e+00,-4.107021425730219555e+00
1.365703340074872152e+01,-7.930357693822761789e+00
1.210741334156549698e+01,1.416088978483003480e+01
-6.980999790075625988e+00,-7.909012645000308428e-01
1.554119268640311446e+01,-8.369915683728670786e+00
6.782603901208661412e-01,2.223554952369313664e+00
1.576323477467976986e+01,3.498383429598024286e-01
-1.548713353837431228e+01,-1.091651326180761394e+01
-1.086042327692295917e+00,-1.807026404011696386e+01
-5.284937526234932959e-01,1.564181878358271938e+01
-1.181766394840617185e+00,5.057574157929906278e+00
-3.380871820841824693e+00,6.174008918552915670e-01
1.471927188734681025e+01,-5.300642695696276441e+00
-9.739150324756721488e+00,-6.624352896432015747e+00
-9.153402180405761257e+00,1.262172309718681440e+01
-1.497111263392629077e+01,1.009586943221686894e+01
-1.316446944336394864e+01,1.014056621594829721e+01
1.256703911520868822e+01,5.311176310759766928e+00
-1.603876647298084279e+01,6.390139067730514988e+00
-2.953976388939927311e+00,-6.665230710092385991e+00
1.047329332576839533e+01,6.440777469701253644e+00
4.413208086979248712e+00,-2.964421072764040321e+00
-1.425596979968924316e+01,6.177000757446215573e+00
-1.504532742961766367e-01,-9.500455598907043608e+00
7.841972537023410794e+00,8.898426041990449065e+00
-5.182134637858271553e+00,-5.044055397060022150e-01
-3.272099832946207876e+00,-1.238594485735418793e+01
-5.795473853121658969e+00,4.250524267237552500e+00
-3.203730959267315104e+00,-1.249184821784252053e+00
-1.392057816324714370e-01,-2.409531911412836624e+00
1.876578575681343253e+01,2.783815924281144660e+00
8.214928992480016845e+00,5.365967461465097621e-01
