1.485174958738895157e+01,1.099060552245569511e+01
-1.364545047853325643e+00,1.244700098259108501e+01
5.954450951234595557e+00,-8.677007463545857391e+00
-1.034508022751250067e+01,-1.510247211670177236e+01
-7.944127760961583462e+00,1.189184226139407552e-01
-1.698911267432283978e+01,-8.504830554460236058e+00
-7.413601329483453739e+00,1.221997370608789169e+01
4.086321231232211137e-01,-6.483390580600918440e+00
-4.493936060998531268e+00,-6.299483812701530461e+00
1.766049383145391394e+00,9.916874193424765949e+00
-2.937528752142922528e+00,1.455160593940169889e-01
-2.431788496191285009e+00,1.099499369171108754e+01
-7.957139344725014496e+00,4.665068638696051373e+00
4.839148027390762330e+00,-3.733419151301493599e+00
-9.751476544287436710e+00,-8.142028888506494866e+00
1.316824574557287963e+00,-4.812856854321672095e+00
-4.832974519200785579e+00,1.495005970431815889e+01
1.388333457408312199e+01,-2.276475455582095186e+00
3.348291647787390080e+00,1.560205450189381393e+00
-8.692778123851319094e+00,-5.658244830589223007e+00
3.952335295981687646e-01,1.384994632287895877e+00
2.413341422543501924e+00,-9.389857689127138585e+00
-2.317744101450882610e+00,1.879048852470302222e+01
-1.643582152319089218e+01,1.760983608207488338e+00
1.648338730379005312e+01,-9.440284895166769275e+00
-1.243827079292328719e+00,-6.071597490342279801e-01
5.101202094268352916e+00,-1.165855909130394430e+01
6.872765485889127390e-01,1.628766353865336214e+01
6.298913746958080040e+00,1.667706863391318350e+01
3.108972714924287839e+00,-4.243507551461043192e+00
-1.369366765792482177e+01,-6.467945910754974825e+00
-1.341702254225636004e+01,-1.344846038824431922e+01
-5.643506817835018730e+00,-7.625219274901323452e+00
1.405676070746769746e+01,1.292192771740798820e-03
-1.117078511291964915e+01,1.606139546717297417e+00
-1.601669944808923995e+00,3.030615421195166803e+00
-1.165640756432665820e-01,-3.792624658853303021e+00
-6.359923252096282731e+00,-1.648000300101974602e+01
-1.343606855383075604e+01,3.010852384715303476e+00
9.026177466865766164e+00,-5.633256763730094541e+00
-1.417361308048062796e+01,1.360675776655678293e+00
7.445509239535415880e+00,-1.185438043555614307e+01
-9.475977331725037089e+00,1.554926912260325444e+01
-1.419673628074353466e+01,4.746955189000619413e+00
-1.498065611048376589e+01,-8.341120970364013232e+00
-1.061070648619498868e+01,-3.990463056485308080e+00
-6.411019279720768793e+00,-9.244026077726886115e+00
5.698691783235724451e+00,-6.936844415449809453e+00
5.043094079618034797e+00,1.456301703084819010e+01
1.622294747508582091e+01,9.806542451979256114e+00
3.705580823198716622e+00,1.790867519859364521e+01
-6.533407490643878823e+00,-2.847555752406919716e+00
-9.423253239548863291e+00,1.138633833520810379e+00
-4.498632531822283731e+00,-9.080934841993583362e+00
-1.361468494654210737e+01,-1.168840438074329136e+01
2.184017327293259481e+00,4.552001810115407388e+00
3.568040167660878392e+00,9.943232014943527375e+00
2.319911260022208044e+00,6.366560285562941957e+00
-5.635865755625506068e+00,-4.735460904820042671e+00
-1.890457318326508940e+01,1.008855646154859897e+00
1.125934167660533447e+01,-2.974608794079717011e+00
-1.025996635138672097e+01,-1.707332212915078529e+00
-7.061113925975185168e+00,1.402828565408693073e+01
5.351062922787396481e+00,2.063903189326586674e+00
-9.975590240602832948e-01,-5.329704122673988742e+00
3.605917895023242004e+00,-1.067675803895448539e+01
-5.299260276804893977e+00,-1.071663861907542703e+01
-7.085896821439308102e-01,7.102401745569648206e+00
-6.713810452204436174e+00,-6.194672444098009656e+00
2.545244702766335188e+00,1.658255834769375880e+01
-1.430832476431108269e+01,-1.006735474086313964e+01
1.149966509631062550e+01,-7.439129314064999221e+00
6.865619560281734479e+00,-1.518384234283086620e+01
4.036121045084918535e+00,6.907397404382211725e+00
7.822331368090336134e-01,-1.010932688132312407e+01
-8.817141109598052751e+00,2.827438030116470991e+00
2.763656961082312069e+00,8.273591038931177977e+00
-9.712747223124537754e+00,4.941111619206571604e+00
8.353218622905171031e+00,-1.631973763719013348e+01
8.304653610009035347e+00,-2.388908914176961940e+00
-4.262633157656066096e+00,1.089448867302894541e+01
1.373273104778359688e+01,1.864473031913010503e+00
-1.643076654264933723e+01,7.649077371285321725e+00
7.644966740153956941e+00,1.361605221158307266e+01
1.651482337095788466e+01,-7.672990717951262418e+00
-5.138805162098457835e+00,2.374561335321185407e+00
-3.542834193584153635e+00,-1.289191303618538420e+01
-9.925115500332211127e+00,8.359205231766482669e+00
3.531708194741413287e+00,3.317526325406179755e+00
-4.326220291401063456e+00,-9.959090676461083147e-01
-1.244025664118798780e+01,7.707441863850994501e+00
-1.029939745736674261e+01,-1.196989191394205321e+01
-1.223425681644962282e+01,-5.318751697690404789e+00
1.074629627516275043e+01,-5.302534283938867610e+00
1.182588853845844845e+01,6.604045254970335677e+00
-1.843274491949022575e+01,-4.493809470360381475e+00
-5.502481271945380392e+00,1.296139358313146239e+01
-5.414833730935304068e+00,6.272871493398648468e-01
-1.128376864863640172e+01,1.456078447903762019e+01
1.434560417822463840e+01,-4.082594725368879907e+00
1.375897916743449301e+01,-1.031167571610977163e+01
1.231227410597913696e+01,1.289430323947068935e+01
4.740106224843138705e+00,8.584253682541126196e+00
1.055145951652067637e+01,1.577167882204930827e+01
-8.949519542670305583e+00,-3.391349713075910710e+00
-2.522619156269298113e+00,7.123843652626379530e+00
8.940673409979931208e+00,7.351949495989893890e+00
-1.149877491953656694e+01,9.248871014200316765e+00
-1.767631292111649088e+01,-6.129176459512334141e+00
7.293744837105790246e+00,9.094344275420478851e+00
-2.700104612767004753e+00,-9.362071669903309967e+00
-1.516427379605654657e+01,6.361250163375333777e+00
-9.530125322962014423e+00,1.221537616132673953e+01
9.511354812261970437e+00,1.178892198464234120e+01
-5.787192738349667964e-01,1.501094152592360764e+01
7.643665075345580817e+00,-8.167072939171193369e+00
1.011462618384906875e+01,1.165841167835184766e+00
8.226975294964826713e-01,1.380876170516772916e+01
-1.292350926553945401e-01,-8.431519590476888482e+00
-4.893064424304758298e+00,4.437098136327640496e+00
6.790209473651752425e+00,-1.284404503924904128e+00
-2.592468571358404361e+00,-1.631321888483060434e+01
-7.332272149055512500e+00,1.809070598947263520e+00
-6.352962909409692216e+00,5.543618314202405806e+00
1.345788253014364066e+01,9.715595479018585223e+00
8.968749528832880458e+00,-1.019255191164776164e+01
-5.262465961729809294e+00,-1.495069080420074492e+01
9.621184948406733994e+00,-3.857391321002539009e+00
1.192133950508259055e+01,1.198990976788891105e+00
4.907448552921222173e+00,2.690248417947316839e-01
9.843051442406343554e+00,-1.367955038711071936e+00
1.082499652258188449e+00,7.675589086736297695e+00
1.151056323064087827e+01,-7.268793486766335077e-01
9.833064182760574923e+00,-1.370281602592923420e+01
-1.715818755906293802e+01,1.653561005968255948e-01
1.487509890774439292e+01,-6.834677256351779917e+00
6.313823797772585289e-01,5.813162857954387697e+00
7.354693189231755746e+00,-6.369165362154143750e+00
-1.490365131806400889e+01,-3.583415609823093817e+00
-6.596195853602993431e+00,1.780700219676623064e+01
-1.556701641395984481e+01,9.204051532761514665e+00
7.031366160797302811e+00,2.644216040314288918e+00
1.313329890728972771e+01,7.888191488019986153e+00
-1.618916561825810163e+01,4.800320572194182844e+00
9.212661787699811811e+00,-1.201128888951279627e+01
-1.154229614239671964e+00,9.742243906610573490e+00
3.883875498650150249e+00,5.117578992457803011e+00
-1.288808985820032582e+01,6.004597903649938395e+00
-1.524533404828583549e+01,-6.382811523796889930e-02
-3.150740385207608796e+00,9.298044634331610325e+00
-8.105219408964380534e+00,-7.408500961736579349e+00
-1.043410728130914844e+00,-1.178880751992438647e+01
2.270217699793248833e+00,-1.281278620973232751e+00
-2.104957026527030095e+00,-3.944194500368210843e+00
-2.122298642110967692e-01,4.120624906559966938e+00
1.715314205606668096e+01,2.322715458527325083e+00
-7.414033848746670152e+00,6.980315788386660003e+00
-6.034238400862430574e+00,1.113069688639136778e+01
1.868429791098607851e+01,3.395862789742787324e+00
-7.052793482406524816e+00,-1.250788451341468743e+01
3.913312101777928653e+00,-7.239529487528890250e+00
-1.132529883244596114e+01,-2.623077091507652336e-01
8.353282413428130937e+00,-3.627696002708695189e-01
-1.868258483455343111e+01,-9.690899280625364653e-01
6.149319654779693778e+00,7.445660337917619387e+00
6.266661942762367765e+00,-4.873777312000862949e+00
-7.045964323623940651e+00,-1.456001800150076342e+01
-9.173740870973501771e+00,6.711532730334243801e+00
-6.556735055462803885e+00,3.445067314531805369e+00
-8.424573979557164805e+00,-1.655845664661015348e+00
1.552890207287643243e+01,-1.093858998222714085e+01
-7.419104680291639831e+00,-4.440256576484101991e+00
-1.865522674219125321e+01,3.429018964216783871e+00
1.339583370384106464e+00,1.863161956836821176e+01
5.245178449392301268e+00,3.869637864109773950e+00
2.405603186501766189e+00,1.467821407147395441e+01
1.098622802833786238e+01,8.599068806075989002e+00
-5.757014654367663908e+00,7.665776563148395617e+00
-1.053088550089699105e+01,-5.891215327097302890e+00
9.301609011905451752e+00,-7.594074915770430145e+00
-5.252787799572669947e+00,9.437481939085778038e+00
1.336816887256090070e+01,-7.754138355029453145e+00
-2.889889319444584714e+00,4.286099742229210641e+00
-3.796739417173383035e+00,5.910513293046533612e+00
4.177022564616626354e+00,-9.002721254192850964e+00
9.618528674180813809e+00,1.355085672676588970e+01
5.400118914646087731e+00,-1.630341474590983708e+01
1.414915356716206851e+01,1.264561214328297289e+01
8.666445210498297413e+00,4.891013077438868706e+00
9.842105266893748095e+00,1.000410369068462302e+01
-9.862006747065606760e+00,-1.015786329397882426e+01
1.791234301938750662e+00,-3.076579255095047927e+00
-2.726761187176839130e+00,-5.962015262265927262e+00
3.958216412652967087e+00,-1.301769240148349915e+01
6.463864295108270319e+00,-3.013223312721571290e+00
-8.487386106200499825e+00,1.072021292631259826e+01
6.213347745480533924e+00,-1.791812801279860423e+01
4.499664904965585244e+00,-5.467860257370206867e+00
-8.149672396331105517e+00,8.777099993627059504e+00
7.783978932047698862e+00,-1.360836204827449158e+01
5.663821980445932880e+00,1.007535951363304960e+01
-1.042696059996519375e+00,-9.993354946225371904e+00
-1.058036220884370238e+01,3.394634016923872011e+00
3.731218342166291890e+00,-2.351383908723939875e+00
-1.463292394681705133e+00,-7.262881500854614814e+00
-3.345518872908915142e+00,-7.679932414636867932e+00
8.743385764554986395e+00,1.514896199035431401e+01
-1.553417745727553312e+00,5.499201365105456318e+00
1.898820042594769930e+01,-4.068619512078419653e-01
-3.408367090558261481e+00,-1.472116584094329106e+01
1.751894128720200428e+01,5.664997561082795174e-01
-4.750706301004789189e+00,-2.984157795213927766e+00
6.938655843561289061e+00,4.504227608624728596e+00
1.707554472193763440e+00,-7.737225794826697367e+00
6.784871982863052153e+00,5.709002427370760691e-01
-3.123587416856380194e+00,1.427459695098407622e+01
-1.215961568796747905e+01,4.386908946925482944e+00
7.863530727184819824e+00,-4.106389637692549499e+00
1.015164463738495648e+01,5.896321672452479845e+00
1.214876875307369319e+00,-1.189580224379824180e+01
1.646504850099565331e+01,5.921248625790750175e+00
-8.285140617475576619e+00,-9.285340989388139121e+00
1.184623455039427009e+00,3.014236578870483907e+00
-1.672719120289906414e+01,-4.016338004802212147e+00
8.253911611546687510e+00,1.689356876903707061e+01
1.546918913285719199e+01,3.315381006306705292e+00
-4.966626208634503659e-01,1.863146969467983283e+01
-6.205967907451325205e-01,-1.393539131148282273e+01
1.711684777351858244e+01,4.217914686240761490e+00
-1.375853008174301673e+00,1.206280389123794983e+00
1.176475843586310077e+01,1.056481509840506128e+01
-4.166204936760076194e+00,-1.847842829770363693e+01
1.309745141840240379e+01,-5.687510905161045294e+00
-1.067781048377183417e+01,1.086337324486953371e+01
-3.346991559695002838e+00,2.507872558571474730e+00
-3.048419132969174772e+00,-2.298404709923289158e+00
1.435931568392494739e+01,6.628080975029024380e+00
-2.762130416835517632e+00,-1.118369593021993325e+01
-1.521934028168629816e+01,3.170609781109650083e+00
-1.780477713353045743e+01,-2.519155275886895584e+00
-1.634225807687821685e+01,-1.516672955897164554e+00
6.037321451233963465e+00,1.275786403153663073e+01
-1.605892709470611734e+01,-6.907670669523193752e+00
2.569586844677885562e+00,-6.052867950475899761e+00
3.248565380389408119e+00,1.173196255924420051e+01
1.925854969951684703e+00,4.591530635109983827e-01
-1.513537446402913922e+01,-5.395845310897930069e+00
1.073824405108654645e+01,-9.618931272879439831e+00
1.790800998051096660e-01,1.091371354642650182e+01
-3.818839269910429213e+00,-4.509377564368654667e+00
6.416385316602082334e+00,-1.038830122876069950e+01
-6.116594581669365205e+00,-1.112469851506242335e+00
-1.239320166999452022e+00,-2.366594876632345912e+00
5.282125771985797247e-01,-1.810456257655845169e+00
1.199113461433432448e+01,1.470181988265973239e+01
5.637740752070849126e+00,5.700875994040857542e+00
