-7.966459375637213292e+00,3.244463938034902295e+00
1.511494781109903229e+01,-1.149724612998222639e+01
1.892974325509582556e+01,-1.061247194559866935e+00
8.925883942468102461e+00,-1.675824078112086113e+01
-1.238811596099830403e+01,6.878618279057692853e+00
2.749855172325432751e-01,1.132523176858136615e+01
7.432150505070904245e+00,-3.241776299388608340e+00
4.345445379819783405e+00,-7.928372548595974401e+00
-4.935147237505715268e+00,-1.666712348361799201e+01
-2.065339160399414453e+00,1.132582843548406970e+01
-4.018551841533749780e+00,-5.824668981818729385e+00
1.223386129225557006e+01,-5.384099799721012936e+00
8.394525360652547619e+00,1.283847713897063691e+01
3.587203092565509177e+00,-1.348407363034263717e+01
-2.814214259383472694e+00,1.859674513415095731e+01
-3.106947927561255263e+00,1.276258933179393473e+01
1.092770256441124133e+01,-3.468287747125543774e+00
-2.880217293813807533e+00,-1.655296623981621806e+01
4.951602048675458612e-01,2.003546021722296899e+00
6.007704012971787577e+00,1.300597778894042555e+01
1.314359921796239616e+00,3.724867185893639299e+00
1.523215221888415849e+00,-1.339070082500578529e+01
-4.986231463560067745e+00,6.231556140779635378e+00
6.877187943966453609e+00,2.739415515801962631e+00
8.667384138985068986e+00,-7.295217969906832245e+00
-5.387008175259231813e+00,-2.148812648311179796e+00
-8.572691713670055336e+00,-1.129330845340630063e+01
6.989985173363187698e+00,-6.565373110772367404e+00
6.084469551791398700e+00,-2.018604425609225927e+00
5.961350086352864786e+00,8.213424006790289056e+00
2.039191858370545063e+00,7.141677763705780002e+00
-8.095193746492791442e-01,-1.380003188877586595e+01
2.174295097558122392e-01,7.552486501088035098e+00
-8.713727087745930078e+00,-1.533852865182185177e+01
7.214873989227394979e+00,6.917149678824125125e+00
1.754554060105126823e+01,7.258633627483678907e+00
6.011428835617359523e-01,-1.501030258491502600e+01
1.247870564071958555e+01,1.039744251226861671e+01
-2.893862902532913228e+00,3.318074071133987779e+00
-8.239910826154499546e+00,-1.462714328244698603e+00
5.670547808915986643e+00,1.360467204091210247e+00
1.896163241040879299e+01,8.450978136983056110e-01
9.475343501086495479e+00,8.641871453727691943e+00
-1.231030357952524490e+01,8.684770142618479127e+00
-2.869738384239366447e+00,-9.224936239095649526e+00
-6.555723691770962702e+00,-9.721836274177285020e+00
-9.229864453304180927e+00,1.963374493239894214e+00
1.562424931446748744e+01,-2.539717714536989135e+00
-1.389665164461449720e+01,-1.288671855804668809e+01
-6.069706113395128888e+00,-8.013453273986611336e+00
-2.477316681248372010e+00,-4.825336540245538153e+00
-2.468718404981899095e+00,-1.844758736237709584e+01
4.958967288365236037e+00,1.583392557438375547e+01
8.542494944791640066e+00,3.330754547742332150e+00
-1.848530754676229737e+00,-1.103112625919410306e+01
-1.267494826549129705e+00,-1.122049900018732727e+00
-9.244235264209477165e+00,-5.403052817149007758e+00
-1.160320004723541309e+01,-1.157651093465732695e+00
1.064366950321044136e+01,9.998427253784280211e+00
-4.716545893333241146e+00,-9.254236305446234212e+00
-2.103933527153125649e+00,-2.999526138089394500e+00
-1.047112140534189884e+01,9.582993458559762701e+00
1.233030253636380458e+01,4.945137194086698607e+00
-1.690311751954200403e+01,-8.006224419603771736e+00
-1.309607961091927564e+01,-6.660824713547986775e+00
-3.104151769982309350e+00,6.474979186859236790e+00
1.702059162456760788e+01,2.578221243368423288e+00
1.178107797194148709e+00,5.612573397957869581e+00
-4.285503007808386222e+00,-1.493601702339312709e+01
-7.508773774663829670e+00,7.865793100591328191e+00
-1.395412632826926824e+01,1.471719827609594633e+00
-6.586944561520307495e+00,-6.393208670903824942e-01
7.973303641161987088e+00,-4.964323317056406282e+00
-1.943623610657198242e+00,8.505101167703793763e+00
7.818188097717683194e-01,9.242429363440912482e+00
8.169537211107600783e+00,-9.138018042420057441e+00
-4.660483501068778622e+00,-4.713026980031996827e-01
-4.695014834554860350e+00,1.838678175115847679e+01
-1.015547638197594305e+00,1.865490275390957464e+01
2.368250009605429973e+00,1.244967785655906312e+01
-8.668699307695460377e+00,9.866650573849799599e+00
2.284574226314860290e+00,1.421771275626809938e+01
9.825448148610552934e+00,1.650017807592453201e+00
-1.114528781313745398e+01,-5.491331422821146724e+00
3.224551764584691949e+00,-2.081864828528815492e-01
-1.501391261908972297e+01,-1.136029465362590862e+01
-1.047455554271440548e+01,-3.778571677868887591e+00
3.014330738808963073e+00,-6.606452370360037740e+00
-9.980927097960714534e+00,-1.953595430776866149e+00
-1.286086365723609504e+01,5.099363862131768954e+00
7.679576117238602784e+00,8.679804290884208129e+00
-7.878819811428631859e+00,-8.386127331564061649e+00
-1.694223146677341063e+01,-6.091351321411160313e+00
-1.189385161223930076e+01,1.143639079949702797e+01
8.417544664136739740e+00,1.034505250454160219e+01
-6.589290392508056371e+00,-1.148828711178393824e+01
2.046897391595663862e+00,-5.054602166506220406e+00
-3.871296400763138412e-01,-7.750418120334761518e+00
-3.790788111682172890e+00,8.153213474593854926e+00
7.889620146501761688e+00,-1.448736266122244709e+00
-9.039117170545877045e+00,1.498096680700131689e-01
-8.337947359873343345e-01,-1.741339321741967794e+01
8.616468104683814744e+00,5.116582357030416972e+00
8.999061349192432502e+00,6.879693463475820003e+00
-1.061069885735147089e+01,6.933647241275238571e+00
-4.349152716443476230e+00,1.140138794229553376e+01
3.889920203228796503e+00,1.449866116080367417e+00
-4.682816594950031330e+00,3.148631701735038479e+00
-6.989707545388638366e+00,-3.035435666684298095e+00
6.447683909453576945e+00,4.499795480463882669e+00
1.186090756970118010e+00,-3.483357103221058182e+00
1.041705999719934184e+01,3.433230610432136842e+00
9.793126727029815015e+00,1.156165078116932143e+01
4.859355113165432449e+00,3.082228990997288420e+00
1.374832156725415722e+01,-8.011463704676600628e+00
-1.837699504754450075e+01,3.242606181259692466e+00
-3.981695515274022323e+00,-3.662882084021515272e+00
2.589507755977542569e+00,8.877359346613539870e+00
9.045255507831024389e+00,-1.157646134187895548e+01
-1.430129756624030080e+01,1.112393379061625964e+01
2.980780794451639348e+00,-3.466212555876466705e+00
-1.514635896841055285e+01,-7.203842191881569157e+00
2.265044919004259416e+00,2.186486636665819994e+00
-3.560291421676672563e+00,-1.893659543450477489e+00
-6.807328892478496485e+00,9.537606169253594501e+00
-5.783233946303683481e+00,4.624465090392329891e+00
-6.155016402403244019e-02,-1.082824012189980500e+01
-6.425397421450490532e-01,-4.431307341499828745e+00
1.494850998862559166e+01,3.698719952786316600e+00
1.403061186374083746e+01,-5.611346235967950236e+00
4.105235622125977812e+00,1.429177617222037000e+01
-9.682700144358651784e+00,-8.453956679238574523e+00
-1.215926532813777960e+01,1.297691709098094837e+00
-1.100017476181887943e+01,2.626096727220867511e+00
-1.119942473725664023e+01,4.451457303380077946e+00
-1.412772752077879090e+01,7.542007838731685787e+00
-1.178892573893006945e+00,7.478493519221565133e-01
1.562617772311473452e+01,-7.911757162106005659e+00
-3.944668363133873257e+00,4.792487378809258125e+00
6.418349829094331049e+00,9.939576070100148542e+00
3.381260776207204000e+00,-1.170178414401454248e+01
-2.060344431843189383e+00,4.969388160397799403e+00
1.407569384535900880e+01,5.323414877794395039e+00
-5.749837800907968699e+00,-6.165215206215115096e+00
-1.166823845919048308e+00,1.538685647727151284e+01
6.466845945528644890e+00,1.474650806709688311e+01
2.800268327364339616e+00,1.068961933183811119e+01
1.873427503988381204e+01,3.140665649219560596e+00
6.182072946980405881e+00,-4.675898980582694264e+00
7.076318015246906512e+00,-1.060681747266632868e+01
-9.339991671612557056e+00,1.247428447565735432e+01
-6.383485281139554601e+00,1.767497092165863748e+01
6.306259827385592764e+00,-1.240384480605073492e+01
-1.011537068168525444e+01,1.415464980962248909e+01
6.146925858312427771e+00,-8.126806789845225865e+00
6.876092955279665020e+00,-2.691723638709887095e-04
4.232007637796085575e+00,1.250150595493336425e+01
-9.478529104714160880e+00,-1.344242437696440184e+01
4.752858210616038193e+00,1.070345142512556968e+01
1.377983601191674090e+01,9.113251414247692139e+00
4.872660143128847210e+00,-3.488484740687451957e+00
-7.535080539072195549e+00,-6.579106624027808436e+00
1.405290373884461808e+01,-9.980978125875868301e+00
-1.353730853039029114e+01,3.292210339175191347e+00
-5.880939512621710108e-01,5.962315821618254574e+00
-1.402904994075953304e+01,9.318816888476682436e+00
3.703681285515463273e+00,-9.841126193345635542e+00
1.377218403432487115e+01,2.242742305758136823e+00
1.705912388932089030e+01,-4.144837101589860850e+00
-1.698932761471366248e+01,-2.619500058504348416e+00
8.592652570425661551e+00,3.372210047702099422e-01
-6.694263372228660636e+00,1.139208438738453388e+01
1.423198944646009600e+01,7.082617778127863417e+00
3.027754700271716892e+00,5.671791394233887118e+00
1.395882010546952756e+01,4.491485381891651696e-01
-1.522897501637587681e+01,4.115992598935575231e+00
-2.833089135123874946e+00,-7.137102455920649291e+00
8.214014397595278405e-01,-9.215017050036244939e+00
-8.744686279869744894e+00,-3.245628653462909519e+00
5.455799730354633503e+00,6.456488242951742507e+00
7.976025656832557154e+00,-1.307204191543678107e+01
-1.340458633133640332e+00,-6.175067732828617650e+00
-7.577374833632141815e+00,5.043511585978022183e+00
-9.365960574337298894e+00,4.369127955420705867e+00
-2.796321331403121224e+00,1.453719192970492458e+01
4.956880922201953865e-01,1.395642736358763614e+01
3.849972434773781593e+00,7.302962499472362978e+00
-9.318211223355415740e+00,8.171189871458887310e+00
9.286970764300085390e-01,-1.674796516939122171e+01
-3.216021765727853587e+00,9.962859109826570858e+00
-4.993049071894856361e+00,9.565965035168572328e+00
3.885441087691430706e+00,-5.014943323311262802e+00
4.376004162856945712e+00,8.985748837768271713e+00
1.554744606514977701e+00,4.898326939916197720e-01
-3.722514826739513616e+00,-1.082715163048257345e+01
-1.275997137192784958e+00,2.538416720915436020e+00
-5.646509525926031614e+00,-4.401129101756183104e+00
1.024326021215439830e+01,-4.187375072137151655e-01
1.196946891854681816e+01,-1.081150143040402867e+01
1.210017913292095315e+01,-7.178318080425005299e+00
-1.551512977235886126e+01,2.325048088864136719e+00
1.719755524007539549e+01,4.567690077561848971e-01
2.263253315536818633e+00,-1.852465145672972158e+00
-7.562255170705168617e+00,1.299849760504767815e+01
5.211122908090085382e+00,-1.102043912931837077e+01
-8.899232763265372270e-01,9.957719160092665334e+00
1.526007307498744758e+01,-4.311404535935654536e+00
-6.743083098664419239e+00,-1.617801356253781009e+01
1.873418632630223968e+01,-3.110727207675372252e+00
1.063778364107418817e+01,-8.277501599463951365e+00
1.033257076970827093e+01,-6.523087486573199811e+00
8.776576522543136250e+00,-1.488652480541827394e+01
9.749615944229150344e+00,-4.861664075913654237e+00
-8.291354633579997468e+00,-1.708673303775945485e+01
4.999658634323806972e-01,-5.913600687230204933e+00
-2.394516287620830131e+00,-1.292832416061069978e+01
9.287656062344691321e+00,-2.666552141792700503e+00
-7.491272566442917835e+00,1.018037236055714834e+00
1.153184311983220844e+01,9.547421446136498124e-01
1.150237297939447778e+01,1.223645902945972352e+01
-4.945352052050266956e+00,1.316217152049007577e+00
5.263087884502760438e+00,-6.284360865335930413e+00
-1.073009147247354411e+00,-9.363577636410598259e+00
-7.472733911896615844e+00,-4.778750460841067138e+00
-7.699509486389164437e+00,-1.300211053306201592e+01
1.340441527630896168e+01,-1.203145010960078665e+01
-1.356258556334766752e+01,-2.702064559485688022e+00
5.124602653529826135e+00,-3.124865660183144822e-01
-1.729303657485928980e+01,1.853319379189860117e+00
3.161761412135507321e+00,3.802311627547486861e+00
1.356955499548902111e+01,-3.389492670871442570e+00
1.174144624262146230e+01,8.515656251125946596e+00
-8.702671967595344782e+00,6.478792788321233509e+00
-4.523418647768065459e-01,4.124708629310759989e+00
1.420176941770032064e+00,-7.462549920281685623e+00
1.216157959317526505e+01,3.101046925218162276e+00
9.796342036593815195e+00,-9.896945930661043889e+00
1.048323040192667399e+01,-1.550560057140542014e+01
-2.897177211683080955e+00,-2.467735453560431780e-01
-7.685975493217662269e+00,1.614924723656179495e+01
-1.528672321233130482e+01,2.522801759280410838e-01
-6.329176786933868648e+00,2.443130834409741325e+00
5.973783003676568226e-01,-1.197803854777181432e+00
-3.766955022628931116e-01,-2.684241648609213993e+00
1.613169920298619431e+01,-5.986453056230565117e+00
-1.156893684716974668e+01,-7.675764531608217922e+00
4.135860355532605226e+00,-1.823863124132589553e+00
1.226111513130168440e+01,1.388042654747680871e+01
7.151894398763843697e+00,1.158272702775552609e+01
3.320268468043745536e-01,-1.884200049496085327e+01
-5.623444053251495767e+00,7.873118907459913274e+00
4.662153673157686029e+00,4.889863720625181820e+00
1.155517011483253853e+01,-1.726504972989857833e+00
4.776336582166344158e+00,-1.481590214696085894e+01
-3.153708323278545222e+00,1.574310411759043848e+00
1.522202411518300025e+01,-7.942079512011588349e-01
