-6.159018018926722071e+00,8.683784802683215176e+00
-8.634585505981453579e+00,4.475799353919676982e+00
6.623016089951574870e+00,5.818509434956995463e+00
1.821690299008722747e+01,4.118083767451468091e+00
-5.186063682800351238e+00,-3.700837870647316841e+00
8.385349732175621185e+00,8.965528910283779851e+00
1.609608003274788146e+01,-2.773669762927336357e+00
1.795843718592193827e+00,-3.718645388402516128e-01
2.431043953368774879e+00,1.445634826980838739e+01
-9.638744099185654335e+00,8.164775123036966065e+00
-7.047018927824979961e+00,2.017977957942746148e+00
8.745796367126080995e+00,-7.196326166621179077e+00
-1.733496290500186054e+00,-2.432538756749716757e+00
-3.693544477321110131e-01,-7.844088064729143994e+00
2.118916916644459913e+00,9.741317855186723662e+00
1.056844454906447162e+01,-1.424994423581467107e+00
-8.356490929943998225e+00,-6.859189117004913072e+00
2.329889207920150085e+00,-2.139788164460679987e+00
-4.910038546188160602e+00,-6.395719879401281283e+00
9.122151890867767676e+00,7.030780670407526856e+00
-9.325489385772314677e+00,-5.302552458994937545e+00
-2.894307920321213423e+00,4.119555903966179322e+00
1.620115920584235525e+01,-7.555091779746904379e+00
-1.137678675756515601e+00,4.143426960055002439e+00
7.310206931633029370e+00,-2.041469866286776735e+00
1.443875623191287261e+00,3.288016582258586507e+00
2.057206169496973158e-01,6.673887247005138690e+00
-2.369891064998340680e-01,2.609875279882309940e+00
-1.060393137277469400e+01,-3.344509896427060869e-01
7.926373855074174912e+00,-3.812561711078856774e+00
-4.967328664362651303e+00,-8.254210620423046763e+00
3.998860436846776167e+00,-1.857399328877277256e+01
1.519869377431811763e+01,9.313163718481913378e+00
1.996512036243504040e+00,1.155788469112374095e+01
-1.755617189774850573e+01,6.790437428644407802e+00
7.467742199124991487e+00,-1.347686677531963362e+01
1.653161547001095855e+01,-9.352413515224180074e+00
-3.675664796735715445e+00,-1.217477848921914685e+01
1.643954911665169050e+01,2.969329867740766904e+00
1.767986008695574895e+01,-2.020096853063733544e+00
1.211959009575761748e+01,1.294812733957389606e+00
1.446264753787029456e+01,-1.231104299989920037e+01
-1.104047869012310024e+01,-4.688495811820095227e+00
1.676716041238800869e+01,-4.421447453733094335e+00
1.386980358270276881e+01,8.063931386550234892e-01
4.999248750833090726e-01,4.924722611568418174e+00
-4.419212024302894726e+00,3.010726866667083446e+00
-1.560914570847680061e+01,4.069254400780692116e+00
-4.625656783230262192e+00,-1.042578306092536344e+01
-1.717892727291737698e+00,-1.398670455283608760e+01
-2.307716974585749981e+00,-1.701668119207262464e+01
1.068936936533222593e+01,-3.348779346902599485e+00
-1.302793968957741910e+00,-1.218026996384683613e+01
-1.007046939532416729e+01,1.348795192536514920e+00
-1.481920731271666192e+01,8.805638088490292503e+00
-5.233457343103157022e+00,4.591179605734239111e+00
4.412478625361305085e+00,-3.660846298150597811e+00
-1.056153242475809684e+01,3.145280715238577773e+00
-1.680736561312981792e+01,-3.112742796824896185e+00
4.418848010271923421e+00,4.846236068362935967e+00
-7.704894659043786120e+00,-1.165472058272865041e+01
1.415865370884909780e+01,-9.916452088855127744e-01
3.280407255210658235e+00,-8.830410198484107909e+00
9.053656671304272763e+00,-2.448002465670412242e+00
-1.125788979664225087e-01,-5.856761588108281735e+00
-3.559487000087872666e+00,-1.572184416347563207e+01
-1.253542310282061223e+01,8.619947340267787084e+00
-1.183039942859785754e+01,1.423921560042543666e+00
4.835065667918794219e+00,-6.530457459908806328e+00
-1.257719069097245956e+01,3.012747469666800182e+00
4.959668072487523283e+00,6.624787001826434540e+00
-2.017080070644473810e+00,2.584796392743474946e+00
-1.070479363085698488e+01,-1.567991573160051288e+01
-2.847010996891094603e+00,7.477249911672965155e+00
-6.195238225529562825e+00,-5.143667413924017495e+00
-1.156195580196721018e+01,4.690744068606228723e+00
1.283858349000257704e+01,-1.163579738698959609e+01
1.670664127653114450e+00,-1.499366762596933533e+01
-7.746896588737755884e+00,1.178673663866948829e+01
1.252499619263613617e+01,-4.895606183536129308e+00
-6.697305443144756509e+00,1.309860271023418621e-01
9.320972556381812879e+00,-1.069521927816680495e+01
-8.763991366413041106e+00,2.603744718486191712e+00
6.580519667423792463e+00,4.043121488518157669e+00
1.427400327064928476e+00,8.024223761030013335e+00
7.535051950439874524e+00,-2.797045380779339396e-01
6.164285679795729500e+00,-3.462464755210268752e+00
1.632472702611760251e-01,-1.406462760759060160e+01
3.220183680499597578e+00,3.064506612155899035e+00
-1.606873984076619521e+00,9.605366387348798440e+00
-1.455769361882091317e+01,-3.984059858409036980e+00
-1.204728373317644419e+01,-1.371725918819755252e+00
-7.801608807925112465e+00,7.944958834230029687e+00
-1.279809413097704685e+01,-9.446108888023129424e+00
6.522625283490630643e+00,-1.624016091384865490e+01
4.121933822933950609e+00,-1.910230431271976226e+00
1.458272312422533368e+01,2.474880609061933967e+00
4.477516740218878688e+00,1.348121139923015299e+01
-3.381929039663209124e+00,-9.162075281516385061e+00
7.866977702438588516e+00,-5.613269587335521393e+00
1.311354024734363799e+00,-7.250959713523165817e+00
-1.676994644165781700e+00,-4.792728383637357759e+00
1.839192657622134019e-01,9.347736348561255681e+00
-1.546025955917288286e+01,-1.953317525760749795e+00
1.462988142456078000e+00,-3.677065459909086620e+00
4.399960049484514357e+00,1.512513721479302520e+00
-6.242470070648938885e-01,-1.628290570202760534e+01
7.278917567642266384e+00,-1.156330943495696495e+01
-9.607370779929349069e+00,-1.155137774751621293e+01
-5.125775008971278801e+00,1.015462944384547583e+01
2.397351303534949185e+00,6.547964997022231337e+00
1.172387052743979652e+01,7.146521256488548524e+00
-1.164903888301588175e+01,1.315624537862267118e+01
4.769653552323707579e+00,1.036583892917297689e+01
1.462722924580450901e+01,4.903151605486984366e+00
-3.389875807045566791e+00,9.482100500721585945e+00
-9.267063589550504688e+00,-8.474009982295317656e+00
-1.025724337048957402e+01,6.418622877227713630e+00
8.122163205729242552e-01,1.094215072364617347e+00
7.616491252006267310e+00,1.260724363221851618e+01
-1.701897759987193837e+00,-6.671582024002352895e+00
1.310796705908010651e+01,-8.526084238779239044e+00
-6.469928160422171004e+00,-1.594180729125546669e+01
4.400993623467167382e+00,-1.658917259305349390e+01
-3.370138349841882985e-01,-3.544575475818376731e+00
9.038028624634284469e+00,-1.669531640974321718e+01
1.256725310797505735e+01,1.097692217956159233e+01
-1.251990365254883741e+01,-6.868726973922477441e+00
-6.696366861097273748e+00,5.620521342786918950e+00
8.912149749979434432e+00,-1.247827244966861393e+01
8.436103045326452943e+00,1.082237653002250966e+01
-9.352792748327011907e+00,9.947056497229693761e+00
-1.574966011331401017e+00,5.944546553402961564e+00
-1.389462168378513773e+01,1.739448365212155734e+00
9.292376753727836558e+00,-1.351576772446050345e-01
1.567673160001891475e+01,6.454627829125819893e+00
-3.550981436421213555e+00,1.614194748126731938e+01
3.275866505235402570e+00,1.609832217076301930e+01
5.927651469610084156e+00,6.377285473204791222e-01
-2.264365378016517383e+00,7.895584368462897906e-01
1.003375704397345025e+01,1.169650264676706897e+01
-1.703750695208105403e+00,1.734298579734166168e+01
1.321524853441565028e+01,-1.365072232011978492e+01
-5.105234037149090298e+00,1.521088458937294163e+01
1.321072716134755254e+01,3.702134096083560255e+00
-1.039108110523723205e+01,1.487526933327056966e+01
-2.886711005408971520e+00,-9.716544118132823815e-01
-4.120921686612660118e+00,-2.303399193991507943e+00
1.051178758410755165e+01,-8.931344299441498435e+00
1.120369361828904964e+01,4.624382245038416883e+00
1.249708775816799999e+01,-3.123187398268351789e+00
9.954123417796554296e-01,-1.721181322827566262e+01
-5.707313510542871171e+00,-1.393853562733862406e+00
9.606995496233302845e+00,1.432817680381779191e+01
-3.425185304473908232e+00,-7.360186152514375912e+00
6.842516355076496026e+00,-8.750548069825205388e+00
-1.899232778000781607e+01,-4.644206698046881576e-01
-1.816943738207055903e+00,1.556237421801724707e+01
6.095772040098687228e+00,-5.236244901568688270e+00
-1.580874903882804006e+01,2.216456156970202152e+00
-7.157387707588083181e+00,-1.758317556409720694e+01
1.106390884961139065e+01,-1.097520988456926716e+01
1.642856843676713652e+01,4.790907970321682363e+00
-5.822556697690381533e+00,-1.177047794346974818e+01
-1.598574417266761749e+00,-9.171676125446802885e+00
-1.137876851610488416e+01,-1.190068880368702153e+01
-3.382858278102770289e+00,-5.306972923413688648e+00
2.464566335872381553e-01,1.127513853759072049e+01
5.757858579710577906e+00,-1.790043428605347486e+01
1.143145659632404509e+01,-1.390089254107015471e+01
1.804122016495689351e+01,-1.854802318183812193e-01
3.477527506599315643e+00,-1.493817739835253278e+01
-1.147844401322867913e+00,-6.890946705667044814e-01
-1.371650955821472984e+01,-2.381517656422018181e+00
5.167141554411579518e-01,-1.800062233054748662e+00
-1.655706187402325824e+01,-7.789077223987842302e+00
1.340793609735437375e+00,-1.895263233685739479e+01
1.037882732068353775e+01,-1.544100546071456748e+01
-2.843395386266541536e+00,1.876965866561240759e+01
-4.495729487721020767e+00,8.076544038198676390e+00
2.571284520768495341e+00,4.753478361990989498e+00
-1.204165884831516387e+01,6.850351695013417341e+00
1.140874830550728447e+01,1.454365179800836749e+01
-9.938599470145138781e+00,1.240872611809930248e+01
-3.424440156923365119e+00,5.795025969206347938e+00
6.258677325218648058e+00,1.379538568177249935e+01
1.417808913783294100e+00,-1.087197665755630638e+01
1.429824156180426442e+01,-2.799057086590940990e+00
9.418308216182740722e+00,1.643969004005062828e+01
1.129663049222128990e+01,2.858825569259210386e+00
6.602819815020901650e+00,-6.948815874018323235e+00
-8.735459631741100850e+00,1.687034955668694636e+01
-3.534095521173441057e+00,-1.392837902076063905e+01
3.086859780118806018e+00,-7.020211278282963541e+00
1.715729273358537643e+00,-5.474191866731206169e+00
7.417098168510745992e+00,7.464082340285368211e+00
4.602245858944396417e+00,8.370802003552215709e+00
-6.512024449038452012e+00,-1.342772871871680529e+01
-8.603986875063254658e+00,-1.321219282755053293e+01
1.432037487746602267e+01,-4.670462824130435564e+00
1.839745049633120644e+01,-3.657841661012771972e+00
8.633029918288020355e+00,-9.057750746801094266e+00
1.779087112169342078e+01,-6.592823340766686968e+00
3.658220702123735180e+00,-1.750630837826848141e-01
-2.458924756775754616e+00,-1.085811168477476052e+01
3.253223244200864173e+00,-1.063230943954654961e+01
1.309436703452977646e+01,8.453399364158988405e+00
-7.832333463483875491e+00,-1.270763167372026325e+00
2.587295920663930548e+00,1.301419097146021775e+00
5.510267052617424888e+00,-1.251085971168113886e+01
-6.870506884855934082e+00,-2.878314368427254966e+00
-1.207682734312265715e+01,-3.154832467043817701e+00
6.708030714570877961e+00,2.277949306705721710e+00
1.311238817275584001e+00,1.837936958529456177e+01
1.546838903519449282e+01,-1.086525865058512963e+01
-1.292173503607391538e+01,-4.895676689260041847e+00
1.474506199485855484e+00,-9.008429788195494226e+00
1.337138455523655800e+01,6.334054378690669118e+00
-8.747117289777774474e+00,-2.864384383593141514e+00
-8.424961301027007465e+00,-1.003333336093352557e+01
8.412241167855967205e+00,5.357259957139790529e+00
-2.628811453212205329e+00,1.108926801301210752e+01
-7.719150171501552471e+00,1.375214614879315533e+01
-1.753076626433800556e+01,-4.774980302412913602e+00
9.528386881735011471e+00,-4.680755670297697790e+00
-7.444163170902175608e+00,1.000383922309281992e+01
-4.491935969169502663e+00,-1.267648055202037771e-01
-2.686579892193304286e-01,1.456534022614466473e+01
6.625729734529177684e+00,1.599402105024147147e+01
-3.108477073495078624e+00,1.286317159815763311e+01
1.002399109755092610e+01,9.719500516490805708e+00
6.664873114103268215e+00,1.057829277788927413e+01
-1.338315902191179951e+01,4.722511665297267847e+00
8.302694052475924735e+00,1.422613119962574446e+00
-8.446821429917143575e+00,6.297640238256199119e+00
5.032368193345075902e+00,3.151421939633339164e+00
-1.360295078330910234e+00,1.236756387209786645e+01
-3.519392390709231710e-01,-1.054319098086762097e+01
-8.414819989021122382e+00,5.438067940274601275e-01
5.102973631117888154e+00,-8.328459433141141233e+00
-1.082643761773319335e+00,7.884956015580351973e+00
-7.803221236759109836e+00,-4.420725433261289972e+00
1.411730953974524283e+01,1.213029603678702628e+01
5.778953946651255613e+00,-1.180541733107554503e+00
-5.106937814025757305e+00,6.425920329521519925e+00
8.911828353869661878e-01,1.655686067862436417e+01
3.570450129788381055e+00,-5.229183995874842061e+00
3.783875574356947435e+00,1.185605967785257242e+01
8.012924108566423342e+00,-1.525341793621487341e+01
-6.981710364430036897e+00,-8.000629137251278777e+00
1.241293998044724312e+01,-1.369996501913359088e+00
-1.516582204900309527e+01,4.276913010801954851e-01
9.425094733411809145e+00,2.909840928320243325e+00
-5.381346116850933115e+00,1.460840742218034505e+00
1.024259992588387291e+01,1.352235076272815917e+00
-6.604943304152730121e+00,-9.727630593268102643e+00
