1.316283351423027703e+01,5.816837790697592325e+00
-1.689437816738685072e+01,-8.674484217248675577e+00
-1.175454730696844585e+01,1.123377961020279159e+01
1.014766536139224939e+01,-3.160335876445903303e+00
-1.212155083004043910e+01,-4.210442497128911832e+00
1.038552699750919395e+01,8.194652712949642037e+00
-9.631421658019110765e+00,6.963926917867020450e+00
4.305604591621689181e+00,-5.794761858898474394e+00
-6.951246108121686085e+00,-7.590745388521087378e+00
6.875436857048686790e+00,1.427632520640590563e+01
6.907323899166865289e+00,1.747369364282728910e+01
5.901443473394039074e+00,-6.786959209197454435e+00
-1.306597678904793014e+01,-1.108997536224569735e+01
-3.350572545375881006e+00,-1.051032583362280448e+01
4.025209158782130925e-01,8.976545668652265775e+00
-3.335577054720877954e-01,-1.483299515207838404e+01
4.193216691900696347e+00,6.253455014866228234e-01
1.714967532898819158e+01,-4.645637021579936743e+00
-6.197724633558255647e+00,-3.884839090392188776e+00
-2.377967808537607919e+00,1.385276965879537592e+01
-4.682273111783539221e+00,-9.289610982526554039e+00
2.541271077205810691e+00,6.137307857166335090e+00
7.551165778076865287e+00,-1.406937737285477752e+01
-5.891497586017931276e+00,1.366631614836539166e+00
7.406559807962693753e+00,-5.846018402453426965e+00
-8.563486936616072631e-01,-8.318481112957996970e+00
8.871491164670080920e+00,-8.009879587698006675e-01
2.863781592611795546e+00,2.562679491271387722e+00
3.263507739981104550e+00,1.654138603774185157e+01
7.120293706152867941e+00,-5.126535932516197436e-01
4.162083114324671484e+00,1.470992585625379334e+01
1.282394689123963083e+01,-4.620106923057016424e+00
-1.560143548669422842e+01,6.700546649033897850e+00
4.357716988150440507e+00,5.753825735618711690e+00
8.429804408344310218e+00,-2.579541127692960067e+00
-1.722053560816986462e+01,-3.155745533054668428e+00
-3.319727229160168491e+00,-4.142612242903017439e+00
-8.300023582528767818e+00,-5.591554410300291877e+00
-1.600708905596782472e+01,1.317774120411251193e+00
-1.036813970920319683e+01,-4.808032201071470446e+00
1.014446759084865590e+01,1.023977113947604600e+01
1.403503537665976175e+01,1.076400962991972965e-01
5.132012217427715406e+00,1.620226896337544531e+01
4.621859532183187014e+00,9.659507881550668529e+00
1.092538597488869989e+01,-4.766180432575631620e+00
-7.370370593706239148e+00,-1.352758594838577899e+01
5.711870093444639807e+00,1.136844249369227633e+01
1.266188183419868452e+01,-1.441105615062446832e+00
3.743353742024744690e+00,8.118647325633137513e+00
7.308771047495907780e+00,-8.943123197169137839e+00
2.639518231812303384e+00,-2.698942859729560162e+00
-1.068195233647283970e+01,9.136621111950672391e-01
1.389746093462363596e+01,-7.653409620028020832e+00
-1.141474645598360738e+01,-1.233591746322782967e+01
-4.750618448006185823e-01,-1.283047815152390969e+00
-7.475497505920885466e+00,8.417664394261441529e+00
-2.977909746255185564e+00,5.520340495591016250e+00
1.565020704965129461e+00,-7.505895745105668482e-01
-6.432604889427480543e+00,-1.133765224356557155e+01
-4.415968576758571018e+00,6.537901289407865413e+00
-4.210041973196554821e+00,2.082070474428303175e+00
-9.220499065911454295e+00,8.762119976060674276e+00
1.154450627565616827e+01,-1.113231950522321867e+01
3.189546374780384941e+00,-1.674624327050123895e+01
-5.358793877012352880e+00,-3.414838434781575782e-01
-4.167221894424649520e+00,1.337295805114332303e+01
1.712492453727701758e+01,-8.230246630117932227e+00
1.301630599181569181e+01,1.298442392865091755e+01
1.215099195670301846e+01,7.412462936660822344e+00
1.821045777364655649e+01,1.036547028451334063e+00
-2.382821492791045159e+00,2.125159949577129836e+00
-8.217716082978590464e+00,1.044368838804161115e+01
8.922477606523466775e+00,-1.279590830284972469e+01
3.676521505678087998e+00,-1.496585647920340456e+01
-2.533284100751359791e+00,-8.932524337661991609e+00
4.014710489591872822e+00,1.193169120171021724e+01
-7.136323713206983221e+00,1.386754383281069103e+01
7.430468913361518268e+00,-1.088309331573158900e+01
2.729356285232242829e+00,-6.685084238982786253e+00
2.415237454739245504e-01,-5.037180872375989438e+00
-1.271947916393857625e+01,-8.491588430584448233e+00
-1.420987785599970188e+01,-2.611818271934427838e+00
-1.392678129640651719e+01,-4.379417330884204596e+00
-1.524184971071950123e+01,3.036045533130701912e+00
1.171797290742527409e+01,9.354190625556251248e+00
1.379410995542212914e+00,1.255387021600959940e+01
-3.381719296169915179e+00,3.654392014156003121e+00
-2.164651293123057485e+00,1.117684211906725977e+01
-5.676485895459395081e+00,3.229232308223052517e+00
-8.196659975082841498e+00,-1.164125435594512581e+01
5.122416018788305436e+00,-1.165398858098904533e+01
-1.221751355708242492e+01,4.643615176694003921e+00
1.104230435205509941e+01,-1.495580204708193861e+01
2.665745541585575751e+00,1.834049729714338994e+01
-1.335232470740958810e+01,3.198336215494919088e+00
5.917900945399966695e+00,-1.331582110706112410e+01
-6.387084951344935035e+00,9.914021541038243512e+00
-3.053881496376370297e+00,-5.994078208286311771e+00
1.326098845959658767e+00,1.071039374091946783e+01
-3.719359754715680033e+00,3.470280226238863786e-01
-6.260263782854094572e+00,5.688570901359926602e+00
-4.928908026225846672e-01,1.048106184436756649e+01
-7.451708476985213991e+00,2.904871204077461133e+00
2.584801664201976212e+00,-8.536289662361403074e+00
3.797897415308910229e+00,-4.054595963250553936e+00
1.834441431934848410e+01,3.372157438097008075e+00
1.768374397545128041e+00,7.772141813699797730e+00
-2.493225963748412433e+00,9.263623281643345919e+00
5.965273455703646199e+00,8.467091646063312771e-01
-1.511642950546662689e+01,-5.814271573115902036e+00
-1.346930522364450589e+01,8.045843516680161400e+00
-4.144877911937205006e+00,8.419697469906374465e+00
-2.047090432964085771e+00,-1.183224961581395540e+01
-2.124775534234157881e+00,-4.222632074856465523e-01
-7.700267188075564206e+00,-1.528454839526457754e+01
-1.938422739522403238e-01,-1.751552235581749173e+01
1.249713487088695452e+01,-6.388082393538466519e+00
2.102018292642837682e+00,-4.833911275049226575e+00
-2.588077478511278784e+00,1.559957574372581135e+01
-1.653408150449475311e+00,-4.858103996670640967e+00
7.758152810138128075e+00,1.580810785984359690e+01
-1.383811559188937856e+01,-8.555628433383722919e-01
-2.042285020950914909e+00,-2.194230195422852248e+00
2.245070155828756242e+00,1.511482449109967341e+01
1.437172997673416930e+01,-5.521210349935778972e+00
-5.616043394371220465e+00,-1.299812276582994031e+01
6.528656616249570277e+00,2.578363969829627234e+00
1.368873645918825099e+00,-9.793705128176229735e+00
-1.012622342544853815e+01,-8.993334328083118834e+00
5.830039302246954769e+00,-9.933648644618077839e+00
1.232923050354673578e+01,1.117374592297073299e+01
3.335295841261282312e+00,-1.141961560152053856e+01
-1.455574770054899680e+01,1.022456599620334750e+01
3.461372306590302816e+00,-1.079401492548353048e+00
1.537668880440889829e+01,-4.081788243330880306e+00
-8.492568718463926913e+00,-9.857731693909896009e+00
1.431470026941189921e+01,7.298032905095185541e+00
1.645847355895474351e+01,5.914764812207360389e-01
1.478762023218572530e+01,-1.543931926115098996e+00
1.729388452657561714e+01,7.744951377469309506e+00
-8.837979807010194477e+00,-1.678735359490015711e+01
4.864677136380118228e+00,-2.551506529468080764e+00
-9.027362629690035334e+00,-2.264530223435596776e-02
4.002981524449151784e+00,-9.724754848401769181e+00
1.796605864541464259e-01,4.898845002099569079e+00
5.225359665564869971e+00,-1.602174170861391289e+01
-9.639140415472454704e-01,9.958983880253881038e-01
4.455379830145586695e+00,-7.895071889064709580e+00
-7.262187243404969905e+00,-6.051667806712073272e-01
8.757173466618489721e-01,-7.967861818349786240e+00
6.613771752260801939e+00,-2.278968092296743908e+00
2.941637525842564660e+00,1.336817943608089720e+01
9.721917751819692199e+00,4.890845181888476390e+00
-7.677531287995060794e+00,1.125508182303156079e+00
9.066997690985543201e+00,-8.459779134357038544e+00
-3.805651350349920303e+00,-7.654690125941662870e+00
1.175449315111745285e+01,-8.107804821527052397e+00
-3.304281927210719338e+00,1.735048094214684156e+01
-7.812854977673286072e+00,1.216269001743562406e+01
-1.091802074213829066e+01,2.816717081774249287e+00
-9.609666697877278452e+00,-1.278966772392977802e+01
1.564824911907464688e+01,-7.194610970897127089e+00
4.694096372918321158e+00,2.352014246750333104e+00
-1.026384041716441331e+01,-7.116680456153734902e+00
7.811285505009695207e+00,1.176997755059152162e+00
9.392076185193126037e+00,1.405437301778989934e+01
9.202437729437848546e+00,-1.068631845513723100e+01
7.154289343010315605e+00,7.440120615515501079e+00
5.358815072918948985e+00,-8.482062977183225660e-01
-5.057324806889488045e+00,1.701063255517727768e+01
-1.569585056273600543e+01,-4.828030188385813992e-01
8.658172947058426772e+00,8.577023232821733956e+00
-1.649173213969798368e+01,-6.935394629886570961e+00
5.383536056835496630e+00,1.330017440228873937e+01
-1.510036120815609095e+01,-8.089165257257864283e+00
-1.421512404158139375e+01,9.509445722839526827e-01
4.484466145010981286e+00,1.841209380129061657e+01
4.746221660869930581e+00,-1.775735622519059831e+01
1.037239659130093727e+01,2.219732353512041401e-01
-1.239824512861286721e+01,1.375593047459900964e+00
2.499185250478225484e+00,9.364323506521266438e+00
-1.219917402183583377e+01,-6.030082812590899621e+00
-1.420309870764927496e+01,-9.617819342829482920e+00
1.158042377149876145e+01,4.046248224796022974e+00
-1.605360521270961405e+00,4.283629371442379430e+00
-6.531138984393622060e+00,-5.753312427219785086e+00
8.875952559031464517e+00,-4.715969838954513271e+00
-9.354753641583894108e+00,3.829162956268572948e+00
1.281518030966187105e+00,1.665374420629616381e+01
-6.110811145128385746e+00,-1.929053007240217221e+00
-1.276182100757429438e+01,9.782259359366667795e+00
3.171858719446354336e+00,-1.873114819301350664e+01
-9.239822152517895404e+00,-1.889897754876757485e+00
7.772003706881502882e-01,1.564591805817280301e+00
1.167472178223733170e+00,3.298245954361574306e+00
-2.899356392688662853e-01,-1.130722371250350555e+01
1.066384253576676500e+01,-1.315408212685518308e+01
9.448027350655024748e+00,1.802664241271289658e+00
-4.623439335863390731e+00,-2.903415352299148378e+00
1.344823797871600135e+01,9.024930255379702615e+00
-1.524544104892379792e+01,8.422881697945216573e+00
-7.682429334228880968e+00,-2.818445894150478193e+00
-1.744641762428268805e+01,6.680410785781312200e+00
-4.759868022559929912e+00,4.762533653766760189e+00
8.979076327246602318e+00,-6.637091440367227868e+00
1.054354396489407897e+01,-9.426416568531722717e+00
8.421967551512108408e-01,1.841195475156945349e+01
-1.229768034273202026e+00,6.041887921847759024e+00
5.106411794869777587e+00,4.124326328092612570e+00
-9.470033232147546665e-01,7.798606121018288206e+00
-1.777010115525586187e+01,-4.952224019060988525e+00
-1.066098789662854429e+01,9.785832765494957286e+00
1.073110393379380945e+01,-6.625032017613202484e+00
-3.675419117478730069e+00,-1.409827092810435722e+00
8.051085365850472186e+00,-1.674318936108847922e+01
1.376869862554423563e+00,-1.549778364531823982e+01
1.193555105218002232e+01,-3.056510503457953831e+00
8.447150598863253368e-01,-2.467748955118870491e+00
-7.761522572447401735e+00,4.669932544919413786e+00
9.545585793091110105e+00,1.197394691664735511e+01
-5.742583017014947444e+00,1.251000057295112988e+01
-9.445661857818153706e+00,-1.465983726998121206e+01
-5.603745473666359445e+00,-1.581984849872298327e+01
1.737473853547720282e+01,-1.037365705222901724e+00
-9.662936109763050396e+00,1.170570792524905102e+01
-7.853396302630437198e+00,6.548862978147004021e+00
6.624012077134194598e+00,-1.779230891498292877e+01
-3.823491891034334955e+00,-1.331305649970146909e+01
-9.991839566414025597e+00,-1.098294599436934682e+01
2.403600877909406019e+00,8.171199244304374609e-01
1.199681786630339708e+01,1.190130022024390444e+00
-1.736984146155334230e+01,2.623836100989227926e+00
-1.298585838690699212e+01,6.322623708943699405e+00
-6.221671998213724741e-01,2.790209327235627423e+00
9.485893150609410185e+00,6.649122334680976465e+00
1.626420314226923836e+01,-2.544943076542875993e+00
-9.146823580681456178e+00,1.353924884936526318e+01
7.970248205854769452e+00,1.287665118178517432e+01
1.085827399726367659e+01,-1.470254988580439681e+00
6.150292769820949523e+00,5.997624531916855517e+00
2.265358065007524679e+00,-1.386595271702920051e+01
-5.791212961091843248e+00,7.698132403486328101e+00
-2.729465972215509240e+00,7.278935584766909273e+00
-6.318073433594849631e-01,-3.420430845422241628e+00
2.603218289673121077e+00,4.332689419150460353e+00
-3.120067974023223556e+00,-1.680372002597200520e+01
8.202234881744127293e+00,3.196450804943852919e+00
7.919311888158082624e+00,5.814892968415703578e+00
-1.091502242751703911e+01,-2.601507955186982191e+00
7.210691373753239652e+00,-3.985305144114938969e+00
1.499290665564453784e+00,-1.156130632877825448e+01
-1.372834756548499513e+01,-6.965508919602187099e+00
-9.219275359271051684e+00,2.017057608810771452e+00
6.873123879300500505e+00,4.385267347992770404e+00
-8.772865114822555599e-01,-6.549818641470462666e+00
-4.867020678082384144e+00,-5.141081321479581412e+00
