1.162240119668003402e+01,1.307850691470087057e+01
1.352069855503488327e+01,-4.069974444958800674e+00
8.004099344922964931e+00,1.609718297037377610e+01
-4.769961918925370803e+00,5.238470331206740660e+00
-6.168992198856358300e+00,-1.775125872121980253e+00
-3.402469781780658398e+00,1.869227361589224756e+01
1.485988428217433288e+01,9.701799939094815528e+00
-1.133834522900790276e+01,1.557399381901761970e+00
1.660484567200819583e+01,9.215506901597601441e+00
-6.204968845452062176e+00,4.539897009840818121e-02
-1.717020040501104461e+01,3.265489396615624873e+00
-7.624618232713403998e+00,1.028927825778726479e+01
7.933495597511991404e-02,5.963929211961033872e+00
-1.525781221842505708e+01,7.247571691990689402e+00
1.042411046316924761e+01,-6.628814705275522634e+00
4.459083328965331106e+00,8.414981488738281001e+00
1.556831266123946378e+01,-6.942709307844451283e-01
-1.515611425876796936e+01,-4.629258185900421374e+00
9.682539823393774725e+00,-1.285904718186171003e+01
1.686280520138461725e+01,-1.908973649898808578e+00
-7.099596366936750336e+00,1.642453720465312683e+00
1.417690831252252093e-01,-5.951033935257956209e+00
4.223652616918476710e+00,5.503213334416850344e+00
7.285917763179970308e+00,1.444859501696530657e+01
6.212265960052177682e+00,-1.228406378575886215e+01
-4.056292162790748002e+00,3.537372062449864352e+00
9.560445029150359986e+00,4.934102588190484084e+00
6.090090481686377011e+00,5.110982343224153013e+00
-1.064454926469165841e+01,-1.571651622701405770e+01
-9.813449045025286477e-01,4.472612045107695167e+00
1.542711170014756217e+00,-4.470175789098074226e+00
8.073124408207005942e+00,1.286282488816727820e+01
3.587282850711611681e-01,1.076420887325060782e+01
-2.806040354363563694e+00,8.186494610844929909e+00
4.736461810200137457e+00,1.318504448191660394e+01
-4.294899297939142713e+00,1.346221236423812329e+01
-1.019098261614185752e+01,-1.949389609169835391e-01
-1.382082399953458740e+01,1.173901497201598509e+01
-6.398800009541541378e+00,-4.881674311071829919e+00
-1.250329860188815978e+01,-6.450833734180340784e+00
6.363179577597839476e+00,1.233813396244114280e+01
-8.544214693012039064e+00,6.342867231039908127e-01
-5.464653453974884778e-01,7.689580330174154099e+00
-4.413834793907793319e+00,8.950693877893407091e+00
-1.828499899100022308e+00,1.588809412623954920e+01
1.242182701570378356e+00,1.326304444939611038e+01
-2.451265188833910980e+00,1.065469293582563104e+01
1.151247945733632250e+01,-1.235547293210537489e+01
-9.360062478667328989e+00,-1.110467924737051071e+01
-7.000254654560685630e+00,-6.719319721561721082e+00
7.828431530344479583e+00,-4.983357893273823613e+00
-1.113635419949350780e+00,1.183980565427243015e+01
-1.426116078956925470e+01,-6.238631865060996873e+00
5.905076627084894225e-01,1.723467779871070604e+01
-6.906667956009444609e+00,1.769402428916022529e+01
-8.457118364935251265e+00,-1.269619283173373248e+01
1.709994011616351728e-02,-1.540529185139152490e+00
2.161397062775406663e+00,-6.149989623471647349e+00
-3.488987714487609804e+00,6.523224464872694917e+00
-8.135131300890000361e+00,-4.464560645903399738e+00
1.090423795619321368e+01,3.717830626584792686e+00
3.345020051069305111e+00,1.429157850897138538e+01
1.627965408006730286e+01,9.599536652695387362e-01
-1.851926506916207193e-01,-1.031510876751064743e+01
4.758094779510550154e+00,3.807426919527106879e+00
1.722795673228376900e+00,-1.890779022734436410e+01
-3.124594024391225577e+00,1.927163950877851750e+00
-1.353664232402180900e+01,4.060338674343539012e+00
4.600281503129346028e+00,-1.691102961168124352e+01
4.550771407983027039e+00,-2.257149582302472535e+00
-8.025252332496048524e+00,1.516342623880686524e+01
-1.051231297858269542e+01,-9.622183532125653471e+00
-3.274134663665263734e+00,-8.074317666093431711e+00
5.271129029001801136e+00,1.827736355572246785e+00
-1.104257143388625728e+01,4.879859381298190968e+00
4.399097481729326020e+00,-8.610224125375820492e+00
-1.336748998658474363e+01,7.340377569287530157e+00
-7.460658336672560509e+00,-9.938594496083053897e+00
-5.298939649972430388e+00,6.935091990457670441e+00
-7.054309861235763535e+00,7.259594118409543384e+00
1.224589093690152275e+01,-2.702447714920253485e+00
1.172570901351145523e+01,5.430345916592743016e+00
-1.594944006715369733e+00,-7.377582353103089297e+00
-2.706201993034644815e+00,1.426514800242954983e+01
8.718624262015397974e+00,8.029260672810867305e-01
7.100769513774527475e+00,6.567791033363525877e+00
-1.190168556143980538e+01,8.565026075160576013e+00
-1.731231796909858289e+01,1.386596915158875731e+00
-4.891870422182051925e+00,1.692933305309484382e+01
-1.024281071228190321e+01,9.467443024431281273e+00
-7.703569902638793820e+00,-2.754650383218551823e+00
-2.407208962161608845e-01,-4.208316652009930436e+00
-1.301833174357686396e+01,1.002452168033555857e+01
6.065364723790185764e+00,-1.451735349041704382e+01
-1.343801651858787238e+01,1.232904987938539421e+00
-1.165661424535065294e+01,-1.220914113802477807e+01
7.334642273885136454e+00,-5.064839545812556132e-01
-3.219723573480361534e+00,-6.262527858319190344e+00
-3.601534316725735763e-01,1.881159974849341410e+01
8.761372700002771907e-01,-1.373944499234596961e+01
5.587138006999793127e+00,-7.693474752712314846e-01
7.849590554158567990e+00,-1.721046308692586990e+01
2.956501805434553543e+00,4.098484944974727817e+00
-1.338660207226811849e+01,-4.197624595984751572e+00
7.522460098326119393e+00,-1.001356474935472463e+01
1.039384912762956681e+01,-2.422955410795769371e+00
9.281643731921910501e+00,-3.942033794375705114e+00
-2.033184731088464758e+00,-1.297397500331906706e+01
-1.596745580645170826e+01,-1.159914382113593989e+00
6.720555836414123796e+00,-3.504489221451882131e+00
1.202427762151199708e+01,7.514391330042331951e+00
-1.683877786929757481e-01,2.855020890530129307e+00
5.739970536305770032e+00,-9.911008583677006101e+00
7.677600464863476581e+00,-1.360087864862039631e+01
1.504145868261381125e+01,-5.024922143464435109e+00
-2.810773745816113944e+00,-1.734535931992341018e+00
-7.490104310736877657e+00,5.510828040205857370e+00
-1.881221685820872835e+01,2.366720711765522900e+00
2.280872722308072476e+00,-1.145992246259354275e+01
-1.345314426329564883e+00,9.255651356206733738e+00
8.642794647049981904e+00,-1.710122554559042829e+00
1.397730782557949425e+01,-7.591984092071869306e+00
4.164290061585496971e+00,3.118219547102721312e-01
-5.409827210687462973e+00,-3.398093846829690179e+00
-5.256441496130179303e+00,-6.210943387837116525e+00
-5.292125677512222737e+00,-8.106146799046777929e+00
-1.352549576350050797e+00,-2.731104744960386466e+00
1.134914031494743192e+01,-1.521471946465963576e+01
-6.449327630221692864e+00,1.596896509204535874e+01
-4.886776013598526092e+00,-1.469063505212077203e+01
-4.502789758527295128e+00,-1.028216804988046462e+00
1.388018137226590198e+01,6.311817012379062897e-01
2.511705899639173456e+00,8.669916562381617453e+00
1.521926047689330197e+01,-8.888027107743145194e+00
3.700031038738281985e+00,-5.234986246658090536e+00
-1.806374674558231197e+00,1.769958398240021680e+01
5.539319529103938322e+00,1.479876132748308315e+01
-1.011099913195123357e+01,-6.154217736170904729e+00
1.317603089083179135e+00,-9.318573437107010804e+00
6.108727375955957939e+00,-5.434703473720661648e+00
1.134333304663871722e+01,-9.162141176019256150e+00
1.214269197135027589e+01,-7.496721544610824850e+00
9.594121289288532139e+00,-8.701082280823005277e+00
-7.796980692648135758e+00,3.253780654283902507e+00
1.727120304419962116e+00,2.710942430311148232e+00
2.133924151745203890e+00,1.094768464269508534e+01
-6.661333255012376497e+00,-1.547053709245764530e+01
4.379436154400839776e+00,-1.501022357887373104e+01
9.962192585707148496e+00,-4.327756263921345159e-01
-1.516179567699006370e+01,4.634514567115645689e-01
2.664692770084032158e+00,1.670526697316388010e+01
-2.603355871074869210e+00,-4.018904721788997492e+00
-1.260442049996429503e+01,5.705173756596780166e+00
-4.188969736292341040e+00,-1.156658859814478468e+01
9.958008175199724477e+00,2.213162552711841702e+00
-1.363827402978378789e+00,1.526221120206150861e+00
1.349139095778124720e+01,4.175553512166514381e+00
1.551181881835466747e+01,3.891631079935315984e+00
8.201894254633796066e+00,2.695591959101582891e+00
1.479475153297630996e+01,-2.789114461067973227e+00
5.118417681225277960e+00,-6.939222822227619325e+00
3.134413937676621131e+00,-1.130768199506450467e+00
-8.534725830433833593e+00,1.695754806286603156e+01
1.377664638138030817e+01,-1.292505245412499892e+00
4.544065034706359363e+00,-1.119747703629476909e+01
-3.852480501942696645e+00,-9.825876754348117359e+00
-1.174456373696688338e+01,-4.820318019318804659e+00
1.571905704201306087e+01,-1.065786683878377694e+01
9.583787150285365541e+00,8.286785139262995870e+00
4.885391613157612944e+00,1.135600745205736040e+01
-1.589822270755315081e+01,-1.035602485864050948e+01
9.893196066986167381e+00,1.271354719341764472e+01
-4.630575798113142127e+00,9.206301387363857724e-01
3.119836608214250351e+00,-3.514797326204080807e+00
-8.460219260387341622e-01,1.394144651736183960e+01
1.271526880171785123e+01,-5.779325127762984238e+00
2.680669794540448070e+00,-1.318826813636865225e+01
1.353510502651912084e+01,8.431415078359805193e+00
-1.459894515453771469e+01,8.933457574210304841e+00
1.411820725711625535e+00,-3.866130326075789547e-01
1.490170130255427416e+01,2.186679879261633985e+00
5.841527529669477969e-01,1.217861031995094212e+00
1.293450612202204653e+01,2.374658146605934217e+00
8.892118518555209405e+00,6.597185471803229895e+00
2.051224550186482976e+00,5.671629123463532984e+00
-1.692705027203506063e+01,6.682525797423365610e+00
-9.630600239365385562e+00,2.032252916049061664e+00
8.730710637355366677e-01,4.312741312325567122e+00
-4.248168562496616119e+00,-4.768797442646521390e+00
-9.925750296263528227e+00,-4.303293413365092412e+00
1.063293781342421473e+00,-7.557110662389709077e+00
-1.601656149074426239e+01,4.757576621592922272e+00
-6.630829841374937139e+00,-1.362491405115780019e+01
-1.673961083246139481e+01,-3.730558905761516275e+00
3.258946572432547484e+00,7.046996204814854003e+00
-1.544688338625840629e+01,2.313863458629786596e+00
-6.840534602027874556e+00,-1.179239424598975461e+01
-1.078784728480345478e+01,1.129540142875985076e+01
1.171681149770540920e+01,-1.000879718009027419e+00
-1.130181823836055344e+01,-7.858500666297325132e+00
-1.730736723445646108e+00,6.268872670283538895e+00
-9.236588740947116349e+00,5.651349536035897181e+00
2.512049041058784571e+00,1.090838023965704062e+00
-5.635522074672676851e+00,-1.007986283780553727e+01
-8.735208082189226175e+00,7.863894517606198065e+00
-6.440521555537474185e+00,8.964444706400932716e+00
-2.780744919756491296e+00,4.826978114627076266e+00
3.031627067036960721e+00,-9.823689570649460023e+00
-7.787391950213303105e+00,-1.732157348763865201e+01
7.018367249908255445e+00,1.348598833558764198e+00
-5.907236968801696797e+00,-1.707789987534292209e+01
6.118718106885588925e-01,-1.548767064996382103e+01
1.255774249081240868e+01,-1.385315108650137539e+01
5.011442184673146727e+00,-4.008541939389981046e+00
-1.791011816220839048e+00,-1.121792936558970943e+01
-1.027552948491386564e+00,-1.445507136333273657e+01
-5.518476647324721540e+00,2.461506970904639324e+00
6.304128153930715683e+00,8.183749585424500594e+00
-3.065653056002742183e+00,-1.445660732093475254e+01
2.971399208321291674e+00,1.249340395203080867e+01
-6.242107359763858554e+00,4.128361652714140462e+00
6.883806771493333754e-01,9.009213639405951213e+00
6.436651295965791775e+00,3.156754899555740401e+00
7.790440261534826938e+00,9.211486231771699451e+00
-1.573796419867407703e+00,-5.491779532481763759e+00
-2.284073945336305922e+00,-1.647363853952243318e+01
9.164906557059630643e+00,1.467377464788300223e+01
6.573132851525744336e+00,-8.044324054864816276e+00
1.315215354558492500e+01,-1.158421915473910246e+01
1.404451046060963160e+00,-1.712654835125743702e+01
3.627424055395834124e+00,2.463809341526328023e+00
-9.905251035519270886e+00,-2.531052901482661266e+00
-8.590028552730920808e+00,-1.162205554051549683e+00
1.541260152323934207e+00,-2.583420223759041345e+00
-1.285488124853787362e+01,-9.565138626741063632e+00
-1.322151264820524919e+00,-3.581518037877464700e-01
1.697689527305344015e+01,-8.529283761388288809e+00
1.152427362110053188e+01,1.240089098429222547e+00
2.377380147527895282e+00,-1.501065882183885769e+01
6.464548533627245241e+00,1.048504708600065172e+01
7.821428442571874307e+00,4.453093260844756429e+00
-5.424211538857125703e+00,1.041343034416529889e+01
-9.486823923512751833e+00,3.879919828646277491e+00
-1.067366257926761319e+00,-1.893153217734678151e+01
-1.136231060775684298e+01,-1.399009290044458176e+01
-1.990930215417799021e+00,-9.376858701442852606e+00
1.719307759817213466e+01,7.510271957307013579e+00
-1.184639446187293110e+01,3.247270544809664816e+00
-5.681628014926687342e+00,1.229470727169215571e+01
1.844830794586997769e+01,-2.788623552273406858e+00
-1.393918455688043068e+01,-1.441642769160814019e+00
3.666435198614413249e+00,1.004519467621578244e+01
6.335383933207783258e+00,-1.627717601797710500e+01
1.335038575199240407e+00,7.332457125697900757e+00
-1.444257932894603158e+01,5.664535133912024456e+00
-3.026787286616433370e+00,7.414420961206506788e-02
