3.318008576095448525e+00,-2.143450195210625520e+00
5.346618459593437400e+00,-3.955781692106550285e+00
-1.869174362405795975e+01,3.318119609893208199e+00
-6.404282189338486475e+00,-1.461617084320636373e+01
8.486233725202973588e+00,6.512156972066481586e+00
-9.059215168000444018e-01,-1.036914752954031016e+01
-3.385447957304219102e+00,1.423814893490905398e+00
-2.818551527696816716e+00,-1.051605317420509245e+01
6.141188113052124642e+00,1.375941639062143018e+01
5.139632273624575198e+00,-2.083632063036271465e+00
-7.035841242733686052e+00,1.582119777482436440e+01
-1.013768896205687575e+01,5.313799384407940529e+00
-9.318802679878515960e+00,-1.000342065952770731e+01
-3.217234200789376164e+00,1.241837720335842121e+01
9.404119688555768519e+00,8.094635517117168888e+00
8.883270999750992880e-01,-1.066846755439413386e+01
-9.071887709522497900e+00,1.203991132936070940e+01
3.371774921939112879e+00,1.610294082605634358e+01
-1.314423844180918444e+01,-1.332281281288964614e+00
1.162142569695424044e+01,2.061710314219573181e+00
1.526124384067627560e+01,-5.792127562172831645e+00
1.742161003092333260e+01,7.413979195723727322e+00
1.125904517621713374e+01,3.816337107029850628e+00
-4.221849264858200002e+00,-1.538147910858738698e-01
-1.695315033042910002e+01,4.037308026422892659e+00
4.001873592411901548e+00,1.085694656880774467e+01
9.632334214188404076e+00,1.027490757373411689e+01
-1.126849462330381435e+01,1.368321455718218282e-01
1.357428600156950438e+01,-8.362826453634076174e+00
-3.560939092681391749e+00,6.757842662622419283e+00
-1.570279055543036373e+00,-5.437561817368780304e+00
2.958099495266731438e+00,1.235195349306978585e+01
6.214907667397731927e+00,9.899302413623713548e+00
-1.675340565094598944e+01,7.803351480544088226e+00
1.525808163445036847e+01,6.378618917438662272e+00
-1.814679274946147913e+01,-5.619693291696998827e+00
-4.209115185421659078e+00,5.088425547421506323e+00
-1.229674287669097588e+01,-8.528922785297707421e+00
1.586530982855702199e+01,3.850182049787028937e+00
2.811694510148628368e+00,6.781539322995295827e-01
-1.661937777377345271e-01,-2.930486959904337052e+00
-1.893362563026377643e+01,1.544918535377695967e+00
-8.701849415848982972e+00,-8.156613412699661225e+00
-1.637094803858560255e+01,-5.883305647876246880e+00
1.185917434370252899e+01,-7.179046030330809458e+00
-8.259470555176410267e-01,-1.265615566709405115e+00
6.848455133446783805e+00,-3.043682903988023103e+00
1.434094946730659181e+01,2.711388756677035161e+00
1.116984186414825331e+01,7.642967093289855463e+00
-5.221185443028471873e+00,7.364537075478478023e+00
-1.916658534904208011e+00,4.565739145820052691e+00
1.530055201460405634e+01,-8.976726869266908437e+00
1.086281923715191056e+01,1.382474839504826747e+01
1.214554704602949897e+00,-7.444849623451511356e+00
2.844086485381776441e+00,8.917986864290149640e+00
-1.844219138018441881e-02,2.388951532580456671e+00
7.795159731835922479e+00,4.840114839492804855e+00
9.908726296961283708e+00,1.451804522231235905e+00
-1.044607428081176259e+01,-8.531769737131465803e+00
-8.767057451698589077e+00,-1.657816136452965949e+01
5.561479763473642812e+00,7.662905831437868187e+00
2.799535593470898309e+00,-1.068046739480510787e+01
-6.899722566911874466e+00,-2.458149669897104594e+00
1.698526475525192225e+01,5.610550386107449938e+00
1.368115661272472572e+01,5.473919600732168433e+00
-2.983784247326561001e+00,-4.292243175984793879e+00
-4.914100327991345551e+00,2.442729259583565238e+00
1.012571065432686979e+01,-1.607160601119816690e+01
1.568644568260820371e+01,-8.026700440864562580e-01
-9.587574149470388107e+00,-4.663595921407864608e+00
1.249599459876348106e+01,-3.035551108078762272e+00
6.365660083244916834e+00,1.272182611539027786e+00
-5.669586928767434308e+00,4.050440531612987449e+00
-1.340470554691579608e+01,-7.092318948257923417e+00
-1.397562954850505612e+01,5.969849374133404218e+00
-7.317557706929512129e+00,9.089546849498162828e+00
3.136572328821322753e+00,1.872390719600003095e+01
-5.595759905309853899e+00,1.685126202428628872e+01
-7.948102711722878633e-01,1.853263698084556665e+01
-1.493615902714178745e+01,-9.278691688531964132e+00
7.716337221623152054e+00,-4.678772906519389707e+00
-3.729835463367293436e+00,-1.298621526608535248e+01
4.036846280405567144e-01,8.942467853358424534e+00
8.887168587421870214e+00,3.068657492222532923e+00
1.288160823748303585e+01,7.139988292811777271e+00
1.605230033005019763e+01,9.745430591803440734e+00
-1.230432111925397365e+01,9.099759884954531586e+00
3.856607609367599832e+00,-1.727513429648380949e+01
8.105881286276789055e+00,1.469352455590064555e+00
-1.571924924052619410e+00,1.394434121678459348e+01
-1.594035896076411163e+01,-2.710631031124343782e+00
6.615879201311972935e+00,6.227963930139115867e+00
8.474179861487023402e+00,-1.018407977583809298e+01
-8.543827295574791592e+00,-3.069027386141933711e+00
-6.965610951238438098e+00,-7.841294980369131196e+00
8.005453843203810038e+00,9.582398850660045042e+00
-1.064059962866972020e+00,8.264976957446310557e-01
7.787030370354905973e-01,3.994109619618227303e+00
3.323915096986572622e-03,7.166254558962139143e+00
1.355589268631202771e+01,-6.463349643472254158e+00
4.136313887158924452e+00,-5.917459979805500536e-01
-4.854706864482595918e+00,9.213837629063181822e+00
1.210868201217322415e+00,1.199266704439698472e+01
-7.728001406248049321e+00,-4.622494062186174979e+00
-5.685724926319156936e+00,-1.296025334544361129e+01
-1.637131011018106364e+01,-9.300609378030039176e-01
-1.701771874056088762e+01,-4.186164456774934983e+00
8.124223383154502542e+00,1.147782923090782781e+01
1.327849499893270568e+01,1.352197962986407731e+01
6.820417351992012378e+00,-1.560163129887269839e+01
1.163993518138351035e+01,-8.955432123245079978e+00
-8.251892005406681108e+00,-1.168943929333631226e+00
-1.124283803048693642e+01,-1.024195519345626337e+01
-2.463885826403241275e+00,-3.562815534260010963e-01
-1.465907998306865068e+01,-5.400839198896912663e+00
1.787684085542894508e+01,-5.446823058423666097e+00
-2.396479615423302345e+00,-1.488242448710242627e+01
-1.121548839024428545e+01,-1.201754854151642249e+01
-7.174217361457910336e+00,1.265552923638639093e+01
1.286902644032577570e+01,-1.236152791599672618e+01
-1.180352859363964946e+01,3.972766671177807574e+00
-1.455762674720534555e+01,1.216491424140180477e+01
3.402636679030291766e+00,1.408791344269189594e+01
1.426556298169100678e+01,1.008087727946384149e+01
1.094879711625760033e+00,-4.261003109132053268e+00
3.047792144309241724e+00,-3.928241429525910267e+00
1.822181685373762239e+00,7.481644111086779958e+00
1.205134367381191218e+01,-4.769011661717621031e+00
-8.510675202275885809e+00,2.021467297159168730e+00
-1.188560864619122270e+01,-3.789832508407777745e+00
-1.053741792727997151e+01,-6.257720692849145117e+00
-5.226773603521106537e+00,-1.598248591760452308e+00
-1.349100564324347928e+01,3.073340008799353207e+00
9.601062396852071856e+00,-1.354478975322281720e+01
8.393693475444640839e+00,-6.383463427822899661e+00
-1.220944792692657765e+00,-7.280580879614565681e+00
-1.026751708825105247e+01,1.343001777606292002e+01
-1.441285682508549826e+01,9.707689754471202193e+00
8.665461367121841008e+00,-1.507628341814061024e+01
-5.144891936119032394e+00,-7.486655508584473928e+00
-2.486665388138349364e+00,1.015822506017630644e+01
-8.099341011284268532e+00,-6.478879644934306015e+00
-1.758752021212845662e+01,3.715008414757114963e-01
3.785565362624936814e+00,4.529066894633432483e+00
-4.975700882626628296e-02,-1.499003932964511421e+01
-7.259778450756873447e+00,-1.199323358120131999e+01
-3.380482407616925755e+00,-7.849067532876702558e+00
-1.897026913469593268e+01,-8.063198908884068317e-01
1.700826610429730268e+00,-1.547893266261264600e+01
-5.921535478656215545e+00,1.065964535061778129e+01
-1.048742018990397540e+01,9.622784394530006224e+00
-1.365416216899926027e+01,7.883833011490989584e+00
1.788084139736715628e+01,-1.142675136835114902e+00
-4.425364386516366544e+00,1.377163787996645716e+01
-8.131635087715215704e+00,1.419248825546849169e+01
-5.685013650103030614e+00,8.654306958789890203e-01
9.724358716783962464e+00,4.717977110326068590e+00
9.458435515617722444e+00,1.266768538161764646e+01
-6.191986208740972941e+00,-9.527137801314440324e+00
4.987450907428802260e+00,2.975933963841767671e+00
-7.418056085974615854e+00,4.958857297762769845e-01
2.066049270721272535e+00,-5.783316339651589644e+00
-7.387333037853256734e-02,1.486249356446495362e+01
1.529105988814377204e+00,5.647501271789719723e+00
-8.573487360251759171e+00,6.194514010524388326e+00
1.242629259242897355e+01,-1.054689966442172455e+01
1.442498266240209048e+01,8.000264686553592242e+00
-1.231194878505103674e+01,1.724003639711217062e+00
-1.570902179803305998e+01,6.364817010280114040e+00
1.702518833399108189e+01,4.244520965380107480e-01
-3.525112647006496402e+00,-6.035687376330802323e+00
6.869148033549920207e+00,-9.123715395078475510e+00
-6.153160353017447015e+00,1.422971356940113274e+01
1.103036075639465530e+01,-1.557631002966245237e+00
-6.744542901314606986e+00,2.354648882367326834e+00
1.393101019306878996e+01,-4.573589715489640106e+00
-3.132364592336288334e-02,-8.704755348098801804e+00
-3.310387071750113819e-01,5.409568892953241281e+00
4.496184372239053317e+00,1.254426783216820329e+00
-9.277100113283474059e+00,3.769913969243748664e+00
-5.415156640007183775e+00,-1.607506801240755934e+01
6.092427381916612816e+00,-5.558692343645822431e-01
6.067537236895363506e+00,-5.648792223039121652e+00
6.936191811803441354e+00,3.059514749566340619e+00
-1.389263414572917243e+00,1.214561813072012164e+01
-7.151964736791308397e+00,7.270823643158375482e+00
-6.097484402696112582e+00,5.818252092945388476e+00
8.549060346391476273e+00,-8.262425550615741798e+00
-7.975352623493740190e+00,-1.365524285436621632e+01
-1.524227118018854732e+01,4.480126997673266942e+00
3.071334944458393945e+00,-8.924071280245536641e+00
-3.399974825723725669e+00,3.436543108692944770e+00
1.739433992422702246e+00,-8.547728559974099305e-01
3.197025893648239858e+00,2.848874333046200746e+00
4.584302814423176109e+00,9.153543908177683264e+00
4.829306141421095155e+00,5.972106220903686591e+00
2.454853443870649521e+00,-1.373758435867110705e+01
-7.760864686839557436e+00,1.083605327710085398e+01
-1.075354573922415824e+01,1.142094796004564117e+01
1.394537485539959754e+01,1.186461064138236488e+01
-1.938296211978620898e+00,-8.921419920837355022e+00
-1.584028355287231804e+01,1.029663974957746309e+00
3.607744104240552030e+00,7.327543849674365006e+00
5.903320779907408777e+00,-1.271835687007715521e+01
-4.146628620253212105e+00,1.088746647477236351e+01
7.709761852954938988e+00,-1.440191662880422552e+00
1.342433138901417244e+00,1.379768503082203779e+01
8.685564575927132935e+00,1.465344601567966087e+01
-1.821927686550126424e+01,5.334479300248608169e+00
-1.410367352600321311e+00,8.385410970492854332e+00
-9.078651436824646481e+00,8.366097284805244172e+00
-5.997464087997108173e+00,-4.005056994646480462e+00
1.124619696303625282e+01,2.310164739703143844e-01
1.076609212308852825e+01,1.563564260975544684e+01
-1.896273289412622187e+00,2.492476639359900048e+00
7.379594930629620464e+00,7.915636629649532630e+00
-7.464059977658989098e+00,3.987453379605635284e+00
1.626918145803383453e+00,1.021056128052111767e+01
5.108603585029829475e+00,-7.448240354008510700e+00
1.007406019118426199e+00,9.065539194144536239e-01
4.231560536926197713e+00,-1.359549972239097215e+01
8.923903372667050249e+00,-1.421703819126674262e-01
-3.226150973297412516e+00,8.499994528241096248e+00
5.919094871965365101e+00,4.503832288500216663e+00
1.072303224645228259e-01,1.688219509985399469e+01
-1.215265379313549410e+01,1.334310018398851483e+01
1.324657068394133930e+01,1.261097879505860275e+00
9.780141186026215294e+00,-5.167617015627271826e+00
1.703464543997411340e+01,-2.774979794595673344e+00
-5.700055011055244591e+00,-5.749280305448554174e+00
-1.065448985888867561e+01,2.472256935059325755e+00
-1.227934625360931697e+01,-5.642507611093200204e+00
6.863530917515437757e+00,-7.294298993374061624e+00
4.198529700780225582e+00,-5.412138209568407632e+00
1.129749398615244793e+01,9.400135490998399845e+00
-9.284355563394683486e+00,2.962623897613362867e-01
-1.466026491424867295e+01,-3.484891480101762196e-01
-1.031445278864625870e+01,-2.983604893877656483e+00
-1.725452367023450151e+01,2.169503190515671864e+00
5.610409671006467036e+00,-1.687355196556104886e+01
1.449764727529331942e+01,-2.278292847241153218e+00
-1.592982124013642498e+01,-7.689385639059268307e+00
2.080989645693908652e-01,-5.910579036911786766e+00
-1.699810796179649586e+00,6.593768449726941761e+00
-1.375118754919807884e+01,-3.813048827891696302e+00
4.745987012245779901e+00,1.256791182138582386e+01
-6.154063808610650277e-01,1.043699557077714957e+01
-1.344438377663451156e+01,-1.183358304223092716e+01
1.297972482700240526e+01,-1.335742761720154936e+00
-9.081726145639123615e+00,-1.194445448365948614e+01
3.263199831701021569e+00,-7.103583531871966450e+00
-4.394114185594338196e+00,-3.204323635679136473e+00
-1.011860252630024881e+01,-1.243200035733974307e+00
-2.920150251196911739e+00,1.521464403586912972e+01
-2.456272739934477478e+00,-2.520013995739692980e+00
-1.409890317139536897e+01,1.325656034799490790e+00
