-6.121422879187787380e+00,1.332239490719203090e+01
7.286154140386382316e+00,-1.753976146735918817e+01
-1.050244990360195096e+01,-9.995616700339947869e+00
-1.520511668508110859e+01,1.018682841137150596e+01
3.765893362992436266e+00,1.990447391274280164e+00
-5.947618345896416692e+00,9.968545022338993533e+00
-6.654277277384464284e+00,7.204043352667170552e+00
6.235300275888646659e-01,-1.389582976511101187e+01
9.331536143508579073e+00,-5.435035538969539282e+00
-1.376126278588444940e+01,7.026256417653529596e+00
-6.101093146959637892e+00,1.861331914569198220e+00
1.737847915382695518e+01,-2.840692427119589691e+00
9.721735889229075056e+00,-1.270038529751074030e+01
9.593208724679337607e+00,-3.643042666596574719e+00
-4.802234411704895400e+00,6.314065788010490010e-01
1.280007564808060927e+01,-2.026549190926558719e+00
3.542697690973467317e+00,-7.991628224938753355e+00
5.976485026556824565e+00,1.591691461965557330e+01
-1.536470165135214927e+01,-3.687497601081653364e+00
-1.383078472624694299e+01,-7.389965217428325905e-01
6.819214754023091629e+00,1.423507423798955251e+01
5.581104047233199417e+00,6.889075318542098536e+00
-1.119697965069545376e+01,7.945726565277279718e+00
5.887617338816364398e-01,9.067375746186186802e+00
-7.224078554046036160e+00,-1.516591535971824056e+00
5.595917022567079790e+00,-1.179141777372106015e+00
8.679015535305331652e-02,5.413799225374303248e+00
-6.667383705493358237e-01,1.037935759228848021e+01
-1.624326304659845022e+01,4.420437125188353633e+00
-9.785447249657218904e+00,6.801575360236979506e+00
-1.312971163538692920e+01,4.282949831451972500e+00
4.511828381093083706e+00,1.109323152613115404e+01
-1.555208797540889876e+01,-3.045063694681740540e-01
-2.910740511474036118e+00,8.727945929653101453e-01
-6.889889159680989472e+00,3.537027647710358824e+00
-4.879201754088533516e-01,-1.134341928948107281e+01
-1.063258167986596975e-01,-1.682344964268701837e+00
4.546680683916722643e+00,-6.542691112603375103e+00
-1.980128710944801584e+00,-1.435755279968768150e+01
-1.712093238346044188e+01,6.264604854018238633e+00
-2.301608373844010735e+00,-7.513001497576977883e+00
-7.892043605576239962e+00,1.330379476996358434e+01
6.181040115422013592e+00,-5.527576042983849192e+00
-4.921312854660073732e+00,3.255459304377967822e+00
3.856156279541592902e+00,7.601842341263917113e+00
1.135534352906526401e+01,-8.227610937355660070e+00
-1.049554605954327968e+01,3.921654797222430044e+00
2.809888864535773578e+00,1.171686323427684506e+01
-6.087520009093537077e+00,-1.530030304502239069e+01
8.587691759990942586e+00,4.908486331701144678e+00
2.244142390699370715e+00,1.021577143523309417e+00
-1.926920093396337963e+00,4.011586749868095936e+00
5.162561321101746259e+00,8.859365033362204267e-01
1.039714858682390286e+01,-9.955400488392328384e+00
8.045024963950304198e+00,1.139556373968239811e+01
-8.438483945934114772e+00,-7.006787306908811352e+00
-4.304916578240738367e+00,1.336492034752624036e+01
2.804005951938083996e+00,-6.254956776185291112e+00
6.916439156803973809e+00,-3.892015728117489193e+00
-3.552106362673420392e+00,-9.144554548291322638e-01
-1.636118739504484942e+00,5.798293304074896071e+00
-4.307715089788771934e+00,-1.559749688253310396e+01
1.138194583859207043e+01,1.044606986662989456e+01
5.274175938503609551e+00,3.084905023123718948e+00
-8.709747546987495426e+00,3.673764651044115759e+00
-1.135885384692845435e+01,-4.990003519387426145e+00
8.800397904324448461e+00,1.682988611912848498e+01
-1.152980319578430013e+01,1.345253015256299101e+01
4.214370435596287656e+00,-9.621519082807109768e+00
2.663205281267004843e-01,1.765944390062615810e+01
2.190059031994556538e+00,8.183414549520149350e+00
-1.023309208281411209e+01,-6.777442122787143752e+00
1.486357263627185343e+00,2.605280880954126577e+00
1.279673813046441744e+01,2.714035581572078915e+00
-5.552248328095637397e+00,-1.339503027437593730e+01
-1.458325009322605048e+01,-1.206149148854973951e+01
-1.272475586229983158e+01,-6.158271397486097420e+00
1.037821580012857758e+01,5.252136220082820550e+00
6.703302470137024294e+00,1.961176998767198976e+00
-1.700492683622650603e+01,-8.290805937466721787e+00
6.926510160190930243e+00,3.759816715988638425e+00
8.279799745619230933e+00,1.121604540408596140e+00
2.503377734461815329e+00,-1.355390214281960226e+01
2.328502868490963440e+00,-9.298305214135575980e+00
-1.238081174412266350e+01,-1.803488028289013778e+00
-1.092664153157778273e+01,8.991062416439433713e-01
-1.730694399995870825e+01,-4.603370338263613332e-02
-1.072758476318065846e+01,-8.956474686969239096e-01
-5.600633768260609990e+00,-1.718345687265308896e+01
1.174560008252845122e+01,8.678694346113584146e+00
3.177963578947614387e+00,-3.513272503630867849e+00
-5.749358890861643090e+00,-1.147802700674677290e+01
1.534934602392608838e+01,9.908056997148312561e+00
7.759460810352040383e+00,-6.304062948947987799e+00
-1.370065444839644542e+01,-2.974489506014432294e+00
1.808890634320606949e+01,2.168509300239966908e+00
-9.456761027131005193e+00,-5.110999513870490674e+00
-1.529435776979435069e+01,-7.728158376018858355e+00
-1.388715208726271477e+01,2.685002026166115385e+00
-7.334079501007703783e+00,-8.501863951664491381e+00
-2.809538633407390407e+00,-3.317678315529156929e+00
4.003972922952246272e+00,5.738400241554654890e+00
-1.116029454677834654e+00,-3.869754163953005310e+00
-1.060182986633158464e+01,-2.732005399844052995e+00
-9.462810613147739636e-01,1.408981473776814752e+01
8.433528638319751636e+00,-7.756294518397638393e-01
1.118235201147259339e+01,-1.377822034260668360e+01
-6.483641815404960873e+00,1.075194419328237144e-01
-1.547928075663095315e+00,1.990170986930910324e+00
4.190325119814341193e+00,-1.430317812398785726e+01
-9.195893523477998599e+00,-1.258561638403422123e+01
-5.304295582774802398e+00,-1.270397782206889703e+00
1.159440336576022546e+01,-3.329400239970401909e+00
1.150244025323810426e+01,1.061963423960624153e+00
1.321673932144387109e+01,-8.496797371097594365e+00
1.669649660033885752e+01,-1.108778941288381725e+00
6.499230618519336922e+00,1.236794420823608220e+01
-1.263590347257408020e+01,1.373536462318523999e+00
7.607143530169798495e+00,-1.118173714088564630e+01
1.860936370098390302e+00,-4.718186779358632954e+00
-1.562553842164470197e+01,7.856990510637793079e+00
-6.331489911327029318e+00,-3.164444409494272303e+00
3.963014823857716973e+00,9.389434759973321221e+00
1.503913415081218297e+01,-1.740096398805987210e+00
-7.556020109868921253e+00,-1.430907272997243318e+01
6.180709156459394116e+00,-1.240182885158623094e+01
9.834056269804523964e+00,-7.182323576414229471e+00
9.945934335979893959e+00,1.769662027844067786e-01
8.195668600349479860e+00,-8.056052536072046522e+00
1.084859035001994521e+01,3.521741321359484367e+00
-9.733933179632357380e+00,1.306973421284385850e+01
-3.012451184541560689e+00,1.865748857223160329e+01
-1.081143858594533036e+01,-1.340590522083178904e+01
1.418862278776066788e+01,-3.339424896923570252e+00
5.143474828881410055e+00,1.358001404830236858e+01
8.455875014255797240e+00,1.504624200756558139e+01
-4.143945936080831061e+00,-1.058658809033147108e+01
-1.436234179584270088e+01,1.183890911778750699e+01
3.311661196632980086e+00,1.344469919703514016e+01
1.221530601272874428e+01,6.812930052169359207e+00
-1.535339490892134151e+01,5.985017795631071280e+00
5.594433226795754166e+00,4.949680190472305341e+00
1.485600253333682064e-01,-5.116264948243927968e+00
1.255243986940145939e+00,-4.860091704590199790e-01
-1.395616196878195581e+01,-4.792889411200412120e+00
1.633060217164384298e+01,2.325499774407914000e+00
-7.385605147330061016e+00,5.567684334330341045e+00
-3.701145098911767128e+00,-1.378107852190237104e+01
5.860008731403580029e+00,-7.792178650297499232e+00
1.604290150100826651e+01,6.424160246849490719e+00
-8.722833648399769046e+00,1.148800477291026390e+01
3.656154666570206935e+00,-2.248527792882758225e-02
-3.324668002174573811e+00,8.400385541204741457e+00
8.098674807518651875e+00,-2.565290431688694195e+00
8.571478886491364690e+00,6.975218630983546220e+00
5.311042091554220690e+00,-3.045757185746639006e+00
7.826250677963603408e+00,9.594738458317532803e+00
-1.646817270325810512e+01,-1.852255236818559858e+00
-1.230352484295953985e+01,5.943630250708126006e+00
-2.303460310805343525e+00,-1.084425962728810333e+01
5.652044837112601527e+00,-1.072416542372467596e+01
2.237827731971140377e+00,6.105981914003619337e+00
-2.441709129363746733e+00,1.061296511643346463e+01
6.915253430816373559e+00,-9.335909971607460278e+00
-2.747963809257317758e-01,3.256610807687911890e+00
-1.339407499658878820e+01,1.030516305512255038e+01
1.037293269398515072e+01,7.080254059601394978e+00
-5.717529880795402697e+00,4.928761230817382710e+00
1.053878984829745569e-01,1.344459834947409727e+00
-1.724309582928165341e+01,-3.687425225045836807e+00
-5.755240472995025058e+00,-9.637001875270605922e+00
-7.477237073639263265e+00,8.857836432324495135e+00
9.574138975251079486e+00,1.042750199614433271e+01
-7.851170840054049194e+00,1.658604655192845723e+00
6.651578704169057943e+00,-1.580487079419537544e+01
-1.856042587051770720e+00,-1.260140174856562822e+01
-1.213998334365528953e+00,-9.322627940389072165e+00
-3.148660360631321709e+00,1.483432704416743775e+01
8.301219099336933027e+00,1.318790762069154354e+01
-5.599327374281031666e+00,-7.888475719787646945e+00
-4.002679429082257379e+00,-6.989546986480978497e+00
3.056744863502838250e+00,-1.105410719396368968e+01
8.287171143788334859e+00,-1.487490623573967063e+01
-1.252205604353289736e+01,1.182776894064334883e+01
-1.362969848404746775e+00,-3.526312300767710413e-03
4.561902723717773611e+00,-4.727468306499549300e+00
-9.050946535500377976e+00,-1.520180196326477162e+00
-3.202983567030907697e+00,-9.064453204618972748e+00
-1.637572890182372731e+01,2.639930844156467948e+00
-1.133048823664295668e+01,-1.165102615883477810e+01
1.456537385327477807e+01,3.034451146763117002e+00
1.276178030644079797e+01,5.028912757600303429e+00
1.090388620433745626e+00,-6.790881920870569743e+00
8.581249486362914070e+00,3.123532171761960186e+00
7.919529287780435745e+00,-1.306241418399621423e+01
1.132644813349539703e+01,-9.826412050732772352e-01
1.353689501165178122e+01,9.213227438848234030e+00
-8.898613161505225522e-01,7.879716688914501610e+00
2.489062454411279379e+00,1.883251020415993082e+01
6.960946145358731796e-01,7.122580528313931403e+00
-9.344878499581538378e+00,-1.444589858979883523e+01
6.237096680522596914e-01,-3.374876672466074812e+00
-7.905758041298907024e+00,-1.606381057945248614e+01
-1.887843620032144898e+00,-1.790614919240864467e+00
9.420594942146988116e-01,1.476092526766558244e+01
5.854937415096252984e-01,-9.084794681316230580e+00
-1.807164161807944680e+01,2.062229994492504659e+00
-4.527833474776701728e+00,-2.902760288989675530e+00
-4.249716276865306064e+00,1.072031246070307375e+01
-1.280065087008058988e+00,1.211706089705663381e+01
-1.375913891253798704e+00,-5.997288257899497488e+00
-9.552997165998114326e+00,-8.456755021014945584e+00
6.225992300885097031e+00,1.060571769825353883e+01
7.103435759927674731e+00,5.904831119803678696e+00
-1.898798778806277809e+01,5.438269415359889836e-01
1.401062782998558021e+01,-2.841473485343078420e-01
7.036498599354321648e+00,7.866821013740368684e+00
1.555515556177684289e+01,6.972279741959002131e-01
-2.948512769052781923e+00,-5.206554298874430664e+00
-1.078597099463420150e+01,1.144886724547890822e+01
-9.584492618941807152e+00,2.127883320722546934e+00
-7.863311084003501983e-02,-1.609653623543262313e+01
1.318621906362745833e+01,-4.833512696247553642e+00
2.140420683454928863e+00,1.700887907028752366e+01
-1.142673453444221110e+01,-8.488525883983838227e+00
-6.889748404901492762e+00,-5.862256614105758601e+00
1.780572956595284495e+01,5.922325064381435133e+00
1.116597189798185319e+01,-5.159910089082151430e+00
3.617347356126493274e+00,3.780139312918655126e+00
6.820642155703714238e+00,1.066707955369910754e-01
9.847128941744223152e-01,1.148346776847011164e+01
2.004055631140985394e+00,-2.135449509389725886e+00
-7.246208146015750806e+00,-1.251646595134710083e+01
-3.220735076172343447e+00,2.754680905037563576e+00
-5.226529218533882748e+00,8.352043881522785540e+00
-3.228730173757397459e+00,6.617085614144738948e+00
-1.321894432533103370e+01,-7.913595234919018395e+00
-1.184565703488410904e+01,-1.485321037737621452e+01
2.197536384937812226e+00,1.002549541363291929e+01
9.954542808505523865e+00,1.230102803757809049e+01
1.136319940721386956e+01,-1.184535375187782158e+01
-7.785698496811022551e+00,-4.282218492289270984e+00
-5.053915301278541605e+00,-5.497088428768138968e+00
1.003254461211755277e+01,-1.539686089239456201e+01
-4.744997808661143290e-01,1.592552057025933898e+01
1.592712057996297759e+01,-3.962693085260507786e+00
-3.562745331713224051e+00,4.787745633243740251e+00
-4.985053010609085788e+00,6.552231120085838079e+00
1.227533400848610290e+00,-1.082668734978475378e+01
1.638010984019721006e+00,4.454319273180602501e+00
9.929353534163899653e+00,1.985377360612966546e+00
5.949073644703545050e+00,-1.416438751719424793e+01
-4.879213352512704049e-01,-7.666564675454344169e+00
1.519371638359105070e+01,8.039755995758843810e+00
3.900768823866151092e+00,-1.819426592020490396e+00
-6.809716851266284898e+00,1.161975967771050122e+01
