1.538910522067202802e-01,9.991187742027078045e+00
-4.896114314387840061e+00,-1.835557836418497502e+01
6.154894487550638615e+00,-1.796818394848697054e+01
-9.349857147102069721e-01,1.841744085867754066e+01
2.152613592842912649e+00,1.397557366233188958e+01
1.173098307950411545e+01,4.132660700911484852e+00
3.136199562859740997e+00,1.241839330150301812e+01
-6.963499049897027504e+00,-8.242532952519002976e+00
-1.725604451639212300e+01,-1.730336752460030159e+00
1.000858523261724997e+01,7.354471462092641687e+00
-3.122452545050652173e+00,-5.281053873399686793e+00
-4.453653870791531300e-01,-1.398882132478213869e+01
8.610448936733421377e+00,7.081648743775204036e-01
-1.223520021713923711e+01,-9.505231443144316117e+00
1.609171401613578212e+01,9.551459740646478735e+00
1.118406318911895170e+01,-8.678509065772365361e+00
-2.899827310708311678e+00,1.778236418397377605e+01
-4.415165339275190504e-01,-3.321510604597912586e+00
1.400198412455928576e+00,2.821616815609433004e+00
1.572936315777883642e+01,-9.223431998224718154e-01
6.650299921929401670e+00,1.126609157889145313e-01
-1.240783921011430913e+01,-6.051756256909410325e+00
-1.761795278485356775e+01,4.015929911460161428e+00
6.583149816614976224e+00,-6.257770966691357906e+00
-3.893904684162081686e+00,-1.081815555784060479e+01
-5.867418443691760466e+00,4.354841114499612864e+00
-1.444691952785180256e+01,4.285946215413831695e+00
1.388233451644767413e+00,-8.067314112233471946e+00
-3.627358447718179724e-01,-8.299767991062465100e+00
1.147502321879563958e+01,-1.327556617980588882e+01
-2.556942427318793065e+00,2.874203946251296049e+00
-1.332741055561237431e+01,-4.531771327911979341e+00
8.332674174250195520e+00,3.233625093961337349e+00
-7.442193420697625683e+00,-1.422519526916254051e+01
1.005616512719087652e+01,-5.222594466121066148e+00
1.334914067586784192e+01,-1.351762345320742220e+01
7.501311538644990229e+00,1.535878388673677364e+01
1.496722099418840735e+01,-8.610454102391789988e+00
2.084167769596291464e+00,4.509684986434693954e+00
1.144807624406042912e+01,-1.506088202945857546e+01
4.765162450056400267e+00,-4.872078135858247450e+00
7.904612461799665368e+00,-1.721278832915563228e+01
1.144894482639875832e+01,-6.919501976229708973e+00
3.834459631020340709e+00,1.519544100355836314e+01
-1.027486914984498512e+01,-7.223189260116201771e-01
-1.286822437799713903e+01,3.324238991560231948e+00
-4.302065570968786723e+00,-3.805710589553214618e+00
3.143431130750003355e+00,-1.567877506991810499e+01
-5.572369714315956735e+00,-9.491620347966486904e+00
-1.083214332192719098e+01,2.060187885086859350e+00
-8.242947248028876572e+00,-3.922411358453243846e-01
-5.206192773384337613e+00,5.985087396384916936e+00
-1.436611027886246639e+01,6.130985172300296604e+00
7.811893795814809138e+00,-7.779729900825458344e+00
-1.354343074458155982e+01,-1.091170958456114670e+00
4.767171542143470830e+00,-1.111518496668291967e+01
-9.695327396845568657e+00,7.906105523410188241e+00
-7.224370645905542787e+00,1.126719749233968493e+01
1.300800031205892360e+01,-5.972937254904169713e+00
1.399816499514075119e+01,-4.272135350295528378e-01
-5.906674052203415570e+00,1.398320972145859376e+00
4.472560650030589002e+00,-1.259806545375014686e+00
1.284792902046941521e+01,5.534520527634065878e+00
-1.435093015417849394e+01,1.244257765784451308e+01
3.185641001592953714e-01,1.655653397142314986e+01
4.107109641559491209e+00,7.459351641829525370e+00
8.709662413651034996e+00,-1.482365093382281174e+01
7.241218810020716212e+00,1.844412649374412849e+00
1.175532254176920155e+01,7.013079822640640337e+00
4.216657643642591324e+00,1.097797110439245394e+01
-4.329095753778045896e+00,1.395670272748171392e+01
-3.016929107367449792e+00,8.832614539879868332e+00
-2.539352016840550785e+00,-3.532203963116222756e+00
7.678229284746503902e-01,-4.649747099276208218e+00
1.015275076810702082e+01,3.287463975497217472e+00
-6.765966969800910391e+00,-1.083489488474108597e+01
9.361921174018257297e-01,-2.149200855040596991e+00
1.525648741806355346e+01,1.128221780836811483e+01
-6.125366152939677455e-01,3.331584126734548068e+00
-3.113973741837555487e+00,-9.306234035867599896e-01
3.166336619602168501e+00,-5.781809219266358824e+00
1.432208443348832105e+01,3.339339150566693171e+00
5.961755353080281594e+00,-9.743408880279556428e+00
-4.066924635020916057e+00,1.212286870385238480e+01
2.166206529757758403e+00,-3.577534149520207762e+00
-1.615658140210416605e+01,9.641694321998320660e+00
-8.502425112488555925e+00,9.589799957231740279e+00
-6.144905847488446149e+00,-6.634050124709959917e+00
-6.709260300051162140e+00,9.484446453491967688e+00
5.695852117830038086e-01,1.476919031006768712e+01
1.135384573706162925e+01,-3.497136875487818930e+00
-1.111869394125708688e+01,3.834434685010013499e+00
-1.144744072191614848e+01,1.419325540262287966e+01
1.062391786108941005e+01,5.494398343328764867e+00
1.565581739274669282e+01,-3.632091699469606194e+00
-1.421722449208735561e+01,7.142176828107759112e-01
1.342395909796856479e+01,7.671184851818381389e+00
-9.169743196324599666e+00,-2.170117928710415534e+00
8.257473595147883927e+00,7.810593953368153208e+00
1.832170742691464183e+00,-9.798636475380863686e+00
-5.444218955100853741e+00,1.095740082757607681e+01
-5.941853029164198219e+00,-3.012326597440194931e+00
8.345973514819094774e+00,-6.059867023897317573e+00
9.707657299464150569e+00,-7.321893703235459405e+00
6.526473983008396207e-01,-1.547598205366413815e+01
9.782966686471946005e+00,9.169034286238039400e+00
-1.044623441266456432e+01,-9.409703794436238056e+00
-8.473781755489039336e-01,-1.158233044887329832e+01
-6.974129649436666689e+00,6.300567922856806113e+00
4.616066347368938949e-01,1.287115808191917843e+00
-7.575129788811107545e+00,-3.835433266490993365e+00
3.093158468954575469e+00,8.873899330085519566e-01
1.457042456379083362e+01,-5.081029458240390539e+00
7.093032493888586032e+00,-4.531738769751038731e+00
-2.369787550340151761e+00,-1.594902555405481692e+01
-4.543643109224073662e+00,1.841645540529345837e+01
-7.734168621662348642e+00,1.340545736633508733e+00
1.031128988675060398e+01,1.449807388584416934e+00
5.971005567477968512e+00,-7.915181372057916498e+00
5.311674888040567311e+00,1.750031426921327338e+01
-3.510025386328181618e+00,5.441564195528392212e+00
-1.263395731026939295e+01,1.089763283227286372e+01
3.912758886931733127e+00,-2.926806759120040180e+00
-4.144096339536964102e+00,3.728588006341301941e+00
-2.174067769071147627e+00,-8.430539004275122039e+00
3.609304438148921879e+00,9.194828372996679988e+00
-1.098087719308391463e+01,-4.963836753593165341e+00
-6.403181229177389966e+00,-3.423289653290068624e-01
9.582724068001637008e+00,-1.322633871147553997e+01
4.604926330359936093e-03,-1.003144977673814964e+01
-1.171151566041246994e+01,-1.747985544443620531e+00
-1.234608051081170288e+01,6.840413794231364086e+00
-5.818297692897393070e+00,1.280497952219866242e+01
6.850599982257477016e+00,-1.150252241525950403e+01
-1.062015009321531256e+00,1.133820133292770649e+01
6.652687173653090369e+00,8.602664825290361250e+00
-1.252452577634145925e+01,1.268164518375377448e+01
-1.497070241902983101e+00,-1.750194088415506144e+01
-1.101583891514596658e+01,-7.286107622782940219e+00
-2.592706768685459906e+00,-1.200467703797759178e+01
-9.268138153938959789e+00,-7.969985818345906914e+00
3.908502126398553767e+00,5.683718685197490572e+00
-4.744364023400012620e+00,9.235726196680237976e+00
-6.237302684373242201e+00,-1.288266052509281678e+01
1.456804082448871185e+01,6.302026196588641938e+00
1.628843463433624095e+01,6.773100879287406784e+00
1.207986265689415539e+01,1.695497310499233468e+00
9.915523923416204255e+00,-1.617567201386600928e+01
7.709962159240380863e+00,-9.594724415305870835e+00
-8.581309432413961602e+00,-1.069647426401280832e+01
7.808702701450942918e+00,1.348837089442200998e+01
-1.374365515788267489e+00,-1.772027121519189896e-01
-1.274926202093381278e+01,-7.812839559246379295e+00
9.904496363384472701e+00,1.574828631301774351e+01
-2.369256955213508320e+00,6.869814499112472106e+00
3.205268843707990811e+00,-7.680855162940952496e+00
1.387295109254776726e+01,1.523344579066238547e+00
-1.608185418994232307e+01,5.057486676406631076e+00
-6.898691690915561558e+00,2.919304530546511067e+00
1.351366029599004293e+01,-9.969314700466195944e+00
1.529579418238382393e+00,-1.647204401476093927e-01
-9.456794769211674279e+00,4.667398642695697042e+00
-3.945759236122670988e+00,-1.679995784442166951e+01
-2.248801968737022872e+00,1.507902634707474476e+01
7.491959619200836862e+00,6.001087096747891536e+00
3.524022075230600404e+00,1.707807972006985509e+01
8.653981614488232665e+00,-1.115542301912915057e+01
7.797952269193657138e+00,-1.299616203289877525e+01
2.554532301643278380e+00,-1.744129642689199500e+01
-2.976271615644983104e+00,1.066801605645876982e+01
4.142975677396854906e+00,-9.246234725950699840e+00
9.142107397445409234e+00,1.085320246436906366e+01
-4.200811006526848246e+00,1.849083343500853571e+00
7.958509088260055542e+00,-1.181268251979709527e+00
6.229993183849024341e+00,-1.392287758511689688e+01
-1.480298756452868902e+00,1.668853912628851788e+01
-9.473247218978205098e+00,9.384445487288340937e-01
-9.619578689635059021e+00,-6.108415779723766370e+00
-7.658823937493580480e+00,7.948251169442942299e+00
6.228275266753736439e+00,1.260756532086053205e+01
-9.007134497650977067e+00,-1.316455618164441432e+01
-7.393357457832026469e+00,-2.009204376639370349e+00
1.745776016159573896e+00,9.083019432447025920e+00
8.814186789492129970e-01,1.161645888579318253e+01
1.312613092947206006e+01,9.525043956806765522e+00
-1.252194211759888987e+01,-1.163789798429594136e+01
-1.280161123592639338e+00,1.575183837504940509e+00
5.798670562022581798e+00,6.975670443940249044e+00
4.743798062967923279e+00,-6.637948711824984471e+00
7.423571740857647150e+00,1.129904799669954407e+01
-1.034951508289449329e+01,-1.195026250014615599e+01
5.841329587787091882e+00,5.164076117191567228e+00
1.129494700725902767e+01,-7.069789125076193781e-02
2.647612572480520399e+00,-1.573097185389892294e+00
-1.256533956646728001e+01,1.376649216374802309e+00
2.433917672514238628e+00,1.075922391491452323e+01
-7.672343360377988475e+00,4.559102471250320754e+00
3.007467961201535367e+00,-1.123219674608302654e+01
-5.479899025429491921e+00,-1.583479644628188687e+01
-2.252251986359008917e+00,-1.418848002369282746e+01
-3.938653933649264527e+00,1.580442717012232023e+01
5.594301011738766150e+00,-1.626629122989379184e+01
-1.342507736499397808e+00,-4.903532292682420746e+00
6.204432512102822983e+00,-1.650800095375192678e+00
-2.673976891139619561e+00,1.320349405741488091e+01
8.967153428399562642e+00,4.888717712552920425e+00
9.534120772502756580e+00,1.390831021437497839e+01
6.559907186983894078e+00,3.504035503184450562e+00
4.154347560411357776e+00,-1.852218999450268200e+01
-3.961038349986228724e+00,-1.327855687121619077e+01
-1.976633489086701445e+00,-1.021940826770686073e+01
-1.067117988052642552e+01,-1.379431960870002882e+01
-9.293828227461281344e+00,-4.363303123284315355e+00
2.052253424397031178e+00,1.578866931096480997e+01
-5.926259998845099908e+00,-4.885767281886748137e+00
-1.396821328216452685e+01,-2.863395414713593379e+00
1.163202077906804410e+00,-1.160649473014438549e+01
-1.334910450578145058e+00,8.345046103110520974e+00
4.712736425772241944e+00,-1.288515469749895992e+01
1.618452569630629512e+01,-5.871085004761856574e+00
-6.918704153358004039e-01,6.317121924898680518e+00
-4.704595477328436637e+00,-7.813438787816471276e+00
-1.065514930617850986e+01,-3.211746757026622490e+00
-8.835918614636304014e+00,6.311392513336596011e+00
-1.466685228525117068e+01,2.511863970529884860e+00
-6.417164315887388781e+00,-1.740059386277124176e+01
1.759478406740454659e+01,3.917767978544961505e+00
1.446460351327042870e+00,-6.281338918933561999e+00
9.566184804524743512e+00,-9.507792933180276407e+00
5.672097756103246624e+00,-3.356104726046490239e+00
-5.917211904426121549e+00,7.753812899368353051e+00
1.286662619680702591e+01,-8.199530888756678237e+00
-4.673160805311099786e+00,1.338974355276550399e-01
4.516014968381343309e+00,3.999610322195981116e+00
3.289716796500988139e+00,2.651221696891617796e+00
-1.099219508729384209e+01,5.693050694244639942e+00
1.834572681183805543e+01,-2.883332323556079491e+00
-1.040441996028024718e+01,-1.564217175453166497e+01
2.821475664720242693e-01,4.840883386604112104e+00
1.203905748904609219e+01,1.321088090694926720e+01
-1.864844120246627490e+00,4.618084773977583879e+00
4.386622958625272517e-01,7.805938288616214749e+00
-1.666109608394314767e+00,-1.938412968988019847e+00
-4.756685091852606462e+00,-1.626391192191122936e+00
-9.166511332341357177e-01,1.371307415478496239e+01
-1.141367457828225795e+01,8.417357478434125184e+00
-4.577739707503677424e-01,-6.542370903884222599e+00
1.796755784268339440e+01,-6.177933729802091989e+00
5.182495315371841826e+00,2.336022586046909044e+00
1.200277962216845395e+01,-1.774693836092362087e+00
5.950336093354898992e+00,1.026494481368119338e+01
-4.163041637055755473e+00,7.446703226180758861e+00
2.949976461881950840e+00,-1.325663865546506237e+01
4.886590958361579418e+00,5.025951533748607147e-01
9.667624266190097515e+00,-7.226561829261346492e-01
4.639720657598289222e+00,-1.472167090061795847e+01
