8.775799703747200198e+00,-6.159139796333404249e+00
9.176186656894998350e+00,-1.640356394595661182e+00
-4.523915399450424424e+00,-7.997750359589927527e+00
-1.580753882043059555e+01,-9.978087520446713654e+00
-4.871006318855784833e+00,6.761974271037031414e+00
-4.893328842696154979e+00,-1.147451058207778196e+01
-1.662285098133698824e+01,-2.806765694950782208e+00
-1.952291096621548316e+00,-8.965189489989726646e-01
2.560636266773703706e+00,-1.436300727904007779e+01
1.191539624517661977e+01,-4.758417417283490991e+00
7.527726540075296846e+00,-8.403486028562415777e-01
-1.189480511103283789e+01,3.203041363723249102e+00
1.070834091106912966e+00,2.930283945432876624e+00
-1.874834026199385884e+00,7.791507900637736128e+00
9.799165257433557485e-01,-1.001011498918109766e+01
-9.965548246389900555e+00,-2.763853895398328042e+00
5.728609264560999392e+00,9.829970404067347900e+00
1.347994131593878464e+01,-3.867497613241372090e+00
3.077218073726193381e+00,8.168448146006566546e+00
-5.535765519046186967e+00,-9.487602494405811271e+00
7.028994865099293499e+00,8.487600564775554801e+00
5.006513966298745899e+00,-2.942589230412754997e+00
-1.778243042322345602e+01,1.703353247973716567e+00
2.304704600219800614e+00,-4.737347123559052520e+00
-8.118424169912904276e+00,-8.394177373117520657e-01
-7.836775328381379024e-01,-3.862431876968572375e+00
1.783477304245868478e+00,-6.480270147171700579e+00
1.082571795447355933e+00,-3.382881937496611258e+00
9.838394975950986776e+00,4.048506198958309987e+00
-9.228492700634271628e+00,6.357218352714291143e-01
1.024070680739102457e+01,-1.039673710594109374e-01
-9.968464228385583326e+00,1.615747544244687717e+01
-1.123506642298877090e+01,-1.384919012697408647e+01
2.619500950703633535e+00,-1.127418211962643824e+01
1.885469808921947887e+01,-5.317983612054164588e-01
6.198596341736707593e+00,2.515300568575996376e+00
-1.871281243090254165e+01,3.250282975139500152e+00
-1.565912251750692263e+00,1.304585933582701784e+01
7.106485886299743093e+00,1.306045896741255241e+01
-1.771214975288335935e+01,-4.195066995889413342e+00
-1.070206591686278763e+01,-5.647870762396070887e+00
-1.774079434554581880e+01,6.783514176980867560e+00
8.968074128999701244e+00,7.729202861358442256e+00
-1.748613952899792778e+01,-1.166523257823391280e+00
-1.343544670170929400e+01,-5.917878445867028603e+00
5.627870245837138796e-01,-5.112234477122772347e+00
5.675516611829193536e+00,-1.216667560347606036e+00
1.607204222131247207e+01,1.381483799543724578e+00
1.306841607280751605e+00,1.187443500142782504e+01
-3.108618984002324837e+00,1.396249002663157945e+01
-3.657561954085944311e+00,1.693326802601801617e+01
-2.735677861494238416e-01,8.635375359694517527e+00
-3.050983903106782247e+00,1.208276974530120107e+01
1.032133788138166253e+01,2.290979760776053364e+00
1.683406497039835870e+01,-3.310124476782899006e+00
-6.134855080018803086e+00,8.133946611068983756e+00
-5.551078678366359931e+00,1.397961423053166952e+00
1.162260716385985759e+01,1.032674301881716383e+00
-1.535639047362665366e+01,1.813192918950225829e+00
-2.787652092563215778e+00,-6.532647350970714584e+00
3.471594686345734537e+00,1.354741090623475763e+01
-1.399453313854515280e+01,-4.129271444482081499e+00
-6.619895379934967572e+00,6.367423924524022283e+00
-9.435424213503921465e+00,8.333807920932319036e+00
-1.436158278023058177e+00,5.506736771343955894e+00
-1.877207137066449372e+00,1.660450562597772262e+01
1.523531934746469219e+01,-4.025987504732507993e+00
1.860944491604960049e+01,-3.725688650163520688e+00
1.326927122120151736e+00,2.333154161076476663e-01
1.339005257955045991e+01,1.450234038593287478e+00
2.888592292388002303e+00,1.065222704988133762e+00
6.047882903467881377e+00,-1.211370518258028284e+01
4.830029289259152314e+00,1.833706677999516899e+01
5.247113488879795007e+00,-6.718835138334870116e+00
-3.710165050217321348e+00,-4.944687927855349940e+00
1.184680419131512430e+01,-1.096996257785399331e+00
-1.212979786175627517e+01,-4.524878131233491807e+00
-6.394030340646177812e+00,1.384463280597613455e+01
1.052058666881973359e+01,-9.338736418342426404e+00
-1.383477884085192144e+01,8.621530954734702989e-01
-6.079226847727509764e+00,3.119592354388277755e+00
-1.255409924043788905e+01,7.021796022206189924e+00
8.958203036230518279e+00,1.089108894380555359e+00
4.849048341265117301e+00,8.161821982174920720e+00
1.249672978482189167e+00,-8.219710444442798192e+00
-7.133462309460832707e+00,-2.327260172607020117e+00
-7.249442153296794089e+00,7.373813454734423622e-01
-4.679794984333753405e+00,1.316312363744403768e+01
1.199235019229244692e+01,-8.259682618552000477e+00
-1.141725489436581853e+01,-1.492701701127870928e+00
1.247167253624581917e+01,8.611667124880113988e+00
1.099206511097779781e+01,5.426302829332432687e+00
1.005196232688857272e+01,-4.924562916399847445e+00
8.993468733344034405e+00,1.315236819781464206e+01
-1.157455724740577274e+01,1.315275297108961006e+01
-4.029863601561061159e+00,4.602792932820304328e-01
-1.332796337278319143e+01,-7.677045137295340105e+00
3.860723176466276940e-01,-1.432185785319289550e+01
2.584008127503789609e-01,1.038123868254528226e+01
-1.008658980576199227e+01,2.584457757006004996e+00
-3.128737155015964166e+00,6.509949108507192328e+00
1.683933836407956619e+01,8.790747077178806990e+00
2.712464595751216123e+00,-9.469037061723643234e+00
1.394488591358716789e+01,6.907519226926005729e+00
-3.008251079840640330e+00,2.202291541380015261e+00
-3.948891801075587349e+00,-3.177065537030785425e+00
-4.898635945994731955e+00,1.553751572145536386e+01
-1.122360043497165449e+01,8.239207154767365537e+00
5.206702821103416312e+00,1.405723921375254015e+01
8.183692413220033046e+00,-8.073840130943974458e+00
-1.405285308554898016e+01,8.058297781248231928e+00
7.137514365219567836e+00,8.999569041907026223e-01
1.565886512155996435e+01,-8.516835596185408974e+00
-1.689416966306754864e+00,-1.210079372473697212e+01
-7.242273119721457597e+00,-9.084631261619989573e+00
6.409396279231759586e+00,-8.104495461900857123e+00
-6.662618971328664763e+00,-1.111010700375836713e+01
1.192984381814719619e+01,-2.892566779280436595e+00
-9.623995954348567139e+00,1.247724207340454861e+01
-3.063494642864516670e+00,-1.463649557961628922e+01
-2.609778415780199534e-01,6.825993266249818170e+00
-1.517682135473919303e+01,3.649392463464096181e+00
7.814625697988956121e-01,1.717575242231555777e+01
-9.771824721594100538e+00,1.429109354978373858e+01
-7.075125528970716005e+00,4.579931798646901697e+00
-1.412660320937753156e+01,1.270048448020207132e+01
-1.583492556727984812e+01,-4.488177757296012871e+00
9.511942071401080057e+00,1.065443154193709852e+01
8.379995712536254970e+00,-3.229327671036544611e+00
-1.271671461797214953e+01,9.382307588627146089e+00
-3.753229357808990141e+00,-1.287844935483813202e+01
1.322532047213446482e+01,-6.263116154962911963e+00
3.592204612205723624e+00,-5.977451657481579694e+00
1.375326781103296270e+01,3.234025514628413589e+00
-1.282728428561391354e+00,2.798280290226882183e+00
-1.256756011639175163e+01,-1.131368598423835437e+01
8.769744923534014802e+00,-1.401674477675144992e+01
2.115749014360044811e+00,-1.618752945245885755e+01
-5.392039627112326983e+00,-2.146121603391256016e+00
4.221721061128135055e+00,-1.093561002889413963e-01
-4.864223776769474483e+00,-1.434969427247929907e+01
1.022634341036562811e+00,5.584328405055434708e+00
-1.700610395419860410e+01,8.438423913530431975e+00
9.926994685875033753e+00,-1.262913786986830011e+01
-1.079001470286759101e+01,-8.798390195545797710e+00
1.475188452750159129e+01,-1.053908476180027698e+01
2.825090058150927952e+00,2.829931874177209483e+00
2.545983932083639711e+00,4.594073148107977289e+00
-1.288525001090027899e+01,4.902880859637822830e+00
-8.961073241202715423e+00,-8.574580301474300725e+00
4.612280139527446643e+00,-9.057987625422713407e+00
-6.667690872482658015e+00,1.583897537232331310e+01
4.513435074233929534e+00,3.536223967329873652e+00
-4.215166839068513305e+00,-1.668507812754975816e+01
1.471495090119875115e+00,7.422646845025032469e+00
-1.685282795456566340e-01,4.231094933159414317e+00
1.504694280291339048e+01,8.607035656337181706e+00
6.901163183888536778e+00,-1.406704822891957640e+01
-8.317227317355586180e+00,2.257675653422787310e+00
1.564428656240589710e+01,3.212863605838396808e+00
8.732049471066670732e-01,1.897791895704131448e+01
-1.433053909459074937e+01,6.236088070716317766e+00
-1.389610594512314634e+01,-9.994175038074056161e+00
1.704359353651612841e+00,1.359760159561137804e+01
-1.990197955101630223e+00,9.615378655934250673e+00
6.801392840445011245e+00,1.508351502316635440e+01
2.870130013841466710e+00,6.321077996482488359e+00
-6.660144986982944326e-01,-1.062444197514090760e+01
-1.142657208577631067e+01,1.491900144346196733e+01
-1.536659236465222023e+01,9.264196639740509553e+00
-1.708166111797335063e+01,-5.871246519452783197e+00
-7.913526258591019769e+00,1.291698818169571616e+01
-2.454832851908100855e-02,1.474975290092464641e+00
1.208951890917047578e+01,6.840742860951261051e+00
-8.752587160514385900e+00,3.963825158192469722e+00
1.298124271659932383e+01,1.285403156218976761e+01
-7.564315829097616017e+00,1.741235604216780430e+01
-1.491296622882279266e+01,1.104994117468364045e+01
3.389431440956549135e+00,-1.753693043006034458e+01
6.940405286748205782e+00,-6.174222523283531494e+00
-1.150344236915225027e+00,-5.664642690785975709e+00
1.384427217905247787e+01,-2.119206751403624800e+00
-5.797468238524653650e+00,-1.769111663958857861e+01
1.377629879428811677e+01,-8.475828732686968792e+00
5.160659018581723601e+00,-4.758489626956633245e+00
-1.311646751555626045e+00,-1.569162013003982814e+01
-5.296580790566602914e+00,1.003786355757181425e+01
-1.484412517596742909e+01,-2.499284526369059289e+00
-6.741979943014504428e+00,-1.450712729658970623e+01
-9.348085095918975185e+00,-6.798855198231931851e+00
-9.148311229524194843e+00,5.741395217071748824e+00
1.387395306031561759e+01,-1.297558376599321761e+01
-1.365284725902429219e+00,1.490642214139857913e+01
-1.365435299100096644e+00,-1.391631090042675822e+01
-3.016652163543172449e+00,4.713261627202215642e+00
-3.737901624225843378e+00,-9.965064219300375115e+00
-9.801030879029835052e-01,-8.813650435219173573e+00
1.645966504590068435e+00,1.541581728763725856e+01
3.684829162848775930e+00,1.535512660160034493e+01
-1.516819361947356271e+01,-4.781617083877319763e-01
-1.861514586433248652e+01,-2.637480674542815429e+00
-1.089397210207737032e+01,6.279911753129851171e+00
-1.897431281295963146e+01,2.757623076396918949e-01
-3.685443727064606989e+00,-1.291944459366447973e+00
-1.244700533432744338e+00,1.128167344463149568e+01
-7.085869206526884234e+00,9.643663117320908640e+00
-9.496953654713056636e+00,-1.233052972493423383e+01
7.493480335521391922e+00,6.711130580899583364e+00
-2.240555314604402160e+00,-2.641862657852304341e+00
-9.552996973169616268e+00,1.019397116258315528e+01
5.721734573285095493e+00,4.833878234108864191e+00
1.218981703611213163e+00,-1.566594706694373285e+00
-6.144801142486956635e+00,-5.372675592689355462e+00
5.119889835882340812e+00,-1.783320400689114749e+01
-1.821635144414498342e+01,5.040807410085102802e+00
1.071293260632463706e+01,9.044876355423621561e+00
-4.193676150443027772e+00,8.560213742180380336e+00
-1.043678730994028747e+01,-1.059980004070953719e+01
8.297702870093223382e+00,5.143766176045165395e+00
4.673588884154721512e+00,1.223913236607816657e+01
-6.181583866654053239e+00,-7.397323589500220287e+00
6.276619784344517505e+00,-9.895479974940306178e+00
1.195579988408194083e+01,-1.055986178070678072e+01
1.487792468918205024e+01,1.041294457082606684e+01
-1.100894852466877261e+01,9.608247550642938783e-01
9.923523815077807342e+00,-7.625404316615649769e+00
4.586907953713181385e+00,1.648596918476081363e+00
5.094337684957515044e+00,-1.367019665304865939e+01
3.266737625254946931e+00,-3.273911396898109061e+00
7.637732680763408055e+00,-1.104773992459641541e+01
-5.681380727874018044e-01,-2.057333936483553227e+00
2.965968211439645508e+00,-1.400074014720682714e+00
1.434415222043136318e+01,-1.153968494897468916e-01
-7.459180306357909629e+00,-4.120246229292812146e+00
1.018229087569187996e+01,-3.089831421845798509e+00
-6.964888271191526314e+00,-1.635935087505789909e+01
4.746229738032021750e+00,-1.086614283049455310e+01
1.145956673748910326e+01,-6.522403664685004543e+00
8.336627986732564111e+00,2.838841860703551934e+00
-1.812707700886287299e+00,8.663523043805405610e-01
3.265125756085244024e+00,-7.723526220117400420e+00
5.736132711628346925e+00,6.635718738791032578e+00
-9.280387949135425529e+00,-1.617001772007816740e+01
-5.852301836769831844e+00,-3.381032033193729358e-01
6.939759008188742584e+00,-4.365888283244125923e+00
4.692826432109292512e+00,-1.592414140704489434e+01
-4.333001525693068956e+00,3.532031578175757414e+00
1.550873318528391609e+00,-1.281950572438801927e+01
-1.271123380170394945e+01,1.165287469336518278e+01
3.853557712059419771e+00,9.877487999640887750e+00
-1.273912334724959372e+01,-2.811529133466533548e+00
1.449233625056381491e+01,4.847431762605679317e+00
-1.158903366883972552e+01,-7.218085007510817164e+00
-1.051931304229311692e+01,4.478974280714854039e+00
-9.212562931224487883e+00,-4.693280494262754843e+00
3.035006399066485727e+00,1.146619442462910499e+01
