-6.440380045314885393e+00,-9.073019880428287109e+00
6.966416328005164971e+00,-1.056901667175974779e+01
1.066343069895436635e+01,8.694648216479254899e+00
1.147961280835056463e+01,5.338494438376424789e+00
8.693728507540079420e+00,3.297140513531164441e+00
1.388752307540765329e+01,6.283127439167258688e-01
-2.142450724466209433e+00,-7.755272193333285102e+00
-1.065827317872717117e+01,-1.355929428071338272e+01
-2.963532764881133819e+00,1.364568420989551889e+01
-6.524512205506261431e+00,1.002893338931795242e+01
-1.644646853394109343e+01,-2.396633245362955744e+00
-3.605539386409435831e+00,1.624935487918607890e+01
2.482243737180524601e+00,1.180887333784182047e+01
-9.587163285466646645e-01,5.603587834825651370e+00
8.700699057274235315e+00,7.305765221361292028e+00
-8.324690160029156516e+00,9.775068579624907272e+00
-9.824655948908054270e+00,-7.169787347542296629e+00
-4.898907005265560888e-01,-1.126213714773705732e+01
-1.344090956622402544e+01,-9.126879144656566467e+00
-1.766387299437205982e+01,-4.510230437362396039e+00
-5.447156189652276659e+00,8.222674238123005352e+00
9.595256791353149239e+00,-1.335070631992937429e+01
1.434212596186032940e+01,-9.277094212673839380e+00
1.663348479815372372e+01,4.639032927030040554e+00
-1.164195773898820896e+00,7.880979985478394845e+00
-1.211383153882971797e+01,-5.012493747631632246e+00
1.068134320562471151e+00,1.605656393944736360e+00
1.682356199576301448e+00,1.870894700524543453e+01
-1.825819891696379704e+00,1.637844874080881752e+01
-6.689781801383306359e+00,-7.263702899409760327e+00
8.851173106130692858e+00,1.401624919999655772e+00
9.661534608886293896e+00,5.733409143311608780e+00
1.332167847426617202e+00,-2.749561833898173102e-01
4.182635557753874522e+00,-1.090312731208746122e+01
1.000329676273795343e+01,-4.570413503586790327e+00
1.166070768640764754e+01,-5.211725574600220234e+00
9.967211478232009370e+00,-1.162371570739896320e+01
-8.314665133622154869e+00,-5.847551357384517701e+00
1.597370743660236592e+01,-8.448034502476037488e+00
-1.190796797752742364e+01,-1.014783959290569193e+01
1.232136505814587757e+01,6.962020599112241470e+00
-2.960049772223599440e+00,1.109727089430928260e+01
-5.775503524648206266e+00,1.333694432628738014e+01
1.890645035845192723e+01,-1.732618743978235898e+00
4.904077434782093015e+00,1.164869418450386362e+01
1.769620092488063534e+01,-5.609869770758805885e+00
-5.200631027331278133e+00,-4.294728986636902057e+00
-6.343537208496790925e+00,1.507191965106752640e+01
1.306068218852711027e+01,4.495429380150847365e+00
1.557903920242182672e+01,7.604804551051481454e+00
3.869359170754345101e+00,4.829330029693507775e+00
1.064069318184701984e+01,-2.881564749737107078e+00
-1.814934454076390580e+01,1.929313040768204202e+00
1.332722778515390871e+01,-4.351919859743321517e+00
-1.168291709721312577e+00,-1.538637188737223838e+01
1.856637393808362191e+01,-3.909161946535263610e+00
8.806681082853854647e+00,-1.028966226556052455e+01
4.822480277711378882e+00,-3.634531574028747158e+00
3.813140922870119631e+00,1.022211500580419674e+01
3.904398097825463321e+00,6.651502834887835114e+00
1.492454925651155584e+01,2.079921717413331983e+00
1.135304951990601374e+01,-1.249568530909942687e+00
2.308636242780440995e+00,-5.745213833761930289e+00
1.046662686517360186e+01,2.159851543187852219e+00
-1.298124434155738971e+00,-9.664157258767618330e-01
-6.946778569975323059e+00,-3.722336613931956695e+00
-1.101015575776270694e+01,1.453448185626422173e+01
5.776736210390698290e-01,6.565178474602729075e+00
-4.003448947676357395e-01,-4.474270276395535539e+00
1.778393919875414397e+00,-1.680882296804361431e+01
8.072660420045597363e+00,-1.436663620320308610e+01
-1.202719494629809027e+01,-1.470803602203956117e+01
-1.003629966046531763e+01,-5.134068158540991966e+00
-1.039302242587453229e+01,4.515100268604938627e+00
-1.610915322466517097e+01,2.253681985234554208e+00
1.040793403490741831e+01,3.392094926383288356e-01
4.447843388871604020e+00,-1.878641952369001444e+00
1.334438512768168472e+01,8.438648157374460723e+00
4.271207980870487475e+00,5.444714774996337603e-01
-3.550507994963648883e+00,7.986789984499459649e+00
7.670051575305547154e+00,-8.883340580964445010e+00
3.999668721634654922e+00,3.042126093998541059e+00
-6.102278544451624764e-01,9.609446709476738846e+00
-2.418046844557010910e+00,6.628195302779084308e+00
7.181985543836653108e+00,2.378626907070166219e+00
-4.575394827535852471e+00,-1.660955553995358969e+01
-2.773009369561335591e-01,-7.575213704909224077e+00
2.489162524557348988e+00,-2.425009476688748222e+00
1.039530254505397444e+01,3.934972703866595811e+00
-2.456195991851963356e+00,9.390733646862267747e+00
6.202681947722999745e+00,-2.273842870032170449e+00
-3.274140535096593307e+00,-1.055513916807577779e+00
2.048215639587241288e+00,3.538430468206136936e+00
2.885853198649327211e+00,1.723314982292761854e+01
1.504330324647270567e+00,-1.891479685763452068e+01
3.026184522778811559e+00,-7.562051615522740189e-01
2.289914801266967892e+00,9.215340032889185906e+00
1.834913981857503984e+01,2.920239276006748153e+00
-5.239495077791788802e+00,1.127358584974189704e+01
-4.981317414858581927e+00,-8.016140027293152670e+00
1.819996700211871499e+01,5.436715226840850512e+00
1.621753635631493040e+01,-6.614343884074378899e+00
-9.425119577198476151e+00,6.023932666394878233e+00
1.406413800641881906e+01,6.508689407566508933e+00
1.732562238237588659e+01,-9.236404555527299998e-01
-9.227207636421062009e-01,-2.758423636419155223e+00
7.116264006673347353e+00,1.013951986423646723e+01
-2.378101731033764210e+00,5.658070566184704164e-01
1.653217437616623187e+01,2.859006595754854718e+00
-4.140351890090697040e+00,5.868974183592150506e-01
-4.001278515725062768e+00,5.745210091613024872e+00
-8.531618562204373646e+00,4.423817937164912450e+00
5.500697560140777931e+00,5.581627489636928452e+00
7.086319713650738095e+00,8.308571975179189550e+00
-6.882778932968315999e+00,1.763928562632127850e+01
1.552883159596160745e+01,-4.041582663626197558e+00
-1.863809843704512303e+01,-2.931997441614453859e+00
-4.196168864767498619e+00,9.764383656104508091e+00
1.523626378927646352e-01,1.548273564502194510e+01
6.313022811274083823e-01,-9.180999383954427273e+00
-1.692627531667006746e+00,-9.534393330284194334e+00
2.193309169017791493e+00,5.616162630216257945e+00
4.332460171995296427e+00,-5.484415079440911889e+00
3.870219746473894329e+00,8.447489204917882688e+00
-7.617765316643618334e+00,1.600510746964177500e+00
-3.097160876207803337e+00,-6.179829910927719716e+00
3.998561090070318347e+00,-1.468157080191171460e+01
-1.501110956151377529e+01,-8.191157648011490267e+00
1.894993026769134303e+01,1.274933659806838371e+00
8.041423700912265105e+00,-5.534508432564855696e+00
-1.694046495473128466e+00,-1.361196513852151924e+01
-2.947317776633389563e+00,-1.574261256657436547e+01
5.822893851799402221e+00,1.394503838835643883e+01
1.278903313305330469e+00,-3.821260636562859858e+00
-4.936718479083943123e+00,-6.248138130710658267e+00
-9.225466197421315684e+00,1.356085946659461605e+01
1.197584949903081153e+01,1.199415131275079816e+00
7.186697037007578892e+00,5.973173496022271545e-01
4.946910380786689876e-02,3.083397478958946447e+00
-6.207559526115656645e+00,-2.068452894722170754e+00
-5.841424643088207524e+00,1.238920806498249094e+00
9.773626156973756807e+00,-1.521093803015631352e+01
-1.042099061958877293e+01,-2.876218433286620302e-01
5.520070878431345029e+00,7.413149944911059386e+00
-3.363388776492513887e+00,4.006467674137743629e+00
-6.333786204577533940e-01,1.143058846141766338e+01
-1.293963936957854699e+01,-1.439997645156159356e+00
7.942919997742601268e+00,-1.969896703293206874e+00
1.282496510803511036e+01,-6.558162492983781178e+00
-4.668128224787701619e+00,-1.057199421695232111e+01
-1.310151183306351363e+01,-1.161643661342557721e+01
2.823458331326449855e+00,1.721472985912058995e+00
1.113908133911110809e+01,-7.536369216511225488e+00
6.488965532382172441e+00,-1.337123531975960589e+01
-2.685504145464256087e+00,-2.806835614642163357e+00
5.457010282753516961e+00,1.930500670966122323e+00
-1.402313814320481100e+01,-4.448289586271767071e+00
-5.135961880567215587e+00,4.292536757213695431e+00
-1.584237416760565331e+01,-4.087731958910911345e+00
-1.217853544220045237e+01,4.800361237492870359e+00
-4.367775058279201872e+00,2.366816783051989947e+00
8.420554577995778445e+00,1.143047642992888235e+01
7.220032848791172242e+00,1.627919914686755121e+01
-8.925556951728122357e+00,7.768257522300672235e+00
7.077557615914952471e+00,6.502267154959295858e+00
1.005527177537118622e+00,1.059868519598883907e+01
8.429384593262973624e+00,-3.711244415114231199e+00
9.383190158517772161e+00,-8.100022844506430175e+00
-7.262693044014772781e+00,-1.421461792377841071e+01
-1.213510209176071086e+01,-6.968485607361588841e+00
-1.303834071683998008e+00,-6.058418544515380866e+00
-1.089191827255619671e+01,-3.524497644815151709e+00
1.437103329720807032e+01,-2.658954779796859125e+00
-1.467032973086777048e-01,-1.816490294561089058e+01
2.348706393505370471e+00,-8.394280113751289463e+00
5.769255103675090091e+00,-9.154969259010092841e+00
-9.621787814764235947e+00,-9.335354613151496395e+00
-5.373121747512921154e+00,-1.820420102984469324e+01
8.033924639304045101e+00,4.951137952546853960e+00
1.045784329734898499e+01,-9.527311915667805664e+00
4.011561023653928970e+00,-9.046952163694689020e+00
2.775477586279092801e+00,1.359182586699080808e+01
1.423865541457584527e+01,-1.208124600801994220e+01
-4.560233716962601491e+00,1.476051768960269328e+01
-1.179109105114462253e+01,1.328749121128432575e+00
-1.329359430622327309e+01,1.231872081477251690e+01
1.434817868050523337e+01,-7.506004821998190302e+00
-1.521564049793525886e+00,3.931809779052471754e+00
6.137401577127588048e+00,-5.754808833121924927e+00
-2.555074659816078508e+00,2.353489956232686975e+00
6.271404921339781557e-01,4.773583279923083289e+00
-9.889170248454949075e+00,1.503009373388010106e+00
7.907964769572982000e+00,-1.210568624349874156e+01
-7.523855611863289994e+00,1.170885284319277275e+01
8.790899588207601312e+00,-3.923750095258768944e-01
-1.083858947950326623e+01,9.007308982476839532e+00
-1.265602627328047269e+01,-3.245112126549770881e+00
7.298561250828666580e+00,-7.131223041903647086e+00
1.159889315865066628e+01,-1.420597078613860731e+01
1.373460078985905719e+00,-1.247400198835083174e+01
3.565632441030534672e+00,-7.080663109280244782e+00
5.380562013895297646e+00,-7.381386643501083533e+00
-7.538530051727508230e+00,-1.243461710398603337e+01
-2.533591646889703064e+00,-1.761676372128095736e+01
5.842089678768470407e+00,3.775622255597300914e+00
-8.621931102634485811e+00,-4.201649898857360843e-01
-9.714035923671556105e+00,-1.204917053863553633e+01
-1.786865439374433961e+01,-1.223377514116264830e+00
-1.602905060629088752e+01,-5.888775997949965202e+00
-8.541455924543051026e+00,1.697184523524441246e+01
1.331398511856423639e+01,-1.235495563392206453e+00
1.212381408251913228e+01,2.960487449143086813e+00
1.162565782362935884e+01,-1.090670689332070609e+01
9.753042855069510964e+00,-6.325746138232652527e+00
-7.325468223328046591e-01,1.474498821245213920e+00
-1.389581567510440507e+01,6.924751293991204815e-01
1.483412155534995058e+01,9.403789805472104746e+00
5.022339319187419937e-01,-5.984742948263493290e+00
-7.605879081948111242e+00,6.537154116708382645e+00
1.464062849815277900e+01,-5.602844123355351869e+00
-9.835852122477106718e+00,-2.057840960287357746e+00
-6.774896893475174764e+00,-3.474798643449007463e-01
5.747890218856787747e+00,-4.239174719725727347e-01
-1.436722866499797213e+01,8.298541932599967197e+00
-7.223973880554538596e+00,8.339012956886433514e+00
7.529370047930948884e-01,-2.060875451588171092e+00
1.619170262531920201e+01,-2.399047179330236812e+00
-8.301774921795619377e+00,1.511440712855207380e+01
-6.801849828296034239e+00,4.864112685509372369e+00
-1.389389246006078160e+01,-6.289157070025202856e+00
6.678349351286659852e-01,8.369709305401842769e+00
-4.497458494534103401e+00,-2.647283136313702379e+00
1.202478078522623228e+01,1.273743200210291882e+01
3.038224936765363982e+00,-4.113202176670237797e+00
6.647945882312385812e+00,-4.044149416581916512e+00
1.544575501252006156e+01,1.105414175932426701e+01
1.301416248249014984e+01,1.030799093930285082e+01
4.889315099214003313e-01,-1.456890089265044352e+01
1.240921565757812495e+01,-2.852090492724295601e+00
1.619392757857191256e+01,5.894791834003370035e-01
-3.426922342086529127e+00,-4.442435508478388861e+00
1.270873855812948250e+01,-8.515603541398082399e+00
5.453215537803088431e+00,9.259899092791368247e+00
2.280617237859438262e+00,-1.407985432890921906e+01
-1.715213088427029575e+01,7.060177957683677619e+00
-1.038111225067034127e+01,1.159254559388939931e+01
-8.244067534787996365e+00,-8.184883707238888917e+00
-1.458566347633901650e+01,-2.257502623327863667e+00
-8.773565465804820107e+00,-3.770327186280838294e+00
1.507723734306198082e+01,-8.886781993307237837e-01
1.479086726976357191e+01,4.847651187304244935e+00
-1.564985803346183957e+01,4.684931456161507968e-01
-6.399426727244894586e+00,3.031945753794454745e+00
-6.534619873977775661e+00,-5.486552560642578236e+00
2.260588062554502287e+00,7.452469969911102332e+00
-7.994622415987340247e+00,-2.123822149237578838e+00
