-1.549988506159816426e+00,3.187725448724638255e+00
-9.309492532230048134e-01,6.530469529133840823e+00
9.369079280460056225e+00,-1.652370246388921160e+01
1.540847160396270787e+01,4.235832837309500221e+00
-1.155570416755932328e+01,1.526915415152432898e+00
7.515432822849468231e+00,5.475333198571568971e+00
8.181390495041348743e+00,1.359907050919466265e+01
9.087279037333226839e+00,4.151638920280961820e+00
-9.960379777798054945e+00,-2.877564450680881736e-01
-3.268768094909241473e+00,3.801631507683502775e+00
1.522318724461941208e+01,1.080901061301982757e+01
1.160143216606799932e+01,-5.327108383575582806e+00
1.370019030024065287e+01,-8.915680570676458583e-01
-6.903161071502005974e+00,-8.335202798895716469e+00
4.700335621772830486e+00,1.016170691682249938e+01
3.926050577671781117e+00,-7.167826062522804520e+00
-3.663031247644191524e+00,-1.419997430596866295e+01
1.285154862994053815e+01,-1.160142593966290647e+01
8.794881213983460455e+00,-8.771632594425451401e+00
-1.045444915734178082e+01,3.038366409197207130e+00
-2.166393495075798370e+00,-9.421226777785574047e-01
-1.616272225067613988e+01,8.751564159747916349e+00
-9.326810215724117725e+00,5.839193572363317486e+00
1.409832690033583802e+01,6.088121188938831807e+00
-7.344212685639969429e+00,-3.419306678169141911e+00
-8.760698291700677487e+00,-8.286067557730847355e+00
2.765559301300333228e+00,4.275876060147930424e+00
7.859951544831840664e+00,8.139510412505291725e+00
-2.169488627224339439e+00,1.582758993542523562e+01
1.112517074446925847e+01,7.714553509298572642e+00
3.340497494090354014e+00,1.242597319321290028e+00
-1.020200097142821249e+01,-5.695875209921524629e+00
-1.028743150392072891e+01,-2.072726862261951908e+00
-2.731358408854735575e+00,6.973350900030413690e+00
-1.449145020540036732e+01,7.917130956122249152e+00
1.529954613706125244e+01,-1.028595793180810780e+01
-1.573482254533788982e+00,-4.546259738198704881e+00
1.312036167182242608e+01,-4.441021855749983871e+00
-1.276140587621896039e+01,9.695924102217222895e+00
2.158447173104797390e+00,-1.186834586688141968e+01
3.406907074325333795e+00,1.459379878508060813e+01
1.081378352530067133e+01,-1.536034269081854475e+01
1.137083271879857982e+01,-1.332761672295011968e+00
-1.404569086517229337e+01,3.249839911582017127e+00
-1.897601290735448920e+00,1.360143728241365935e+01
-8.797432644486116615e+00,-1.305618577231837563e+01
-3.855566004906704869e+00,5.481858285813389742e+00
-1.140526883741485342e+01,8.505623354847552164e+00
-1.223596540997810855e+01,3.270727739184319915e+00
-3.091098143527593045e+00,-5.494936990999017112e+00
-2.140184256714947608e+00,-2.822358477710001701e+00
-2.717707069313787915e+00,1.749746117709150894e+01
-1.699780363433205466e+01,-1.543661116592886184e+00
4.905228979131416311e-01,-1.096619992854204106e+01
-8.446730999176409682e+00,-5.077557166895661389e+00
6.085633400709248519e+00,-7.709245304925222086e+00
-1.472695595569214788e+01,-9.773534349721108683e+00
-5.549951971341598345e+00,5.006645688040007869e+00
1.314980411893749945e+01,-2.652333684109204004e+00
6.291388844036808869e+00,1.343750526580794613e+01
-1.573205064270176479e+01,2.577895545292548274e+00
5.797785474247279858e+00,8.617736182727540495e+00
3.245336198677896800e+00,-2.187961195158391714e+00
-8.612418378710229305e-01,1.535469194651115199e+00
-1.288290436035012654e+01,6.922813666248591069e+00
2.739511332833256319e+00,-4.658221477267484589e-01
-4.497966348711191387e+00,7.195111468214377304e+00
6.524369028258486303e+00,1.783084644877652281e+01
-8.946858630618379493e+00,1.272789546082216994e+01
-6.880482116312557572e+00,3.344507734732055759e+00
-4.908560957420521120e+00,9.778122379148298293e+00
1.552640570225489514e+00,5.712306244112266285e+00
9.216416240358675793e-01,1.189200097395750388e+00
1.311872881386867462e+01,-6.471026396313269480e+00
4.590751598754303942e+00,-1.469197407320259963e+01
-2.580821261356954555e+00,-1.016060252893437266e+01
-1.646882022620150465e+01,-9.458121791583508298e+00
-9.423683907451202657e+00,-1.481247196041435821e+01
-1.372933660779388276e+01,-1.235834333537864538e+01
1.475489212355784652e+01,-7.246551888503813821e+00
6.374455922026618815e+00,6.921909632020466496e+00
1.245596944636183778e+01,5.218964006044484627e+00
-5.564640789999073966e+00,-3.547291192630229517e+00
8.033760149633625502e+00,-6.092267170064488147e-01
-1.316688279799564398e+01,4.863929109680769969e+00
-1.763096531407914824e+01,6.104450009719339931e+00
3.252355085141610314e+00,1.126866663262131318e+01
1.855739718872393240e+01,-2.122100825002243285e-02
7.250911746058709362e+00,-6.381443995069214559e+00
-9.752062058452237281e+00,-9.754851664295138391e+00
1.258451106511182971e+01,-9.833087172862834180e+00
-9.561917347287186786e+00,1.525886682550280149e+00
2.484656472809742223e+00,1.295955819483416249e+01
6.274326719376608352e+00,-4.878092588779531447e+00
6.674198346164535778e+00,1.017452092629881477e+01
-1.525430341586696947e+01,-2.089091089308579452e+00
-7.984020549838752423e+00,7.085334785408213598e+00
1.100778153649544677e+01,-3.656353995056117245e+00
5.601081195629807219e+00,-9.492664940783106076e+00
-3.498597494017944065e+00,1.458096128134274672e+01
-1.713664693299662289e+01,1.433660833733389595e+00
-3.056124081937095838e+00,-8.439715710690451900e+00
1.477231026823978333e+00,-2.629321466412448682e+00
8.026531319932423969e+00,-2.395231614528888553e+00
1.358793458010254618e+01,3.855313060689436799e+00
1.058334178030513861e+01,-1.168998724639196496e+01
1.415435055201584902e+01,-8.926766694496434340e+00
-1.466081044170065084e+01,-7.619558843737095799e+00
-1.892760177541051547e+01,1.590830746684831265e+00
7.406780856936803659e+00,1.579107228017258535e+01
-5.502714934199226526e-01,1.485078522958776048e+01
4.396765322500768569e+00,-3.628171874221175486e+00
1.509142383971781420e+01,-2.221651835898641902e+00
-4.569310738355300217e+00,1.597285084380123799e+01
7.993180469524816090e+00,-4.244412708004710488e+00
-1.306512836964226310e+01,-8.568353197427441614e+00
1.304221511504198894e+01,7.564895564147223084e+00
-1.083014382185192659e+01,6.805821075809078025e+00
-5.236419101623462247e+00,-1.321149839609856436e+01
1.324274375201195175e+00,1.770042934267659618e+01
-1.946826248340871146e+00,4.990044817804604627e+00
-6.943133283101027287e-01,-1.850119919066067808e+01
-1.278039090827964941e+01,-4.431463881763595403e+00
-1.667115547974285050e+01,4.555361040735949274e+00
-3.802038422624755221e+00,-1.934885667774382867e+00
2.409587606880944088e-01,3.011480528411748736e+00
7.501295699247533477e+00,-1.364231904428456232e+01
4.279646588682504138e+00,-1.072205910093426517e+01
-1.430387104793097386e+01,-4.539804207511811684e-01
3.651172322533104531e+00,-1.733248853293272518e+01
9.531172379298947561e+00,-5.232960732784595947e+00
-1.128276242694278331e+01,5.075962905886976628e+00
7.027569079195604473e+00,-1.191828045514681733e+01
4.483254968498095572e+00,1.598881687634183812e+01
-1.412062943741654308e+00,8.303116454505955701e+00
5.753417131036722587e+00,2.899776102892678953e+00
-3.617318770281869433e+00,-1.605181119071215079e+01
-2.685445428100932563e+00,1.200611661698711430e+01
2.624602304354819449e+00,-3.966596641700821380e+00
9.252429359743024051e+00,6.959386186142494379e-01
8.999685829621700606e+00,1.673296983967601648e+01
-4.931866866499152735e+00,-8.643120978838393142e+00
1.079405091708818532e+01,-1.350586103160245521e+01
6.277349012231296932e+00,-6.473715058090647734e-01
1.167530882548566673e+01,9.525311760248417414e+00
1.285003965705064033e+01,2.089602888934541269e+00
7.278327408719221125e+00,1.264195911371862824e+00
1.233981868648827174e+01,-1.444148667263290342e+01
1.075082533893759340e+01,1.103695860312775778e+01
1.023305173144316527e+01,-9.961814818889305201e+00
-1.137731317474315107e+00,-1.344641194767193149e+01
2.188884240041512275e+00,-1.555808600016847976e+01
-1.032018239465074139e+01,1.464125298117249763e+01
-7.029111871576367854e+00,-1.011110661590448423e+01
-5.822927933893817354e+00,-1.510774513086018267e+01
1.077172927782159562e+00,-4.925115493511551534e+00
1.373105016869037742e+00,-1.383305341101223718e+01
1.108124246777900446e+01,2.326977292324596380e+00
1.107936003872977793e+01,4.287337513906568920e-01
-4.272169305309112985e+00,2.923267302337757001e-01
-9.660410655597043927e+00,-3.772490565521160910e+00
2.058117018405976051e+00,2.661701527035194914e+00
-1.117767354626994702e+01,-8.613462899630274450e+00
-8.576800677105995696e-01,1.158939512489504331e+01
-4.677040944951746382e-01,-7.897586651570660088e+00
-4.843368864763724080e-01,-5.930386804623542396e+00
-1.475302551825878439e+01,5.679163612709110964e+00
7.354871362803256041e+00,-9.834208961238527280e+00
5.207903148317681641e+00,-1.637995775109651220e+01
-1.099535983804665484e+01,1.287327717800219595e+01
5.466914164132900211e+00,1.103921680920679549e+00
1.870610692034819333e+00,1.014937584711345586e+01
-7.019334867567141423e+00,-1.276868160511629391e+01
-4.670135378041043867e-02,4.889642231124772032e+00
-3.464979585256714234e+00,8.663518217602435456e+00
-4.886826347242641866e+00,1.342883053795545933e+01
5.806974680955457657e+00,4.666452701917220836e+00
2.676651312827432960e+00,-5.769832908986900932e+00
-3.704997864796291118e+00,2.083117124292797495e+00
2.304271492756628348e+00,-8.068695877758621293e+00
1.585794078189915446e+01,5.959308458461312519e+00
-5.810046092202404422e-01,-1.769620900354050175e+00
1.119263949615092457e+00,-6.752611326973162242e+00
-5.013749040717569549e+00,3.293581021873119408e+00
-7.806317923059771680e+00,-6.778047158053679411e+00
-7.922665887696160869e-01,-9.654444583212459463e+00
5.961891521096616131e+00,-1.803417105496665584e+01
1.078300757732401305e+00,1.181040202682059714e+01
1.498708036182450165e+01,2.403388009521516544e+00
6.647501824389877356e+00,-1.518401769503788934e+01
4.268642088263192136e+00,7.649511387444006161e+00
-9.576179395170295039e-02,-3.564568655003625519e+00
4.486763590494240006e+00,1.318120858048686372e+01
-7.509274422255797887e+00,-1.625397093001097204e+01
-7.367187559898573213e+00,-1.617340759300692543e+00
-6.198492396390995474e+00,-6.872353241872733443e-02
8.952965877933550587e+00,1.069083341369798568e+01
-3.372505421389169200e+00,-1.179257246218630684e+01
-2.074842840704427704e+00,-1.521269081771917264e+01
-1.798523087229150264e+01,3.265846782037806317e+00
7.359563093075093931e+00,3.633699454612862034e+00
9.052713246139756365e+00,-1.274431255553058229e+01
-5.574753350545208264e+00,-1.789784220362602207e+00
5.590546957981918474e+00,1.175030101777453773e+01
-5.987080285005346170e+00,-6.811877771346813049e+00
1.766559373189125992e+01,5.549169113984821600e+00
-1.200428759253446920e+01,-7.059448065525544713e+00
-2.018154422739562470e+00,-6.963880888788519741e+00
7.522247977629840321e+00,-1.681461883927417844e+01
-4.873197521956666556e+00,-5.257167976542540089e+00
-1.309897777994217805e+00,-1.146316405737297828e+01
6.319123392551623475e+00,-2.992527358729408782e+00
-6.165892305657847849e+00,6.654034732847961209e+00
-1.894212342438905239e+01,-1.268742469660024907e+00
1.741007516787344400e+01,-4.653792183355331957e+00
-8.198452031506462845e+00,-5.096252299721286405e-02
-1.528720709714221293e+01,-5.832926452608127477e+00
-6.636928014923806352e+00,-5.044727951007467404e+00
2.502559358281591262e+00,7.554902221115167293e+00
-1.461455420587273757e+01,-4.207463020049780233e+00
7.606603000766217981e+00,1.185517592510068496e+01
-5.813609145898258390e+00,-1.144217522455087810e+01
-4.198006208018388641e+00,-7.010578487874481013e+00
-5.534647983889614764e+00,1.573602958914933181e+00
-1.310962703141909991e+01,-1.060766940321276941e+01
-2.212254237376047872e+00,-1.760323547063740435e+01
-8.586849466551617738e+00,8.773582084241652979e+00
-2.418885787496728668e+00,1.018073327182253429e+01
-8.462271049630144759e+00,1.451539531604441891e+01
1.012815331323557499e+00,-9.129752407535584036e-01
3.887800316568533532e+00,-8.927826243877325041e+00
1.072986121726327724e+01,-6.869478764549195482e+00
4.284312070474173284e-01,9.105287893435729529e+00
7.090717383378322136e-01,7.338496297510615385e+00
-1.341315982343236612e+01,1.149982783858602753e+00
4.533542327534019201e+00,-5.448395131232771860e+00
-2.495901324904734153e+00,7.814399054635767783e-01
8.942235578544979191e+00,-7.019295826244094982e+00
9.102102077649329104e+00,-1.462116130588286644e+01
9.675348049831050901e+00,1.459887309075754658e+01
-6.974894182785376984e+00,1.217858130943945483e+01
-7.587003493725068104e+00,4.978543287537092077e+00
3.957087960557730710e+00,2.904504114957311867e+00
-3.758893373586890352e+00,-3.712942739670075376e+00
1.130066719239938777e+01,-8.568478083223697084e+00
2.471984818897314806e+00,-1.005125861361280570e+01
-1.354300514635070485e+01,-6.087287393364996468e+00
9.622812193689497917e+00,5.929604819945523353e+00
-7.150845767353075644e+00,9.875795545437799916e+00
1.454767153110705458e+01,7.049937586067139828e-01
3.493396310809431693e+00,5.949036635856819188e+00
8.778941158019991420e+00,2.411697058298199803e+00
9.826358414584753120e+00,-2.326589382337564071e+00
-9.686937105186830266e+00,-1.153642963046031511e+01
5.724593559085871419e+00,-1.330925045515628646e+01
8.773616391966672978e+00,-1.100168123305861378e+01
