-2.646811571776004346e+00,7.791320225163151925e-01
1.803536454354904173e+00,4.387916215748885129e+00
1.275629991110371897e+01,2.073760139104751321e+00
-8.184100883355961642e+00,-6.416724315579002358e+00
2.807591314095919888e+00,1.246825660471063024e+01
7.528742268120436343e+00,-3.240226363383445385e+00
1.137241430058155522e+01,5.676563443290597810e+00
-9.353218629283456265e-01,-9.733295877833766374e-01
-5.974207682666330399e+00,-1.893786194806495182e-01
7.737710981102726926e+00,-1.389611516186850793e+01
1.017133805173646977e+01,-1.575999950402345107e+01
-1.136400997998481799e+01,-1.057151994367158787e+00
-4.319324791379168360e+00,-1.801569361794273405e+00
-6.624620429317653603e+00,1.005629926960347298e+01
8.028415137565351856e+00,-7.414708336728720539e+00
-1.190181119252282471e+01,9.410582331381611709e+00
-2.778159262756568104e+00,-6.377735063972440166e+00
8.250810714566210180e+00,-9.199166055135073350e+00
-1.033282938673345974e+00,9.648989388084416419e+00
1.354838845058985264e+01,-6.905066705917741743e+00
-6.412626407590173550e+00,-5.700909028567297199e+00
3.438417034975651543e+00,-7.101218377352302547e+00
-1.578228802968785516e+01,2.033318279356258529e+00
7.752859829188442298e+00,6.789013091169575631e+00
-9.515281505464320944e+00,-3.736029111097941779e+00
-6.931755151731223918e+00,5.664018602722403095e+00
-6.268620154216149487e+00,-7.501256820327315999e+00
-8.301321946051968936e+00,6.911437812825034221e+00
1.159663972224404915e+01,-1.248346591884298462e+01
7.674959145243225755e+00,2.719900629496376232e-01
9.549962776500990458e+00,-1.249548644018641319e+01
-1.262209843261265796e+01,-8.438983093456405626e+00
5.220352708035222555e+00,4.370658937311004522e+00
2.141905653166454648e+00,-8.411035982411554812e+00
-7.930398928021178406e+00,-4.669697410988516317e+00
7.459903690897081496e+00,1.586142342858508769e+01
-3.451291852050608622e+00,7.292696148953776714e+00
4.782282488127428399e-01,1.063809301065426283e+01
1.077082967316131068e+01,1.221949057828709329e+01
1.462127031574289227e+01,8.780524867493348040e+00
2.910127802790800189e+00,-1.434944309327454803e+01
-8.232344400212930680e+00,-1.182725687188096941e+01
-7.081474526589835783e+00,1.760699698261393564e+01
5.104115814684135444e+00,-1.038225349430653921e+01
-9.928838819632114010e+00,-6.080538633701507933e+00
-6.712174129168853476e+00,1.386062993150281208e+01
-3.563053532549175895e+00,-1.308214774555528948e+01
-1.005823098751703526e+01,-1.037393520460453189e+01
3.773832851344081973e+00,-9.124581564394505406e+00
-1.054192012465617445e+01,1.129461464115368940e+01
-7.616880852590466766e+00,6.378894407409189116e-01
3.490746584828807730e+00,3.663082338605371469e+00
-1.462892027100864389e+01,-7.025254783151171800e+00
1.316931914236252332e+00,3.697543418358150702e-01
-2.711598666305964578e+00,-1.018345440627103304e+00
1.123594349815044602e+01,3.039738877588165522e+00
7.501848628501593730e+00,-1.482497049114384735e+00
-2.780406634102278840e+00,-2.848249499990906486e+00
-5.688286323299140967e+00,1.206409586445434812e+01
9.450883080628750932e+00,2.415751610671091482e-02
7.771408315026706148e+00,-5.429287132213544531e+00
1.428706390322333064e+01,1.028686471354164134e+00
1.514290616421650881e+01,2.637575829749377210e+00
-1.550825607898691594e+01,7.409231003677462901e+00
5.122400799338548083e+00,6.304946270243205753e+00
1.377171557442113858e+01,-5.067634942738269643e+00
-1.661930366087466027e+01,-9.065169522297340521e+00
2.934639442270084331e+00,-1.849767187400328794e+01
-5.035057580962813972e-01,-1.394617063854482275e+01
-9.246469346338228590e+00,-1.543940139732963779e+01
4.776674574110123750e+00,7.014842730295665074e-01
1.139991575997578721e+01,7.866837011829580506e-01
4.209880244193239918e+00,-3.247358066658281306e+00
-1.463340501461540022e+01,4.497398980154331483e+00
-6.298279128401591542e+00,7.342016103549335426e+00
7.271801095729277797e+00,-1.075578034413202566e+01
1.595006256126251110e+01,-3.020078522956994416e+00
-4.537821461369790477e+00,-1.072353477978358249e+01
-8.124650170240176550e+00,2.338918154760552426e+00
-7.262890803386265581e+00,3.860826413098501497e+00
8.032932960027652225e-01,-9.660826554595695725e+00
6.370591520308328093e+00,1.279554991289080590e+01
4.848418239525371654e+00,1.366658200282532576e+01
1.170098386299732063e+01,1.063979159897864513e+01
8.624154099361306391e-01,-1.556632552591016427e+01
9.799645338544891615e+00,-8.008767409791209602e+00
6.421999206417829065e+00,1.559126419119681861e+00
6.674318352606090521e+00,5.349635530163851627e+00
7.035744443663497272e+00,3.583822289639400971e+00
-4.322296745891686776e+00,1.872945224242180240e+00
-1.301971138496106484e+01,1.606793285676791250e+00
-8.148186936769535649e+00,-1.132576467860666014e+00
-9.970735683315806952e+00,-1.220468663114492536e+01
1.333578875241291151e+01,-1.315737164795123526e+01
1.048260415631155240e+01,9.235842397688756478e+00
-2.904811149000358306e+00,-9.140982817289986073e+00
1.239991748531791771e+01,-2.080754725682981476e+00
3.509808040819166308e+00,7.300408998248162362e+00
2.469008868732376794e+00,-3.461998649378946968e+00
3.227496706322558140e+00,5.497400924481988582e+00
9.909792229980116218e+00,1.735378345715403281e+00
9.389866093079792364e+00,-6.293921048673992047e+00
1.096903345655514705e+01,-9.892205410540050314e-01
-9.457658456282748816e+00,3.518506268674702842e+00
-7.744466872028534787e+00,-2.883275794191940911e+00
-7.942334698089794642e+00,-1.680669636102446063e+01
-5.342712496781385489e+00,-1.750355159155495599e+01
1.076036641544757266e+01,-2.841095174767465537e+00
1.280565927851823460e+01,3.839510534623680638e+00
3.890961602436675104e+00,1.522477710830342978e+01
8.200917770531537254e-01,2.855074105956775909e+00
9.293415822333594534e+00,-1.783894727634551813e+00
-1.693818609503964723e+01,3.596514051071013629e+00
9.118831598985817077e-01,5.937243107155508959e+00
-8.401060301350472770e+00,1.465425848860344971e+01
-5.350483774577426743e+00,1.673253268805400396e+01
-1.298628031474205713e+01,-6.094089653982034172e+00
-9.809823901686412384e+00,-1.912466557379580934e+00
-1.025273089621024036e+00,-2.759068299791930468e+00
-1.162110221417680611e+00,1.561701747101060711e+01
5.047038351246103005e+00,-7.852729477390895774e+00
1.317645686014222406e+01,5.661306721144961251e+00
5.705813849208470678e+00,-4.354163654984901655e+00
1.111128991923874665e+01,-1.068455974963195310e+01
-6.514702329635190026e+00,-9.315504512100766021e+00
-7.472558274465669115e+00,1.219245417705058898e+01
1.638231430746665884e+00,-6.672922843605357812e+00
-8.680181053568260197e+00,5.132718079714567061e+00
-1.162255199683414952e+00,1.381108049897169465e+01
1.213907232151787952e+01,-3.987090283621253395e+00
2.141733142315950911e+00,-1.681514552766635262e+01
-1.137578681113124546e+01,2.855709581067352065e+00
1.749851673372588223e+01,6.254453003897487484e+00
-6.133372537282219206e+00,-3.868344665583602016e+00
-1.228266398191883724e+01,-1.016494797812559447e+01
-3.147265297497086500e+00,1.256015203510135692e+01
-2.413179362150244422e+00,-1.663965619945385299e+01
-1.546326697570856012e+01,-1.590273771812508730e-02
5.872300709277815223e+00,-2.596346713180810006e+00
1.378595395497733556e+01,-3.186726150532011026e+00
-8.825201481039242069e+00,1.677260341694800516e+01
-1.374614256251839528e+01,-8.880835969361726701e-01
-8.269898289134864910e+00,-1.005664511954361195e+01
7.811552561700521480e+00,1.413202145486168249e+01
7.773743285251462076e+00,1.167309051876191006e+01
-1.631319538824215343e+01,5.377066734078966626e+00
-1.147619163120270613e+01,-5.184855122097993707e+00
-9.932426482285169556e+00,1.776337582684008654e+00
4.653632093107295198e+00,8.723949295515531333e+00
-7.018978920422972223e+00,-1.376899012374864206e+01
-2.078973171664528330e+00,-1.479246050354836406e+01
9.242024842753309599e+00,-1.070795584118002353e+01
-1.506256393959156226e+00,-1.232615694756590763e+01
-9.503028078529341949e-01,2.912437107664945124e+00
1.321618786376014709e+00,-1.141114834937156353e+01
-5.262801908215188007e+00,8.902437400698993031e+00
-4.204059309157312185e+00,-1.610373543802411689e+01
1.672757479272929970e+01,-7.341252529538738969e+00
1.541811086880171899e+01,-1.340100087804957152e+00
-1.149334392374357527e+01,-7.040409573749473182e+00
1.343023140505655100e+01,1.014279506236216655e+01
4.826506768306146888e+00,2.520268484085163241e+00
-3.230665599964927526e-01,-6.230944808132554691e+00
-2.036097171667856642e+00,4.330185287637765335e+00
-4.411040706195596073e+00,-7.180276102302905805e+00
6.147591045443888902e+00,-1.595617953789156829e+01
-9.838503280824017594e+00,-6.941892459510295987e-02
3.043346679713468284e+00,-1.077362807521927657e+01
-4.647285204877307230e+00,-5.439135719509559763e+00
1.693078947067257545e+01,-5.482759089985448142e+00
1.623466836950501246e+01,-9.501650079656171144e+00
-4.212502678568990966e+00,-6.958625276208878219e-03
4.359340712555052733e+00,1.849252617203410765e+01
-1.428417818232720959e+00,5.978637187824920929e+00
-5.319162287617525742e+00,-1.317218054871819888e+01
9.305700959953963292e+00,1.065754297683818663e+01
1.220333954765093587e+01,-1.453155851573614754e+01
-1.111867309186000163e+01,-1.540348485031936576e+01
-1.379013842800034872e+01,1.290315709797969923e+01
7.979217821478787442e+00,8.642491721180066477e+00
6.408347711285201420e+00,-9.026857291250362181e+00
1.466715023169114396e+00,1.363858554936044953e+01
7.470335367044325658e-02,1.723007511508760459e+01
6.410270566350682486e+00,-6.681351873994416657e+00
5.757162424834308290e+00,-7.587642126836602330e-01
-3.893439429736000434e+00,1.772778559811676757e+01
3.074906056005254129e+00,-5.139465080879817016e+00
9.159141366968878373e+00,5.632943774014146143e+00
1.285194591408122200e+01,-1.015687319631375196e+01
1.371611581773752775e+01,-9.080888857102922262e-01
1.570794906203938091e+01,5.755657197024824256e+00
-1.701245344543329807e+01,8.421134736151975275e+00
3.948440130275791660e+00,1.040760373314870613e+01
2.016755140773729860e+00,-1.257564189826898993e+00
-2.258595415445177501e+00,-4.638264358836847734e+00
4.308024610607954941e+00,-1.719641076753460140e+01
-1.696750380977649542e+01,-1.053835359519725623e+00
-4.777742985845096158e+00,-8.977668848073021124e+00
8.676408634305120271e-02,8.271544861632683876e+00
-6.193233745029917969e-01,-1.664422714776126355e+01
1.597858163021212974e+01,7.600184365323977786e+00
2.719996560497567550e+00,9.053533794028025383e+00
-1.625345143373178258e+00,7.759073948672130072e+00
8.146641888314269053e+00,2.182101325309846462e+00
-1.126146754977317066e+01,-3.037679066692405616e+00
-1.441682436567514713e+01,-3.103036267497716327e+00
3.086014836699557673e+00,1.932822605545518047e-01
3.781815815465324526e+00,-1.490850608402506161e+00
-4.336056288908459067e+00,-3.667095583142743198e+00
9.313831607313881378e+00,-3.866223520305476669e+00
6.251713497855637236e+00,1.730890434704940972e+01
1.457781467337678194e+01,4.392651265782713033e+00
-1.278590187272617484e+01,-3.943572938473804079e+00
1.689675025560089416e+00,7.539717941217901398e+00
4.412699477308704488e+00,-1.203361652734082021e+01
-1.357458271601715616e+01,8.109240215553626285e+00
-1.068648354148036361e+01,-8.642339136249850284e+00
-6.096402403795704750e+00,1.634739310894163022e+00
-1.414570657151953803e+01,6.268781815697667348e+00
4.549549272667775313e+00,-1.505450434629136325e+01
-8.014027643930206057e-01,1.089460819191333973e+00
-6.888412330673087780e+00,1.581791643031265515e+01
-1.015423940597063357e+01,1.447338537809938686e+01
-1.125259230078060746e+01,-1.361010612333082648e+01
1.604494616929383000e+01,6.786298624536835078e-01
-9.453469434047207187e+00,1.278191291932796325e+01
-1.832718635894052994e+01,4.940724232180407682e+00
-8.589058591547461319e+00,1.076577344614771725e+01
-3.045192595780875866e+00,1.446601873195651322e+01
-4.424744849012409720e-01,-4.442609572951074171e+00
-6.350852369746882609e+00,-1.172840081559581016e+01
2.304092894531868829e+00,1.920363703371273711e+00
1.502875450317066708e+01,-7.973136639853533936e+00
-4.071132179654581407e+00,3.730226320489645975e+00
1.066317322870175488e+01,-5.049258565180078762e+00
-1.174930314779324547e+01,-1.184169866530766768e+01
-2.695359699924646080e+00,2.557288959078579893e+00
5.960369360075718603e+00,-1.379754841581326197e+01
-8.018462774905964707e+00,-8.224556033836297075e+00
1.541666614466559260e+01,-1.107420682226223541e+01
-1.237146171130909522e+01,5.973565122765034374e+00
-3.177814881301786798e+00,1.079874753011755217e+01
3.351547190015626843e+00,1.703458418968263643e+01
-3.374589123811440494e+00,5.482961477776831849e+00
4.794267336036240224e+00,-5.908090717804885372e+00
-1.210832281254129228e+01,1.223288681276291889e+01
-2.753315480498381707e+00,-1.105819146300198952e+01
-7.962050466981791530e-01,-1.063700054273597218e+01
8.433317321281584844e-01,-2.624612001860475274e+00
1.280739003092941086e+00,-4.817503764941225342e+00
-1.056786933468994683e+01,5.205560485884183741e+00
2.056612974443766895e+00,1.542932445451219081e+01
-6.106184987686350318e+00,-2.056786290341632739e+00
3.314934636485814545e-01,-7.911582656819776460e+00
-5.166312916820402279e+00,5.799403747942497134e+00
-2.881256277544621547e+00,9.010318348814246647e+00
