-2.329621826138627227e+00,1.233378904550843025e+01
-1.238352464767373107e+01,3.563487591368837748e+00
-2.049524983422998048e+00,-1.360363786603211977e+01
-5.019497940877418962e+00,-1.222185284984216835e+01
-4.261170815426736702e+00,-8.968576669792067690e+00
-6.847800135385539555e+00,1.675422084373510501e+01
-3.783508401332772220e+00,7.874220335121586700e+00
-1.245217155607751147e+00,1.716835726558363362e+01
1.188456071159992078e+01,-8.763599369061152444e+00
1.163564131586866601e+01,-4.060319573039713248e+00
1.070374736653243453e+01,1.286969733652369285e+01
6.637028574282642701e+00,1.592612135458349698e+01
-3.471168920697693228e+00,-1.683642065181970793e+01
4.413697527074955218e+00,-4.122583678362326864e+00
-1.553777692116729003e+00,-1.176862045674166879e+01
-5.398706750792167108e-01,5.684056619195351878e+00
-2.382643637334229236e+00,-6.263662199972780620e+00
-7.713515023271232174e+00,9.178650834417791060e+00
3.672863323336965191e+00,1.570077467503605284e+01
7.698560954215484031e+00,-5.158264990083811341e+00
1.049924186346499688e+01,-2.271244828033013086e+00
-1.086305993884406185e+01,4.527302385208185953e+00
-1.702652262365832314e+01,-2.605521500496321252e+00
-9.300741993161420140e+00,-1.452856809531613358e+01
5.828759485034774812e+00,-5.314619173568701171e+00
5.761740721181799252e+00,1.197786919842447517e+01
1.298152904010881681e+00,-1.623947695732160135e+00
1.131392053018777588e+01,-1.496078035093757208e+01
-1.754311395524918282e+01,5.683570141902759554e-01
-1.086621404205940111e+00,1.090738783730141570e+01
-5.636298720681091723e+00,-7.708710451883309389e+00
-3.400001613805052170e+00,-1.149521742150060533e+01
1.238337863705514152e+01,-2.420964298183169827e+00
-9.514960671690722904e+00,6.188243138772192786e+00
-1.108839010253666935e+01,-3.305838742261308472e+00
-1.234569501893283672e+01,-4.602226184989952174e+00
-1.560367257267380658e+01,3.327231576702453619e+00
2.752455117726238409e+00,1.172804691206871297e+01
-1.781433648545970883e+01,-4.601003989741879074e+00
1.808502663892221474e+00,1.550202802281399528e+01
2.993363844389589801e+00,9.526202622925977082e+00
1.008204670336351150e+01,-8.738163229654348996e+00
-4.573713152457092868e+00,-1.443010060933326510e+00
-1.527710091727040265e+01,-1.128834431323193854e+01
4.097709303302551120e+00,-1.233017708771114229e+01
-1.703231543461077635e+01,-7.969730714157712725e+00
1.376611289055339471e+00,6.331469010722379664e+00
-1.668478688901081197e+00,-2.691271497352680786e+00
-6.804941440528990526e+00,-1.214409813751840694e+01
-5.806351557048713197e+00,-1.625617018513104028e+01
-4.764994667616296309e-01,-1.267972509067726072e+00
-9.808269285445792462e+00,-4.596805120605239381e+00
1.492178263953691442e+01,1.060715409327885261e+01
-1.297623152193358642e+01,-6.330470648400140732e+00
-9.673331474753741333e+00,1.218231354694238888e+01
-1.631929648170649472e+01,-9.724027053532202203e+00
-1.392379003964736839e+01,2.644389120462621534e+00
-6.336458447845203956e+00,-1.084362580881240712e+00
4.067960369979763513e+00,-1.055362084923571331e+01
1.474116490680239533e+00,-7.905210849116064864e+00
-9.587220540523105683e+00,-1.165150317757252552e+01
-9.312060020209250055e+00,-6.284368515472456451e+00
-6.444919123128157068e+00,3.865759074042062871e+00
7.188124050268216436e+00,1.299926854587896763e+01
-9.626047839203934198e-02,1.370692407338006902e+00
3.213394538034728409e+00,7.615787966822173516e+00
1.791957302226970938e+01,-3.352314843420540313e+00
4.102366376058306230e+00,-5.951284331064544020e+00
-3.221303763642447304e+00,3.366133145477525179e+00
-1.263182082438321530e+01,1.123029847129629921e+01
-1.633644133849749736e+01,4.944932470659274770e+00
-9.754004094073063236e-01,1.897494648322698296e+01
4.259351859313023958e+00,1.079441183295285711e+01
1.114305475481441299e+01,3.530627038737241818e+00
1.343498872279227108e+01,9.099729099390925668e+00
-7.283243595602553633e+00,-6.998888336754114370e+00
1.245448860481005227e+00,9.949037372102161214e+00
-4.297447943552572092e+00,-1.513652191229390809e+01
-3.877770712094046779e+00,-3.196024457616746695e+00
8.945286167733723204e+00,-1.410298175626197414e+00
-1.182360176651947015e+01,1.832803634336994003e+00
1.154804652388825481e+01,1.259132189345193664e+00
7.214724617127785677e+00,-6.872163481507858940e+00
6.327576615035301444e+00,-3.618413405639500979e+00
-3.924864548867637470e+00,-7.103160379499846577e+00
-7.717340023022275730e+00,1.512881160984363760e+01
-5.173031331893672480e+00,6.685932715514941727e+00
-5.382402766604629463e+00,4.775697978130095112e-01
-5.276607949362488448e+00,-1.048124938381717364e+01
9.025128715920905265e+00,-6.485299323359508428e+00
-6.724614447696930064e+00,-2.957047966890422597e+00
2.767770788760865575e+00,3.413660413629902024e+00
-6.186259572534265061e-01,-6.979214448267183180e+00
9.456372385442861628e+00,-1.470229922646997345e+01
-1.380857227592064618e+01,1.299824435869160233e+01
-9.111384463215834728e-01,-5.154085855477517519e+00
4.628759131230638424e+00,-8.826266321323835484e+00
-1.164056448211783845e+01,-1.457901351115204847e+01
4.143220433486499488e+00,-1.410469906215489289e+01
-2.824362385584923807e+00,1.027485807803017082e+01
-9.735930991319417416e+00,-1.631599361768281042e+01
-1.693867816439044560e+01,-6.146454959565064158e+00
-9.270620131005259168e+00,-3.106655251157288133e-01
-5.977319199926028226e+00,-1.429933815057132307e+01
-1.349775198558882927e+01,-1.119836110763999493e+01
-1.198845746056387052e+00,3.166881149542517981e+00
1.494247761958317877e+00,-1.265605197907320445e+01
2.656803116911153229e+00,1.581571320183076335e+00
-1.050522655948867623e+01,-1.320113761672513597e+01
9.796310463593059126e+00,-3.936385179368992571e+00
7.150640679363003294e+00,-1.871263820214506879e+00
2.670091576701466796e+00,1.357296683087243494e+01
-4.711674313622823962e-01,-8.750591349600892244e+00
2.624713034243469911e-01,-1.131417380855491039e+01
1.690892306033499182e+01,-8.469121823189965426e+00
-2.055905236911284906e+00,-3.244886529483088644e-01
1.184525883511666677e+01,1.484459717233455400e+01
1.062076390087642075e+01,-5.596621588356637922e+00
1.027891142429969484e+01,-1.159296640994070593e+01
6.349826502277835516e+00,-1.049661482208173346e+01
-5.284472025837255948e+00,8.852712972562192917e+00
-1.415903758054896322e+01,-4.986306855302100161e+00
8.126881015762872806e+00,-3.343494616440601863e+00
2.782132545160736381e+00,-9.115220097738919947e+00
7.812622532614950543e+00,3.895163949713154494e+00
-2.046874768936878919e+00,7.050600557826665948e+00
-1.284511176274311950e+01,8.315356882187057153e+00
-1.394567438777892043e+01,-7.979132943144743528e+00
-1.322724656793096010e+01,-1.360860623791820778e+01
-9.821283314011584054e+00,-2.018199386958556385e+00
-7.904483292113686943e+00,1.151189723292225153e+01
-8.402850950000827268e+00,1.348126957037631790e+01
5.848888106666259468e+00,-1.488737433095982787e+01
-4.922123864913182878e+00,2.935408327738690648e+00
-9.855615644275466991e+00,-9.522426338327882434e+00
1.597969604341969507e+01,-3.844709326821313944e+00
-8.300983975922278546e+00,-1.037738865708042191e+01
-5.724465688097714278e+00,-5.943187187957205353e+00
3.277828855599454805e+00,-2.590879389815077261e+00
3.093673605717619512e+00,5.729298345031324402e+00
6.074098231379378099e+00,4.645359353901912236e+00
-1.821539340034976817e+01,5.183919403772960344e+00
8.009729252144220268e+00,7.476779323829005008e+00
1.068922999317987621e+00,-9.701069235664256496e+00
5.771393078914072383e+00,-7.088848984199076497e-01
8.401329495718595552e+00,-8.215204211648913457e+00
8.777668959870860377e+00,9.573107079768645278e+00
1.175041427289115203e+00,-5.676110452512662441e+00
-1.368993765685483766e+01,-3.223548863668190378e+00
-4.158828463330208614e+00,1.149368463752018776e+01
1.893124475469881940e+00,1.734272408370122776e+01
-2.497608054705422020e+00,-4.339284857748323176e+00
-1.345605426408887162e+01,-1.426865730184278869e+00
-1.369012750371939724e+01,6.774508103635787037e+00
2.971298425293836254e-01,4.126098103025841901e+00
-3.967224539436684516e+00,-5.310666458188385342e+00
1.155274468504594587e+01,-8.118998087400589592e-01
-1.737234217214982834e+01,3.120800619284632038e+00
-6.661145886552650275e+00,-9.257462707101421273e+00
1.248957276861013987e+01,4.746178322538134431e+00
5.833582386461570124e+00,1.049628457771881074e+00
1.396780604654454416e+00,-1.441001363139726443e+01
5.010455796368328940e+00,-1.714445116192041141e+01
1.197573543814546948e+00,2.616004354107574148e+00
-1.017159706780667028e-01,-3.529044838235856130e+00
6.539420118904715196e+00,-8.669241759261534952e+00
-8.506094330355647770e+00,-3.343473549954957491e+00
-1.374504547078192473e+01,8.603952117766969776e-01
6.721822192879741920e+00,-1.646824654638172447e+01
4.452870902890460059e+00,1.318045881031862265e+01
-3.475206209195087492e+00,5.929672548679388200e+00
5.990725623428835966e+00,1.006139197384592165e+01
4.292589445114320057e+00,4.364413637851246364e+00
-1.205063636009969308e+01,1.352789714629377116e+01
-7.513696316913903495e+00,5.313484070752621413e+00
-1.025371880769326260e+01,2.801670178186822735e+00
2.950286002786201234e+00,-8.008764538649070230e-01
-8.695107456396272028e+00,1.688657830587468922e+01
-2.694792565027007480e+00,-9.830550591588789189e+00
-1.511686738953675935e+01,-3.638805746114076589e-01
-9.096880388299828368e+00,4.433496662197984328e+00
-6.754846503424657200e+00,7.611651356841284688e+00
-1.887749661457790751e+01,-7.405174819490629723e-01
1.350238049070032886e+01,-7.936338162683476583e+00
9.704021262926643132e+00,6.835708068983974428e+00
-1.243011188134770606e+01,5.519726073388675047e+00
-1.593462958639451976e+01,-4.070452097184533713e+00
5.052974652910317666e+00,-2.317002009173402932e+00
-7.471090251690069906e+00,4.231499382898428196e-01
4.123002322186323454e+00,5.191255136180725760e-01
2.734547331950222482e+00,-4.831133832209363099e+00
8.280962594416111600e+00,5.656810637192000613e+00
-1.409946346947951135e+01,4.464672936290397409e+00
1.376671254532385014e+01,-3.715382551582948167e+00
-7.389146775695202507e+00,-5.197966574110843396e+00
1.406404629208345014e+01,6.962939906115239719e-01
8.220490455098808269e+00,1.138649841163142185e+01
-1.099948075586643625e+01,9.363422364561604927e-02
6.379790214075454102e+00,2.857037414340815484e+00
-9.337134913488629451e+00,8.335359361838852621e+00
-8.090609327163571507e+00,2.983650843166462785e+00
-9.017188129764241111e+00,1.437417728488285862e+00
-2.742507146222540104e+00,1.429028168644851782e+01
8.081103599285599515e+00,-1.005730286736858758e+01
-2.130317182266676213e+00,-8.102155696119449857e+00
1.509347902009283970e+01,6.166703596410076038e+00
-9.220758978649096216e-01,1.542755564862797968e+01
1.251265302881289898e+01,1.316163284650510690e+01
8.345467048849789293e+00,1.512278657447837915e+01
1.771019361773029388e+01,-6.752492802761373980e+00
-1.127967522022731117e+01,-8.417740748536607143e+00
-1.932818426247861598e+00,1.490902797066103735e+00
1.577018849618896645e+01,-1.018099069740572027e+01
-1.164502973452616708e+01,-1.580310646702033583e+00
-7.540274052773090929e+00,-1.584947969233414788e+01
-1.582995948058450253e+01,1.303117623858871310e+00
1.644285056734816841e+00,-3.376016802263648309e+00
-4.991061616740011253e+00,4.866951912927159007e+00
1.000357638933593485e+01,1.004356988610056872e-01
-1.509341027726527251e+01,-6.561398757668404969e+00
6.394419542805154677e+00,8.270396765061491351e+00
6.634138008731843783e+00,6.353413869338083941e+00
-5.384923221888572975e+00,-4.184703273757920172e+00
1.618806974090566086e+01,3.513558289536701462e+00
1.365728675475125975e+01,-1.079624152222765199e+00
-3.726274004159746411e+00,1.610286891376693230e+00
-2.026614684348503059e-01,7.533990470542526019e+00
1.636517354429877713e+01,-5.627123626194290296e+00
8.136676542172148530e+00,3.628764292539500280e-01
5.846743518855637589e+00,1.432781930259455194e+01
5.426477604195268256e+00,-7.160520931512631471e+00
-1.548033882261835537e+01,6.482480353308938348e+00
-3.419512846348813917e-01,-1.751901294175920754e+01
-6.394584663049650786e+00,1.966359480312932506e+00
-8.029360357905463985e+00,-1.634216348147010667e+00
-3.999302416087372691e+00,-1.856427169257219489e+01
4.424927187304258602e+00,2.274831265452629037e+00
-1.012043812285902256e+01,1.043059423771916450e+01
-1.111721587104808684e+01,-6.302115692760907883e+00
-1.152258124138431228e+01,-1.165408355658249562e+01
-2.084246753774914307e+00,4.773100894594686672e+00
-1.526428244783756227e+01,-2.248598416953672352e+00
2.298296052373941301e+00,-1.105807006009471394e+01
-1.112672671608252983e+01,8.879617299539940944e+00
1.743456639458883473e+01,6.285069849891357308e+00
1.543990111097396323e+01,-1.600136487901009597e+00
9.945939225283222385e-01,1.169050292765210841e+01
-1.874107036373921886e+01,-3.073799081325880866e+00
4.669365170645402685e+00,8.738988241266079982e+00
-1.222214317238909409e+01,-9.966794373394657569e+00
-7.703065343796921205e+00,-1.375422717038727427e+01
-8.798598649666663718e+00,-8.065104927361170795e+00
8.083265549376324799e+00,2.119681733317009265e+00
-3.997805670231163178e-01,9.289057685096073769e+00
1.480527696023830719e+00,8.149348294805191628e+00
4.922486548146718377e+00,6.936195490088980620e+00
