-5.054241265795047511e-01,1.100926124369000192e+01
-4.688041418043723318e+00,8.430116281077138396e+00
-9.952195881553643764e-01,-3.019655329548799561e+00
2.339312502343737776e+00,1.846695975812895130e+00
4.957605620133769819e-01,-1.977423942496798093e+00
1.173179263489939750e+01,3.691120222649343585e+00
1.288330095674594133e+01,-1.156497789600379633e+01
4.001385506745100074e+00,-1.293730678087023911e+00
9.978698509305107933e+00,1.191532001042071798e+01
-3.836695757392952100e+00,1.228465691141752636e+01
-3.485205783416007730e+00,7.053841718844126696e+00
3.707780381027800498e+00,-1.155886607904719732e+01
-3.349806040031307663e+00,-4.855138377940241834e-01
-4.992558528801636086e+00,-6.599370897887686382e+00
7.255010406205755658e+00,6.568808217381946868e+00
-2.059458976072107816e+00,5.822551207773514648e+00
7.082703800859786014e+00,-1.034791130798151038e+01
-5.602268943539039370e+00,1.293448133944574074e+01
-8.653262582115797130e+00,-2.818260432230288437e+00
7.672710542820333046e+00,-5.976536235625529159e+00
-1.100804049084791991e+01,2.249448807909897319e-01
-4.033118297523665685e-01,6.492284123423286424e+00
9.791719573226830065e+00,-1.499079001682380330e+01
2.229793693888107331e+00,4.846269168414252704e+00
5.879066081638212538e+00,-6.053561540751178249e+00
1.305508691347303962e+00,-4.201308548138723564e-01
9.334868425750091347e+00,-1.029806677033688267e+01
3.287379019684950165e+00,3.361666041893806245e+00
-9.368540311303002355e+00,5.188140919426127873e+00
6.693767290249759583e+00,-7.757668484664356434e+00
-6.465219203277583482e+00,8.158918106459120523e+00
-6.430787826700984589e+00,-1.784794841735879700e+01
1.781883860475236148e+01,-2.016095626269100716e-01
7.406165930914510476e+00,1.015564441334663393e+01
-1.130113687987723559e+01,1.507920339780173258e+01
-6.667311128652372076e+00,3.140635833045656966e+00
9.100400089775693147e+00,-1.666687054277650759e+01
-9.363084875455678358e+00,-9.350693548100840857e+00
-1.457698607173201744e+01,-2.614845833960854016e+00
1.464940123961618745e+01,-1.132999696488972319e+01
-1.074557807588399694e+00,-1.177769598340752788e+00
5.724121642411635236e+00,-1.807874716608118604e+01
-1.133822906320136248e+01,2.642904424922660311e+00
1.177483525221504124e+01,-1.299215739285204663e+01
1.297675408193634183e+01,-6.668287477251707784e+00
4.775575497996752183e+00,4.307824470220761093e+00
-3.687914303352433532e+00,5.156333109135782244e+00
-1.099658488574802639e+01,1.175310821543872564e+01
-1.019382751913963858e+01,-6.622657734066768498e+00
-9.060947330357841167e+00,-1.114320394875909415e+01
-1.096645421357473715e+01,-1.340234541433560445e+01
-7.291953499600186461e+00,-6.178989026347170288e+00
-6.715648925196670227e+00,-1.020019179832970835e+01
-8.712469846773988280e+00,6.857544477366662505e+00
-7.926373220664538977e+00,1.525955752224760786e+01
-2.707983527751589126e+00,-9.333924929462739328e+00
2.243681953389776940e+00,-5.126486139136935627e+00
1.477790419440212943e+01,-3.916237664055930878e+00
8.647223084535283988e+00,-1.347996849245931550e+01
7.834841680208898040e+00,2.091244844612605291e+00
-1.278244754139224248e+01,-5.793250928935629318e+00
1.233850657470302359e+01,-8.364469326112793368e+00
-7.438030155796205856e-01,-9.759291992739386856e+00
-1.250283736886106167e+00,-1.207790109225966901e+01
-3.580149677801969244e+00,-5.544079843647585548e+00
-1.192489327664736720e+01,-1.187350320676278415e+01
-6.208741025081538467e+00,1.465491391318813008e+01
-8.662680864368763167e+00,1.689276398545815283e+01
-1.289600811267288982e+00,2.384544015010770401e+00
-9.514740038648149323e+00,9.625482299282076326e+00
-3.070659635293718104e+00,1.705464014498164094e+00
5.712126423798959962e+00,1.229406865324532028e+01
-1.739106935080668137e+01,-7.651843361924786535e+00
9.356517915800852681e-01,9.792641307944844442e+00
7.611582230746345878e+00,2.090312991453408820e-01
-7.441462619896685560e+00,9.656978195215707217e+00
2.969610075331964860e-01,1.456699888668858467e+00
-6.833365085961871976e+00,-1.359170885801808382e+01
8.514864007694802339e-01,1.414220280981313671e+01
8.207560227447569190e+00,-1.172967740626157074e+01
1.660683688787625290e+00,-6.899754472338309519e+00
2.302712243383262525e+00,-1.421772641923788960e+01
-6.939168267346402352e+00,6.454333952537017360e+00
-9.749977422341652655e+00,-1.274916583245040202e+00
6.427720354769224542e+00,4.995526391581698533e+00
6.684107620395617566e+00,-4.479684133760087228e+00
3.558665613092114821e+00,-6.311012001764161106e+00
-7.347484680503802323e+00,-1.187721993953033994e+01
-9.494570464730027748e-01,1.463015119082431426e+01
9.033588731581357223e+00,-7.265150365237585284e+00
-4.441486078187739217e+00,-2.082865031757670682e+00
1.069503516965919232e+01,-9.025526106415034278e+00
-2.401706380888910974e+00,1.103291619438086357e+01
-1.632284815498918462e+01,-1.861279513734114932e+00
-2.898640554414205095e+00,-1.116317788682222023e+01
-4.380167786374705052e+00,1.529262248938905877e+01
1.450519396597190358e+01,-5.701236397048741189e+00
-1.554053741248493559e+01,-2.667237079265336042e-01
-1.636670429735125332e+00,5.854547280299218226e-01
3.735979217384545414e+00,-9.796431538026940444e+00
-3.427193181619594409e+00,-7.459995453382648023e+00
2.977658122193884260e+00,1.462203460743290995e-01
5.667024989629161347e+00,8.341387654446425159e+00
-1.402875170859903342e+01,6.605874379531829099e+00
-1.708458060003926193e-01,-4.956213988614489807e+00
6.630880172063322142e+00,-1.691941099467221266e+00
-9.118421192863419122e+00,-1.352579110959103303e+01
-1.533389620926844388e-01,-1.402238398850211709e+01
-1.428945791198430904e+01,-4.639396968892394391e+00
1.223883455124499475e+00,1.157699189885669000e+01
2.448364408850313811e+00,-1.609442733830832495e+01
-5.111534057492638006e+00,6.282385922271795486e+00
-3.100015349471687554e+00,1.756218496898706150e+01
5.720778930506083881e+00,-1.528398815621124385e+01
1.129909075373678640e+01,2.546418310295808785e-01
2.650035451373864426e+00,1.036549996697195652e+01
1.302558710587480384e+01,1.395007419734768606e+00
-5.765615504029248051e+00,1.049043705196516463e+01
6.140182585063005405e+00,1.354571633975326872e+00
1.336616872075309459e+01,6.734481658111540980e+00
-5.836069414377119458e+00,-5.002962881966367625e+00
6.886861586907644828e+00,-1.377692414966341872e+01
-1.389067547722395801e+01,-1.007194736055732420e+01
-5.095108746486030071e+00,-1.654120554055440806e+01
4.632483788664262803e-01,-8.449503257313777382e+00
-1.034999089171780406e+00,-1.896654649544672111e+01
5.487793426425094268e+00,-3.005211467112565704e-01
-1.412899181929335413e+01,9.110377826753870423e-01
-2.932912702541089267e+00,9.057537756899581183e+00
6.177333067993856508e-01,-1.661457045625667206e+01
3.768788929785608310e+00,1.783384963443560167e+01
-3.074310378327260285e+00,1.402371379599860468e+01
2.201621208872132751e+00,7.924193562785431411e+00
-1.108872026329570737e+01,8.329202887193252636e+00
-1.949380835271031565e+00,-4.536854671702761799e+00
1.665596319158103711e+01,-2.201448337093559360e+00
5.585784795073045927e+00,1.560978453319449422e+01
1.184992758439544147e+01,1.173592132545437927e+01
5.543002268852171177e+00,-3.103251734639465909e+00
-2.983251842206904758e+00,3.506909713676802820e+00
1.424937660542494378e+01,5.167952422982907024e+00
-6.190471760236213150e+00,-2.321825694399002327e+00
7.462331905394246512e+00,8.375757879355463231e+00
3.838011273067952533e+00,1.532551646760996356e+01
1.322126881011889665e+01,-3.082025136097244378e+00
-9.664613677197465558e-01,1.811371671878893608e+01
-4.632250054924417881e+00,7.577535896174290020e-01
-5.953164786225400462e+00,-5.299927599954397106e-01
4.101549551808258087e+00,-1.333167928912184053e+01
1.274244479448391054e+01,-1.375981488091406524e+00
4.224172552423791416e+00,9.475466586163934224e+00
-1.768676204079772107e+00,7.611871730746182507e+00
-6.426092865120909714e+00,1.311492280873814309e+00
1.546551732729214734e+01,7.076520511598444862e+00
-7.150591689785641414e+00,-3.827057208021495960e+00
-3.516059736890406739e+00,-3.755954089289180953e+00
-1.612091013290379493e+01,6.400589928602723688e+00
6.690248524404529995e+00,1.412798356442510617e+01
3.023554387641497865e+00,-8.098493834191236473e+00
-1.196938756072725418e+01,9.965227568032718253e+00
-1.538964157001880473e+01,-1.110649245888731862e+01
3.905664672444427055e+00,-1.508759324924183431e+01
3.753784585472748958e+00,5.879274119856073177e+00
-1.452544326720200374e+01,1.046691736668557127e+01
-6.361224407448423435e+00,-7.888014677955113463e+00
-1.601493539757757034e+01,-4.063060138889032835e+00
-7.633643032245418070e+00,-1.281709972436805067e+00
8.961947674730900815e+00,5.978522284319536695e+00
-4.575234222069550327e+00,-1.822783396219353236e+01
2.401547219121431098e+00,-1.785846545265966512e+01
1.531174187689241428e+01,-9.543575064631838245e+00
1.768552498778383608e+01,-3.640982490460733967e+00
-2.632588420188032963e+00,-2.229316578345112987e+00
-1.288723270104030583e+01,5.232440683805127613e+00
1.907986152272031832e+00,-9.467316256638843797e+00
-1.810855291325247052e+01,2.206106159905683040e+00
-8.881000116684470314e+00,-1.678168268642181715e+01
6.766470127645279886e-01,-1.855034044869798748e+01
1.168206281634824428e+01,1.356069450440012147e+01
1.631518264878023317e+01,-4.828228232080744142e+00
6.300204253351005868e+00,3.208394717213832070e+00
4.822754057855594745e+00,-7.589944409428154515e+00
1.734850208343427624e+01,6.943986487897599424e+00
-1.947600455707691802e+00,1.611507226082849797e+01
3.349004507881444548e-01,8.124158823736612689e+00
1.155065002438688371e+00,-3.599035112111944379e+00
-4.726344831145622649e+00,-1.038015464481695638e+01
1.128217326485556704e+01,-1.074701392683820700e+01
1.551694363809894561e+01,3.753736973390442433e+00
1.143334447711637836e+01,-3.233718119088818899e+00
-1.370025573759736215e+00,-8.079048502233774798e+00
1.554361228104082837e+00,1.892535249504122774e+01
-1.090543461807705405e+01,-1.035883133979925574e+01
1.177938317142085545e+01,7.571878633609121501e+00
-1.926191251215809253e+00,-6.291450720159384780e+00
9.966183380576559614e+00,3.612600045696799711e+00
8.089383986012970595e+00,4.286116697121234331e+00
-1.310279407926895701e+01,-8.379947227755634387e+00
-1.432365804300970780e+01,-6.683675979722641713e+00
9.992420174791938337e+00,-1.204738430966996532e+01
1.372296860936400975e+01,-1.311891719435779713e+01
1.895799610730855012e+00,-1.126741499284134740e+01
1.161910869937762492e+01,-1.502802203974850670e+01
3.703689111400933598e+00,-3.278176032827635034e+00
-8.144073951696373825e+00,-8.007302368519285451e+00
-9.850389584692175182e-01,-1.561792627070845896e+01
1.556385681864865234e+01,2.270466739392761057e-01
-9.864645307234731320e+00,1.585958538355175529e+00
4.262776655965755168e+00,1.373669930381135940e+00
-2.044005831538777684e+00,-1.387484598434526717e+01
-8.124332079358937975e+00,1.898002119191627424e+00
1.038625823998145847e+00,3.173856059059835921e+00
8.428303910048331460e+00,-1.434531337255849914e+00
1.100242197248982379e+01,1.519198569844223634e+01
7.418622339295524171e+00,-1.739377210560002496e+01
-1.376835548977167001e+01,2.751496266287671411e+00
5.371688427746804884e+00,6.576963341017736830e+00
1.477426697394987265e+01,-1.555112070763697840e+00
-9.146211887950167707e+00,3.345530539003857662e+00
-1.256880325431811585e+01,-3.944847683853394127e+00
8.124473450634306815e+00,-8.896092909015699490e+00
4.184212038702066039e+00,1.136108878997152694e+01
7.623802607541521059e-01,1.598042265754994418e+01
2.455871519809698533e+00,1.651523142084739959e+01
5.548750752591597113e+00,-1.124089645980151531e+01
-1.383653520036544515e+00,1.277991500132298164e+01
-4.696259295458018457e+00,2.685950003019311527e+00
7.509372063576518208e+00,1.248610441639974233e+01
4.297836792669735284e-01,4.867806431905798981e+00
3.872572641349738110e+00,1.315000185731127580e+01
5.444997392102817635e+00,-9.274073101072755065e+00
-1.239253666963001210e+00,4.172321957259681469e+00
-8.840244647393824096e+00,1.132336823062577658e+01
8.084403151890416694e+00,-3.211026751464056694e+00
-9.181441867574676508e+00,1.395318452222120520e+01
-1.120485571975456063e+00,9.315554474362020443e+00
9.383634666074900821e+00,1.010295281122269095e+01
-1.295161500027794155e+01,1.147063862010527835e+01
-7.556738021031073060e+00,4.726146476698909638e+00
2.329364977551517057e+00,-2.170153857271442721e+00
3.937979593425776415e+00,7.642548599291169253e+00
-8.696938558245426165e+00,1.804617169683602473e-01
1.845062318052168493e+01,2.802430155783103505e+00
4.555061551151422528e+00,-4.863297907329492631e+00
9.808415494463126549e+00,-2.554710047767481118e+00
9.524246209269387364e+00,1.363578449109449053e+01
-1.489190288854437272e-01,-6.734435617562843035e+00
9.254590290641177219e+00,8.295359788780164223e+00
-1.651922839593974679e+00,-1.730238551161518146e+01
-1.047366056856394145e+01,-2.991770399783255652e+00
1.096836481623255821e+01,-7.149463059751448135e+00
-1.298658390639306326e+01,8.252712245870116092e+00
1.284323099043107952e+01,-4.810696871931220642e+00
-5.310183865404678016e+00,4.424219304499056094e+00
9.529481724363593642e+00,-4.350881550415829579e+00
-1.023027037794257410e+01,-4.784574706937652522e+00
