-1.388883113414879311e+01,-6.614769283576403147e+00
-1.956385835599183443e+00,2.438652416964898872e+00
-1.099516912918609535e+00,1.896582250705095518e+01
1.445139827253183107e+01,3.320700685008744379e+00
8.879277289283889374e+00,-6.203672785511889387e+00
-2.487105427948004710e+00,-3.951304835169091145e+00
-1.268532062408803895e+01,-7.973288327123946750e+00
-1.056013885093655524e+01,1.178550983326674206e+01
1.245264514389941546e+01,-9.689720906759870189e+00
-1.631959954321388961e+00,-6.407686107638655315e+00
-1.649986969373746604e+01,-9.207610863638370446e+00
3.320361989092889488e+00,8.615900616167788684e+00
-1.084772206290227459e+01,5.469700401118775979e+00
-6.900235823629444987e+00,-8.358792723189646168e+00
-8.106623555035110229e+00,-5.537555123268800727e+00
6.096086315175028858e-01,6.229025167599239410e+00
9.776656404016428326e+00,1.094792379842675700e+01
-2.468471157882981881e+00,-1.114481977854019057e+01
-4.433811889262696759e+00,1.165178787634345348e+01
5.755572338259577592e+00,-7.171639984233507015e+00
-6.464169925191753929e-01,-1.141968442799284489e+01
1.412941254770197119e+01,-1.269816048075483295e+01
4.175452137907980088e+00,-9.162977664000777622e+00
-1.534619472529068496e+01,1.300137520143451075e+00
6.771889017913615305e+00,2.931134289502045354e-01
1.224290403861873422e+01,2.936052893936541786e+00
-2.099240435351154677e+00,-1.950727715762473835e+00
-9.713342397898914626e+00,-4.074676942725144357e+00
-4.579003243011579016e+00,-1.482780601802357623e+01
-1.390817394636002469e+01,-1.129344792613186099e+00
-1.911629348446819199e+00,-1.597083431731531611e-01
1.135041339460533294e+01,4.519460638605499736e-01
7.970478336600216096e+00,1.081245473613617136e+01
8.459002393205249604e+00,7.840271250499437627e-01
9.540325623382805986e+00,-1.317665735962908613e+01
-8.789926208932017815e+00,1.507736539894769834e+01
-4.664243405953046206e+00,2.175442297932115299e+00
-8.097130646883140770e+00,7.734129371481881954e+00
7.000127311523952400e+00,-1.392389165905538739e+01
3.351636504411672046e+00,1.144220589555607859e+01
1.340856200246960483e+01,6.986545672735344326e+00
1.607726702272772812e+01,-4.311685618614689020e+00
-9.193645013534130328e+00,6.239354660603515512e+00
1.069453614388096696e+01,-9.063448519399702974e+00
-4.051535955151770452e+00,-1.280217574933549685e+01
-6.275200326860213451e+00,-3.026995867352123781e+00
-1.846864840812007458e+01,2.829606805143456416e+00
6.610067799209407902e+00,-1.211064052224970133e+01
-1.694819151208453079e+01,5.441617599319424237e+00
2.564647959224723106e+00,-2.509181023540740796e+00
4.696455943099606678e+00,5.250831526071557676e+00
-5.384573913847925830e+00,-1.644192394545496327e+01
1.583425932988106233e+01,-6.388872876596877859e+00
4.479297040488453341e+00,1.002057267026512832e+01
1.780653433630406823e+01,-3.752736428218406584e+00
-2.106022276231716450e+00,-1.738944618534050335e+01
1.015750154572500819e+01,-4.218025651679147003e+00
3.209747599860654499e-01,-6.621105739083850139e+00
-1.065847920577841634e+01,7.484201270723719546e+00
-1.089529307763859478e+01,-7.775702068876841011e+00
1.120537157288181263e+01,-2.680946884018015286e+00
-5.670038484806641854e+00,1.527389113616612093e+01
-1.222099330810840634e+01,1.064232464946508117e+01
9.409990029337480522e+00,-2.318463724426154116e+00
7.305301955343606046e+00,-1.042328377799002936e+01
1.570474970082465482e+01,-8.216920756013383453e+00
9.584319411029010860e-01,-8.314734243403732350e+00
-1.394103542451729005e+01,-1.286710080760444974e+01
-7.205240005084761812e+00,4.950201412115177391e+00
1.319382362154368771e+00,-4.344752903353675144e+00
5.559677734131419635e-01,-1.004068402451362196e+01
-3.819739895789949546e+00,-2.724585938206550928e+00
1.415370909818181033e+01,-7.385222604737967877e+00
-8.556398880605939894e+00,1.165841375780181899e+01
2.317960012903270250e+00,1.545752599990428777e+01
5.922139217508188835e+00,6.727648666320084736e+00
1.876515757127800654e+01,1.384863015883797566e+00
1.487876198037240805e+01,8.842692362202072331e+00
-6.299828340547409589e+00,-1.177743163053667708e+01
2.663460949511670783e+00,-1.440683130760426778e+01
-7.973601372503008378e+00,-3.653700476969408584e+00
-1.357693647396956749e+01,1.031504962879816523e+00
5.362785807820841022e+00,-5.438436987441141568e+00
-5.722139898201502817e+00,3.922915088030344055e+00
-5.235324242777974924e+00,-1.562494059590970208e+00
1.243008762847268756e+01,-1.336616091268928663e+01
-6.600541488170731164e+00,-6.615046989699413515e+00
-1.649638789196569277e+01,8.417660106539647913e+00
-4.184669327382557036e+00,8.748943929409730202e+00
1.325372478160611855e+01,5.238368751905379206e+00
1.768797114010604687e+01,-2.513097055636839133e-02
8.373159994946567153e+00,-4.451943942237451601e+00
-7.426722168135309943e+00,-1.012587160655956353e+01
-3.749877367709230747e+00,5.571559880964450429e+00
-1.398075583673034750e+00,-1.463246914788263098e+01
1.446742110062885800e+01,-5.094322931178774105e+00
-7.453067832117374891e+00,9.647076843279737801e+00
6.380733102590275152e+00,-8.869938093489812658e+00
-1.907882684572748344e+00,1.013172396327689562e+01
1.046545048805717393e+01,3.529509091470615978e+00
1.420864820249522786e+01,-9.205907498886888973e+00
6.570774207023335478e+00,5.012495097624854345e+00
-1.691794885195355702e+00,8.360721821695173972e+00
-5.557360798330953422e+00,5.738388786503882066e+00
-1.369495405184759917e+01,2.806580160445768524e+00
-3.856433197000033175e+00,1.528284574737292445e+01
-6.764827681359410150e+00,1.387781962790342760e+01
-1.079288994288544323e+01,-1.201587222552134682e+00
1.613229518047297972e+01,-1.002215147500704262e+01
-1.377539136536784170e+01,-1.068729651809128889e+01
-5.871728496630590932e+00,-1.361606466474331967e+01
-2.180239306354608608e+00,4.228725418704820882e+00
-1.207202051146154886e+01,8.628129857020010007e+00
-2.902339994914627130e+00,-1.561015967694495643e+01
1.303472479514556781e+01,9.259890539618012895e+00
1.585528875736741306e+01,1.044154616750619047e+00
1.353411476315937456e+01,-3.558581544330173596e+00
-1.581056187961925374e+01,1.027262560833979066e+01
1.072469463995061290e+01,9.350453619830611629e+00
-9.210115559586219192e+00,-1.520308734445858612e+01
-3.989267531292972624e-01,-5.006242127128774477e+00
8.993298901587504446e+00,1.621552922406304731e+01
7.121833267829115854e+00,-5.749623719942618116e+00
1.278990666580003221e+01,-1.145892859874830272e+01
3.265703337821335595e+00,-8.849397259868864163e-01
-1.800068424187013516e+00,-1.282401075192430540e+01
-1.028944364619492013e+01,1.007339863932506629e+00
1.091033875788048224e+00,1.151813558398274751e+01
1.288685511288632313e+01,-6.027450563274385331e+00
4.500516142426968180e+00,1.706626366679805429e+01
8.656432067669971531e+00,8.815538409892997862e+00
8.140681564917983337e+00,1.433568544854323257e+01
-9.386182956285038514e-01,1.381692985790484940e+01
-1.091775187684506143e+01,-1.160184646253534346e+01
-3.230081439663813114e+00,1.120167427959658735e+00
2.194876695339667894e+00,-6.837577655697849366e+00
1.048150149443926438e+01,1.268372277905350565e+01
-6.675806043711302706e+00,1.451669876602751375e+00
3.427310478988930265e-01,2.612103471134977983e+00
-7.370556186449479519e+00,3.145694425150102891e+00
-1.559009057990368063e+01,-1.085894471940596517e+01
8.670083892643834389e+00,-1.472931828727437775e+01
-2.892248898692410641e+00,1.689551131573481513e+01
8.001886997882008412e-01,-2.538393463866365884e+00
-9.547351061805724015e+00,4.247493165989321362e+00
-1.228497700161738670e+01,4.232184932925891374e+00
-4.846902831594052330e+00,3.225005105025854912e-01
-3.991605948506313339e+00,1.849923056023255796e+01
-4.689353439218106878e+00,-1.101243055950104832e+01
-5.048583639356267305e+00,1.336763991252352746e+01
6.135083525304523278e+00,1.081161794533588427e+01
5.113877606351407756e+00,1.445790823856141749e+01
-9.381392687665504937e+00,-2.286667536761680886e+00
3.037232046064925139e+00,-1.262312085123543959e+01
1.203820352079398326e+01,1.081148867080181653e+01
2.128939738466833820e+00,2.847354379682395908e+00
5.019481599180377174e+00,1.232605643640337867e+01
-1.076176129440441009e+01,2.802259196819605780e+00
5.492585525338914643e+00,-3.588427792975811492e+00
-1.158128728163377019e+01,-4.010307266199570897e+00
-7.570827986954290267e+00,-1.781444576286140835e+00
-4.728197077040232066e-01,-1.254025285385994781e+00
3.848314612804707435e-01,-1.512975582523128715e+01
4.722473232981916347e+00,-1.210248194733371996e+01
1.422495883752658896e+00,4.588382964017379884e+00
3.228885807705058397e+00,4.264004110150660054e+00
8.687890632822016457e+00,-1.159608934470211494e+01
-2.530111161470805392e+00,1.181383853690467411e+01
6.821637101870549280e+00,1.258048556048159483e+01
3.711259664268915071e+00,-1.587623759508818821e+01
-3.086175156983891110e+00,7.239596273271583726e+00
-4.845138977866554342e+00,-6.349612422487385999e+00
1.182362096064686519e+01,7.853215776133119164e+00
-8.349505049507818244e-01,-3.245121840612271047e+00
-8.079150708950889603e-01,-7.994596479314704851e+00
5.479524172241948321e+00,-1.038263846451708083e+01
-6.846444250654842856e-01,1.185754687351761261e+00
-3.710854524549369593e-01,4.259098365431749578e+00
1.220259114790800226e+01,-7.674706260230668597e+00
1.811213251709348437e+00,7.677477532248127901e+00
3.544254554209450347e+00,-5.642500374326455237e+00
3.741551764094185994e+00,-3.881235457677130629e+00
2.570654612382159421e+00,5.964598736333462270e+00
-1.448448803987560574e+01,7.274038309969013127e+00
9.103734285546474680e+00,2.413110491786443657e+00
4.043908441144217214e+00,6.950054349531573195e+00
2.410996996533049774e+00,1.799712646436283237e+01
-5.193402381351563513e+00,-9.189195576425168710e+00
-1.459192000505502840e+01,4.348120559518664940e+00
6.620240713198534133e-01,1.642240459208687398e+01
-6.386168955528912505e+00,-4.820333712143710869e+00
1.325961980625133707e+00,1.057134917266776775e+00
-1.073069604710374847e+01,-9.647225170629569746e+00
1.387746092042595869e+01,1.081316029669540413e+01
6.470481943038412176e+00,-1.475744033805595601e+00
4.665085343964952891e+00,-2.028036174498039301e+00
-1.175235210003930320e+01,-6.138306932539269845e+00
9.993592634631680127e+00,5.826413569565932704e+00
8.598926094426850852e+00,1.253698149293576591e+01
1.452855254274507679e+01,-1.094830909076173420e+01
-6.524991787785947572e+00,-3.182413568827293648e-01
-1.990031840288162046e+00,1.528951329280058857e+01
4.928888220738702586e+00,-8.907108159186120921e-02
-9.578413288472612308e+00,-6.492931399219363797e+00
7.907768213177817529e+00,3.799355404309117556e+00
-1.663189912880188714e+01,2.559079687125365599e+00
-5.901489158089922249e+00,1.777807173706341359e+01
3.902301637778536225e+00,2.563044071272269964e+00
6.457000327408652929e-01,1.821163792477561216e+01
5.493124513656679753e+00,1.600002553066707245e+00
5.282934197204562921e+00,8.427538945524013059e+00
-3.951811193955047763e+00,3.817808326460382595e+00
1.654173597088087533e+01,-2.507674509745709379e+00
1.739334263993398721e+01,-7.633510168982812871e+00
-1.336969053418216191e+01,1.203385031249609760e+01
7.679058197232457417e+00,-2.811862382871448851e+00
-3.790779817316833000e+00,-7.883292991450198350e+00
7.180689911595578678e+00,2.142661183423223203e+00
7.557515848058187657e+00,7.423424935005846770e+00
1.477873191229675776e+01,-2.290852410081956947e+00
1.197003377454164053e+01,-4.501020900444587802e+00
1.007329594852753374e+01,7.711560888816236137e+00
5.476180938216497651e+00,3.484884794295012966e+00
-7.309079749803324866e+00,1.606797351489854364e+01
9.764669739580446262e+00,-4.786338051735742338e-01
9.965176225845542746e+00,1.469695553195130699e+01
2.419355820827739034e+00,-9.477525227992682488e+00
-1.696114144364181620e+00,-9.511862744459847363e+00
1.667426463973341821e+00,-1.634513968741287471e+01
8.214057677445527617e+00,5.728980562704354185e+00
9.436806041531695458e-03,7.912458793659053136e+00
-3.456978036048738101e+00,-9.683158960303298812e+00
-3.222147123526748924e+00,-5.580661445715987767e+00
8.040094506908554095e+00,-8.253947257645778635e+00
1.028840921083119575e+01,-7.343666473901858005e+00
-1.277462235715502992e+00,5.836310099827997533e+00
1.360966434658032131e+00,-7.537605711738599723e-01
-5.779087197211751459e+00,1.040906603403015218e+01
-1.216126940979427395e+01,-1.296339030910137957e+01
-1.481118837433023927e+01,-8.527911209787561120e+00
1.135343008628244998e+00,-1.345804956725736901e+01
3.916951154226111953e+00,-7.357113148715849427e+00
-3.576625639984694072e+00,-9.295312125899163336e-01
3.108260616609063387e+00,9.486842019846337681e-01
-1.617777830079810997e+01,-7.300592930259807822e+00
2.192260919007930742e+00,1.000535620174114371e+01
1.409424295387969650e+01,-5.587353694513855773e-01
-9.001094633994787486e+00,-4.113767751536068773e-01
1.973869865093831333e+00,-1.119350037437080303e+01
-1.345572333197996784e+01,5.705544739966828871e+00
-4.555052040879865594e+00,-4.330814079578964915e+00
-8.616626776617842154e+00,1.561155642045507941e+00
-5.631541428141906280e+00,7.570922321763040586e+00
-1.752103692255150946e+01,9.215302623524472825e-01
6.407754691457931973e-01,1.465506859897912761e+01
-3.244265090267194562e+00,1.356101223052013260e+01
