-2.160037082410755538e+00,-1.316313601367233588e+01
4.094358126022107136e+00,1.854920604920463845e+01
1.414259185915239847e+01,2.108352702409809432e+00
-4.304617325442376519e+00,1.518270991342729914e+01
-3.790440536758161727e+00,1.344639415872401855e+01
-1.078821086263302309e+00,-1.177001075825819143e+01
9.449038623601543563e+00,-9.707365024628609618e+00
6.539914928707889707e+00,1.012917015306583046e+01
-5.599360784139336467e+00,1.030418318678167111e+01
2.663332289572031275e+00,1.533877557652210122e+01
-1.569093632822231754e+01,-1.601201082620427263e+00
-8.690971040352891919e+00,-1.601721283410894259e+00
2.273261370667518211e+00,1.234269802268633587e+00
-3.062863254905102028e+00,5.384176452571328042e+00
-1.182441430828502504e+01,5.113160935525786321e+00
-8.690755789340489201e+00,8.410157523780224409e+00
-2.440324571838780265e+00,1.195738566825961691e+01
-1.379337920844669796e+01,-8.622664221522349237e+00
6.133675046705788780e+00,-1.661649792285680860e+01
5.825895316363968846e+00,6.629944877904492273e+00
-1.298986643651915784e+01,-6.782301346636211647e+00
-6.225466340606921278e+00,-1.685240721891230198e+00
-7.341416253458697305e+00,-8.855916005479835817e+00
-4.325521363787313334e+00,-4.744921050782419769e+00
2.764319341200561997e+00,-1.396871806512909764e+00
7.306245027603464948e+00,1.292711433348536332e+01
6.059266871599089832e+00,-2.950559946516632781e+00
-5.389826683844651356e+00,-6.602086223383044405e+00
9.988725355080681823e+00,-1.235739008694797825e+01
4.459404863329669233e+00,-1.180209275933431456e+01
7.297357425370475603e+00,3.498387179544501513e-01
-8.045291508996859520e+00,-4.690460307024587827e+00
1.076397356726292109e+01,8.084697785476279819e+00
1.349263283893923315e+01,-3.824325256295066477e+00
2.620295378723594304e+00,-3.261645373844264562e+00
6.054790818398013030e+00,8.395993550178124210e+00
-7.145692537989164705e+00,7.313862865901533894e+00
-1.329275229400746383e+01,6.404630878852455744e+00
-1.278819918835981184e+01,-1.014938302525457914e+01
9.493289496647548731e+00,-1.427360600809104874e+01
4.636637428576255715e+00,3.687495600005183505e+00
-9.972061852781166635e-01,-1.450931034181691004e+01
1.276048046631027777e+00,-4.601816986313901126e+00
-3.103342126590656669e+00,1.658892635439211816e+01
3.043503831478394428e+00,-1.295884070374344610e+01
-4.281850030451182398e+00,1.165072228175128899e+01
6.186529372055914244e+00,-8.838749154398801267e+00
-8.815310672709857798e+00,-6.276776421373937431e+00
1.398484091648172090e+01,8.132637437151529980e+00
-8.576236437190432937e+00,1.108235388981456238e+00
-5.829297426053457798e+00,-1.018723887649815829e+01
5.532296348656632112e+00,1.305177943871956536e+01
-3.742024025578018609e+00,-2.796765647009326283e+00
7.017833191017733618e+00,1.601729137330997688e+01
1.499231442883405485e+01,-1.330301809136147151e+00
1.326092474719639647e+00,-2.901392058771932736e-01
-1.088729645128893431e+01,1.084845614270191483e+01
4.373297953957908213e+00,-2.303136295757757246e+00
-1.028170300632367251e+00,5.216895823699636559e+00
-5.136955207860550487e+00,8.440206389316582403e+00
-5.572288571099630605e-01,-1.447079285827570061e+00
8.075030937072989801e+00,-8.305784103438499599e+00
-1.380300806704782346e+01,-1.669071286530654952e+00
1.735305613547708603e+01,3.242323733046881817e-01
2.778711231403123705e+00,-5.586607382336793215e+00
2.829920296626536533e-02,1.344494811607582108e+00
-1.697243349452940819e+01,-8.494807266427660153e+00
2.023454006532482641e+00,-1.654169821899276016e+01
7.951193808847945022e-01,9.308803525406871060e+00
-1.030898810514230846e+01,-1.383417789907109352e+01
1.748780380044225424e+01,6.462841617827836949e+00
1.136823161329734688e+01,-6.826446955899826419e-01
-4.165856988971133879e-01,-1.013741930259286583e+01
-9.503408268718233742e+00,4.533908769702629904e+00
1.236874971902815012e+01,7.170078715177059969e+00
1.885299611683111465e+01,1.343675143200764532e+00
5.619621845057958254e+00,1.068198903544042899e+00
-2.128193586360264788e+00,3.838595917425459803e+00
-5.142599284925091219e+00,1.966412048208013630e+00
1.757630611730250081e+01,-2.825020567136136140e+00
-3.837510403563240580e+00,6.927257737003517102e-01
-9.874018717559099656e+00,-1.110187490592463710e+01
-1.191519108918291714e+01,1.178928376161978209e+00
1.233601575759948998e+00,6.084975396446983709e+00
-3.785881637322372928e+00,-1.858336404171172518e+01
5.853737197013216154e+00,-7.066070318855603105e+00
1.382623247233943431e+01,-9.117187785275083556e+00
9.558862267056637663e+00,-5.164232093944822743e+00
-9.796701415996743378e+00,7.012409561083637222e+00
-1.404434220083048501e+01,1.459188718808669405e-01
4.823856303219530517e+00,9.739407473420007122e+00
1.094665515073487327e+01,6.033465833561688640e+00
-1.721516505825965027e+01,8.751442863683747131e-01
1.180120143040476188e+00,2.676317953101386315e+00
-1.945151266465753537e+00,6.824215578142531768e+00
-1.566959305304656880e+01,8.357133349001987455e+00
9.560082050620048122e+00,-2.024003444134049534e+00
-3.520176857375214574e+00,2.699079726505576371e+00
1.564847031713517289e+01,9.741109217626232608e-01
-9.781111716807503242e+00,-2.075991196285072171e-01
-8.165255615959507551e+00,1.149630818960691059e+01
-4.558097297635418599e+00,-1.129111081644394110e+00
5.523365984245906191e+00,1.500366100346196774e+01
9.727933440690428313e+00,1.083103715589479599e+01
-1.983495971145400993e+00,1.021451506692968181e+01
-6.647285465850162112e+00,1.569059461568449976e+01
-1.466303180881461388e-01,1.601877595556839040e+01
-2.117279202324842569e+00,-5.899164824553510655e+00
3.815192189760394204e+00,5.781600803830533319e-02
1.131310036641174754e+01,-4.794640696654307810e+00
-3.788290267141935619e+00,7.034829763616458287e+00
-5.513831322585294181e+00,6.579695556489666863e+00
-6.951981391322224368e+00,9.137120206764995700e+00
-7.805401940748513567e+00,3.853522284864291603e+00
-5.808646182175274397e+00,1.415059825834552854e+01
-1.240475018230140769e+01,9.687505590086407992e+00
-1.129789472849404319e+01,-6.201785297367401029e+00
9.318569461623326333e+00,-6.983018975207631485e+00
-4.123172127822350430e-01,1.110581883144691240e+01
1.412107805201633504e+01,1.220562464297078442e+01
7.909855109495789627e+00,-1.351360454122143473e+01
5.361661648499164379e+00,-7.987840357755211507e-01
-5.501030430428523132e+00,-3.356710832605581896e+00
-1.067347314502800870e+01,8.722090373808583763e+00
1.389722353058372306e+01,6.261245169539929378e+00
1.390158150609426180e+01,4.424495338165788993e+00
6.035120510233038971e+00,-4.812313864044337919e+00
-6.739000157127741808e+00,5.284209707320827398e+00
1.802665791113338134e+00,1.885207448779432227e+01
-1.100211363288144639e+01,3.418799605084968274e+00
9.051623741662327305e+00,-3.365637554591415226e-01
-8.465042321425981342e+00,-1.698799539199868747e+01
1.649260028001712897e+01,4.799814207596181603e+00
-1.971706064785026191e+00,-2.503103959252604760e+00
-1.199816773032331874e+01,-8.556393271192499483e+00
-1.537110540330005470e+01,-7.743231610798458675e+00
7.914262425243379973e+00,5.902713346710675602e+00
4.773203917759555104e+00,-1.796244588909586071e+01
-1.150569371062173474e+01,-7.218636020625505134e-01
9.831587215502691768e-01,-1.128313195905213817e+01
1.057383270267642317e+01,9.438828109917640763e-01
-5.717516683568497626e+00,1.957219424473429781e-01
-7.645497814357728572e+00,1.327242275928375648e+01
4.195861333606551113e+00,-9.961293900681205571e+00
8.523165439425092416e+00,9.299522751311169344e+00
-5.768211125691693475e-01,3.019904482205622909e+00
1.228170208319883550e+00,-6.410074324298350668e+00
1.789385001405429065e+01,-5.327709250059476709e+00
1.369370710323977836e+00,1.279762136435548570e+01
7.620949774984781655e+00,-1.004043159001802721e+01
7.023508898132951872e-01,-1.398667207623670272e+01
4.274162987581804352e+00,-8.083821534194504110e+00
-4.814019722519232047e+00,4.885175960081404867e+00
-9.707607262565092654e+00,-3.093785073810758846e+00
1.245775557658013177e+01,1.309579762250678669e+01
3.110969148055355848e+00,1.043388106984268227e+01
-1.145301804276807189e+01,-2.480462445841237429e+00
1.327984564915196408e+01,-7.424101798845184064e+00
5.910871816110634391e+00,-1.066007714342575596e+01
4.326084108087465019e+00,7.896503642034143233e+00
1.415282335740890574e+00,1.098464891301665602e+01
-1.583576510563446860e+01,-4.585705489306677762e+00
8.292555844389655206e+00,-1.171292753369752759e+01
-7.425787749159967532e+00,-3.655008230616006437e-01
-2.725094809934363482e+00,8.505943677943308856e+00
5.173061512691838004e+00,-1.498170748026291754e+01
2.483684795321281058e+00,8.708084878309851007e+00
3.986903769659095875e+00,1.414062138134964464e+01
1.129177333866770461e+01,-1.365687064292245623e+01
1.422796559926364957e+01,-5.550193653758502599e+00
9.290064326662950123e+00,4.687633488456866893e+00
6.908729489453948602e-01,-8.190034945191577265e+00
-7.472341213412347471e+00,-2.963507882031454432e+00
4.170435020277017735e+00,-4.105372088208090631e+00
3.639269279764643539e+00,1.681012309351754297e+01
7.724551500563420880e+00,7.697949771045106360e+00
-5.884696846179044982e-01,-6.843227525346387452e+00
-5.129014736458176849e+00,-1.378827142906097514e+01
1.068605381289042100e+01,3.580853351372879523e+00
7.004966555339261269e+00,2.204925198910146822e+00
1.404857737372864968e+01,1.942888910727125218e-01
1.552077385165801182e+01,-4.337071694371263497e+00
1.700781153221407438e+00,1.698334517797271204e+01
3.896535363620520886e+00,-1.631236476836373228e+01
2.542944143130131618e+00,-7.666719617383443541e+00
-3.754701572084489403e+00,-8.634829932790781370e+00
7.831613550264210133e+00,-4.736250045370659301e+00
6.538213428923852710e+00,4.480738944163796589e+00
1.167597481878621224e+01,-1.163672669424208372e+01
-9.976028268564553159e+00,-4.905823793055166249e+00
-1.156445097047610204e+01,6.984152580735926819e+00
-1.019411003424798245e+01,1.821697713724620193e+00
2.874275399045717716e+00,3.226820164995420903e+00
-7.037835545143662053e+00,2.043761935281743991e+00
1.076886096348001809e+00,1.459598935107150552e+01
-3.051866614583772730e+00,-1.162864009835433343e+01
-3.823522527561656670e+00,9.956100945467465380e+00
-2.606024369620748793e+00,-4.182076852613485940e+00
-1.304597509439346403e+01,-1.377157746452343190e+01
-1.339125844792042219e+00,1.341932597627656654e-01
1.570037484279310469e+01,6.386188621354312644e+00
4.577352560943238835e+00,1.147698550303346998e+01
1.573581440384118046e+01,8.169905914128646529e+00
-1.258259579954165819e+00,-8.518240011308469306e+00
-2.825204055259020297e+00,-8.763766634291619839e-01
2.670039752274580458e+00,5.019350415686084865e+00
1.340795053966342110e+01,-1.214670699514913998e+01
-1.963790289664242739e+00,-1.868357592872280648e+01
-2.424594305112636405e+00,-9.950663083527484076e+00
-5.578275406832397643e+00,-8.427677430186603758e+00
6.030394132208524161e-01,4.401386387457023375e+00
1.221118556580437264e+01,2.658996803975622214e+00
-3.435053623561053815e+00,-1.441375156757802500e+01
4.405373615396285913e+00,5.542683787866207190e+00
1.500574602479607833e+01,-1.095523268501415082e+01
-8.349746285976895166e+00,6.025617217557095451e+00
-1.934082084992141848e+00,1.815439912365747199e+00
-9.475738633363425256e-01,8.763467118120422228e+00
-1.499870070091475682e+01,1.683137969632894082e+00
2.405335923511061402e+00,-1.470546447602603912e+01
4.519554810613095164e+00,-5.827111504647206175e+00
9.069672878265970795e+00,1.268683576860713735e+01
9.369954942393562192e+00,6.886624427808938798e+00
-1.128939439424948787e+01,-1.228443300105410252e+01
1.990934335455289750e+00,-9.469633554252128604e+00
8.675268571478444102e+00,1.532347889846222833e+00
7.921288081781823642e+00,1.127646471668511197e+01
-2.070965468956067201e-01,7.098909610070071707e+00
-9.743351985469235643e+00,-9.302465398934103291e+00
4.025786981576450430e+00,1.843991536933678344e+00
-7.182087882508148446e+00,-6.953538365060266457e+00
1.840101766925761240e+01,4.636007311247804630e+00
1.213688857051127279e+01,4.663395366845528578e+00
-1.305257191281479301e+01,-1.192512514262504908e+01
-1.012019845329265344e+01,-7.533900257629857045e+00
-3.326234042039599159e-01,-3.322291657669608878e+00
1.265463958258431276e+01,-2.033893543669683446e+00
6.564249595613249610e+00,-1.232229365558657719e+01
-6.273683414397491553e+00,-5.064118528193908730e+00
-1.328663835178091901e+01,-4.903868266496577810e+00
8.006310689787991208e+00,-2.989906695494318978e+00
7.031780310361685160e+00,-1.492381955596013166e+00
-9.421900538470337594e+00,-1.536658944538113936e+01
1.060762086926097680e+01,-8.225674468825035390e+00
-8.841617066689009263e+00,-1.265147176787666972e+01
-9.307016623288300039e+00,1.008273131119419830e+01
-1.469071159079921429e+01,-6.039636283384176352e+00
1.062023449686432697e+00,-2.142352676126344502e+00
2.811851998562112431e+00,6.928826651621381671e+00
5.542819704327116348e+00,1.710893525579373176e+01
-6.003429973040897316e+00,3.558741141547776987e+00
3.118396356642119560e+00,1.249045597377685368e+01
-1.165662174457452949e+01,-1.499130267682524398e+01
7.570558489002043423e+00,-6.511918223776203440e+00
-6.399948419382115006e+00,1.191683043607947567e+01
2.802557297653782253e+00,-1.111913740379663018e+01
