-4.348329083714488341e+00,-8.571804653054621026e-01
-8.685246856230984136e+00,-2.374389772057010184e+00
1.074404563935798507e+01,1.174760573713496647e+01
4.280587394946466340e+00,6.232480105467881337e-01
4.950056333781520657e+00,-2.931317405316128166e+00
-5.397883507389272140e+00,-4.322478619488570928e+00
8.641994540889577081e-01,8.195075839291511954e+00
1.244476453383198056e+01,-1.307723551018835728e+01
-5.953226864965618148e+00,-1.378490031211148548e+01
-1.348719979261374924e+01,-7.319400529614346951e+00
7.929236956907139700e+00,1.566102519927254244e+00
1.664300098978179543e+00,1.550051486772197329e+01
4.425769687365063376e+00,4.938540988821691791e+00
-9.660308404852927522e-01,-8.717439266582788449e+00
1.577016622196405216e+01,7.223721536885451044e+00
-6.626046375302666824e+00,1.084029150356631499e+00
-3.218136306019053094e+00,-5.388881453523295839e+00
-1.507229155321038050e+01,-8.305432868255001821e+00
-1.352889574636230741e+01,-5.430740571370624714e+00
-1.781191335751914551e+01,1.832714065536942938e+00
-5.051169432573901830e+00,-8.360831233552886488e+00
9.241603564021687589e+00,2.894717143301486217e+00
-4.111032693262070659e+00,3.692233597505618636e+00
-3.553208865512768710e+00,-3.547189805631615567e+00
9.687758330206742485e+00,1.485984489422221699e+01
9.451293953794388969e+00,-1.363317446778092901e+01
1.155112055311375840e+01,1.002205645591419447e+01
1.052885115272770911e+01,-8.461725319875437634e+00
5.535503308637161446e+00,1.206234689447707531e+01
-6.915559057541157628e+00,-5.239295514595052161e+00
2.796636585703030864e+00,1.333435778689432460e+01
1.300847122260775812e+01,4.733856088122840866e+00
8.934201977728809752e+00,4.774189231570900027e+00
-2.103483148574377903e+00,-7.224788829124562994e+00
6.112199167780873132e+00,-5.628708828176410606e+00
-7.237381030690317019e+00,1.560258421617648850e+01
3.561746065100563019e+00,9.034791873580291011e+00
-1.361903471074049143e+01,-3.660959097113178018e+00
1.284534404051360656e+00,1.214149528238945486e+01
-1.634310102053708746e+01,-9.656882277469700071e+00
2.665259957516731504e+00,-7.814152178218108702e+00
-2.262627708921683745e+00,8.156526132223172354e+00
-2.360115516251774181e+00,1.395604380744008211e+01
1.545481384480696363e+01,-5.829192221285028452e+00
1.607973603840214949e+01,2.252303915970108872e-01
1.458254037627811073e+01,-9.719838755148538567e+00
3.958370709786439345e+00,-1.349208301890875639e+01
-2.892269609760173665e+00,1.575231206135387119e+01
7.491285324739950902e+00,-1.202889017074652500e+01
-1.418813525435822243e+01,-1.469333222036015296e-01
-1.132891239160559493e+01,-8.974766681686796588e+00
-8.420407588998841675e+00,1.007732183822766414e+00
-5.686995973391598014e+00,4.668019995556387691e+00
7.764367827029314384e+00,-2.178616110140917106e-01
1.102942993198977994e+01,-3.248440340814217064e-01
-2.821291241566862840e-01,-6.951395159770166643e+00
5.532970765487759124e+00,-1.082591789259517334e+01
-1.638235016804156530e+01,6.993398662600812443e+00
8.611362973288505529e+00,1.344716825477522271e+01
-1.617247364760544670e+01,9.025598274333482829e-01
1.091214479713774033e+01,-2.110896496911248033e+00
6.072890050197805145e+00,-1.405392450053937425e+00
-1.515485531526491947e+01,-6.479365296088377413e+00
1.463709890510560996e+00,4.656812344359382294e+00
1.039094965807878301e+00,-8.555505566475946067e-01
6.687061533689830028e+00,1.414303203995704195e+01
1.589077281901139393e+01,1.008047979296689611e+01
-1.145983710231253916e+01,-1.335128105147887601e+00
9.370371109779831897e+00,-9.787220793624482607e-01
-3.558316814530630090e+00,-1.474497579795201396e+01
-3.359722287550616748e+00,9.648050123906273257e+00
-1.469282907468918253e+01,-1.052204678808528016e+01
-3.057052537638005774e+00,3.355082008511357516e-01
-5.700082624773704865e+00,6.539695412789103379e+00
-1.465047187086432245e+01,6.499247631434151629e+00
-3.902619814529199704e+00,-9.732500956644743795e+00
3.633661711253630244e+00,-1.083493364695288896e+01
5.233818110449678151e+00,8.380520091203377930e+00
-5.856639226553103761e+00,-1.000619640502933905e+01
-3.907006334734509423e+00,-7.020304980415994933e+00
-7.267581162416961726e-01,1.864317954635881947e+01
-1.658423871261409133e+01,-2.671358352051147467e+00
-2.445878812707451555e+00,4.369670834487092037e+00
2.713206759606463070e+00,-5.149095294205213946e+00
1.129287107485429509e+01,1.467522604130973241e+00
-9.132635217396000371e+00,-1.057717713494019129e+01
2.805115091608000544e+00,5.783302722780719662e+00
-1.344940567979246770e+00,-1.842564036014729956e-01
9.848791233005453449e+00,-1.016708148712624826e+01
5.359130000016526729e+00,1.680684480657361490e+01
1.045087040604532369e+01,8.651374709105613903e+00
-1.217327340482113129e+01,-1.053227976061683080e+01
8.231129466102842684e+00,-4.296341769856348414e+00
1.511643423093793182e+01,-1.149007826444510449e+01
-4.258305745707362533e+00,-1.842800005651677964e+01
-1.313566646323458720e+01,7.670437195254237395e+00
4.585353192258361688e+00,1.843248011338390668e+01
9.661551613991591125e+00,-5.417959414679367036e+00
-2.259815452393525437e+00,6.245401462358850075e+00
9.306329261806668640e+00,-2.820176111217839399e+00
1.698042123560548688e+01,-1.594491643979146112e+00
1.307597224265932390e+01,-1.109742005334846837e+01
-1.321822183988704502e+01,-1.364839226398234651e+01
-9.343327007113483518e+00,2.519693377898461151e+00
-9.779654794260549400e-01,1.553726125754227638e+01
-1.337259615066856711e+01,-9.213600217740244958e+00
1.435853671998431125e+01,1.170995645748051039e+01
-6.910271735171160667e-01,7.282273722932277593e+00
4.594049471629622516e+00,1.057489660016289612e+01
-5.620443233164770014e+00,-6.486996688234211383e+00
1.540894954358998525e+01,5.163292202564010225e+00
-1.045422591167587001e+01,-2.856215868170552508e+00
4.786012583605790738e+00,3.162191381488127728e+00
1.473815898688001225e+00,-6.516554441379419416e+00
-1.055822778400043660e+01,-1.463580285246325019e+01
1.093937421179543890e+01,-6.654517066228026856e+00
-1.424215705872367899e+01,4.700645780866391732e+00
-1.596975566602240271e+01,-9.403321048418876726e-01
-4.083291950356801259e+00,1.363046389322078156e+01
1.068668162832599577e+01,3.926391399810266858e+00
7.321181221998050326e+00,-1.016671466089628595e+01
-1.522541000110698128e+01,-4.621463036054712425e+00
4.297189889145931474e+00,6.758196071436213259e+00
-1.386972525191761818e+01,-1.888792046850590545e+00
6.231050203920881714e+00,9.883758355106724736e+00
4.326464762122770757e+00,-1.234291100049079715e+00
-6.528397480731035207e-01,-1.485206535819433782e+01
7.878554235820880436e+00,-6.065921066686112972e+00
-6.916361336790315395e-01,9.180945514237151883e+00
1.576035714427578727e+00,-2.525227121610313041e+00
1.250251956690163091e+01,1.427400977674536264e+01
7.579257581836960078e+00,3.610164227607021381e+00
-6.153743507456179707e+00,-7.792381373193056904e-01
-7.326422762969185598e+00,1.384378982301412719e+01
1.126669551224284360e+00,-1.544115306370651552e+01
-7.524897030363014494e+00,2.617180553832483714e+00
-3.231691014034503873e+00,2.098069282360029764e+00
-1.768669660752363626e+01,-1.324741667612089890e-01
-8.863008006884191659e+00,-8.302954187633130090e+00
9.576660911032664814e+00,7.878961199262537463e-01
-1.606969447723502753e-01,-2.166087323267752662e+00
1.691956036194632773e+01,-8.602948826351170197e+00
1.499911486963614538e+00,9.784799759673649122e-01
-1.013431378188030507e+01,9.687269937997095681e+00
-7.751619138578400126e+00,1.206267854199333200e+01
2.028307473332220390e+00,-1.388202833905882017e+01
4.971409323925579216e+00,1.499723386849566253e+01
7.033252596207804963e+00,1.764525023800290882e+01
9.080069094271276953e-01,6.345118869385483862e+00
-8.028487634000830653e+00,-6.633157237722316246e+00
-1.190876856616539747e+01,-6.267397861376814205e+00
-2.084307148348729655e+00,-1.832233829376971102e+01
-1.403410853330522012e-01,3.727784846124490237e+00
1.904537878991260147e+00,9.653842707135368073e+00
-2.643649964503819838e+00,-1.500015297794273561e+00
1.449333317452691450e+00,2.841664373957855538e+00
1.409068786585494237e+01,9.874079736972809940e+00
3.079113293390316031e+00,2.024601448325525688e+00
1.410001156082403639e+01,-7.963097578266441268e+00
-1.397322516110192403e+01,9.973779189604343287e+00
-6.722338525742308946e+00,-2.997647960948822465e+00
-1.171066006540852200e+01,4.580173470956078852e+00
-1.067491025044060393e+01,-1.146171133645600726e+01
-4.040994892129821991e+00,7.813990043622525583e+00
1.712906184225419892e+01,-6.816246827372321349e+00
7.761361976649853389e+00,-1.985640526524055316e+00
2.802453945199935958e+00,-3.545432229003647739e-01
5.901725415030358413e+00,-9.091129700946538605e+00
-1.418226688614620201e+00,-5.517050973761468136e+00
5.836759292967049539e+00,-1.380532915314829268e+01
1.109253495448212767e+01,6.979429589154219293e+00
-7.918924256768836045e+00,-7.597317262533832549e-01
-1.516649744697653235e+00,2.621041137939809307e+00
-4.568421605942094565e+00,-1.633768965084191649e+01
-1.097197573115878200e+01,-4.594946582407233748e+00
7.018860849501620258e+00,8.212444854441356412e+00
1.316746835193326604e+01,-3.053158298436560614e+00
-4.035285024449457580e+00,5.888870373675567649e+00
5.389751756499288504e+00,-7.343479198863621882e+00
2.777931921039370616e-02,-1.896344285745360736e+01
-1.133531588114672140e+01,7.873407332921080304e+00
-7.341395587861875960e+00,5.489109541841156847e+00
-1.480806534464928248e+01,8.355368563531007098e+00
1.020805082374712924e+01,-1.530558717852191464e+01
-8.500317718362431663e+00,4.106874139637088028e+00
-1.719235599582465923e+01,3.552666965462849102e+00
-1.315831586017693056e+01,2.818801989958046317e+00
-1.735691475229248937e+00,-3.075650524010081988e+00
9.533952574231085997e-01,-4.735210123247163061e+00
4.062758961455538720e-01,1.060716399908464780e+01
3.858569341012454412e+00,-6.476690778560549866e+00
-5.748308028223968691e+00,2.737486185601464950e+00
1.794997627471332891e+01,1.770357923417639201e+00
1.442004984031227188e+01,-1.283809632762725528e+00
-2.534562991056980241e+00,-1.185055595004628515e+01
-5.781836036720173766e+00,8.298299587689724532e+00
-9.993420462362625045e+00,5.211076898145496017e+00
-1.454923701850577267e+01,1.582506085506344862e+00
6.279323606208516040e+00,2.203432830499333583e+00
-2.161643307263078739e+00,-1.001848182692132205e+01
-4.001061071250250123e+00,1.719961865390951417e+01
7.859169995483974880e+00,1.060898753650637083e+01
4.136565825761077342e+00,-8.961990300426263545e+00
-7.296224333166423826e+00,-1.204300060336784739e+01
-2.496654256262540728e-01,1.343909678511941319e+00
1.590898568061928309e+00,1.730389595045502205e+01
-1.044967410456183643e+01,-7.452121935088213078e+00
6.101911507847344929e+00,4.116775539521741467e-01
6.145892664862556032e+00,6.669758305403078680e+00
3.252780706963010360e+00,-3.389079926764501316e+00
6.657241670789726840e+00,-3.469617859773485691e+00
-7.384371542682320211e+00,7.269148871816961233e+00
7.694761033634501146e+00,-1.380022367044005982e+01
-1.146730763125435715e+01,-1.304700038243874971e+01
-9.605741668822254553e+00,-5.711774154204766418e+00
4.596015996529745351e+00,-4.712511745675430852e+00
3.129625000696124593e-01,1.431281651873215921e+01
-7.342690069005341158e+00,9.112433207387184098e+00
9.232828135507361589e-01,-8.275655551416413402e+00
-1.614609204023982159e+01,5.105028044105443641e+00
-1.109071746607478914e+01,2.921474561400138725e+00
2.519930006854334437e+00,7.567662704437574384e+00
1.410182134617588900e+01,3.244481770778159024e+00
-1.058502284533835436e+01,1.202282666666720701e+01
-6.452756129294238141e-01,5.452532565339054393e+00
1.190683938366369787e+01,-1.476895710367499071e+01
1.414379580418393800e+01,-4.590947864546390811e+00
-7.569752044038180472e+00,-9.560356336282728407e+00
-4.990958820820305952e+00,-2.517034153218664638e+00
-2.066725695227301429e+00,-1.590108327657839915e+01
8.632606632027313154e+00,-8.865185589872561778e+00
-1.213409863632585228e+01,9.551749512983107593e+00
7.869712418332266424e+00,6.183900984797345401e+00
-6.807067404910890573e+00,-7.907289637635543045e+00
1.289565894356648279e+01,6.603846146260649697e+00
-9.796624683729321603e+00,-7.670813542088545933e-01
-4.747507170577526914e+00,1.156493373315644391e+00
-8.037208288646615628e-01,-1.130525907497181848e+01
7.204062627908727201e+00,-7.728694969272291715e+00
1.073349670670612177e+01,-3.962014686718885681e+00
2.313158050078818029e+00,-9.633478064308857114e+00
5.811857352556493161e-01,-1.013108425186810280e+01
2.917905643408404082e+00,1.117360982412202297e+01
9.333253175268795943e+00,7.190798217076367571e+00
1.225126053788110880e+01,3.100219871938882932e+00
1.162847800734282444e+01,-9.850578816207814725e+00
-8.365258013070794973e+00,-4.164902419769125785e+00
8.700963910915682220e+00,9.038575251220258622e+00
1.861369625756829294e+00,-1.139260866090727475e+01
1.208775528333425342e+01,-5.233301345286538009e+00
1.256386485691440313e+01,-1.382939136677991732e+00
6.190322765359783652e+00,4.878334281803450523e+00
3.076835323903572839e+00,3.800903408786707516e+00
-1.282579279361911961e+00,1.119288364940384106e+01
9.246579595360234549e+00,-7.188240780738339275e+00
-4.750761908839116643e+00,1.532108126778724788e+01
