1.851833222865655060e+01,2.986584804488289779e-01
-8.714936586807416674e+00,8.278574637848338469e+00
-1.008974883899266928e+00,-7.629358603242268444e+00
-1.723412804039476853e+01,-6.151582677536726607e+00
-4.541977479152946806e+00,3.990452454574465513e+00
4.827864964124355396e+00,3.473612801461202437e+00
9.655419831509004513e-01,1.366396073145474688e+01
-2.986065275242133943e+00,-6.294947486334126374e+00
1.619954661996858558e+00,1.551998682247412553e+01
1.136358543481617822e+01,-1.284773102795400490e+01
2.129104232306498201e-01,7.399133077633617717e+00
4.027560674082656611e+00,1.074371264189501396e+01
-2.216855377271074179e+00,2.804987221909335027e+00
6.589169286239141776e+00,1.564260112760936217e+01
-1.016448706066879737e+01,-1.369532989932919831e+00
1.504030212127006605e+00,-2.566242554634381889e+00
4.879036964260870413e+00,1.490984607907818926e+01
-1.162646482364407596e+00,1.184889984080585457e+01
1.672102238733158686e+01,-5.239483947796874652e-01
-9.294108332121901128e+00,1.734157601631566847e-01
-4.469555564179111151e+00,-9.246918127105974605e+00
-2.983286465534925824e+00,-8.147079470034736204e+00
-6.471210785477295779e+00,-1.040918749171802737e+01
-7.332882056894767686e+00,-1.199122926594630556e+01
8.039405418172094642e+00,-1.721240940901782679e+01
-3.883598248657345597e-01,2.422324575532555091e+00
-2.393419565546053729e+00,-1.156815772588446656e+01
1.050806388052277640e+01,1.218730562737356138e+01
6.034512603872173919e+00,-3.579118514501427484e+00
-3.101694420456612145e-01,-4.070426859353089455e+00
-1.511743884766110035e+01,3.026902627039835814e+00
-1.873621162069961699e+01,-2.820999936613109327e+00
-7.014763257968740895e+00,-3.051756722226315333e+00
8.392839447026342325e-01,-1.032500371611278034e+01
9.712766976091691262e+00,-3.565437257155841699e+00
1.134042037928461433e+01,-1.851384005181673675e+00
-6.362967608755491611e+00,-1.330682682768732583e+00
-1.477783063692137588e+01,-9.755464571144308650e+00
-9.721875707352719331e+00,1.012887284618659756e+01
3.468342027874586009e+00,-8.405960115805715560e+00
-4.871816184883080325e+00,-5.438871010840055753e+00
9.394635646329003720e+00,2.479141704364228094e+00
1.450830375577461417e+00,1.807884043680758168e+01
2.382841828512177518e+00,1.963485849793472182e+00
-1.761329493042672567e+01,2.302823208341702177e+00
-9.917746305664199014e+00,1.875595280627798012e+00
9.699040937495805537e+00,1.417637427799504479e+01
1.031222300524512692e+00,-6.910381321448857861e+00
1.245665420748105667e+01,8.476290217421126982e+00
1.884402228193022211e+01,-1.465549134712087698e+00
1.312529033535455358e+00,-1.325082548029283913e+01
-4.764952745527182287e+00,-4.340919792089372176e-01
-5.925099319794406405e+00,6.295251777812278071e+00
-8.992863934696774919e+00,-1.124770008772429719e+01
-1.792902797496671852e+01,-1.234007693338623701e+00
-7.470974144319146859e-01,1.652108972134388054e+01
1.803649804840760495e+01,-3.990550467628036557e+00
4.142443765597817240e+00,1.743084328258471372e+00
1.073490375573222444e+01,9.032402600357370304e+00
-1.454328419353002566e+01,1.128820540161603603e+01
6.418806433160475500e+00,-1.009246094357731494e+01
-8.522223206147819141e+00,4.686553477425794867e+00
1.405841289048410303e+01,-8.056387588763906038e+00
1.039265537820596030e+01,-1.589521535116905682e+01
1.609026482474769892e+01,3.496532389046246081e+00
-2.255406530096987439e+00,-9.790739198081746864e+00
-1.068583018363048964e+01,-4.515773330990342949e+00
2.200551133508037438e+00,5.218171956117613419e+00
-8.217418703417919801e+00,-1.710509973460680122e+00
-2.930377248906586463e+00,-6.785741741457039788e-01
4.672890637434704786e+00,-1.457776860994070667e+01
4.289631040359277669e+00,-1.188438711454012520e+01
-3.077033823326925432e+00,-1.605419122152626343e+01
1.390264703357997567e+00,-8.096534080145552092e-01
1.020671792653908838e+01,6.226160365757548831e+00
-3.468817064006453510e+00,7.518375736332743031e+00
6.322743616476641293e+00,4.455990727438885024e+00
1.154446041325174122e+01,1.065739818341596212e+01
-2.759735277479214322e+00,-1.819028791492311825e+01
4.088106913630869421e+00,-5.025972803019438828e+00
1.631815008269236200e+00,1.035871415828428255e+01
1.277591976284887387e+01,-6.536365975589371935e+00
-8.908839758885566340e+00,1.567081736979005946e+01
1.380522888578131457e+01,6.766529797594446727e+00
8.139706467784344923e+00,-1.537781747054977544e+01
2.260570822453685125e+00,7.069413290644980030e+00
-8.804025074629935332e+00,-9.426615573736508935e+00
-2.835382974347019136e+00,1.100550912489964261e+01
-1.555272791231266361e+01,1.223051574293316346e+00
1.458865181907259689e+01,1.031604756683677770e+01
-5.095271281373848105e+00,1.347049653579159134e+01
-1.520571409108047334e+01,-3.558603655780571806e+00
-1.667730644403148688e+01,8.722762595217202986e+00
4.603294850530561533e+00,-9.848525655735125284e+00
1.308164390081009110e+01,-1.327995877642760725e+00
-1.675695554370594209e+01,6.848092461363521011e+00
2.733182402760584662e+00,1.377244126693527981e+01
-8.315686746954557007e-01,4.120097245952364595e+00
-6.498959655627009058e-01,1.828717830563027391e+01
8.664917275664606677e+00,-1.124021754380501648e+01
5.190452308013065341e+00,-1.642729990789226235e+01
-3.723475069454854403e+00,-2.296790891965704517e+00
7.413635815800633466e+00,2.866229633252784126e+00
1.786854417987303734e+01,6.427918135414990353e+00
-6.903832861704886525e+00,-1.614864197976950067e+01
3.393044801222051543e+00,-1.585115278467148592e+01
-9.698239832280144412e+00,-1.417511692878710150e+01
-3.356910683261510986e+00,1.299557441499217347e+01
-1.787287369567595618e+01,4.675968570128365087e+00
1.225362297633880715e+01,3.297756945961596298e+00
-6.527091502347999175e+00,-4.847869284715689453e+00
-9.003226230243427608e+00,1.281618466463213402e+01
-5.604217400557567341e-01,1.469533243748860585e+01
1.423782241965292528e+01,3.635014482729426177e+00
8.073122691905259884e+00,1.199085006308843404e+00
2.691108383737252918e+00,-1.006548545421245144e+01
7.962179968909533834e+00,-3.678255181512572136e+00
9.020915029535947482e+00,1.077937044451659965e+01
-6.120949814400538092e-01,-1.140497034802154808e+01
3.459142340673728722e-01,5.574062724733625629e+00
2.761855842822318330e+00,-3.818168123850705697e+00
-1.145678566192778902e+01,-1.121164536474028850e+01
-1.553272911461168748e+00,5.856238393839149126e+00
9.813966252906588750e+00,3.782046064706144906e-01
2.697079374460709111e+00,1.190979133168425363e+01
2.437826508406431891e+00,-1.187742675469725384e+01
-1.248991899744450151e+01,-8.993823137461438577e+00
2.667890066124758430e+00,-6.171861306954000703e+00
1.039133692087161087e+01,-6.273850003645890183e+00
-2.902196671095533809e+00,1.871063649101147774e+01
5.824064416239409070e+00,-5.368068996519953728e+00
3.019949829101852057e+00,3.666271697505387284e+00
8.733446120820424596e+00,-6.964763613661677510e+00
-1.264520370921569728e-02,-1.673003014874857897e+01
-1.224870164174847886e+01,4.544653913607123563e+00
-8.380467796803294789e+00,2.822321340225540265e+00
8.292068991212346862e-01,1.079407393964760598e+00
1.517538333137767870e+00,-8.638599766340067987e+00
-1.470217996988581888e+01,5.433986140028079781e+00
4.983092389922446408e+00,1.833387133567658722e+01
-7.244582325811324885e+00,1.654162655313017538e+01
2.924374620900089816e+00,2.033353290321614215e-01
1.487651208641692868e+01,-1.541348495334525559e+00
7.110619948278190883e+00,-2.060481562406510481e+00
2.335517070111250426e-01,-1.467685590264236239e+01
4.194603358215827527e+00,7.655862961612114326e+00
-4.555768903917965851e+00,1.154110460970190033e+01
-7.971251543113875293e+00,1.116465733323815357e+01
-1.345947059689494019e+01,9.709437560167122783e+00
3.064560728994262018e+00,9.159984103183585802e+00
-9.345723845055875501e+00,-1.598101579324275967e+01
-6.155250015827916421e+00,-8.664165323684464681e+00
1.611890381378967785e+00,-1.583491919873520715e+01
-1.145443954886159244e+00,-6.886129034921301129e-01
-2.826835314923137332e+00,4.486495424949026756e+00
8.482219176949806538e+00,6.729439856152324317e+00
-1.653313532549260723e+00,7.605446538856675431e+00
-2.509861815735352497e-01,-2.281968352810907597e+00
1.682169169044276558e+01,-7.597747851021582122e+00
-1.273278513103130294e+01,-5.168238671581260490e+00
-1.447602769827349789e+01,-1.431453876814253290e+00
-1.183771447793201403e+01,7.246600916993695130e+00
4.363391407051255833e+00,-3.011689055025887019e+00
-2.558631437208076953e+00,1.649587951907335182e+01
5.925494747481888425e+00,1.886022624202418951e+00
1.288462985788691562e+00,-4.989130958035307373e+00
-1.401473116332848079e+01,-7.927460656729233612e+00
-7.943136651517649582e+00,-5.907780036291237380e+00
-3.563324012392481865e+00,1.042506054919551728e+00
1.239166650757319488e+01,-1.437592875593002972e+01
6.350358550403134572e+00,-1.786315706365032696e+01
-6.927670113030624854e+00,1.720727396444775570e+00
-1.315627783041124665e+01,1.367746795405244420e+01
1.197260354937349192e+01,1.433089436359471947e+01
3.145074802389620228e+00,1.873721912012610602e+01
6.884739914907955338e+00,1.298210547114086388e+01
1.405546223437268516e+01,1.776165822394868421e-01
-1.141864776385529900e+01,9.101838226440419177e+00
-7.653357124823930491e+00,6.832993592027237995e+00
-2.005596853183813089e+00,-3.063483925866140822e+00
-2.870779872219264006e-01,1.020157425578727306e+01
5.701724352859478095e+00,-1.311111871490887637e+01
1.400626887317556957e+01,-9.987295630323673734e+00
5.360329200622340196e+00,9.503688924933467064e+00
6.537007963937503163e+00,1.195968878181397493e-01
1.558227395552405170e+01,5.261242823149177461e+00
-5.025010583544506915e+00,-1.619153059946996365e+01
1.888809412576603464e+01,2.024758895879815501e+00
9.542198749911431577e+00,-1.723492097012400137e+00
-1.840728551978340022e+01,-4.609669653681343959e+00
-1.306743666013094263e+01,-2.526037260335001644e+00
-4.204895437799692104e+00,-1.460574993630418916e+01
1.557762086979600191e+01,-3.271219935235536003e+00
-3.728945243442429280e+00,-1.279747824575352766e+01
-1.383085742627855197e+01,7.307789516825206055e-01
-6.768988501401807412e+00,1.469170304462277166e+01
-5.385818934573685546e+00,-1.818297422244735984e+01
4.339649848350383365e+00,1.664804444616063606e+01
-1.976128613870632655e+00,9.450928550890722590e+00
-1.503465906403882668e+00,-1.516704567143370141e+01
9.663741912043446902e+00,4.504340929312446562e+00
-4.578018675818204208e+00,-7.240987921453075238e+00
-4.567989990961764057e+00,9.046331552659580666e+00
-1.636895472434602539e+01,-2.121922599697430467e+00
-3.583869045277952914e+00,-4.068780226963626845e+00
-5.236269242572559435e+00,-3.238255081948488545e+00
1.565671021593478152e+01,7.024854685085538009e+00
9.689077705502794347e-01,3.693580265051691125e+00
1.535246623506245101e+01,-1.115401673783127201e+01
-1.075881615287454274e+01,-9.563686458654824918e+00
-6.306487895829334889e+00,4.400183320342296867e+00
8.160160109578230347e+00,-6.253068492378371923e-01
4.723481475640658900e+00,8.552184147821528803e-02
3.255471895789109116e+00,-1.769402857436561760e+01
3.287402897304294580e+00,-1.524563489889872558e+00
5.090951085675353482e+00,1.316563004436601325e+01
-6.687977251850695026e+00,9.617111779803407146e+00
5.512297947622179173e+00,6.110944927410627336e+00
1.109022295792003199e+01,1.609856199076229677e+00
4.019194611762615388e+00,5.146312560435426064e+00
1.662948185573565141e+01,-5.400904692269317131e+00
-9.351804515811950935e+00,6.345521275578049902e+00
1.183429998653062931e+01,-3.588218392779841892e+00
4.348868778605021745e+00,-6.860271772329381790e+00
1.651937273713426180e+01,8.815938463175028161e+00
1.522607223555742628e+01,-6.587699784122073687e+00
1.450730171565535720e+01,-4.870074488303570703e+00
1.708443068740696802e+01,2.018258283661658936e+00
-1.789596235967718885e+00,-1.332435764404026557e+01
1.644086932880018992e+01,-9.442210559734313335e+00
1.564407959500473311e+01,9.933946542065891228e-01
-1.421215266073581418e+01,-1.256221603255660924e+01
6.985792121623979334e+00,-1.180825264253866536e+01
-2.395677354398802805e+00,1.459854244946620838e+01
-7.844407196093370338e+00,-7.782844353516816582e+00
-5.827197131794776830e+00,-1.309059341108571140e+01
5.435430016233473438e+00,-1.525838918372935060e+00
-6.277484609828736239e+00,-6.697769126529307115e+00
-1.047760509290385222e+01,4.829023812267683624e+00
6.506861420111997418e+00,-1.472210285686759335e+01
-1.923079278724482366e+00,-4.826924537416603656e+00
1.196183563282199103e+01,6.402861028109189334e+00
-1.401140664240276124e+01,7.155781442380102497e+00
1.301594022729853961e+01,4.908949719695858249e+00
8.040515368040226818e+00,8.447209160182703513e+00
-1.724032335750442613e+01,4.132131855786249086e-01
-1.131997443994708341e+01,-2.853202283488041058e+00
2.999711438729916857e+00,-1.378966832161216338e+01
6.440539024876470009e+00,7.632845889208230261e+00
1.454154133010763061e+01,8.511563849333999343e+00
-4.966694552168979260e-01,-5.905755366105340798e+00
-1.725918576338693944e+00,1.075339740041284742e+00
-4.121751069361247133e+00,1.515382825425862912e+01
1.718994943869259018e+01,-2.326852175693389313e+00
1.827004418518957607e+01,4.304637581776113109e+00
-4.406690259217996619e+00,1.694729319553604441e+01
