-1.060087924922841296e+01,-1.572806214246937451e+01
5.339112943012672474e+00,-1.279975524531812248e+01
-1.024331249930354204e+01,7.554674129160585672e+00
4.436736666047701227e+00,1.804321966040797776e+01
-1.449310223261030117e+01,6.485529056264145886e+00
1.272330069541347441e+01,1.408870493260900147e+01
-2.474176232383041629e+00,-1.127749706671646024e+01
-3.531125646317284428e+00,9.136930038538396914e+00
1.722957256895935529e+01,-7.671379840367807290e+00
1.595675716092580299e+00,-9.970715456406489707e+00
-6.903457032017988659e+00,1.540977636451236066e+01
-3.661288779196928633e+00,-1.297724648474297027e+01
1.004679546849777161e+01,-1.230513914294914801e-01
1.286834441370784532e+01,9.050774209378804613e+00
7.259805010193843833e-01,-1.150258074704748523e+01
7.707786795266546420e+00,2.230045619553445047e+00
9.091116364942189776e+00,-1.246113598132360956e+01
5.134739258900773429e-01,-1.570585493023208734e+01
-4.403039224801852392e+00,-5.718660016067476093e+00
7.106860523348770720e+00,9.470463432433371409e+00
-1.275865578501124142e+00,-5.571360870044954616e+00
-7.034027135624261184e+00,1.015278690497135727e+01
-5.673074275804402156e+00,1.195671423074781137e+00
1.626334840396773629e+01,3.008314805196121711e+00
-1.849812457483456996e+01,4.263012273059059609e+00
-4.657830783462537094e-01,2.348281443294625515e+00
6.293082497617747073e+00,-3.046133659208641209e+00
6.800019929717922018e+00,-1.318965245608674675e+00
-1.894369770327070412e+01,-1.322810239723399395e+00
-8.407250732824129713e+00,5.114600110316155579e+00
-1.553005765122993154e+01,7.922308261621423320e+00
8.413462859751900780e+00,1.363679559831611243e+01
4.329126494134862391e+00,1.092453872160010242e+01
3.708524160411677428e+00,4.776203408464508193e+00
1.233074005299992315e+01,2.472884420741529699e+00
8.147388301055837445e+00,1.156044229470846751e+01
-3.500759636603284708e+00,6.205831981883346060e+00
3.745048224380134183e-01,1.783893127027248227e+01
-1.117397655826042246e+01,-1.256054564781297422e+01
-1.248982637036344734e+01,5.353023010619391897e+00
1.408598499308735974e+01,2.722899984378824190e+00
-6.551319639402867878e+00,-7.873950619193903044e+00
1.360696318963495699e+01,-1.237262515914366645e+01
1.566184730010663984e+01,-3.707336039125689875e-01
1.163436887051753565e+01,1.226853841971122172e+01
9.763217376752562515e+00,6.669024831299101841e+00
-5.283601871826117957e+00,8.700315352614930831e+00
-2.583910750057149208e+00,-1.587135860880383653e+01
-1.057591700496556930e+00,-1.489277997717369928e+01
-1.262420082022217827e+01,-1.409519693168145160e+01
4.623733153762204506e-01,-6.682578973169684744e+00
8.102375479153106852e+00,6.016416058848503390e+00
-4.884900569377948365e+00,1.043927670256681317e+01
2.081439580213521268e+00,1.068021873181019821e+01
9.575334755543991605e+00,1.522026894119406570e+01
-1.473691399689507975e+01,-6.110445563383428702e-01
3.889221969912589838e+00,-4.233078500278333323e-01
-7.640810948633064426e-02,-8.962345813807797157e+00
1.166601964452082862e+00,-3.030951188398084195e+00
1.862464094272873893e+01,3.639683648684668871e+00
-3.340167292899328899e+00,-2.256559149294699029e+00
1.136299491379824822e+01,4.661386809614807447e+00
1.036818070905033373e+01,-1.123465791821082327e+01
-5.950466196917366446e+00,-4.658335567842342151e+00
2.825782945395038936e+00,7.618628090367154826e+00
-3.262318570646820515e+00,-4.231081364096935360e+00
1.957660217280737358e+00,4.922976039091238931e+00
-9.791691638083879212e+00,-5.618821535462242167e+00
-1.003903610505073729e+01,-1.406280334463188275e+01
6.125585064393600510e-01,-1.746819691502275518e+01
7.790579316563601253e+00,1.532058905513000546e+01
-1.388393837355658711e+01,2.686782769604417975e+00
1.567171971294877508e+01,-6.822488333341468980e+00
-1.858957144941216999e+00,-9.069083304855430683e+00
-3.152515132507183182e+00,1.111802091078777011e+01
-1.736119126390113010e+01,-2.219180248870461725e+00
-7.928385312816481623e-01,-1.058397447892693144e+01
1.120169219120332471e+01,-1.742450651452805754e+00
2.026062907614202546e-01,5.224682773866786256e+00
-9.922329433595319159e+00,-1.375642322043591381e+00
5.473169322923197022e+00,-9.872004422517589362e+00
9.721648890305029767e+00,1.042634002598718723e+01
4.408392892640334293e-01,-1.324683459575798583e+00
-4.292784660132662466e+00,-1.518443298020127408e+01
-1.881778890332929066e+01,2.477298204759177391e+00
8.660716725769001201e+00,-1.218862334967113048e+00
-7.243047668643515236e-01,1.507829741812081359e+01
2.115066378269350178e+00,-6.999245871066803737e-01
1.387155293357715102e+01,-6.674498513463889005e-01
6.956035650724790020e-01,1.386700462718826543e+01
-1.286441779880173364e+01,-1.186766178866672483e+01
-3.885461512135178985e+00,1.521779156937513866e+00
1.106876226364955151e+01,8.731726126460054971e+00
-4.294522076841929881e+00,-1.106663940961855452e+01
-9.856555483291932873e+00,-9.167942536652162744e+00
1.643008088320765481e+01,9.457684562811980555e+00
5.881718611875775160e+00,2.735722363956187286e-01
-2.862558714150103434e+00,-3.448909815929430134e-01
1.342675184463186433e+01,1.238136174868777850e+01
1.122075090454282176e+01,-3.695467150432459214e+00
6.323584367505475257e+00,1.781365435025157140e+01
-8.272000445403639546e+00,-1.613999103337637209e+01
-9.592569319431527575e+00,-7.419802436056789574e+00
-9.113600283556699821e+00,2.020477378576630123e+00
-1.059819850950834841e+01,9.796272216149908729e+00
4.104615461327746573e+00,-7.619325305915016777e+00
1.584643438984725039e+00,-8.191252693857123290e+00
1.376323153335551375e+01,-1.048645113778586691e+01
-1.038660533540380726e+01,1.169980228250858367e+01
-5.671392983813630551e+00,-1.223160644735316183e+01
-1.146155365457184594e+01,-9.939310330419900197e+00
-1.515809495596159095e+01,-3.965257586545473334e+00
1.227074061058105769e+01,-9.361566149345819099e+00
-5.678467789174052704e+00,-1.401244425511459291e+01
5.631854890594248708e+00,-1.469886547039301838e+01
-1.075821653357538210e+01,5.765639905623886285e+00
-3.787749211033765717e-01,8.188222136627562264e+00
-9.230259215054767097e+00,1.579582764100138803e+01
-1.880621557627220497e+00,9.811513281821362398e+00
3.354655547559174611e+00,9.390738706958275728e+00
1.063608336803223153e+01,3.030683083676309675e+00
2.378234798317126142e+00,-1.565219562627981098e+01
1.214681458671324243e+01,-1.121962716840482166e+01
-1.378646317326262194e+00,6.940663031670615268e-01
-9.350441461220881934e+00,-1.240547448544431397e+01
-6.443781887900946082e+00,-5.062933691275004477e-01
9.911907063557543474e-01,1.586740675462174366e+01
-4.559500262608858101e+00,-1.821036273414666340e+01
-1.533620820387698380e+01,1.509973201101413087e+00
4.362926128121568325e+00,6.530003062518974666e+00
-1.143699478870294151e+01,-2.293198891818421181e+00
-1.472826413097489606e+01,-5.772082898190503464e+00
5.946644326736570285e+00,2.527234949722332757e+00
-1.313118622402956248e+01,1.062495200969100928e+01
1.584216239408007176e+01,5.238281620440183417e+00
8.010407752992199093e-01,3.556578660408947101e+00
1.421951068943370089e+01,4.512245217470094438e+00
-1.022004710786294446e+01,4.073641975371815604e+00
1.194708059382640641e+01,7.161308326850493344e+00
-1.596099058673829063e+01,5.267190187741736196e+00
1.756249479805983427e+01,-4.350386825056820506e+00
9.511404182020002374e-01,-1.393775292917266739e+01
2.220632938688906322e+00,1.717674882327175823e+01
-1.188537200280294748e+00,4.025153886304948081e+00
-1.295719138852717656e+01,8.721342743517777052e+00
3.334587280200592918e+00,-9.600577929559440449e+00
4.479183346411211630e+00,1.341433523700664487e+00
-7.584030461757065744e+00,-1.281699053310286551e+01
5.848442241555804166e+00,-7.320553260802425299e+00
-1.833579540160593879e+00,-3.206620576795127242e+00
1.473574616113241120e+01,7.896452115580312459e+00
-2.525673870003806609e+00,1.285045843614097549e+01
-6.779484364934776686e+00,5.946737892131995551e+00
-1.056312882117414809e+01,-3.900212711332758264e+00
8.519622678746623379e+00,-5.978826841050599583e+00
-1.568657149711430066e+01,-7.313221777422810099e+00
-5.205930388770836359e+00,6.722997282985041956e+00
1.058240672433437979e+01,-8.812790666499022763e+00
3.083105404028906094e+00,-2.293253008182900121e+00
3.148119587056817270e+00,1.388090771017414049e+01
-6.965271735779952067e+00,2.378078576058749949e+00
-3.610878487307363494e-01,-1.898332290650665044e+01
8.254516407540940293e+00,1.711049416199945838e+01
-4.669695050927535895e+00,-2.634365398932504432e-01
-3.668354800319230336e+00,-9.377297429140494245e+00
-8.410141653435951881e+00,-3.028720451172976613e+00
3.252994159694722942e+00,1.570769588147628681e+01
1.600509553191646450e+00,-1.893241207068843224e+01
9.682021764503023320e+00,-2.747041271591057487e+00
9.415738212343617519e+00,4.751533484961218967e+00
-1.797984201215015077e+01,6.083371498346864747e+00
7.714440318881789160e+00,7.792491107353174407e+00
1.886727393978276979e+01,1.810424108112175468e+00
8.243871883686797020e+00,-1.400887256520059054e+01
1.089949153002095450e+01,1.387592863025860623e+01
2.736593435149600850e+00,-1.343056488341910715e+01
-7.965086890369752481e+00,-1.101385672014183292e+01
1.017948774915383403e+01,-5.368250571034333340e+00
-2.170389310428107343e+00,1.613430619981609837e+01
2.641517544583540822e+00,-6.646528406675556333e+00
8.967232956702300584e+00,-9.754032720810176471e+00
-1.561753065267619967e+01,3.456221839849898281e+00
-6.546794288446696086e+00,4.171873027825300895e+00
6.625752392378291056e+00,-5.671425486277382966e+00
2.613968421814881982e+00,1.040716352649756926e+00
-6.261779456752152306e+00,-1.599172982569625567e+01
-1.738683967063101576e+01,-3.337577690542181674e-01
6.116561168839065310e+00,1.597073322850707022e+01
2.571905674186075963e+00,-1.157490509733558604e+01
-5.448795921550734001e+00,1.663225863056731413e+01
6.837191709806991646e+00,1.284132242402395541e+01
-5.900863031628531985e+00,1.395483324693425686e+01
2.398552926675043384e+00,2.837122618095961890e+00
1.230070361804162404e+00,-5.083727820392327956e+00
-8.412497092053213166e+00,-2.015560393481261037e-01
9.891511579532082266e+00,-7.147694367490966982e+00
-1.125278554012423093e+01,1.527978231035870671e+01
1.361139993856350117e+01,6.314066053189591798e+00
7.239007604458334022e+00,-9.430330668911180325e+00
-1.201250957228880978e+01,3.564485869265712203e+00
1.413939083774505967e+01,-2.885685029532955248e+00
-1.204709357746694742e+00,1.156777367313592109e+01
1.156605656265830717e+01,8.100529981493057585e-01
-6.798286547542256031e+00,7.716282604863543781e+00
-8.250783805416628258e-02,9.958759841458785900e+00
1.486515239099550634e+00,8.996629868070346703e+00
7.726824065206865377e-01,1.095609858632506706e+00
-8.516178587800542488e+00,7.261756317682898754e+00
-1.827259608194836460e+01,-4.945960226185015962e+00
2.742974133526804970e+00,-4.083162356607882515e+00
-1.657335669223661867e+01,-5.759064707993414522e+00
4.836513056195252958e+00,8.277390069583995924e+00
-2.816783622133752552e+00,-1.773328198675748268e+01
-1.374542824858581147e+00,-1.503711915334384974e+00
-7.702710084675453928e+00,-4.788679663315191348e+00
-2.483150676110700006e-01,-4.122114023610309097e+00
-2.351189453070577251e+00,2.437565863892019014e+00
-1.157637317443839464e+01,1.300009852537589694e+01
-1.245834547422277971e+01,-6.493698892074514006e+00
-5.436832176046136667e+00,1.219815396061991031e+01
-1.379675546161988464e+01,-1.027554102207586517e+01
4.215126750111235054e+00,3.095541475157773448e+00
-1.188596478401921619e+00,-7.423528966734677326e+00
1.465577516509635281e+01,9.706077003817457083e+00
6.182405790326168216e+00,-1.683961711378627513e+01
-1.385778689641765737e+01,-7.653574948570349257e+00
6.161940319947690980e+00,6.746703577435598120e+00
-2.983397227875335567e+00,-7.486303636184163501e+00
-1.171288256836553465e+00,-1.701175633274085897e+01
4.454044634981760176e+00,-3.474033541278973125e+00
-7.374087823807672137e+00,-1.461596599570068022e+01
-1.499148748662270103e+00,1.890892926802054674e+01
-1.497198766520863877e+01,1.015739428410337375e+01
1.428294143295719643e+01,-8.067843827426305126e+00
-1.403136913845965239e+01,4.447071358097935523e+00
5.583517120790635779e+00,4.448693653350848543e+00
3.341189598939659611e+00,-1.868453654774708284e+01
7.677515663768065934e+00,-7.663226296986457520e+00
1.543768284654937339e+01,1.413502095193906793e+00
1.254808637220475909e+01,-7.595404566504662114e+00
5.053779442285234680e+00,-1.756027741068193038e+00
-5.129425399669620411e+00,-2.023149618130071214e+00
-2.394003330710148703e+00,7.723136736536975633e+00
-1.546212046792509121e+01,-1.102015120155602723e+01
-1.296581667913185631e+00,-1.312130485671403868e+01
-6.605993779033421553e+00,-2.980591191373215931e+00
-3.252728660450240117e+00,3.999906526121050465e+00
7.727770375271799885e+00,4.650962681250420672e-01
6.261057530871200427e+00,1.113954238467695212e+01
8.599931507268157915e+00,-1.585313913116128681e+01
-8.838418760234135974e+00,1.022502263449270998e+01
7.724555136911451569e+00,3.996837010837389847e+00
-1.077705267577251158e+00,6.449763122892855804e+00
-4.948065268267483496e+00,3.318378142333926029e+00
-4.102949173254801352e+00,1.365406991485971488e+01
-4.787347501500159197e+00,-7.854480313654755186e+00
