-2.780605386828604253e+00,1.441758839982018436e+01
2.840432246738759936e+00,-1.874126639508544301e+01
-1.260131244887487867e+01,-7.460271844555416365e+00
9.443531446838910881e+00,-1.269692599508980280e+01
1.081950760841215109e+00,7.999229221949196722e-01
-3.353857595377480294e+00,1.088866298015422096e+01
-1.398207143316733081e+01,4.819601265760651287e+00
-2.129423139122152087e+00,-1.297876519783207527e+01
6.165629280719512550e+00,-1.085331074170082033e+01
-1.134121837516308773e+01,1.019257220188922197e+01
-4.629650835047323554e+00,3.199212649565614797e+00
5.045621839319007762e+00,-1.788544010078377600e+00
-2.451800458920704084e+00,-4.735638428128865485e+00
6.471526373700859480e+00,-5.551076913143008440e+00
1.430023626009211846e+01,-3.202161867176828713e-01
1.193788891805491303e+01,-4.830066831667378935e+00
1.552042488306504708e+00,-7.959444176499753887e+00
9.616574271861283663e+00,1.397290497921336261e+01
-7.443099723960997061e+00,-1.572281707790632943e+01
-1.317269734613235244e+01,2.183517262190275421e+00
9.807670158551744066e+00,1.218452270774587909e+01
5.334835504945066198e+00,5.347744925930725479e+00
3.362079575552067379e+00,1.217641277966305147e+01
2.843778631114061817e+00,7.483489621325578156e+00
-6.536892395335714312e+00,8.108779957626229828e-01
3.354272834381631707e+00,-1.301689507778099886e+00
1.191146482346769231e+00,2.573963943957203515e+00
2.309248826634545004e+00,9.248281030404722713e+00
-1.452410339824274566e+01,8.352578734915711678e+00
-7.884920920936593802e+00,1.034111163040899228e+01
-1.138162207417236971e+01,6.866249390933395702e+00
5.996841853327220306e+00,8.699148590382838719e+00
-1.468209998509515479e+01,3.073117636574572042e+00
-1.523687057207819784e+01,-2.685878321478399666e+00
-5.039045028370989776e+00,4.957836598058769084e+00
-2.739170344386353317e+00,-1.131886126821671823e+01
9.777750654399225638e+00,-4.872299395975534075e+00
1.620674175557599739e+00,-6.129200388918799369e+00
-5.327915473032979854e+00,-1.336800225308703638e+01
-1.485478710128552926e+01,1.012085501202562732e+01
-3.915742147347615720e+00,-5.907363543008405493e+00
-4.589842278658062824e+00,1.453753557573971555e+01
2.872429288715300455e+00,-4.736722850624418335e+00
-2.572261444210311776e+00,2.794944262804352153e+00
-8.329457936655090933e+00,1.212047178992264662e+01
8.172796049109209093e+00,-1.028137383839645658e+01
-8.784147862185861300e+00,5.379213800895519704e+00
5.870629728993314700e+00,1.053814973302733549e+01
-9.551364203692392252e+00,-1.292782353208390234e+01
9.406017181795821358e+00,2.562069007765477746e+00
5.446644247418162443e+00,-3.966639451775366698e+00
-6.092376472193584691e-01,2.724413876113343402e+00
3.593687348198527420e+00,5.842553649093088275e+00
7.552150100769082108e+00,-1.205781705949787508e+01
1.048381688044537796e+01,8.133630089325434298e+00
-3.320774807992783906e+00,-3.203093415356884410e+00
-1.052414057606370523e+00,1.409473700637060922e+01
-8.216639740275892834e+00,-2.844426751287527141e-03
4.504912892654675538e+00,-5.468564499897887288e+00
-9.247205779650622404e-01,9.843927441053609284e-01
4.019297958559476247e-01,4.159685655633574619e+00
-7.973256115184545578e+00,-1.398097844229273434e+01
1.257481313863459249e+01,7.295842201839335850e+00
3.588640344935468462e+00,2.082661547873902563e+00
-6.843479717685658770e+00,4.699944182434680151e+00
-1.198471487522605194e+01,-1.204214404581923192e+00
1.262757853432771959e+01,1.417265809245393804e+01
-8.083226793369883367e+00,1.553579767245192578e+01
1.678536505807553425e+00,-9.937830952135131568e+00
4.499794751736514442e+00,1.697617993023737526e+01
-1.427487485467398720e+01,-1.253390510129548652e+01
-1.137454210765638507e+01,-3.998100004814338693e+00
-2.033412476064477836e+00,-4.871157951337797276e-01
1.246242762275790739e+01,-1.355322240461248162e+00
-8.642747661179612351e+00,-1.138357972138321372e+01
-1.708037216548756732e+01,-8.173290009991500682e+00
-1.346587943065869730e+01,-2.304365976109260750e+00
1.113024347937254710e+01,3.051056097465565831e+00
6.250837442822749779e+00,6.091232975806534222e-01
-1.847265950958379221e+01,-3.998184739331765769e+00
5.424418040612176029e+00,2.300953130728929263e+00
7.985137841261753522e+00,2.162195724245794815e-01
1.427681519829301848e+01,4.091216603404254748e+00
1.229262997925378437e-01,-9.038761888722895321e+00
-3.225296532902348190e+00,1.869495890110319181e+01
-9.970490519378820693e+00,3.020609370645499503e+00
-1.641586751711747638e+01,3.964208021188857067e+00
-1.149930644205412733e+01,1.293721117135829379e+00
8.871959237709983626e+00,-1.385156153776398780e+00
1.345383809222368754e+01,5.708066037389678549e+00
1.596070379145228868e+00,-2.725733964439875479e+00
-7.530164677411343988e+00,-9.997287380283522040e+00
1.709351894371986802e+01,5.643414750201642960e+00
5.441117005905327098e+00,-7.043955375622950044e+00
-4.906813806838941083e+00,-2.311147227571300977e+00
1.802642949857531818e+01,-2.253546669169326666e+00
-1.064001790323457186e+01,-2.398266603079890480e+00
-1.665460096154920677e+01,-3.812518973924830856e+00
-1.224300078483582688e+01,5.289280330769459582e+00
-1.129485101063780839e+01,-8.971711942949323060e+00
1.406587501169064858e+01,1.561125361450672155e+00
4.467817874737552764e+00,3.786213276114361204e+00
-2.362541237925234738e-01,-1.345026194290946719e+00
-1.469176351716983397e+01,1.095642205446253348e+00
2.521748488561200485e+00,1.386388177409794231e+01
6.624889344330949115e+00,-2.568819362141212981e+00
7.431519408238893121e+00,-1.546065909665135152e+01
-4.788505422648738019e+00,1.050158250702692087e+00
-6.419075143025830599e+00,-3.310257265583765207e+00
7.756219976477228828e-01,-1.381330326276326659e+01
-7.382012587432161155e+00,6.438102907795570928e+00
-2.990214407246048811e+00,1.081330723786120940e+00
1.031488686403114485e+01,-6.677460670357484140e+00
1.070262256321695027e+01,-1.562104169225282391e+00
1.078123905189853637e+01,-1.145160682675625452e+01
1.530685957374021910e+01,-5.373526492970556845e+00
9.219353792859328323e+00,1.051130835689245480e+01
-1.177060625876518252e+01,3.297188564609457639e+00
4.815132720838512626e+00,-1.216503896049089306e+01
1.042331410581981865e+00,-4.430750664173397801e+00
-1.310708708084004748e+01,1.060290311141542396e+01
-7.088530846795221940e+00,-1.634787902938433124e+00
5.001390840445129271e+00,7.144213016968305574e+00
1.383271830610138409e+01,-4.425852264679932091e+00
-1.081770157235551189e+01,-1.151925442977810121e+01
-6.297078240079510891e+00,8.487498808178036924e+00
-7.970102682802039595e+00,1.918631971978983275e+00
9.017566168107217450e+00,-3.154986889818001572e+00
4.878458878075238481e+00,-8.749790942743514321e+00
1.147753867064649214e+01,1.279447114905313265e+00
-9.318828858497409939e+00,-3.574095875114600140e+00
1.534910796913830922e+00,1.887568818201108201e+01
-1.415535375784786432e+01,-1.071284605297033288e+01
1.317140938761381719e+01,-6.103845727943193467e+00
7.563110557706871795e+00,1.167039655613435123e+01
1.157184088411232992e+01,1.274692266517219963e+01
-6.293659310793383810e+00,-8.679336217189062452e+00
-1.106349633644828856e+01,1.493940741847686837e+01
1.105722001483735184e+01,6.375548035251237700e+00
-8.032342004420529591e+00,8.120158039810526418e+00
-1.013998090197389423e+01,-5.306051245990233589e+00
6.474019993813080021e+00,3.819287357121614157e+00
-3.638462848972435215e-01,-3.252523307555095222e+00
1.883168891471381112e+00,5.230776668554678821e+00
-1.393808410719907265e+01,-5.822760390601758873e-01
-1.568533839515711747e+01,-9.675738874387758148e-01
-3.931288750134190657e+00,6.385238394611160828e+00
-6.957068388433364170e+00,-1.247516454588983237e+01
3.130255061076098855e+00,-8.893547635338665103e+00
-9.516456039254858723e+00,7.088898780570081826e+00
-5.826977171443837200e+00,1.324732581986305213e+01
1.559365278812020073e+01,-3.503312151786655892e+00
-9.021318720651581025e-01,7.527968467505916195e+00
7.537707256811660983e+00,-4.140153351729390252e+00
8.607491805445997457e+00,4.332830521283633551e+00
3.649400507467992938e+00,-3.095229419803947390e+00
9.216000605768705611e+00,6.556071762566531014e+00
-1.619112935468069381e+01,2.170806412695601928e+00
-1.063355366771395971e+01,8.492654853307140428e+00
-4.804492024138746764e+00,-9.754762123297096466e+00
2.809668413679387022e+00,-1.143986496933610297e+01
1.382936802991453185e+01,1.022093339924106203e+01
-1.340855878967919423e+01,6.869364862448713360e+00
1.748015940297358739e+01,7.428521110072344058e+00
6.677769210157395108e+00,-9.139643532705436613e+00
-1.030397356392829344e+01,1.258492951710045027e+01
1.040586984111794600e+01,4.655380581018427222e+00
-3.293520075057462471e+00,4.490354912948800958e+00
-1.631968070390433567e+01,8.912789673277137226e+00
-1.690236671046475081e+01,5.118282201687075483e-01
-7.502168122504842884e+00,-6.839879410726840803e+00
-4.772856845770348855e+00,9.759464824971191277e+00
-6.448307691254756335e+00,1.156307806876234068e+01
-6.316171610533637626e+00,2.603954968035955275e+00
2.678336876171865555e+00,-1.695198196920122413e+01
-4.504860397508391401e+00,-1.171754722494031675e+01
-3.255967751118457265e+00,-7.671066315767950172e+00
4.258889055929901968e-01,1.509708269939468295e+01
1.094915431554266938e+01,1.018477575677014180e+01
-5.919016220799370842e+00,-5.744820351002147163e+00
5.730287905996012121e+00,-1.503609447801022014e+01
-3.742470355025354856e+00,-8.878199971623274012e-01
4.435438211322150437e+00,-1.641675032108983601e+01
-9.423577664008655930e+00,1.418510270012561314e+01
-5.640517935628102109e+00,6.799599421956783019e+00
3.427828827433622827e+00,-6.987785554511854791e+00
-9.678735808862105827e+00,1.239881720926881092e+00
-5.045301034084727299e+00,-7.379702027305268253e+00
-1.516963504001972751e+01,6.384467434563403820e+00
-1.309239071584726410e+01,-9.210756243930950049e+00
1.447552394866884384e+01,-2.147491535989267231e+00
-5.581600108691074702e+00,-6.859443056591509880e-01
-1.886469372883343931e+00,-6.533796023178899404e+00
7.605820456588447520e+00,2.330713480650359770e+00
4.259140719156776278e+00,-1.396237731499111590e+01
1.083784935279112460e+01,-3.433422114877253239e+00
1.530166590874604537e+01,5.560113262960859615e+00
1.137687271733730521e+00,6.897774121889609589e+00
6.949267681600120206e+00,1.768156658394441294e+01
2.691152101744365144e+00,3.590676946737048958e+00
-1.261574623697227615e+01,-1.184185563250334994e+01
7.795256268754247486e+00,1.342986663530621350e+01
-1.138191689106225013e+01,-1.354848447650619292e+01
2.856900667352515466e+00,4.683963388448616483e-01
4.592850982075406208e+00,1.361757822496488224e+01
-1.509744842244449936e+00,-8.319168528747407976e+00
-1.705378618093867260e+01,6.334605423549759529e+00
1.295241624794523538e+01,2.921833962765470805e+00
-1.074635837318160148e+00,1.133748287847065761e+01
1.979865589033004358e+00,1.104527781362841488e+01
-6.398700473545245737e-01,-5.057349474890452612e+00
-1.072555247215527707e+01,-7.163466674854578109e+00
8.134372411691558113e+00,8.865289390750994869e+00
-2.953569270942486558e+00,-9.448330433758776792e+00
-1.807307217985226089e+01,4.766253492864730212e+00
1.256897256282435826e+01,-3.129413906727465111e+00
7.209218171306873479e+00,5.486403825946658763e+00
4.309521127421729325e+00,-1.047700352104881283e+01
-1.817478828377691036e+00,-2.271040868751768915e+00
-7.670670855256941145e+00,1.378826362301202124e+01
-8.274315638169182918e+00,3.694563944595691485e+00
-3.947948944335358146e+00,-1.561659532288087071e+01
1.190450181198054835e+01,-7.472637193412867695e+00
6.156631027843760151e+00,1.605874789805377034e+01
-1.195466975973832291e+01,-5.820470362611615656e+00
-7.619041649771382652e+00,-4.955912738440891196e+00
1.864114998736596363e+01,1.501987571568967894e+00
8.539846096462751390e+00,-7.467082720559231390e+00
6.096123646667745533e+00,1.269101079003185006e+01
-4.862855573146783961e+00,-4.260731276235545373e+00
4.011309996351569040e+00,1.048325700782604741e+01
5.973170739317908984e-01,8.615207938894005935e+00
-9.818304421521737879e+00,-9.956496314077543985e+00
7.151642776487724618e+00,7.314209853657602345e+00
-3.828064852340165469e+00,8.149048612262967950e+00
-2.647765101608413052e-01,5.800755791131789074e+00
-1.313221334000544971e+01,-4.357062534600157910e+00
-9.638615513279464864e+00,1.084055454464552071e+01
4.121376870059950015e+00,8.727895298081497444e+00
1.248558993665828609e+01,9.071894097653951050e+00
-1.025576495591983495e+01,-4.674507083073570213e-01
-8.934120746757130860e+00,-1.763230366375908575e+00
1.317683838365686100e+01,1.189265193391706887e+01
6.044676202504724927e+00,-1.737153738306975725e+01
3.381930893004605920e+00,1.549183660752213854e+01
1.444445939622232089e+01,-7.339225743158699800e+00
-1.488698185305962429e+00,4.331298606204716073e+00
-2.058509846412393873e+00,6.101305324286577125e+00
-1.266450800142737698e+00,-1.019630375619935414e+01
-1.565848454981985105e-01,-6.893117399793072586e+00
9.747144579664155373e+00,6.919640528283226288e-01
2.511016306770470496e+00,-1.350231533858867827e+01
-1.051774707570939782e+01,4.828662266180193896e+00
1.683834906810835719e+01,3.857364941258966784e+00
1.515347410296277841e+00,-9.516379548986997339e-01
-3.792785705424016385e+00,1.288298601560356893e+01
