-3.164067244561632908e+00,-1.932181851794801189e-03
-5.559536858481145316e+00,2.183771359845342097e+00
1.899540437504747814e+01,-4.813950943108843278e-02
4.148867124549976637e+00,1.541812344172596028e+01
-7.105257535602663488e+00,-9.177623699136834290e+00
-1.235034197874413264e+00,8.863919439058520311e+00
-7.680903513062646404e+00,1.376725815736325131e+01
1.057683520519872689e+00,9.493976785853442735e+00
-4.572441395834205835e+00,-8.690217429332580679e+00
-5.371875586570155292e+00,-1.251125597441428816e+00
1.433410226596426362e+01,9.301272600613234687e+00
8.423311382419775839e+00,-3.764217217332930243e+00
6.878101034099511679e+00,1.050625254529410846e+01
-1.670558754478052466e+00,7.111166780054225534e+00
-5.648850646546375032e+00,9.072483954887406554e+00
7.763690439966994816e+00,4.133150495322547302e-01
1.037742344115322091e+01,-1.035797452862353829e+01
1.550127077775580098e+01,5.454715144197904486e+00
1.194806972242422738e+01,3.237817685043964389e+00
-7.886446532214432814e+00,-7.501044066151035139e+00
-1.135220031305678035e+01,1.942071468514174004e+00
-1.572953668332031718e+01,-9.452978209785594998e+00
-9.713727954243609020e+00,-4.151092820852857024e+00
2.188286564328478789e+00,1.561343714611541600e+01
-8.650746729773433064e-01,-8.034192299318723585e+00
2.993580003879906304e+00,-1.137954183113489037e+01
-1.837592909351102533e+00,3.531076337805088006e+00
-3.059558433145662892e+00,1.088416085939886280e+01
-1.466217458914599270e+01,5.835525534408857240e+00
-8.879914818809366839e-01,1.380928279012011117e+01
1.354957099175110979e+00,3.260034748017542228e+00
-2.942001032061088983e-01,-1.131123980922268579e+01
-3.027379233873225051e+00,-9.680006009153812485e+00
-7.122037612770295567e+00,1.304275164182235436e+00
-1.410356995876271746e+01,-8.413970953318925083e+00
1.619431611030743312e+01,7.770465995261099046e+00
2.849163286088935099e+00,-3.715604368367801502e+00
8.577719182749815374e+00,8.010253865095769754e+00
-1.469456565184347419e+01,-6.032145747042041428e+00
1.127455047421590528e+01,-4.203736302357938825e+00
-7.628241455801232362e+00,-5.703271095451561301e+00
-5.256027929766517559e+00,-1.578864114714776079e+01
6.834317844503325468e+00,8.513842282081064639e+00
-1.007068305432413702e+01,-1.029636576397610348e+01
-1.267717227729801444e+01,5.016138403427770065e+00
6.770523105329064428e+00,-1.414486073792715359e+01
-7.010050080576221809e+00,-5.423425729240308746e-01
-1.296025694457249955e+01,-5.572280819685588860e+00
-9.020844760777745108e+00,-8.861711661965024689e+00
-4.428161426330883721e+00,-5.226958644827681688e+00
1.211150485374145713e+00,-2.870529442978023926e+00
-1.631953792505004586e+01,6.508481321291350596e+00
-7.329203449234135803e+00,-1.539232304951229224e+01
9.677769707765644824e+00,-5.160610887005837810e+00
-5.012694697317944481e+00,-1.766926608378079067e+01
9.677960616028794760e+00,1.467789094164791308e+00
-5.665711425414176716e+00,-1.021733929200931001e+01
-7.853162516288057837e+00,-2.092499685755548455e+00
8.604401952590434277e+00,9.941604125654521340e+00
-8.064054274436808001e+00,1.162750951697732305e+01
-1.014706818697984758e+01,-1.208206686361265980e+01
1.687675349286496740e+01,4.250845907877447871e+00
3.015383125722282731e+00,2.646891468122695823e+00
-1.357781948542963857e+00,1.522912491159930312e-02
-1.243431490008448215e+01,-7.576403576338256229e+00
1.631091281293992834e+00,1.480740785900628298e+00
-8.825697885126940534e+00,-5.991209756108517581e-01
-1.198967189279069423e+01,1.468910741812935861e+01
-1.549611048808254488e+01,-1.237303182810892244e+00
-6.208402655321517472e+00,-2.817381363170525788e+00
-1.046601604327006463e+01,3.917779737399892381e-01
-3.520258685979002600e+00,4.127333807420192180e+00
-8.257116789483132990e+00,-1.373149781977387640e+01
1.216611760532973108e+01,7.882678233406227974e+00
1.524404736461749721e+01,-3.430263379013477998e+00
7.173941040500167787e+00,-7.229430403614565570e+00
2.002038919232646541e-01,-1.882542697625774863e+01
7.980238580086139066e+00,-1.548015459521098691e+01
3.520902216935421158e+00,-1.798838909841640898e+01
-1.487411530784810942e+01,-3.101914435197240749e+00
-3.001885114401327659e+00,9.010944731348134340e+00
1.856008910459532535e+00,1.386959947099215285e+01
2.695418866465882357e-01,-6.650564798601946492e+00
4.477501865959911065e+00,5.716092514335422869e+00
-1.085814213150375984e+01,-8.474314592933293255e+00
-1.419154854581988268e+01,-1.205968255653397492e+01
-7.514832735814075626e+00,8.535226324492464656e+00
9.436050242748933670e+00,1.595045644136413010e+01
9.139255076385779830e+00,3.280869273754773552e+00
3.412215202339141218e+00,-1.314045251774788703e+01
1.373006391686340422e+01,5.811853791861357976e+00
-6.067806560220993184e+00,-7.666704952329624234e+00
-9.835158601659905742e+00,8.520607758279242105e+00
6.676369332827070124e+00,3.538897508799909719e+00
-4.782913468708748894e+00,1.122591101336496600e+01
-5.985122633315778096e+00,-1.417226419962385364e+01
9.925793475481082595e+00,6.704186876682869389e+00
-9.463593580474226385e+00,-5.927697255961583700e+00
1.084312145268695993e+01,5.276340471995170228e-02
-1.420053613310907359e+01,4.138810700047618418e+00
-1.005663739013734492e+01,-1.386277107550833598e+01
5.331498787581107734e+00,-7.368639664655590948e+00
1.985838914503873065e+00,-2.799754067738758900e-01
6.219652071516067693e+00,5.323358938517699812e+00
3.671755299275109241e+00,1.367451804123561843e+01
1.543908464747463505e+01,3.086475035855928084e+00
1.439897338278416328e+01,7.462078249616352466e+00
-9.017369155859716878e-01,-1.653898891273849614e+01
-1.097641156703238074e+01,-1.548639835693827038e+01
-9.835861267984826739e+00,1.437965842171228914e+01
-1.310157526065857958e+01,6.868869554727161209e+00
4.801698668701514627e+00,2.077040031570961620e+00
9.420640264431858313e+00,1.159114417076193781e+01
-1.596486167826268421e+01,4.148450860716981659e+00
8.547297837756701711e+00,-1.376985687435316663e+01
7.665670344702046890e-01,-1.562472839707707095e+01
4.460775640674174980e-01,1.498104850526749132e+01
-1.120044546407029706e+01,-6.270224193031542548e+00
8.672141446905824225e+00,-1.123459067020064239e+01
-1.459704485734572366e+01,1.012836810194899684e+01
-4.864981870484729853e+00,4.957710225776069124e-01
1.561044433648000762e+01,-9.976927467225321422e+00
-2.642323588495459674e+00,-1.333587042402449718e+01
-1.237000325499674425e+01,-1.201203103798443017e+01
-5.324454801346527599e-01,-3.448461503549035800e+00
-2.082915368147005619e+00,1.744006282341306724e+00
2.026904370093579821e+00,1.123786411669384755e+01
1.134547693613089336e+01,-1.656613742104473319e+00
-6.809828743804934525e+00,-1.258315871907218941e+01
1.680129095180802423e+01,-5.499194310244699402e+00
8.470931262316179655e+00,5.109690893826592806e+00
1.384320257250683106e+01,-9.015858012467830918e+00
1.405402486932334227e+01,2.616927633343704013e-02
-1.122876060807998044e+01,1.171423452566805068e+01
-7.717203117097081844e+00,2.963545622756824205e+00
-6.184191196834952109e+00,7.351920275502277669e+00
1.200659319866730534e+01,-1.127311252717829326e+01
-1.129452368245766358e+01,3.740919139698423823e+00
3.612877575726263668e+00,6.076464625833315480e-01
3.988637984602627196e+00,7.653771566219174538e+00
-9.862475025772887705e+00,1.620605792246975341e+01
-1.572557140829619549e+01,-7.596356135959079658e+00
1.714232009260069134e+01,2.302972259225489982e+00
3.155122782332050235e+00,4.436229399280637864e+00
-1.396087849892961330e+01,-1.020374717611273319e+01
4.689377112896838007e+00,1.219956071802227804e+01
2.787610419364655812e+00,6.312254167371664337e+00
1.874870693068348970e+01,2.998955999942635842e+00
-3.725327375396824792e+00,1.462166894393812022e+01
1.388365801135709354e+01,3.945010695887794405e+00
1.081153375069478351e+01,-7.010272888682313130e+00
1.443486599754963251e+01,-6.045258970491922845e+00
-1.786078332021583392e+01,-1.450942179728311743e+00
4.577417937220108257e+00,-1.061592526772113487e+01
1.006389310964901718e+01,-1.266308604909504609e+01
4.678189031151889665e+00,-1.504952120800168380e+00
1.267121533825312163e+01,-5.845397883923954652e+00
3.761321910771792343e+00,1.061572652342757728e+01
5.299952479878256462e+00,9.529317523113805422e+00
-2.426417758921759926e+00,-3.148021432426922228e+00
-1.238995046850425830e+00,-9.764989091359566942e+00
-7.010112067751411713e-02,1.991351669202915176e+00
1.746546496104475876e+00,-1.392020913213697497e+01
-1.036278376846141924e+01,5.330991399022466659e+00
6.602051006195819305e+00,-4.289455898388407462e+00
4.804619649817900573e+00,-3.769655244520205173e+00
-1.219716791059808969e+01,-9.666097259038737732e+00
1.216939573711359479e+01,1.282115099950271064e+00
1.699673716026099157e+01,-3.098528930680465532e+00
-1.662871097920358210e+01,-2.947687593954678942e+00
1.484082680623935335e+00,5.045040549418599696e+00
-7.666345334383128929e+00,6.344695623025635278e+00
7.321402521942220964e+00,-1.241054310778765490e+01
-3.746839880348171725e+00,2.320182069922814172e+00
-8.892966577409984197e+00,1.267941248989082892e+00
-1.148108359477363472e+01,-4.425157952709426468e+00
-7.900544207725174184e-02,6.038179429701566292e+00
5.422375324470825930e+00,2.871749319726390470e-01
-3.613975307314061691e+00,-1.767602592033506559e+00
7.979752131837305917e+00,-2.012975567746438266e+00
-6.212508903457975684e+00,-4.670889809106891555e+00
4.483461493304828904e-01,-1.278287835087328572e+00
6.237335445140679724e+00,-2.477632605365472696e+00
-1.966991291471572589e+00,5.333214271776429705e+00
2.259717829175400094e+00,-9.726233694067126123e+00
7.833272400296252158e+00,-5.542187002614707758e+00
1.857252323395745108e+01,-4.000994964464394066e+00
-9.358453355513484340e+00,6.824633533792419549e+00
5.491342058669307136e+00,1.417164770354535541e+01
1.629423558081068535e+01,-1.459435203744865905e+00
-4.342441333632359957e+00,7.800411509745885041e+00
2.849313792933697354e+00,-1.959359604978802238e+00
-9.654891587992620927e+00,1.084271448875311528e+01
1.013061059802048014e+01,-1.464976474276961760e+01
-1.958663559675076105e+00,-6.569617666892045627e+00
-2.686315755381677661e+00,-4.967421743249332167e+00
-4.591854504821487382e+00,1.305549270871261136e+01
8.329546005286506016e+00,-8.663171085059767407e+00
1.207063762442707677e+01,-9.500513883104687807e+00
-1.191263841199795870e+01,-1.384513414070735138e+01
3.567866463233412833e-01,7.864105699099883218e+00
1.539927980935440388e+01,1.196523542553012520e+00
-7.831793934054186446e-01,-5.199633798737091084e+00
-6.475923682187176844e+00,1.065645278382329941e+01
3.892040007420082048e+00,-8.877734305130015713e+00
3.337477888685862482e+00,1.698091830094347898e+01
-1.126491296907184414e-01,-1.403349358363200139e+01
3.717673495494630664e+00,-5.316487755257139014e+00
1.818819706080140364e+01,-1.751153213477364190e+00
2.023654031398479436e+00,-6.120147589781582909e+00
8.933040266768486504e+00,-6.974986563736409018e+00
4.827746978677857292e+00,3.859015668747769023e+00
-3.447922515871500782e+00,-1.685344709233565652e+01
-8.523897267443278025e+00,-1.698067063970304247e+01
1.283742247315436913e+01,1.264053177368473158e+01
-3.591207400066500188e+00,-7.231860478680752102e+00
-8.837134826660170361e+00,4.442964838186947318e+00
1.743274357638206595e+00,-7.914253657154949551e+00
-5.307688497817689033e+00,5.757077038531084767e+00
-3.527905593770422676e+00,-1.498948276003093483e+01
-6.393387811641258800e+00,1.246416181917462396e+01
6.520974384217542941e+00,-1.081718803020466702e+01
3.536557464827144948e+00,-7.088018381902308818e+00
-4.481193995497751104e+00,-3.386742072869830089e+00
1.838644239706813011e+00,-1.733715028731445074e+01
1.407524706397924952e+01,-1.085347751306723296e+01
-9.687116765225617598e+00,-2.352028600127090918e+00
-9.765100713435590052e+00,2.861735068770286272e+00
-1.686228584046563483e+01,8.460578597868469164e-02
5.699220939848604672e+00,-9.188765276340022936e+00
9.240696287007697407e+00,-7.009679431182663789e-01
1.200545211803395063e+01,5.086130723624433081e+00
-7.013670601936732751e+00,4.690192844547841133e+00
-5.335824659563369821e+00,3.982097183927951534e+00
-7.679901338357146834e+00,-1.097598885579752093e+01
6.528583161099328791e+00,1.669226249653836813e+00
-1.270435339723285262e+00,-1.796028904127567660e+00
1.029491195668631320e+01,4.661652209451869311e+00
1.705675279587747539e+01,4.896279133822087348e-01
-7.671517118087303189e+00,1.555595988852444478e+01
-1.404633936730797927e+01,1.457941076276959291e-01
-7.946721498486617463e+00,-3.921910099059692900e+00
-1.746209070097098082e-01,4.258330131946244101e+00
9.640311454919386902e-01,-4.709846252978562298e+00
-6.198823959509558001e+00,1.665159563951621990e+01
9.726708149770454170e+00,-2.527306621456668623e+00
-1.703616981447803491e+00,-1.486757116263058975e+01
1.714205548851408523e-01,1.112019727368105038e+01
-1.185486071575059341e+01,-1.117985260609559717e+00
6.793445943969047995e+00,1.276660137143219131e+01
-3.511138706423914790e+00,6.202049043448960575e+00
2.145996061206781658e+00,8.035033904925640513e+00
7.486174069603293013e+00,6.593437601736370723e+00
4.936891964799587917e+00,-1.405378966656152073e+01
1.451177026230289968e+01,-1.834431752463073328e+00
1.379059113966849992e+01,2.156155259505082356e+00
