-1.425014801803397191e+01,-1.193594200722470688e+01
1.069161482067441149e+01,4.845507393350697356e+00
-3.834675995135577775e+00,5.140884753573351063e+00
9.744247573584557287e+00,1.555006187227467152e+01
5.874881220291989337e+00,-1.121687332788584124e+00
-1.864418035054947742e+00,-4.160622923133128204e+00
4.775462606464971671e+00,2.549635876941243939e+00
-6.201520472710229104e-01,6.710807628434042549e+00
8.443916912871053171e+00,-1.304394918259946756e+01
-1.691485251832668624e+01,2.960533882284512863e+00
4.248935710592659731e+00,-5.437026837411022662e+00
3.181989797485301086e+00,-1.076230594766855297e+01
4.292242042023400317e-01,-1.273898928706591160e+00
4.656862425217592083e+00,-1.623867919967753792e+01
7.084482413167705772e+00,7.490111717736016139e+00
-1.475814562667548735e+01,5.291515916962080901e+00
-2.555162589270548512e+00,6.387318443087098174e+00
8.232738718385881782e+00,-8.825145758760918113e+00
-1.341538919828853871e+01,-1.005828278083117588e+01
7.399615914697977637e+00,5.636260188747916899e+00
-1.850215718731669901e+00,1.003725210764195808e+01
-2.223524087396435256e+00,8.252936328372726393e+00
-1.379046984898549155e+00,1.274790683888261711e+01
1.179326131161902769e+00,-1.530360928376120278e+01
-1.702260346019894044e+01,8.435024749040048064e+00
-9.632087862951539847e+00,-1.326552711676960428e+00
-5.355451007274032449e+00,1.063527815477386262e+01
-6.091009958663138324e-01,-1.603419159315610898e+01
-6.340197881568665039e+00,-8.341484399057484955e-01
6.800512594635846675e+00,-1.407714865289421269e+01
1.373159231933894731e+01,7.073569803262758526e+00
1.287309445485455583e+01,1.392061376724530142e+01
2.571928951021395626e+00,5.930911771191627047e+00
-7.425858163251186639e+00,7.158870332440625539e+00
-9.387286942767374853e+00,-3.542560803630569133e+00
-9.047248542732452492e+00,-5.338250122659717434e+00
3.820375792756843580e+00,4.515342468595505920e+00
5.501600976730387060e+00,1.686316430910776276e+01
1.267455670368840615e+01,-1.463280117896169186e+00
-1.511817206758499488e+01,1.968367265096441887e+00
8.152130275509285040e-01,-6.932296544653369530e+00
-5.813776440981752280e+00,-7.114223269963674490e+00
1.013565991907303854e+01,-1.504100238638860354e+01
-1.541816830507691582e+00,-1.534431638906109230e+00
1.518140694739774155e+01,9.173328297750549254e+00
8.893224285559895748e+00,4.708272375213374161e+00
1.233412178111843671e+00,-1.711275907621356041e+01
1.706156711649989788e+01,-3.885471588692186451e+00
-4.186859127693242755e+00,-1.429643407361981389e+01
-1.561975292358278367e+01,-1.058689719608209856e+01
-8.509273367981956326e+00,9.976642573251606194e+00
2.041184635585811424e+00,3.578936357125045209e+00
7.660271104945492127e+00,-1.461578410118287596e+00
-1.937274414129320499e-01,1.425349327777876596e+01
1.326746337347491433e+01,1.212194414791246366e+01
1.034747929112744202e+01,-1.211763429376329348e+01
-1.658693130241962521e+01,-8.110174612538671113e+00
-5.178682196020568007e+00,7.588189625850410458e+00
-2.404157319610288113e+00,-1.325087198939250754e+01
1.820113761326989632e+01,3.198891752147255407e-01
-1.017377168968036294e+01,4.398362703255222605e+00
9.612743127754988848e+00,1.706263324884089050e+00
-1.600209544629282732e+01,-2.496581908991943877e+00
-1.803046990761984247e+01,5.920871571876770822e+00
-1.075580729026754057e+01,-1.259810595150866952e+01
-3.916356932024666282e+00,8.995896407857680188e+00
5.365629551377528728e+00,1.016622248431995601e+01
9.229939572143290860e-01,-4.284352311369846511e+00
5.272748322938846322e+00,6.508215389144337060e+00
1.911517862051403394e-01,1.559011875127411795e+00
-1.248994659631417115e+01,8.513987832927487176e+00
-1.081749730917411512e+01,6.628426420819903520e+00
-7.567066942767905147e+00,1.394661966382486362e+01
7.921049304216221998e+00,1.347104090634703866e+01
-4.209853673444126976e+00,-1.093657879936757737e+01
7.049063929009513174e+00,-3.953906790273892469e+00
-1.709242200061086514e+00,-6.852735033798809106e+00
-2.392187740802720786e+00,-1.520052769104596813e+01
-9.176678701687031037e+00,1.593726427104911458e+01
5.765863572166309403e+00,-1.809423195484203006e+01
5.155758576986093189e+00,-9.112167806691784833e+00
-1.405863886686909758e+01,-2.848728878512129636e+00
1.673753499058923211e+01,-6.679531047260480747e+00
-6.572935705606577805e+00,-1.389885125647048625e+01
-1.594093726098191333e+01,6.915388807767372192e+00
2.185979365273749586e+00,-1.027049977198079139e-01
5.826576611767568803e-01,1.141954148456049900e+01
8.605709250743284855e+00,-7.100308697360402377e+00
1.289220064593765613e+01,8.799708654967057342e+00
-4.989327271253146456e+00,-1.716247645083002382e+01
1.241183309944615409e+01,-7.357022676072038969e+00
9.668194025989919282e+00,1.229343757787048830e+01
1.851016300859616948e+01,3.558580381847538998e+00
1.456419663304648004e+01,-1.029350117107987739e+00
-1.026137309470291470e+01,-6.689393068320320879e+00
1.735856400078537831e+01,5.148649092559671736e+00
6.743939224592331527e+00,-1.189681962934424675e+01
2.381108467377973881e+00,-2.310090487452797436e+00
1.168678578895013409e+01,-1.358699872932981023e+01
-1.358759772375429442e+01,3.635853146057291152e+00
-1.429192507758490294e+01,9.609632922471018190e+00
1.409897394969303608e-01,3.533179180291108779e+00
-3.804965590931364439e+00,-6.231157229229940420e+00
-9.910419161722831660e+00,-1.620266388185696016e+01
-4.694302908959255838e+00,1.694225971965861177e+01
-1.216510068483261442e+01,1.037304685065314125e+01
-1.463489395560307660e+00,1.672068224333765585e+01
1.072921173615393009e+01,-8.082315019680722301e+00
1.686446326079352787e+01,7.483387995966433337e+00
-7.501460300180729845e+00,-1.020876856190778526e+01
9.528850721823869385e-01,7.852759783824503792e+00
1.504359377812808951e+01,-4.389357455837226141e+00
-9.617398316073812126e+00,9.702232161173057756e-01
-8.977840895187158665e+00,-1.255286576888995143e+01
-5.364096148057538649e+00,-5.183886030945757284e+00
-8.530002027139641285e+00,5.502234374466311806e+00
-7.888243423971989188e+00,-2.358656995438094928e+00
-3.065519274329336352e-01,-1.401261880091431422e+01
-7.054700445693367072e+00,8.970494478992220522e+00
-4.550231556076595574e+00,1.511136861513303131e+01
1.203463866234663904e+01,6.231289784191246461e+00
5.747712386175819477e-01,1.600883297423019513e+01
4.189867221988282431e+00,-3.475679637925994658e+00
-7.443890982320745309e+00,-6.197548620371558847e+00
5.166200612095045663e+00,-1.106025741278523533e+01
-9.235351328656330239e+00,8.158294903188515690e+00
3.410304222562493770e+00,1.432136991820839000e+01
-3.665807522148153197e+00,3.240539697535327335e+00
-1.196120768166603554e+01,-1.465174512475469148e+00
1.396060448012953792e+01,-1.280281850411522448e+01
-5.265466597754972611e+00,1.657118277887505542e+00
1.639644579800618018e+01,-1.314231092102571830e-01
-1.137077867701642475e+01,5.237758232482958576e-01
-1.045044420382279959e+01,1.292890259819715304e+01
1.235390734170927196e+01,4.064615369977432557e+00
8.339525424593333014e+00,2.995318958303848866e+00
-4.455485164311828172e-01,-2.979407820525723505e+00
-5.654305368300422963e+00,4.727137276360211082e+00
1.491694083329153031e+01,4.934420567251285306e+00
7.566001704157117480e+00,-1.741996387580014982e+01
1.597171254351754932e+01,-8.408641338966821976e+00
-9.429529843306227122e+00,-1.027334416155546748e+01
-1.250059901924415939e+01,-7.943535688355696678e+00
-6.364480259957473685e+00,-3.465070928767886027e+00
1.224903843601297204e+01,-5.438719474448475033e+00
2.178179796595440365e+00,-8.261307244738581801e+00
1.053433216668726047e+01,-6.240711550169109501e+00
1.320402816156212822e+01,-3.721048707259321464e+00
-7.843659576417531198e+00,9.941802100218546379e-01
-1.115551110279082891e+01,2.277610799495504157e+00
-2.644727005602648173e+00,1.832839641023226207e+01
-3.557985900902473464e+00,1.104476970752313747e+01
9.890322210016874394e+00,-2.487660511048519041e+00
3.488183286093314184e+00,1.041607971298728685e+01
3.895619844086697814e+00,-1.357142298530872537e+00
-2.469874972367013921e+00,-1.070873829617094231e+01
8.377179816708492766e+00,1.705185408213690934e+01
-1.315835339016677707e+00,2.366062409922173593e-01
-1.788853291703317083e+01,-4.521795471125876098e+00
6.706676272492018143e+00,1.197093894716183904e+01
1.041357814054723541e+01,1.016048369909842286e+01
1.399501485189220062e+01,1.203763010188755977e+00
-3.374222883474718326e+00,1.219414681275531737e-01
1.223254997010093703e+01,-1.130151257441033508e+01
1.957945233502061066e+00,1.709311468889513108e+01
-9.671438792939161644e+00,-1.424689383059394565e+01
6.010256094818341666e+00,1.490815072536311803e+01
1.673187553177422515e+00,1.002374189282240380e+01
2.602152550222788907e+00,1.816774834395236793e+00
-1.862828418565621291e+01,3.525090915542919756e+00
-1.608026674170689674e+01,1.000289006208660147e+01
6.479458348081352348e+00,2.974575101300562352e+00
1.882318975308922049e+01,-2.513707332881196965e+00
-4.188476025296409833e-01,-1.868867906061501216e+01
9.259542910584293907e+00,-1.658906617774981029e+01
2.898309378879623921e+00,-1.440812549410191323e+01
-1.092979072685276343e+01,-8.887041606510958758e+00
2.313004071552320351e+00,-5.628131111793136299e+00
1.023056831384046816e+01,-5.693576652139696881e-01
-1.607886338282387584e+00,3.189605728066559731e+00
6.745032219771548654e+00,-7.650403545817699325e+00
-1.264695270312898501e+01,6.530984016093284161e+00
-1.714810878198288435e+01,-9.519258421792499147e-01
4.741673385853202305e+00,-7.302701005422669311e+00
-4.505425161405741008e+00,-3.639714073061349087e+00
-1.217323930435315482e+01,1.362145870857787600e+01
-6.306514019297262408e+00,1.542414971785630584e+01
4.489304199401001227e+00,8.282872808100210094e+00
2.661932327093311290e+00,-1.836549134206103773e+01
1.145982043231141034e+01,1.515236195731149493e+01
8.574225570235251226e+00,1.008543095746271234e+01
-5.805909492319861087e+00,1.359231800039874116e+01
-1.410789661790133387e+01,-7.175609420201689126e+00
-1.490341702544375657e+01,-7.836911381281448374e-01
1.088030362024275988e+01,8.027688476462536471e+00
1.445260198869787160e+01,-7.265756875145854998e+00
-7.161664992815026665e+00,1.758038403846174091e+01
6.732882505299438769e+00,-1.584292626743463472e+01
7.087001470801708614e+00,-5.872527113336267313e+00
-8.880981684695452572e+00,1.172414342579866897e+01
-1.348839197790762512e+01,1.117144639347199320e+00
2.518910492920223843e-01,1.898991966619613336e+01
9.095875498182245167e+00,-4.170643943233319106e+00
1.144602922703615455e+01,1.187883377193954360e+01
-1.673313786240147394e+01,7.812397428827203560e-01
9.089237387133691781e-01,5.198471340666265483e+00
-7.952647900932831249e+00,-1.510189529059879554e+01
-2.270529702560921237e+00,-8.900738737310751603e+00
-1.897996570748190592e+01,-8.722872695159816780e-01
2.194840074408840991e+00,1.281906823185500954e+01
7.532429566594258219e+00,4.421955557913123114e-01
-1.288374514351990108e+01,-4.303097274738160394e+00
-2.925185809542094617e+00,-2.638210446155564437e+00
-1.356230296171671590e+01,1.176741516656390729e+01
9.880603902427008478e+00,6.519913872616878159e+00
4.832741752475791408e+00,-1.424186204011129142e+01
-1.922804825792783001e+00,1.500038873910044046e+01
-4.881469864217417021e-01,-8.233477689866619542e+00
-7.614304062927223171e+00,-8.021641854560405349e+00
-4.426959535315376226e-01,-5.392317582693120670e+00
-1.634934486230442019e+01,-6.168685862153265198e+00
1.149120443819550808e+01,7.264818168202064053e-01
-1.108806705594638409e+01,-4.811639869254311641e+00
-8.141379765258719203e+00,3.645878964648773923e+00
-7.385642416578977354e+00,-1.719496208192192555e+01
-1.595499056827286566e+01,-4.386556348050263843e+00
-1.439429819326057114e+01,-5.228444224705413035e+00
-1.275495738719280858e+01,-1.306376423221951022e+01
-6.695323959269504854e+00,1.188602171078319003e+01
-1.874238325849337272e+01,-2.856181415448241001e+00
-1.168389969217328428e+01,-1.087528346457588668e+01
3.086332612808354359e+00,1.862655505316363147e+01
-1.211441099427669954e+01,4.643878290034768597e+00
1.084555371087102493e+01,-1.006126703426768110e+01
3.852530008099604331e+00,1.216988534867571659e+01
-3.317663555274657838e+00,1.384075468417258215e+01
-4.784980104289322078e+00,-1.742476950044143047e+00
-1.000754036194598240e-01,9.526407281866843491e+00
1.122769193758740869e+01,2.555912784918975333e+00
-1.416396455961032785e+01,7.452829214828502025e+00
-1.156176640962089497e+00,4.960941945229904171e+00
-5.405438508238146866e+00,-1.222324264539491701e+01
1.541387224442755866e+01,3.140469055063046522e+00
-7.274485661300607475e+00,-1.203261531333613732e+01
-1.035455768502029583e+00,-1.176238258020063476e+01
1.371198428398776237e+01,1.036345569530205601e+01
6.996343461181126600e+00,9.259861458343324969e+00
-1.066807243111526304e+01,9.312982968920000104e+00
-4.114162448783152404e-01,-1.008980727383372766e+01
-6.057970275775492297e+00,-1.571947055120410397e+01
8.810323081556324709e+00,8.204852182636125590e+00
7.790265495996676393e+00,1.530327314761087187e+01
1.268599488971763911e+01,-9.278029684914171682e+00
-1.488134160831257624e+01,-8.907523195155617302e+00
-1.159953582036444075e+01,-1.476598136589322685e+01
1.401202598076794459e+01,-1.050194835106619884e+01
