-2.884294047274966744e+00,-1.238159567472955969e+00
-1.110176829881561744e+00,4.697521346726351688e+00
8.727465831797326601e+00,1.007926702572222766e+01
-2.217895870994503138e+00,-1.056234957954746001e+01
-5.825595946598577157e+00,1.135375710808369476e+01
8.314256830695306633e+00,2.179251406636636634e+00
5.009855668549193730e+00,1.299012474384269211e+01
-1.691061998501612962e+01,-8.677263871555125352e-01
-6.117172349304813572e+00,-3.715784680940171558e+00
1.481313915721050023e+01,-5.708607482867962268e+00
1.791428782807335196e+01,-5.569184024225264373e+00
-8.515015677649486747e+00,-8.494870970105674601e+00
-2.768234095851168419e+00,-4.631087820740694028e+00
-4.619834171344438190e+00,-5.048414641538942149e+00
1.110939099180757772e+01,-4.440132432569382503e-01
-1.500060392756192051e+01,-4.325544708897775537e-01
2.360829358259468602e+00,-6.772085385563211268e+00
1.175797130516038358e+01,-2.975417174702333689e+00
-7.359990966949203184e+00,6.798355152917659794e+00
-2.877469846126505360e+00,4.541654654713722650e+00
-1.285858985636365137e+00,-9.072405764319929844e+00
7.723363961974190062e+00,-3.628759173221251189e+00
-1.341807433324671273e+01,-8.534524310004497849e+00
2.474871835845453560e-01,3.416809295431638915e+00
-5.015834975584316346e+00,-9.517938027005916624e+00
-9.608430915446067644e+00,1.506745152456142323e-01
4.065867444288648325e-01,-9.786728592767314439e+00
-1.138238898547922595e+01,4.982184605085135942e-01
1.693107742227134338e+01,-2.127525770921534054e+00
5.982560639945866399e+00,6.175301989006291237e+00
1.546348133155960269e+01,-3.560138408305970170e+00
-4.390146459881641761e+00,-1.467660135942828781e+01
1.248686455642852522e+00,7.087047817429902530e+00
7.381960992022968959e+00,-5.486154177434350743e+00
7.345519631856808118e+00,7.608315340993213383e+00
-4.482372433256654354e+00,1.695582179013821289e+01
-8.313867113189161273e+00,3.819439254627942759e+00
-6.944270896197851428e+00,8.909211414184730060e+00
4.260273586192103168e-01,1.631649344550672254e+01
5.611979857954127127e+00,1.611810772004810133e+01
-1.449364646640442267e+01,5.693241538781414590e+00
1.352848606873553239e+00,-1.445886595769506755e+01
5.253849801383064566e+00,1.072561207294337038e+01
-8.802538287420997420e+00,7.833685446589369050e+00
-4.007220280762549436e+00,-1.103807845832452728e+01
-1.393078711185941820e+01,7.379453621908923289e+00
5.714429856900977711e+00,-1.228247813387512721e+01
-1.103342747293786896e+00,-1.448174392426987822e+01
9.226799063647961319e+00,-4.620377778575922356e+00
-1.686092464237679067e+01,9.573811307038452290e-01
-6.821377961442980364e+00,-5.433831983256169451e+00
5.382588036369588824e-01,5.296879022097565226e+00
-6.738953189408593225e+00,-1.471436560625606482e+01
1.038384122511494034e+00,1.685017348486157029e+00
-2.252311612217990255e+00,-2.886410345011938716e+00
6.595401441957918998e+00,9.221437896564939507e+00
7.050211150050802011e+00,3.575888024726616710e+00
6.610943623106961820e-01,-3.841195818664354000e+00
-1.236286920470151074e+01,6.212313608667633602e+00
7.768059254903591615e+00,5.754534284150368606e+00
9.618935923054095838e+00,8.937181805593715778e-01
1.048122211951015537e+01,9.870882547148500663e+00
1.008188614005509187e+01,1.165859603351357698e+01
-1.668036968572940992e+01,-4.265069320054472257e+00
-1.448958402318557825e-01,8.199963235733948252e+00
1.411586955688316891e+01,4.964411718914353067e+00
-6.925737233674131410e+00,-1.765515327015534197e+01
1.409916730798789253e+01,-1.231851386753232624e+01
8.576806201925947448e+00,-1.104378615934130181e+01
2.813706796892548656e+00,-1.775614672649207648e+01
1.240723516853117880e+00,-2.175909795391329116e+00
9.006510104397388972e+00,8.234713041019340096e+00
6.246774378799001326e+00,-3.599080878236705083e-01
-1.410746148694778768e+01,-5.919016449969737970e+00
-1.071782461317067892e+01,2.127661047668497396e+00
3.031427926603724732e+00,7.438099459595909124e+00
1.427199422339823798e+01,7.916722690156872133e+00
3.634217687105724348e+00,-1.145158059725365973e+01
-7.798244255062546593e+00,-2.933108207142103296e+00
-8.826690563451160543e+00,-1.507222032350377328e+00
6.720646915446341296e+00,-7.151220699960535221e+00
-3.335179826959882909e+00,1.394189845063698030e+01
-5.067638611494806433e+00,1.362659606460488604e+01
2.147071028575735507e+00,1.563696392176093219e+01
1.064757649952180607e+01,-1.142282575737783645e+01
1.402216293638452882e+01,1.083537032076808737e+00
4.119969711513657984e+00,5.952482432671218682e+00
1.919166440910519134e+00,8.833654794902308538e+00
1.264214864624397272e+01,-1.377257644331975506e+00
-5.420031020016117473e+00,-2.043263751138731266e+00
-1.091833957515039621e+01,-7.965863512446587080e+00
-5.546607867683425397e+00,-6.699774613807409906e+00
1.933943951468079792e-01,-1.583140689003863066e+01
1.867629681979308387e+01,-1.565159944481507415e+00
2.149109634893164866e+00,1.379536714914386764e+01
3.863036644254849605e+00,-8.662634260722564150e+00
1.121388817293866502e+01,6.478456717518559671e+00
-1.926930604325448382e+00,8.058418019555107392e+00
4.596544251431101458e+00,-1.806670928926652486e+00
-8.453931852910242739e+00,-4.626420218901948544e+00
5.341036815888612566e+00,7.877453205753122134e+00
1.138485487969511567e+01,1.349999789142511508e+00
9.406166358136347938e+00,6.384382854162198306e+00
-9.676007918259998064e+00,-3.190826116780208110e+00
-4.208681280736635166e+00,-7.945487710949167059e+00
4.678998344024444478e+00,-1.798165840964136208e+01
7.101874373324887912e+00,-1.686427642249549663e+01
1.056100923551684545e+01,4.744228703261712532e+00
7.120687318693412315e+00,1.091848899994896449e+01
-4.511275195347687728e+00,-5.367549594527676327e-01
-1.529951043626177842e+00,2.950191432282114778e+00
8.767287442930166819e+00,4.298472991072986638e+00
-1.529039093030967855e+01,-8.117096738778874609e+00
-2.130937967226610663e+00,6.219785598426629925e+00
-1.624916705732734812e+01,6.007656032424998571e+00
-1.489297786718674388e+01,9.355338101488605673e+00
-6.103877112098126112e+00,-1.301030649345903711e+01
-6.500658392969308252e+00,-8.303383325536684012e+00
-2.434236396127158031e+00,9.733699492356726601e-01
-1.100805508890819517e+01,1.138237385468311835e+01
-4.101868364552085033e+00,-3.327504309010961947e+00
6.587349450114218463e+00,1.453934450771749809e+01
8.021234299637052700e+00,1.574817062050552774e-01
1.536820505048875418e+01,-1.098398597021372769e+00
1.329723452192089317e+00,-1.136444335419925977e+01
-1.320421025911109503e+01,4.300434589928575413e+00
5.791117646284728693e+00,-4.452578488302418869e+00
-1.061283995797391988e+01,-1.510517593339268938e+00
-9.828796958546124785e+00,1.001518285095912120e+01
1.235861859681189934e+01,4.814761389073485276e+00
1.244257785594794008e+01,-1.155287951206729424e+01
-1.081071428940815871e+01,-4.671573451178806735e+00
9.484129527718485164e+00,1.604902710701641055e+01
-1.795510455537267402e+00,-7.382409251354297375e+00
3.630627393283330839e+00,4.252332475696087855e+00
-1.057091609554201561e+01,7.970289738500442311e+00
8.765945695842210839e+00,-1.436578793754362593e+01
-1.192092823537436530e+01,-9.944029474683796721e+00
6.661202256580724068e+00,1.367427616909864918e+00
1.304751541453767949e+01,6.527703517975130154e+00
5.173768017010507148e-01,9.964475051007374518e+00
-1.010892356028705841e+01,-9.668861611406912360e+00
1.630601771268076661e+01,9.346693338078306823e+00
-3.076937361060416265e+00,1.583277032220649438e+01
-1.509056051559684031e+00,1.393066044909020640e+01
-1.599278991995038801e+01,-6.349512912036680667e+00
-6.045688043248444110e+00,-1.104043168262973929e+01
-9.634520201207450896e+00,-6.101906321432919000e+00
-1.625447270448278525e+00,9.947015850206541998e+00
3.400856427259301817e+00,-1.511622484541429579e+01
2.842382446784615713e+00,6.281451331068050870e-01
1.410684113476384205e+01,-2.388510593536429916e+00
6.799515318226208471e+00,-1.046886944477862613e+01
-3.372441880238282064e+00,2.771920871200530545e+00
8.327181322130178032e+00,-7.863105520882905708e+00
-1.012804077377799139e+01,3.796384056026549825e+00
7.088183826722310066e+00,-1.501236507961189481e+01
1.754590782184092035e+01,5.076394036687143618e+00
1.270526560227932933e+01,8.931556877252322835e+00
-4.352941566624501490e+00,-1.286300429866309436e+01
3.804691658584083314e+00,1.637286902869463745e+01
2.367924947263854385e+00,5.631189287142644773e+00
3.624699969865082139e+00,-5.379460896934271652e+00
-5.393595963597691778e+00,2.586645867072597138e+00
1.639940049419043477e+00,-8.466618766890009695e+00
1.498085344710415434e+01,-8.285623832256778343e+00
-7.967309799246037549e+00,-6.800738484361703584e+00
9.406698874832210677e+00,-6.480426651992656772e+00
3.304615980344447618e-02,-7.699966239539779878e+00
1.652905269470652883e+01,6.601763236874214513e+00
5.443911139086329953e+00,2.652601261092340401e+00
2.844562526133588509e+00,-1.310304785322655485e+00
-8.498492266472650769e+00,1.699339957738605378e+01
-4.676956247833015112e+00,4.229696808570704292e+00
4.411927876365113299e+00,-1.354025766127151797e+01
3.914490315226459294e-01,1.417299768368341439e+01
1.868174575095015300e+01,-3.374995861454366253e+00
1.382057478010231044e+00,-1.893751318431275621e+01
-1.895536850632446146e+01,1.031567204818983008e+00
-1.291686340701467151e+00,-4.034693393506864623e-01
-1.042102424295807683e+00,-4.285764849669309484e+00
-7.648834928420907175e+00,1.139119389352494061e+01
-1.096793341308054082e+01,1.326261453324748274e+01
9.420516714856562501e+00,-1.002194922684726652e+00
-6.284283045855956207e-01,-2.101214697319060853e+00
-1.436152285783516014e+01,1.117761497160757322e+01
6.115466330157474317e+00,-2.695301500663525918e+00
3.549033453854987030e+00,1.008034288689000846e+01
1.637232024074583236e+01,4.472033914305139080e-01
5.388408455537899933e+00,4.449520120331894368e+00
8.484996648369035555e+00,1.454580713884925203e+01
-1.847077026214161322e+01,-4.439069645168691736e+00
-3.719069101308811298e+00,1.113903119275550324e+01
4.507385939955605991e+00,1.017131266587617544e-02
-8.966915778703956619e+00,1.810937456040184523e+00
1.435303700013284534e+01,-1.044249310276509846e+01
-3.081733286994585264e+00,1.804851740432004803e+01
2.594527510607391729e+00,-1.000365711824761483e+01
-5.821286589239152320e+00,5.875486045911707755e+00
1.020988619585888024e+01,-1.314586492079599189e+01
7.391819701650001129e+00,1.610233932509803978e+01
-3.322406457219758025e+00,9.413616174132684478e+00
-6.556957117285628023e+00,4.202851833190637265e+00
-3.974999307110871793e+00,5.910961867445684526e+00
-3.218667367044307337e+00,-1.716310680345408102e+01
-9.612974169153030601e+00,-1.176275336718398279e+01
2.125597281128341454e+00,3.180960118037941431e+00
3.669079961937689482e+00,2.208658635691650662e+00
-5.359577097560035419e-01,-5.991332956839899637e+00
9.917166675737979276e+00,2.927346903234506303e+00
-6.290590320432421834e+00,1.725105301233541510e+01
8.637207206282340621e+00,1.272418849515787898e+01
-7.823982396062225675e+00,-1.149309873840391916e+01
-3.658680280098078885e+00,7.656187617014042601e+00
1.121118044004010628e+01,-6.418736547491736388e+00
-1.565527455600298268e+01,-2.454682707408466058e+00
-2.634470240966214405e+00,-1.347783513185860294e+01
-7.021682978834317801e+00,-1.300603960366255141e+00
-1.484975255292996899e+01,-4.310079457100709277e+00
-5.201495978775012574e+00,9.516199043583771555e+00
-7.063101011475463320e-01,1.376857766333939859e+00
-5.594631028951011942e+00,7.767403224761375569e+00
-1.720944050254222191e+01,4.466036754558452060e+00
7.877438783707925440e-02,-1.764675371258793746e+01
1.196144399804814817e+01,1.083889683946617488e+01
-1.253884379991919040e+01,-1.268541009060696467e+01
-1.723666744887229285e+01,-7.964548472542358759e+00
-1.333956028689001805e+01,2.527831471828484222e+00
-1.173900745668479573e+01,9.298301873396615846e+00
2.478149339367822446e+00,-4.026333425643222164e+00
2.585843902030024122e+00,-1.307351845311673166e+01
6.828173157269211480e+00,1.272665569838422606e+01
1.665836923042188289e+01,3.550575045100556881e+00
-6.056443803570002338e+00,7.783952851785020943e-01
1.170221228498783361e+01,3.143773442936293794e+00
-1.447161012653726431e+00,-1.663319485752152360e+01
-4.237423582636123953e+00,1.230707859230762535e+00
1.340526818854040947e+01,-6.788312004588206605e+00
-6.869668497278190733e-01,-1.146289818920089942e+01
1.894449376237214366e+01,1.304258779523646883e+00
-8.737939870702051692e+00,5.581898065999936875e+00
-1.046552391837540519e+01,6.181261000916197901e+00
-8.351366995821006611e+00,1.516812940013025468e+01
-7.251071480448680440e+00,2.396897417075483538e+00
7.621951180337379839e+00,-1.590417186739085942e+00
-1.750261153363197408e+01,2.688517030381783801e+00
4.976877874107040078e+00,-1.019772413682640888e+01
6.139589398549021304e+00,-8.828976211974721267e+00
9.315812069244955751e+00,-2.810858065391457661e+00
4.217764249830231904e+00,-3.615765672785475893e+00
-1.166829439127517176e+01,-3.091372168342351845e+00
-8.307404156412738772e+00,1.319200811520669880e+01
-3.363292320017380987e+00,-6.346962801319909531e+00
5.228036375451514672e+00,-6.187924409146491556e+00
-7.856353151302094773e+00,3.824027117437195922e-01
1.281324163556778695e+00,-3.872855910112394384e-01
