1.490589668871975526e+01,-5.405705809713879262e+00
-1.153508634092954033e+01,1.436840092328183616e+01
1.419821179903931752e+00,4.671135654902180967e+00
-4.334662990240877534e+00,-1.240463705576635434e+01
1.112367880926425734e+01,-7.545159569999933424e+00
-3.107679053681239090e+00,1.202215453860471861e+01
1.550255548027905128e+01,1.817829774936333243e+00
2.229757750543755801e+00,-5.988400761359355506e+00
-8.599974630650104146e+00,-7.541671025940471118e+00
-1.209756986364168085e+01,-8.172976395321693843e+00
8.628402732778683415e+00,-8.554326187958508076e-02
1.708969986483458214e+00,-1.017947504460648522e+00
6.973492729461722384e+00,-5.047760381642996563e+00
-2.641242379828026454e+00,-4.766862921100712747e+00
-1.270601787306644681e+01,-2.978261282361673867e+00
-5.241609380917787497e+00,-2.743309116158641814e+00
4.360694870203322360e+00,-1.216866684153554168e+01
8.763618225969425524e+00,-5.461961571041824115e+00
5.103796169191690879e+00,-1.958128495478336784e-01
-8.013658952167425298e+00,1.525621273498611608e+01
9.458320167243746468e+00,7.590860463311284612e+00
-1.690147581991867298e+01,-7.337812795569389479e+00
-3.228789521625078596e+00,-1.493161693819409219e-01
-9.799344359576716457e+00,7.146331855268170941e+00
1.738304942290856658e+01,2.438916590747354007e+00
-1.082134545735239595e+00,-1.354825840198070175e+01
-9.343749264100509322e+00,-1.085508624390229926e+01
-1.017448910829808284e+01,-4.091636618189328445e+00
1.329921379977700902e+01,-1.242461805329567959e+00
5.614090951094117266e+00,7.591620473238179123e+00
2.324386417753999456e+00,6.240352635328072495e+00
-1.342352896806721141e+01,1.147261957527016873e+00
-2.432264312165672404e+00,3.396884600132422882e+00
4.007259135721051635e+00,5.713776668807935444e+00
5.170595740823769937e+00,-1.006478771356368362e+01
1.653918802894494533e+01,3.606887888209798776e-01
-1.584684256940260916e+01,-5.804603280594268000e+00
-1.404576937235066048e+00,5.569629008431181916e+00
8.146240393465713936e+00,1.395396270718992682e+01
4.539107011449996953e+00,-1.393581786433590253e+01
9.967986315553520882e+00,-2.991692581516435911e+00
3.961882110425645642e+00,9.701942004015718268e+00
5.097827641277145716e+00,4.245857463332390225e+00
-1.543043673828355367e+01,-1.797963940887955747e+00
-5.493280565729228293e+00,9.597734606558143255e+00
-1.078248952540939598e+01,3.540583708338316704e+00
1.158551326308943352e+01,1.442783334072733581e+01
3.766836689479334588e+00,1.703913366213858538e+01
-7.826782047772792295e-01,-4.971590227915558380e+00
8.737963822943848768e+00,9.266293514588126001e+00
-3.351532204651427982e+00,1.559953975966821815e+01
2.842724002690193430e+00,-1.707001945078614114e+01
-8.088205897908869346e+00,6.743114048406833483e+00
-3.794094842610096663e+00,1.022518534211759267e+01
-1.083674961009904791e+01,-1.557771755186331930e+01
-4.422901069820260211e+00,-1.056260259139749991e+01
-1.434784381877962112e+01,-1.121734492549922457e+01
-5.861963442009892944e+00,-5.330746982626894948e+00
7.594087699088050591e+00,1.738805056274958627e+00
6.943321827825190695e+00,-9.684371698144724760e+00
1.138486634026269373e+00,9.715931706693918812e+00
1.231733291004973019e+01,-2.742234496371523722e+00
-1.280492833467205571e+01,5.027691939063494431e+00
-5.822323067711194788e+00,1.625557014037428871e+01
-7.503528345440568792e+00,1.712988725525835321e+01
1.434116571854015731e+01,3.381007076399831668e+00
7.540768385384859940e+00,6.513805926220030074e+00
-4.123237685180858314e+00,1.722870546066799236e+01
4.233069191597689240e+00,2.691783288966468568e+00
-4.387828008500587629e+00,-4.351911685423026199e+00
-7.244078914785792911e+00,-1.573911414778359052e+01
1.499216928480749189e+01,-5.389523196925669613e-01
1.194756683515326046e+01,1.206508464260664493e+00
-1.958472114283286825e+00,1.032746779367002432e+01
-2.974519769911283085e+00,-8.472240391232054080e+00
1.643828455278688949e+01,5.490291664604114885e+00
-5.424940243481942481e+00,7.147592601473434115e+00
1.445579280370101571e+01,-2.616848343253306730e+00
1.013814951053253388e+01,-1.605776234276490300e+01
1.112206857818661687e+00,-1.650931433565655126e+01
-4.940668986209695746e+00,7.528422518227121385e-01
-1.236073804298489875e+01,7.576422565845347457e+00
9.688923531923032684e+00,-9.057596825968314391e+00
1.256606597812306525e+01,3.626385129267104546e+00
2.334103527918758303e+00,1.343988282938227030e+01
-8.235702310589198660e+00,-8.082380507522082258e-01
-1.808819283799487465e+01,1.709608171890952599e+00
3.298612556870461621e+00,-1.536582672292591667e+01
-7.989269695611962430e-01,-7.685807870828847754e+00
1.103489327308219414e-01,1.359587484812030844e+00
8.571457637431407761e+00,-1.692700093326709876e+01
-1.038557137630522931e+01,-7.515307272170582031e+00
-4.155203935088102263e+00,8.431397238957211826e+00
-1.841020307001367229e+01,-3.943597120393924627e+00
7.739194438064390447e+00,1.625266452210069801e+01
-6.829333063182180474e+00,-8.196797591257901416e+00
6.865947747927325651e+00,1.167565934531495236e-01
-6.487911006566800864e+00,-2.256149125520183485e-01
6.565964189659699635e+00,-3.336005883794546989e+00
1.610791705623593018e+01,3.678728272449663717e+00
-6.565326267555788853e-01,-1.653564277760103352e+01
9.622082730295360875e+00,1.638150346951551839e+01
-1.237744516104629966e+01,2.647039865699950756e+00
1.690934369424639172e+01,-5.284608499189483943e+00
-4.826598266330811349e+00,5.496470192890287265e+00
-1.638861572587916271e+01,2.510857592774826674e+00
-1.015312193025607268e+00,1.593730067138433881e+01
-1.697487984822499407e-01,1.430604680240808868e+01
-1.524964552627415237e+01,1.074562064612439416e+00
-1.368234130118442193e+00,1.256810304048395466e+01
-1.609553184344046883e+01,7.781110007016422969e+00
-1.125623622581048799e+01,-1.499078524125016521e-01
1.015571975682145478e+01,4.275902508977975636e+00
1.147919507849655929e+01,7.430927516818989886e+00
1.297696401181503667e+01,-9.792930011262104273e+00
-6.616393185738827398e+00,-1.274993443038377450e+01
5.600632531440940198e+00,-1.815203722624300298e+01
1.625425012728339880e+01,9.031853078535782231e+00
2.544532201082539746e+00,1.084542609383558975e+01
-3.377240584701768356e-01,-1.301163854658684782e+00
5.966575504884378489e+00,1.586267357345158580e+01
1.403691297409792504e+01,1.002696926811434786e+01
1.300118933523428488e+01,5.400259966169117298e+00
-1.425010481037321242e+01,-6.727236258114931644e+00
1.892961293546857826e+00,7.400452098245440258e-01
1.450430138092916010e+01,-8.914665093695878895e+00
-2.221996687154554451e+00,-6.656318694195825891e+00
-9.486406753166819472e-01,-3.174071583349454162e+00
-2.593165719642496647e+00,-1.073520502140098287e+01
3.709748573886419987e+00,-7.858032755543786330e+00
8.555144363207711322e+00,3.441378583291394566e+00
1.853680562813953969e+01,-4.829848716603101222e-01
6.205529630480597802e+00,-1.575629121190391446e+00
1.469994347164912263e+01,6.041750741267875924e+00
8.068701136169110555e+00,-1.261276548010656740e+01
-9.514395075842328353e+00,1.430811736114911703e+01
4.694186670383595050e+00,-1.658104942528991543e+01
-7.629659198878464110e+00,-1.127844682021009781e+01
1.056369367594984432e+01,9.208016122405192405e+00
4.223484479478967657e+00,1.350568116906383231e+01
1.880724963734427213e+00,1.568658323637796315e+01
-1.647041151720753760e+01,-2.954384642051903764e-01
-4.452827203708566550e+00,-1.695809367294370773e+01
-1.100389446329366727e+01,-2.462880020592028263e+00
-1.332013743268288142e+00,-9.496685037538654228e+00
1.154238127799953517e+01,-1.103142761016147944e+01
8.318858743852970861e+00,-3.745190532440449527e+00
-4.425867625108473646e+00,1.378399632665211350e+01
1.738930240509600011e+01,7.032517207850307983e+00
-3.231800939848577414e+00,6.878405941982832950e+00
1.264880650682622898e+00,-4.443824331898728275e+00
8.632014067923289957e+00,-1.052761597315990016e+01
-7.490651399157252754e+00,5.023629344926753504e+00
-7.382123250231401812e+00,2.828039147722879232e+00
5.271406556168538593e+00,-4.592066066069855346e+00
-1.086784425045198432e+01,1.737497639690329443e+00
5.507964729547341953e+00,-7.723717062680304224e+00
-1.484447978474319108e+01,6.440452751830346934e+00
2.478275276743851396e+00,2.421175828294181542e+00
-7.278602538708249803e+00,8.967912999148579090e+00
3.634766874818206261e+00,9.537127061597207023e-01
-7.114818106679758891e-01,3.916017466931694280e+00
3.112606155927780005e+00,4.166995834284890954e+00
-7.701864611612789346e+00,1.043235019215168258e+00
7.299028208726363154e+00,1.061604617595640399e+01
-3.924490247543063859e+00,-6.053201667216906223e+00
3.583983716615639636e-01,-6.341624505239662035e+00
8.110163709050933534e+00,-1.900831367010796802e+00
-6.890639565187122173e+00,-2.010133971851756129e+00
5.987776106798730069e+00,-1.507838069835744577e+01
-2.556995673848657447e+00,-1.252870107944797695e+01
7.340557381032392747e+00,4.745385363455923766e+00
5.861405579150510192e+00,5.832148554984806665e+00
-9.104752070239772621e+00,2.216107015605259800e+00
1.474096717208739582e+00,-1.851420540211063326e+01
4.339388970274556945e-01,6.170093816985361634e+00
1.379596930972318525e+01,1.142498376608425126e+00
6.929701528059482918e+00,8.776962109592892247e+00
-3.410451012425940842e+00,1.826334418916920610e+00
-6.826982205331724174e+00,1.089698077903343965e+01
-5.908117853783684481e+00,4.006232654795709003e+00
1.232861984632088959e+00,1.200992689407954117e+01
9.021179418841555053e-01,7.931305133128054408e+00
-1.630535988415618576e+01,-3.515375085075711059e+00
1.038394373736379528e+01,2.712125146458634339e-01
-9.005804631636621593e+00,-1.528913418995694329e+01
-1.037926613782058105e+01,1.590697361262771636e+01
9.992902380813587504e-01,-8.072173221136909049e+00
9.173355211541242227e+00,5.740545136643703472e+00
1.274740578333210550e+01,-6.738350026843833440e+00
3.469739435909549474e+00,-9.624093205536077278e+00
3.770677145286051246e+00,-1.859601184784519390e+01
-2.307507074881971043e+00,8.488891317302948991e+00
7.966808085435914677e-01,2.992349843226885131e+00
8.936378562490722155e-01,-2.691970925492988886e+00
1.102951241086333489e+01,2.722480146310861659e+00
-1.783927634324610767e-01,1.091271659752021606e+01
-8.597355680176532289e+00,-2.638042796272425328e+00
1.578604180623578124e+01,-3.854050235173004602e+00
9.451471992423552848e+00,1.768993119627006338e+00
6.739078963965453362e+00,-1.680642109738909795e+01
9.365377028971478168e+00,-7.257488208776361027e+00
-2.136432751397712160e+00,-1.578136340682259275e+00
-3.160381701032381141e+00,-3.045486740980063445e+00
-1.095104233331270649e+01,8.619934616032804087e+00
-6.291353613254274890e+00,1.453658570841445474e+01
1.810471778953606758e+01,-3.809851460061310480e+00
-1.408987239662874913e+01,8.245370895680169454e+00
-4.242748664979506756e+00,3.388762883784699920e+00
-1.452909445851716619e+01,-3.335072708747707892e+00
4.193406898655567261e+00,1.170434888640554938e+01
3.509635060531749673e+00,-4.362909714281929752e+00
-1.031197870404975703e+01,-9.320230673902216267e+00
1.448453693232082706e+01,-7.129929531906354256e+00
-1.873630874376712896e+01,-4.027030956809056761e-01
1.264454033482444650e+01,8.872523710415354259e+00
-1.381058874807186676e+01,-8.540336296056516119e+00
1.124514166965965067e+01,-4.360010296668757057e+00
-6.165078669441109049e+00,-1.010462702105023247e+01
-7.390681278426131762e+00,-6.250067258285181282e+00
4.067160530618701308e+00,-6.027388254848846216e+00
-1.244181036149143615e+01,-6.334942557273385511e+00
-9.539293112581194833e+00,4.247044732696106939e-01
1.618997106228686533e+01,-1.945546617963713310e+00
-6.787799491661387741e+00,-3.804876540885165692e+00
1.088505005819416205e+01,-1.433425975954408571e+00
1.325345626441065328e+01,1.358883471628737993e+01
-1.417776155225908674e+01,2.814492091059774381e+00
-8.962840878683964618e+00,3.999427796233224974e+00
5.679094062748969662e+00,1.486701377703222748e+00
-1.004951905996181871e+01,1.078227891799718030e+01
2.577229238619290541e+00,1.848553194962421031e+01
9.338582621291174890e-01,-1.157930112993947347e+01
-4.781229929265752965e+00,-1.046264089083509763e+00
6.461344667142872922e+00,3.076390411265490066e+00
3.531389166925413381e+00,-1.091493529600010559e+00
-1.939173579501903166e+00,1.884413714107990856e+01
1.604609442665983376e+00,-1.474006980605242667e+01
-1.051560750762458873e+01,1.274538891227156512e+01
-4.915153363557332789e+00,1.188197221787107694e+01
-1.005935305040462957e+01,5.402538434731583905e+00
-1.656892248107384891e+00,1.757907371700979438e+00
-8.330821109030679850e+00,-4.682841050380824655e+00
-9.559053654094087360e-01,7.335486598163410754e+00
5.295621423758518631e-01,1.693397127560595550e+01
4.290159419208194436e+00,1.528748735638683520e+01
-4.875489967417368398e+00,-8.802030830252180138e+00
-5.443545665765650021e+00,-7.091646991843711056e+00
-5.295788434439370196e-01,9.157607697710831829e+00
-8.054091694111942701e+00,-9.501925234384090757e+00
9.916548390521148448e+00,-1.179405407802801875e+01
3.849486924292286449e+00,7.464316202860279859e+00
2.691893625163126469e+00,-2.696660984304522835e+00
7.316732629272744148e+00,1.240228915820875777e+01
-9.672523649297351866e+00,-5.885202174088849603e+00
-1.380101021477970491e+01,-4.961005634646516782e+00
