7.053500031964529349e+00,1.411444325070068473e+01
-1.553286399778631477e+01,-9.633535946677213246e+00
-3.813445022989887967e+00,1.282913338544244830e+00
1.100319510054096739e+01,-5.364082538446612425e+00
8.280484772687060513e+00,9.597116526671566561e+00
-4.907936788120069060e+00,-2.167210912365689079e+00
3.190595454323793406e-02,1.546899124794248692e+01
5.313718019530804249e+00,8.425637519521101959e-01
5.481967726771642013e+00,-7.648165435952162916e+00
6.427577278709650344e+00,-1.237731564986169275e+01
1.239125048736717138e+00,7.938353622981054514e+00
1.320105967167094274e+00,1.619132229219242269e+00
5.227659045812186989e+00,6.461641963721299398e+00
-1.311618351720634301e+01,7.579162351849444867e+00
1.448767079439401861e+00,-1.252314663914856396e+01
1.460943064565944027e+00,-2.999739404674385934e+00
1.359563516423354557e+01,3.129142789586714990e+00
5.819846609844364416e+00,8.229415335707116697e+00
1.075510172128081171e-01,4.642156779403802780e+00
-1.604304202710672200e+01,-5.857561144933879582e+00
-6.288251237854684206e+00,9.550291343196812832e+00
1.463834215421444007e+01,1.046209051918163446e+01
-5.804202193924807851e+00,1.494622894033111393e+01
-7.891978731254888579e+00,-8.336615217840178005e+00
-6.005229333428443450e-01,1.712542856697060145e+01
1.262887505030042945e+01,-2.127687737679655022e+00
8.681496513445310370e+00,-9.638724530834515747e+00
2.977435067242807598e+00,-9.553355623013001008e+00
2.329421523841670894e+00,1.231739281606926006e+01
-6.286497107265716089e+00,6.540869147030133668e+00
-5.431034762020271245e+00,3.053254153347948918e+00
-2.779711563892693249e+00,-1.290493620426433452e+01
8.819430825261356688e+00,5.807706938893324455e+00
-6.014374344676259199e+00,-1.474301501178011264e+01
3.157180621505641049e+00,-1.783270359450316533e+01
1.785758429539597847e+00,1.544585402386249484e+01
4.142088337314000945e+00,-1.629976104676510573e+01
-5.861055089060255519e+00,-5.586208697830237213e-01
-7.182391833769123934e+00,3.043252153836371487e+00
1.546036873322635685e+01,3.551632621501260800e+00
4.599215398612864547e+00,9.530427869721249223e+00
-9.198634034913126811e+00,4.906590517122054074e+00
-3.083189523452882774e+00,4.929919250905680173e+00
-1.176737337659013866e-01,-1.550235185886856115e+01
-9.490788922888180323e+00,-3.681792193913584477e+00
-4.802598428849748302e+00,-1.012369203633249981e+01
-1.255935635989101584e+01,1.299160333035456283e+01
-1.608500804383515970e+01,5.867512393825254691e+00
2.705792966833076463e+00,-1.688324969855235169e+00
2.488930601660633291e-01,1.880501189811162632e+01
-1.587309090090189656e+01,-1.415363670055052037e+00
1.749948110864212936e+01,6.711881250354561068e-01
-7.391325666876556788e+00,-6.626393646375643876e+00
-1.033182262829360099e+01,-2.116190500803452501e+00
1.413007634020935299e+01,-1.270200545661415603e+01
-1.307766881273715498e+01,-1.336856954208132553e+00
2.734781222089960995e+00,9.026688290727475916e+00
3.895455725887233545e+00,-6.092626210761311611e+00
-1.131008207649527142e+00,7.410371210397447506e+00
1.076123096429864390e+01,5.038217850197828085e+00
-1.395228847798400196e+01,-1.072777403859204703e+01
1.872570279657312708e+00,3.347170688646384562e+00
1.123047134211896392e+01,-1.129060039449461073e+01
2.580896655512337379e+00,-4.877930126804465694e+00
-1.752849231248492856e+01,-4.925765401672168586e+00
-1.383045993517539207e+00,1.427629039731545646e+01
-4.290011177071736626e+00,7.833187323026730375e+00
-1.763999164828694077e+01,-1.990645711036118204e+00
-1.597959913054080250e+00,3.866292127812199997e+00
4.773732265201396707e+00,-4.479491580728224065e+00
1.477216900148599166e+01,-9.112230691086013579e+00
2.948004226077608703e+00,1.400616141059603947e+01
6.732082610253120603e-01,1.144897116935059422e+01
-9.478013646252041013e+00,-5.527412984706673305e-01
7.495137939311289799e+00,-4.055375965785709802e+00
-3.333839327940039787e+00,1.681089207203099534e+01
-7.505602364355664413e+00,-3.779525000887397290e+00
4.443013828476363614e+00,1.296140751466709418e+01
1.791778924959972841e+01,6.198526548106793044e+00
1.015892087953093537e+01,-1.790766466164702475e+00
-2.850030644843816741e-01,-2.703316675266254521e+00
-9.046657689387204826e+00,-1.130936627556263474e+01
8.318310410613918293e+00,-1.145299092772276239e+01
-1.888075438075712098e+00,1.250593418060071116e+01
-1.198429160656069747e+01,3.587504252328869381e+00
1.602900400452423324e-01,-7.754903393626438657e+00
-3.941509087490947749e+00,-1.773681309224062730e+01
1.563476982429251727e+01,1.744416829988395756e+00
7.157181927887054762e+00,-1.753105686276805519e+00
3.867727866481785792e+00,-2.969013802662001655e-01
6.512880274442085060e+00,1.238573854169106347e+01
-3.941834132932091617e+00,-5.783039801956921799e-01
7.023875139330010953e+00,5.924406678027369644e+00
1.637106748795551070e+00,-1.877581675509301462e+01
-1.514201350251609846e+01,9.638417952037846348e+00
7.379755307668869335e+00,-7.661962973621038842e+00
3.626763395434520199e-01,6.393742482189596288e+00
-4.287253853843433493e-01,-6.042613056062865695e+00
3.296473107646772149e+00,6.148669598251736979e+00
8.471728121621251439e-01,-1.320523750600584023e+00
1.652455789754681703e+01,-1.313372047023266376e+00
-1.515441575533179197e+01,1.142729499716606867e+01
-3.346667267305303728e+00,-1.121851289302084709e+01
6.814166923591144176e+00,1.605104086627076043e+01
-5.720272345087271226e+00,-3.777253077081457633e+00
-4.255485146595555435e+00,-1.582458466291347321e+01
-1.584176777094372035e+01,9.570932918692343083e-01
-1.396697619794997181e+01,1.474504831610995215e+00
-2.889264279596480467e+00,-1.471119019627215785e+01
-1.210599541278481084e+01,1.262855154307865657e+00
-9.160716295461533321e+00,-1.455390652244001259e+01
-1.716506117408872267e+00,-1.048075157242821298e+01
1.015515587541529463e+01,9.584599207756392403e-01
-6.037471436918499634e+00,1.237601442156213949e+01
1.139020122572838822e+01,1.162454284101207591e+01
1.127027161816060286e+01,-8.334817257601327967e+00
1.859906625979057893e+01,3.822070864737977747e+00
-6.953918548486773155e+00,1.724640811130736040e+01
-8.982552279654029803e+00,3.092068110200919318e+00
1.188944740165845726e+00,-1.676353987310129057e+01
-1.493205659307044719e+01,7.811387791814401460e+00
-1.727764431238277254e+01,-2.079941645285624252e-01
-3.434089671419334966e+00,1.337745569320902206e+01
5.034101821930823562e+00,1.123699853130862181e+01
-7.345129227808659955e-01,1.149463603340597606e+00
1.053197496821847068e+01,1.325968680203836669e+01
5.350570810098808749e+00,-2.814385352471411306e+00
8.381707563394945382e+00,1.274911974299075546e+00
9.462474124379433249e+00,-4.365960919837204024e+00
7.183553098165821993e+00,2.577073936064318893e+00
-2.581289808139080488e+00,8.533824451413382306e+00
2.818058231284336301e+00,1.831748826267847718e+01
1.780615380254622959e+00,5.188538998402960623e+00
-4.011658916103283623e+00,1.516557719583268593e+01
1.352340041619078015e+01,6.530428766081231018e+00
-1.534780862485881414e+01,-7.808663130874260005e+00
1.730369723239436297e+01,2.637466854690209139e+00
1.678154566717369178e+01,7.659289032492413440e+00
-7.436388694905590846e+00,1.090416270888507100e+01
-1.277040959248942364e+01,5.162337022537362152e+00
-1.534318063335969917e+01,3.781345461190720236e+00
-1.868288732200267699e+00,-1.617557410636579007e+01
1.627508280376782324e+01,-6.497425813852579779e+00
1.592189773255341168e+00,-1.069587584686594894e+01
8.670440347967222294e+00,-2.729118238232382865e+00
1.236616674677042305e+01,1.009362033996778862e+01
3.990694407930786891e+00,7.766961861410271339e+00
-1.418773171800020982e+01,-2.720821201225752439e+00
1.309743712176650021e+01,1.346145048625885243e+00
-6.671181669307626017e+00,-2.155958560688109316e+00
-1.312628917569512410e+01,-4.211855211771685426e+00
1.008758649671873719e+01,7.169629095763843551e+00
-5.587520904157346813e+00,-6.623612302971699783e+00
-3.842832011042350615e+00,-6.982178166619586790e+00
4.474655608453111277e+00,4.810049306523201729e+00
-3.242318792789543380e+00,-8.751488793088189055e+00
8.012493000960146716e+00,4.214299022186549060e+00
-2.688067421388330658e+00,-5.194965510043789259e+00
-2.202396733691143194e+00,2.114629311222836261e+00
-1.026420921383873086e+01,-5.903048867784304043e+00
-3.384309328130866157e-02,2.840757658471126490e+00
-2.309149313991530228e+00,1.816227385399386274e-01
-3.631741109425087988e+00,3.218919534437686636e+00
-1.953887597277764510e+00,-6.912111105767240637e+00
-9.074335096732204065e+00,7.820654948298135345e+00
6.970236797801737438e+00,1.123764977992753322e-01
5.535031458467410737e+00,-1.013191920647485755e+00
-1.080026487249739597e+00,-4.294337636592750584e+00
1.395825971824237621e+00,-6.321681216967758310e+00
-1.776871832388166084e+01,-6.721617010013017257e+00
1.117995749930355309e+01,-3.321627873660838226e+00
-2.838863025641283233e+00,6.799577029446287391e+00
-4.512682127588347747e+00,6.007870143333684076e+00
-7.211943721582549927e-01,9.131731842492236240e+00
1.849344581669674881e+01,-8.939936275696533929e-01
-5.593020019323867942e+00,1.235360760162881766e+00
9.506703661403266281e-01,1.368862717005701413e+01
-7.311811606766604577e+00,8.083337171595688986e+00
-2.139413632445964719e+00,-2.749035092230241784e+00
-1.112596808620909883e+01,-4.355932276379585133e+00
-4.464711575691874934e+00,-5.196710087045700810e+00
-1.068489117694668167e+01,2.348800659516085521e+00
-2.857600030372033029e+00,1.039563648358873316e+01
-1.865009103817135383e+01,-3.511738844597768860e+00
1.015678814982140965e+00,9.699285017619466487e+00
1.410507339792988901e+01,-1.088098226168612115e+01
-1.706451575901567708e+01,-8.343538333231633075e+00
1.759002023023737848e+01,-3.808232898775637310e+00
-4.505496265089445451e+00,9.680709598669514193e+00
8.237296637208853411e+00,1.161977629997433858e+01
9.258747380143866224e+00,2.907594591357495872e+00
1.890189188851769941e+01,1.888245722869224874e+00
-7.656650524921176704e+00,-6.151574960434937900e-01
-1.449602774118050696e+01,-2.355217533228272930e-01
2.097009893885013465e+00,5.800930531572092048e-03
1.493963742282270957e+01,7.717044433814503890e+00
-9.276019206807125883e+00,1.233433160594258782e+00
1.887576228889765950e+00,-8.097760934348496420e+00
6.185715026588122001e+00,4.269520938551872646e+00
-1.048053835480698304e+00,1.089328920870302397e+01
1.696965151105212755e+01,4.500904401275656497e+00
7.605191794885911349e+00,7.975491931683618141e+00
8.657683976713444807e+00,-6.262513209601143771e-01
5.277075890820572823e+00,1.454668560190868121e+01
-9.338074553826258395e+00,-9.441506554307025567e+00
-1.494847634776993850e+01,-4.420391026903970122e+00
1.256528169473533829e+01,-4.483834672909907226e+00
-9.932821775386319274e+00,-1.295981503827961312e+01
-3.786259216995179866e+00,-3.535811271245064002e+00
1.647411678122665757e+00,-1.499732050052543464e+01
-1.093800383157064182e+01,5.082576140674003540e+00
3.679033688021183579e+00,3.231676716430858853e+00
6.880879376586063856e+00,-1.017348403011215829e+01
8.774872604054351655e+00,1.343884482201621644e+01
-1.871299533916720659e+00,-1.865327144303102713e+01
-7.236154047034117021e+00,1.375763919763117471e+01
6.110760563654935140e+00,-1.435786151408935574e+01
6.391516259844708614e+00,9.934248821896124682e+00
9.135019611953882901e+00,-7.911411599701777320e+00
-7.465997159070767886e+00,1.261923196012446846e+00
5.362012551675896077e+00,2.688698125092939151e+00
4.671896443298551915e+00,-1.307804699456194264e+01
-1.402656175666511684e+00,-8.631689805591966191e+00
3.841250388174621833e+00,1.561243987451515913e+01
-8.074853529096193583e+00,6.359862475307402008e+00
3.217458060220813820e+00,1.077303797826454534e+01
-1.199281297948883207e+01,1.468567457103054608e+01
-4.480937372723092338e+00,-1.363464237252001077e+01
-5.016596862640793297e+00,-8.312741539498873067e+00
3.403425902863151276e+00,-3.324834425465529986e+00
-1.190358488761707889e+01,-8.654816044179664658e+00
-1.794831211419544914e+01,4.910361466615399628e+00
1.133022928228891146e+01,-4.085441180682015117e-01
7.082486776527436856e-01,-4.608200827182278303e+00
-1.434938381917526540e+00,5.666940455583590719e+00
-8.515308136655807658e+00,-2.169223185503922124e+00
-1.898445037427299553e+01,4.058243925274542252e-01
1.519611592451185622e+01,-3.461915672738200001e-02
1.582333626009100325e-01,-9.536939178681771878e+00
-1.203245720252541417e+01,-2.783441333882160418e+00
-6.446777362885148577e+00,-9.444177939759100582e+00
-9.048301158066670569e-01,-1.004913178980160415e+00
3.710719207192944236e+00,-7.879834987913932665e+00
1.184847718804020822e+01,3.380036771965755360e+00
-1.673244570361241301e+01,2.555394653652606873e+00
-1.428594317987069928e+01,6.130226842286619515e+00
7.734933142621494007e+00,-5.943971041870618421e+00
5.861894294050626897e+00,-5.896594722967601676e+00
-8.574104301639932757e+00,-5.270515093983402899e+00
-1.264690599191071740e-01,-1.128455436412579260e+01
1.294206303296456362e+01,8.356679475483240083e+00
-5.813625911741496566e+00,4.762300502619916998e+00
3.343827438866961099e+00,1.462203887524207602e+00
-1.151214694335793531e+01,8.892667007917051336e+00
4.781381519531836766e+00,-9.633429183567523424e+00
3.522989333009270752e+00,-1.452248915293379739e+01
