1.478164725370540999e+01,4.043130695341085046e-01
2.660126642466463132e+00,4.065759340454091486e+00
1.116743188188234726e+01,1.327344998468794390e+00
-1.469353821866800658e+01,3.314819225832933203e+00
-4.834289017201039762e+00,8.148780407659877767e+00
-7.843656207889816656e+00,6.772540016076643354e+00
3.754945182766607825e+00,-1.737448856222721005e+01
4.423074413882951639e+00,-1.516011327949128784e+01
-7.083328881200381844e+00,1.333960628676607740e+01
1.552230979812742495e+00,2.590163738101295632e+00
2.706635350504171811e+00,-4.350467002664230698e+00
-5.704621400092187322e+00,-6.255674435615484974e+00
7.926467591854662764e+00,-9.433858478414448356e+00
7.777068922355414138e+00,3.834296393247607959e+00
9.392978714822680431e+00,1.184176332861719638e+00
-7.131240139022215985e+00,1.033358102023209213e+01
-1.291382169914059119e+01,-6.167253326865428598e+00
6.666189921291199916e+00,9.839893447842717578e+00
-9.512988175800076718e-01,-1.135061641519471820e+01
-2.950132077862233082e+00,7.849709595527467165e+00
4.134270312475810449e+00,9.598482160150046738e+00
-8.222636447771032309e+00,1.710723658347694709e+01
5.503834659384906347e-01,8.209926704947717369e+00
1.293107810133016677e+01,-7.498285562822306183e+00
-4.572828429392814975e+00,3.180058818129602560e+00
1.316592975284300415e+01,4.845777103151198695e+00
-1.681110317358560380e+01,2.438860954881193255e+00
1.016969343856777463e+01,-5.382912683748642957e-01
1.053397629424885018e+01,1.133786112928545542e+01
1.207430454018778221e+01,-4.424292049675627503e+00
-1.143408853747107123e+01,-6.209125559068159328e-01
-9.252015549855920895e+00,4.828951217870352863e+00
-1.106930272501687895e+01,-5.910501422378531267e+00
-6.839473511022840846e+00,1.810010182091388531e+00
-2.599375878998924971e+00,1.469960688648352765e+01
1.352655598281388372e+00,-1.730735463014889675e+01
1.268904251107046521e+00,-4.223492164878712152e-01
2.795743408602536562e+00,-9.913367032983593674e+00
-3.176431556585578853e-01,1.550578609437895317e+01
-7.622444838568522840e+00,-9.111020596778738323e+00
-1.426764864056363358e+01,-1.045401416934605754e+00
-1.045658416891803810e+01,-4.242011227782366944e+00
6.180116985427885012e+00,-9.754116986177402637e+00
-5.975936465155469612e+00,1.190944261625286948e+01
9.178920256857669102e+00,9.779191650905595168e+00
4.013792801070525051e+00,9.948486287169105990e-02
1.538883846274795530e+01,-1.032544416232183515e+01
3.608834566481808004e+00,-8.306289056161638484e+00
1.295795372761260644e+01,-1.227468963924871304e+01
1.155159818991881471e+00,6.543857033869466377e+00
-5.284232725946506726e+00,-2.648323631616934293e+00
-4.114685044498891386e+00,6.426512957063824416e+00
-1.108378690658671495e+01,1.288387568483794254e+01
-7.466751455341243293e+00,-6.645455267473938221e+00
-1.415665926080368386e+01,1.070575622259662119e+01
8.528269351204114557e+00,1.449697584961163166e+01
-6.831671728778342612e+00,8.454895099981998285e+00
4.601324593605742863e-01,3.988917593439877951e+00
4.584167155010122841e+00,-1.056967819399042519e+01
4.744087363469019714e+00,-6.807313213932697060e+00
8.791123935368846176e+00,-1.679527816578047617e+00
-1.528430986540747716e+00,-1.549420384064088196e+01
6.453136194171151807e+00,-1.497818951676238974e+01
-6.038362292479572346e+00,6.808705463893573118e+00
6.140315069930585068e+00,-1.275641229407112331e-01
-1.071106817013049017e+01,1.460569012407850309e+01
2.674341456345016521e+00,7.688379534544083072e+00
1.811815955733025874e+01,5.613270316589205500e+00
3.006434953876351734e+00,-6.144983566367556271e+00
-4.161742280895668777e+00,1.426410894469215096e+00
-8.080524506248737637e+00,3.370702000849333135e+00
-8.750125479421793528e+00,1.616000632354741562e+00
-8.732316135013057590e+00,1.270540925883654459e+01
2.545611116383645900e+00,-1.419884694319635976e+01
-1.212529415249464115e+01,3.577393628178665352e+00
-7.117630517797397083e+00,-2.950995736818646797e+00
-5.704336053848646060e+00,3.798102337498448500e-01
-1.727144277130755157e+01,-1.652637580672052797e+00
1.645605883792394142e+00,-2.853342127832631192e+00
7.765236078763939176e+00,1.924084604683254263e+00
7.974205866453782043e+00,-4.974533097252315655e-02
1.105903075602000385e+01,-6.461658623410710511e+00
6.202201242350914967e+00,-5.127067739971124638e+00
5.251109563377029943e+00,-1.359612272309639636e+01
-7.850560243848315745e-01,-5.190399181173916965e+00
-6.055628004592502833e+00,1.713759729790978170e+01
-1.385920374972302405e+01,7.570544591408421731e+00
1.117427493866040145e+01,-1.460278299902597787e+01
-3.942832381117709617e-01,-8.325622259739505537e+00
-1.389379543999842959e+01,7.750738033462806209e-01
-1.643016015457765278e+01,6.748894619276797791e+00
-1.634187838087723676e+01,-6.280135728000202811e+00
9.489278239498206702e+00,4.535282443548918074e+00
9.722736560054863197e-01,-4.946743274629976206e+00
-3.681766217705404909e+00,1.319360284470399769e+01
-1.145574847513795369e+01,1.009201588387654347e+01
1.162922563821309430e+00,-1.105448513992985049e+01
-1.891162389563531887e+00,1.016677488074280866e+01
-1.572454042028549104e+00,-9.662551272545833569e+00
-1.046409201342338946e+01,2.074584589045728400e+00
-8.828470470200780795e+00,1.448765327019501115e+01
-6.496639468790807115e+00,-1.253677445688806680e+00
-1.503790864816680894e+00,-6.905829310960870160e+00
1.372842166359674376e+00,-1.281246354596038017e+01
9.482976854209050899e+00,-8.256772917006834689e+00
1.303200645659917223e+00,1.670975049326589712e+01
-1.205318997193434022e-01,-1.442253689563545294e+01
9.478021827988413861e+00,-3.332757614145755110e+00
-9.864414202768948314e+00,1.623200054909653289e+01
1.766049195377601677e+01,3.308773571260680946e+00
1.094433785518466884e+01,9.494843776366645116e+00
2.821503451197023837e-01,1.004668594158517081e+01
6.528273103471551764e+00,-1.227311336750438464e+01
8.901463809609611033e+00,1.267193421633338168e+01
-1.517411823117055114e+01,-2.889847404242329443e+00
-1.474503019332541243e+01,6.020104927007188245e+00
-9.467602454659049371e+00,7.557698004054994811e+00
9.839499083539461566e+00,-1.601491400717322833e+01
-1.352546264561073208e+01,-4.465855011017728415e+00
1.491674044160876278e+01,9.784037805572467050e+00
-1.161813369272335095e+01,-9.203863221447857512e+00
-1.509421721465674082e+01,-1.077697491700016741e+01
7.887431718478945974e+00,-1.371145876780871653e+01
-7.350794698486480705e+00,1.551216458151997912e+01
-9.019519820687731837e+00,-1.123949518163570716e+01
4.037625924113462106e-01,-6.648723295728006022e+00
-1.227429213968761879e+01,1.567169865105577209e+00
-5.691169656459537762e+00,-9.872441192166917290e+00
-8.851414350665256947e+00,1.092767092115273542e+01
-1.144253165114620430e+01,-1.351082579004889439e+01
-1.161128525432988923e+01,-2.741562402540329568e+00
-1.302691718356031814e+01,-7.947205436152232849e+00
-4.704326678523275795e+00,-1.145999319010777029e+01
1.490138851116583574e+01,5.759422257146593616e+00
-4.367087812626838428e+00,-8.643236853517123564e+00
-4.943640003920491743e+00,-1.587889095793997818e+01
-1.452853082028998166e+01,-6.856372109445231011e+00
3.647038318224615772e+00,-2.854990988519382267e+00
1.371538229036372769e+01,-1.106721991610323919e+00
4.383122593109435527e+00,-5.011288644053494501e+00
1.124519561114338018e+01,-2.854129748331328820e+00
-1.552430375976532551e+00,1.685156123137422668e+01
-3.348641574117044772e+00,1.634943293266525899e+01
-1.729111709618000958e+01,-7.775817505440452138e+00
6.213247409967315171e+00,-7.797665744619084904e+00
1.751433324934692781e-01,1.423607935951142656e+00
-3.965597620122535805e+00,-6.848905402814772891e+00
-4.391817717235301899e+00,-1.842819935599344561e+01
9.117125660292677125e+00,7.984022439465550569e+00
-1.722498826690227247e+00,-1.305459561486778597e+01
-8.965779076723439545e+00,-5.558581011824038853e+00
-1.076331601255772163e+01,-1.089654237888286836e+01
6.952615049382453449e+00,-1.725965736464440292e+00
2.869552706025197075e+00,1.085970190211761199e+01
-1.534222108137350915e+01,-4.778130569579098541e+00
-1.744022280886789122e+00,-2.107306848325554594e+00
-8.842341564519676567e+00,-7.842390345766209414e+00
7.429397261725649848e+00,-6.445065886021939860e+00
-1.759401448920805189e+00,4.448225640393943081e+00
1.188509840884196578e+01,-1.154969154952612431e+00
4.885596008066364959e+00,-1.440929022752084787e+00
-1.049936136795420083e+01,6.137067103012166847e+00
1.132277434979730657e+01,-8.280836508500019733e+00
1.283639969634734701e+00,1.188193759224970592e+01
-4.951449068684325994e+00,1.529089917617314498e+01
-4.584738672659795178e+00,-9.847271570087590131e-01
-1.483851518703240835e+00,1.329238020291862021e+01
-2.963510131782147283e+00,-1.079856962258844000e+01
-1.065317864728325148e+01,-7.654943657592850670e+00
3.465632134001832565e+00,1.585464076893327068e+01
-6.328151684646548425e+00,3.541881171655058669e+00
6.249741270192712861e+00,2.942941836991067817e+00
-1.337426434518008378e+01,-2.652236650646332183e+00
4.925799587761363341e-02,-1.709749224449403249e+00
2.866437848892407381e+00,5.858228987405281529e+00
-7.391754895026770855e-01,1.148614280743567306e+01
9.221141324479162904e+00,-6.431640865537918472e+00
-1.327086013862786018e+00,-3.357668557597091041e-01
-1.295709425795292624e+01,1.255400077983161111e+01
-2.778389883833460416e+00,-5.549816208912964122e+00
8.451841387865426825e+00,-4.792542851160505712e+00
1.371715758941432206e+01,-3.086425943746748057e+00
-3.870296574474908713e+00,-3.777902974507592049e+00
-4.320585642021746331e+00,1.788791685154775735e+01
-7.155237157300892825e+00,-1.094441665710824907e+01
-5.530364722728355886e+00,-4.459711212294727112e+00
-4.033302956998407462e-01,5.584841823919594717e+00
7.760264754176463775e+00,5.749438148088741762e+00
1.114066320660138665e+01,-1.005121793697580301e+01
-7.378589316020257804e+00,-1.443974441959900012e+01
5.254923538424573159e+00,1.427987991394316536e+00
-1.805852794959101715e+01,-5.875562046050778697e+00
1.258170602306644170e+01,3.036523331670656134e+00
-1.683465636813463107e+01,-3.646036921922207519e+00
-3.547870850675568732e+00,4.688003240944175865e+00
-2.758451347396202458e+00,2.923929288930898984e+00
1.315909698192345445e+01,1.308803825574773372e+00
-9.860192836039281872e+00,-2.291249761538479479e+00
-1.454999275688393379e-01,-3.516805208706712094e+00
2.573479293488385444e+00,-1.600828352904247609e+01
2.838467824803630801e+00,-1.246828448917397747e+00
-3.729120915633638234e+00,-1.423642603808508156e+01
-1.886202882853720064e+00,1.381664765307733411e+00
-9.813023715478028208e+00,-9.339033372338983341e+00
-7.636863976399737020e+00,2.483602834765644141e-01
-5.368581917095910150e+00,5.118491945127797926e+00
-2.277245160709309602e+00,-1.863462504981103507e+01
-5.560169006922224710e+00,-1.419321257076200204e+01
-8.336800323532491674e+00,-1.592420832912350548e+01
-3.109651710147103287e+00,-2.068220790052905864e-03
-7.272729140348032750e+00,-4.757123424253480337e+00
-1.234474176071962415e+00,8.540748725460995061e+00
-1.304839276108144297e+01,9.207277238074919268e+00
-9.635296523315140860e+00,-8.821736886942863065e-02
6.771696109532631347e+00,1.437797801343164927e+01
-2.653000758348989407e+00,-8.231141299847502424e+00
6.165201151836006588e+00,4.749043724637918018e+00
-8.016202074991657156e+00,-1.275990055721194594e+01
-8.753990116873220373e+00,-3.676573040556676553e+00
-1.107261231521709632e+01,8.339943873614608094e+00
-8.524157523936445102e+00,9.073947455103274606e+00
-1.595889338585382689e+01,4.586908748330788654e+00
1.470797138672346982e+01,3.845772178810345387e+00
-6.469368499482082147e-01,-1.709103660455740581e+01
-7.323026394837288677e+00,5.012468950455136074e+00
-1.556826270978360505e+01,-8.358137818694718391e+00
1.957522517960055053e+00,9.357524443496588518e+00
5.748757965216103827e+00,8.188473483931545616e+00
-9.425918822286316612e-01,2.868847521275604606e+00
-8.307596722603545203e+00,-1.433679748138125820e+00
9.680253627260386295e+00,-1.358563656862929214e+01
7.370498684239688458e+00,7.477579618098121550e+00
3.610226804732328709e+00,2.295735172184673711e+00
-3.583100886469881896e+00,9.514065104780065951e+00
-5.395471283024369846e+00,9.958283945351560362e+00
-2.025158665594528618e+00,-3.863175707821740801e+00
1.115911752865394790e+00,-9.238504936749672325e+00
-2.030094026129326767e+00,6.306065870241622129e+00
1.656527567255360367e+01,6.499105887199221776e+00
1.743672724194934531e+01,1.539933358788553086e+00
4.369450348877010448e+00,1.183939610559390765e+01
4.636224000061949013e+00,5.702583568719337137e+00
5.560448727276192660e-01,1.392673384272497827e+01
1.079546219729455991e+01,3.197596294557561780e+00
1.770903942644132911e+01,-2.771578657998406414e-01
-6.122194354155712226e+00,-8.010896211740949013e+00
-1.221568031682493682e+01,6.857818583645994615e+00
7.114942684041742460e+00,-3.586857951090321794e+00
2.876044842578946881e+00,-1.174753179063706909e+01
9.369899343650464729e+00,-1.056945817706867174e+01
2.360803332116306663e+00,9.534353141002781529e-01
5.363876161685444899e+00,-3.458207708461758401e+00
1.892363055051532017e+00,-7.622751059612316027e+00
1.394594467422922612e+01,-5.812019077821110713e+00
-6.211512807150427307e+00,-1.243704685110840558e+01
4.594870411734643056e+00,3.822217154534077732e+00
