3.621032763827275680e+00,3.562106949051829230e-01
6.756032146657942050e+00,-1.041792633556879455e+00
-1.846070929399811789e+01,-4.489725466051666558e+00
-1.519008354453558474e-01,-1.598834128281459499e+01
4.626092002643463985e+00,1.068960364100674809e+01
3.204155517176444423e+00,-8.730862816779152880e+00
1.084896345068491996e+01,-1.159256184589261807e+01
1.509055361206898871e+00,-1.000234572936893329e+01
1.165275366064451257e+00,1.384621865661716988e+01
4.727393100571773310e+00,1.884397857315938785e+00
6.251133906216161940e+00,-1.759792994386749854e+01
-8.072051889117743073e+00,-9.885238756059136378e+00
-4.604512563707020334e+00,-1.292221907580209361e+01
-6.318832189976200553e+00,9.211026104739774567e+00
8.488443761814863819e+00,-7.303088022837028959e+00
-7.984452235519457375e+00,-1.812876495334335702e+00
-1.265830450394864215e+01,7.396769918579252590e+00
-1.487825234122636608e+01,-9.162126727078646837e+00
-1.090874760545552569e+01,-6.086625174563074836e+00
5.902289013806390372e+00,9.197473683345585016e+00
2.448807456030448748e-01,3.192405117371079903e+00
1.285188656010553565e+01,1.316039877244556955e+01
8.227952411536715971e+00,7.753187561386265081e+00
2.021713982654532060e+00,-1.515849549444638455e+01
-1.284598345903230632e+00,8.269322262619583697e+00
-5.516958194187267850e+00,1.083098409423330644e+01
3.529271810119820607e+00,-3.932278398298638677e+00
5.672866936846149066e+00,-9.782017579484733716e+00
1.576616286168089864e+01,-2.231814959455475478e+00
4.383282917855884975e+00,-1.280728070839057686e+01
3.276863453923416492e-01,-3.757347803455554303e+00
-2.708409953018017013e+00,1.152893061496678229e+01
9.544121054421668138e-01,1.046800415127593098e+01
7.697360847404025819e+00,4.450030894392221215e-01
1.159150401242158068e+01,1.175958376048471976e+01
-1.414428186513953278e+01,-1.192288332206548418e+01
-4.762957249073718202e+00,2.714471427479682397e+00
-7.937725226767581077e+00,-1.171273950232950156e+01
1.294771054525488374e+01,9.720341120638941845e+00
1.154856672476828605e-01,1.354367439485547386e+00
1.306375398575741720e+01,-7.215134307983924522e+00
-1.772312209101520608e+01,-6.199020372235016119e+00
-4.394496663447270635e+00,-1.058945739166814448e+01
6.993804033704785539e+00,1.266686872615434467e+01
1.368650054587548759e+01,-1.905577008262703709e+00
-1.027169895934386545e+01,1.200824469430053298e+01
6.527664858307528739e+00,1.785190125687540874e+00
1.146289523144260336e+01,8.559192345454670559e+00
6.485790507357704016e+00,1.088149977775989008e+01
-4.692133516981638053e+00,4.595704284656643601e+00
-3.040308878339522014e+00,3.244166659654569962e+00
1.764895172643574739e+01,-2.174840052874916108e+00
3.250017353288796151e+00,1.689110572091869855e+01
-1.079324501845123052e+01,2.454830514625594429e+00
-2.593918772390882310e+00,9.738465208023271202e+00
-9.202393192953731926e+00,-3.529448386092130185e+00
-5.356855294399299083e+00,1.684686001919305198e+01
7.344572116620482483e+00,4.029897647945168693e+00
-6.055556524666430462e+00,-1.189679228021648782e+01
1.120151738199145974e+01,-9.719259232210283983e+00
6.797503662680132841e+00,1.443024984409387557e+01
6.742601002640903118e+00,-8.027004843125672195e+00
-3.125219463765723571e+00,-2.518163497798092898e+00
1.872088934460083953e+00,3.445190703572548196e-01
1.020683487395305278e+01,1.056064065572390831e+01
-1.622261190675097220e+00,-3.543903941886400233e+00
8.220957112550278723e+00,2.370280121905352644e+00
1.538002410666385877e+01,-1.114841718531251935e+01
1.462122507644353497e+01,5.386468184973494111e+00
4.360205363434243253e+00,6.394395593410825640e+00
1.086732296796368935e+01,2.137413571821496383e+00
5.669374465066019830e+00,3.388591425737294216e+00
1.166968032949714518e+00,-1.387214977637062141e+00
-9.658301611080476690e+00,-1.126314707648968216e+01
-1.538559250049891958e+01,-3.997543904278409443e-01
-9.190338789930562413e+00,5.347059373390108838e+00
-4.580460551974146810e+00,1.843163966277537114e+01
-1.167717008168371429e+01,1.311093889721747807e+01
-8.116401591189184472e+00,1.658323830838765289e+01
-1.108792837310542900e+01,-1.240584351076375569e+01
4.865969250436182669e+00,-8.015096377575940068e+00
1.604761942056546209e+00,-1.340210144169333972e+01
-2.203823098673688641e+00,6.599249110078051039e+00
-2.779689817907020633e+00,-7.587884133858536551e+00
8.288063007847719987e+00,1.133959764417974903e+01
1.069888190747558632e+01,1.528738021498645061e+01
9.980277364448996380e+00,-6.285887162687316732e+00
-5.082850564053032372e+00,-1.784528183305702953e+01
-7.808972068448147397e+00,-4.716835597718297635e+00
-6.771101149047830781e+00,1.215065967781626810e+01
-1.311213994460854337e+01,-9.518740594785199960e+00
4.085171490977563380e+00,8.789505842581174733e+00
1.176875565759323727e+01,-5.926805688895306012e+00
-6.026191185810413131e+00,-4.591175450793005375e+00
8.049807499754331630e+00,-9.299015042026800515e+00
2.239123230546219201e+00,1.536010560533470404e+01
9.292453862396753195e+00,5.962734787074774445e+00
-6.312083298969020539e+00,-9.646833344378519470e+00
-1.086676946125880683e+01,-2.689828385447387671e+00
1.498247979156951537e+01,-6.106833610571684723e-01
6.070024336987487779e+00,1.610168427490376075e+01
-7.417828587332422785e+00,5.210969199197357682e+00
-3.696541132265168006e+00,-7.245115146788528859e-01
-4.549366910036797051e+00,-7.050255789870059075e+00
9.365257386362074374e-05,-1.413102115041672313e+01
-1.421186918064867477e+01,-6.985627218521202053e+00
-1.238734889721953891e+01,-1.121813337336708472e+01
-3.400366214710854429e+00,1.629050051363870466e+01
6.699731955557719942e+00,1.776874986157833192e+01
1.315592513489385063e+01,-1.143291251093136474e+01
1.449182192179143946e+01,-3.577034271918845931e+00
-4.675921824691993578e+00,-3.446358371845825275e+00
-6.261001661913170757e+00,-1.390427533756819933e+01
1.661482546022309137e+01,4.432993853622895636e-02
-6.279491908499876374e+00,-6.529269564669908377e+00
-4.660966117326923452e+00,1.491174299995891595e+01
3.689680700501002164e+00,-1.460378411692031264e+01
9.704706156039103249e+00,8.820512426753387203e+00
-1.133947750047023462e+01,8.647023061868621241e+00
1.667491296102483744e+01,-6.112210291432093712e+00
5.506613427764573743e+00,2.212789369859347599e-01
-1.764935137655790243e+01,5.679423647769524131e+00
-9.426868674821745619e-01,1.367385360512820469e+01
8.938581552310473910e+00,1.478346724718852379e+01
3.129164052455536416e-01,5.029315118496419323e+00
3.008555287026490888e+00,-1.295721714344171938e+00
-1.516959567360843231e+01,-3.462194795455620699e+00
1.496378524909113494e+01,3.577366544520335090e+00
3.480625675992045309e+00,1.388660420707528331e+01
-9.967868787521210194e+00,-7.642987518651729317e+00
-7.653178651841987090e+00,-7.729232338034780270e+00
7.878907783327845138e+00,9.557853913101055809e+00
-1.339781239171203353e+01,-3.509454750491209030e+00
1.419336488258456797e+01,-8.729226279951827649e+00
8.558609366443135968e+00,-1.133930904851796706e+00
1.162438227436018323e+00,-6.342745730187594688e+00
-1.448212069401774826e+01,7.914768781098246997e+00
1.205845561340255223e+01,-1.239110478881678246e+00
-5.189385541371390076e+00,-1.649970007625144230e+00
-1.819839262597970242e+00,-9.161968627000598886e+00
1.363412922762947943e+01,-1.322361003676047986e+01
-7.110931348691181597e+00,7.226606626334000971e+00
-1.601557760440323719e+01,-6.672205678612078472e+00
-2.314300126945431746e+00,-5.795036732183454831e+00
5.960962754557235677e+00,-1.382044552062072817e+01
-1.502935479711259958e+00,-1.293134011301184394e+01
-7.737642246716198713e-01,-7.356234490544382609e+00
-1.726590118510797467e+01,-7.906416332352706355e+00
7.677714077888291300e+00,-1.336419300674482891e+01
-1.244669055031225291e+01,-7.149187101300757519e+00
-1.260662043055298298e+01,4.763295713460140135e+00
-1.554140618210724156e+01,2.151452282221380852e+00
1.692134402047421204e+01,6.059145386529881883e+00
-8.021273980122222369e+00,9.701226586934145857e+00
-1.292307750735818672e+01,9.716842408098875339e+00
-5.138666537714159155e+00,2.967506585891549475e-01
5.961534917962191926e+00,5.228881733293170520e+00
-7.796813607746813091e-01,-1.131961250590670254e+01
-2.613703097058367675e+00,-1.077578600579138346e+01
1.837111191127247078e+00,4.007516473876200358e+00
-8.564659827232719014e-01,1.042520378775492951e+01
2.028358447277280430e+00,-2.916286445691152363e+00
-5.242056365060804524e+00,1.313576389164428448e+01
-1.257892551162249184e+00,4.243529792354848063e+00
-7.760052975743064074e+00,2.659651777280731100e+00
-6.255345490529784946e+00,1.717565244160409010e+00
9.507997491960315628e+00,1.264604384394812087e+01
-1.156216122369587218e+01,-4.410337504514645346e+00
-1.715625705469568274e+01,-5.302375720301424344e-01
1.536930300638906921e+01,7.045201415531598066e+00
-4.933608170958676542e-01,-5.533929887356548782e+00
9.274403211741349295e+00,-4.637830449700494739e+00
-1.036396766349646548e+01,1.024890791038354010e+01
4.783081847786541552e+00,-1.485596231236716802e+00
9.412267771254308357e+00,1.015358106866763199e+00
1.424680838404519356e+01,1.052136959968083207e+00
2.879323529361122347e+00,-6.854044972059665675e+00
-1.421219130405608322e+00,2.427089489877135353e+00
3.371364390765948738e+00,3.040674729164857926e+00
-8.706764616802445289e+00,1.629834444436150942e-01
1.378582014193085126e+00,-1.692996809104228362e+01
-1.798612211272816452e+00,6.782654987789215051e-01
-6.911437142138976419e+00,5.973139707494044826e-02
4.308264950889380884e+00,4.536308061456701957e+00
-4.352572863250940394e+00,9.442965852270642557e+00
-9.342001493556894687e+00,3.528136830717684358e+00
-1.896088745281916133e+01,-7.961787542541288731e-01
1.108114844631820795e+01,-4.268333757410603724e+00
-1.716275556264450719e+00,-1.508783276800861906e+01
-1.642377613449710339e+01,-2.238812387770421797e+00
6.183577603533968237e+00,-6.311100419437045694e+00
-3.559452978196032014e+00,1.197038056222796909e+00
1.143944523310209149e+01,-7.917221668703448678e+00
-1.355408850079476579e+01,1.165752309707509582e+01
5.597658382834145296e-01,8.316410869307098608e+00
1.432606905725878343e+00,6.698169509192752891e+00
7.829687531980074056e+00,-1.154040632650065845e+01
-1.051314687684334537e+01,6.583399540226859692e+00
-1.404765099361247493e+01,6.086093196924395876e+00
8.047594429688267326e+00,1.642174520128503090e+01
1.518614225400692685e+00,-8.136408525738024977e+00
-1.488199644253060505e+01,-5.212583565379192763e+00
-3.374516984039288015e-01,6.677516841012595350e+00
9.777598517140233980e+00,-8.589830334552299718e+00
-5.172358700826413802e+00,7.839464056818305160e+00
5.042695396436904787e-01,-1.849799902305835886e+01
-3.478610374240192815e+00,1.342945955166242555e+01
-6.269272634814568868e+00,3.723930715287046667e+00
-1.823335734196659885e+01,-2.639660545755278420e+00
-3.984473264144577698e+00,6.485898263788143936e+00
-1.084938964728958055e+01,4.440796772685877691e+00
-4.340775784098707568e+00,-5.209369688883194627e+00
9.212263164341852217e+00,4.093246511989537595e+00
3.953703904110210665e+00,1.856864294878461763e+01
-9.248705357728184140e+00,-1.548511593350283810e+01
2.373506480932313867e+00,8.183320564101718375e+00
-1.442399292081202988e+00,1.641661208978036868e+01
-3.220386205349848208e+00,8.082289076898709013e+00
6.622534577365936315e+00,-4.579004334841119572e+00
-3.051144403248896853e-02,1.527979683270174149e+01
9.335492076250098137e+00,-1.055435898271900896e+01
-9.465360750105290322e+00,8.646713430051830684e+00
-5.803324756552346031e+00,6.042815173082521696e+00
2.769554869724268453e+00,5.520767822356960508e+00
-6.597817444173339929e+00,1.551328752889513218e+01
-1.628949982873947278e+01,6.972987175079158995e+00
1.105896930051505755e+01,5.918136503559439099e+00
1.037597120850174548e+01,-5.414699258633484114e-01
1.672247104553709462e+01,4.192840758553755265e+00
-4.145619309594724688e-01,-2.161938240071675565e+00
-9.736810715223780832e+00,-1.321976869909998076e+00
-9.836437188879017413e+00,-9.433943085238720272e+00
8.676478672094171785e+00,-2.910990456426350903e+00
6.924286705046898582e+00,-2.826018127136063374e+00
4.761331033577331340e+00,1.260154403665430145e+01
-6.594814444112657270e+00,-2.917529373490994615e+00
1.714443439908204248e+00,2.166416947317002961e+00
-9.100548047391685103e+00,-6.091141083246014887e+00
-1.663092136096705076e+01,-4.727092128130212956e+00
1.140835562431611550e+01,-1.328254406467268822e+01
1.321595967200379640e+01,3.278288423911685623e+00
7.462893209788634685e+00,6.143320007710550534e+00
1.939547210593783655e+00,-4.752076234969879742e+00
-2.976895770291994481e+00,5.017446383992192338e+00
-1.147842047300500568e+01,-8.622219260391219109e+00
-1.054799986187156158e+01,3.928375038345028880e-01
-2.314140282155940476e+00,1.479669742210361250e+01
3.066177668679439972e+00,-1.087380187167166490e+01
1.147461000331081848e+01,4.122134572686217524e+00
-3.300781292564545666e+00,-1.420376523849344963e+01
4.872470726463562052e+00,-5.133994970376254408e+00
-1.871455111191706822e+00,-1.129696371056789994e+00
-4.690322466678995106e+00,-8.822109457699513158e+00
-8.519019880847222836e+00,1.254651218182702799e+01
-1.436020238722439757e+01,-1.871416641914029677e+00
-1.308147977492394176e+01,-5.413615843602305411e+00
