-1.264884856360332144e+01,-8.267647245169179371e+00
7.416809483771469758e+00,-9.591628405193572959e+00
-1.737478631581522848e+01,7.659478464237935214e+00
-7.990352258337767744e+00,-4.316223238016529962e+00
3.700038208842594933e+00,-7.652177833773764704e+00
-1.853324304575562564e+01,-4.129045830930350824e+00
-1.080164971819069208e+01,1.511392716040521833e+01
-1.315963639518358486e+00,-1.394524911827393332e+01
-2.087051192716405712e+00,8.361825455542073016e+00
-1.020297986955670844e+01,-9.564039606002694427e-01
-2.427153269852541762e+00,-1.881925957176779463e+01
1.575225647808139939e+01,4.250819978619481354e+00
-7.136036688008560169e+00,-2.739086273954142392e+00
-8.615598228938761594e+00,-1.541304608447074997e+01
-9.625840003223459007e+00,3.205193214199369312e+00
-2.430245376355278708e+00,-8.927653554098085920e+00
1.675197457883779251e+01,-5.002471344914786400e+00
1.741587870819954809e+00,6.300947473280679390e+00
3.780424934363084244e+00,-9.441417883687840629e+00
2.142124095042347243e+00,1.707858903880308432e+01
9.568475254663795226e+00,-5.254607764348793175e-01
-9.026399503607583696e+00,1.539889116717600093e+00
1.553052322010307407e+01,-8.472959948678832065e-01
5.503656376492407354e+00,-7.408684016470153288e+00
1.241946531419452704e+01,8.453031368265946810e+00
8.615826990497342797e-01,7.838098691100948479e+00
-4.649757177109907325e+00,1.321493357527930357e+01
-5.558914469432410854e+00,1.000139682219112203e+01
8.105999506264518928e+00,-6.128244694183181629e+00
-1.309526389437782790e+01,8.809177805275474782e+00
6.893070807336784789e+00,3.041870972167767029e+00
-1.369007695216593667e+01,7.087486008927771586e+00
8.284919320446731961e-01,-7.611842628825951529e+00
-1.079758852405198866e+01,1.165317039677487720e+01
-1.561714370224418502e+01,3.700986819856481702e+00
9.891837655356180647e+00,-5.507379696021199145e+00
2.354131893935880626e+00,-1.242334049540198038e+01
-1.232553097695749322e+01,-1.410079021336960636e+01
-3.254965050030318441e+00,-1.400209237476820334e+01
6.258854048635760670e+00,-1.267361130202275454e+01
-1.408541506012049860e+00,-1.379977545306657838e+00
5.091257224494417644e-01,-1.117761441229097308e+01
-9.652595511330725131e+00,-3.599618766629812949e+00
-1.243987167403387950e+01,5.737631513472781997e+00
-1.297456850100011660e+00,1.840028152870014111e+01
-6.240525024230085371e+00,4.613028340711838204e+00
1.714670024889802846e+01,6.105742663972448803e+00
1.206768412614098729e+01,1.201632603226688545e+01
-1.302328620779671020e+01,-4.188438984950265009e+00
-8.031027420173002529e-01,-5.938869478643047373e+00
8.699182621401931215e+00,-4.087764719566323812e+00
-6.078106472726527265e+00,-1.575065176804687184e+01
-2.498544959872457394e+00,6.299934235733877230e+00
2.973297749657402012e+00,2.130745903814191600e+00
-1.747065344741803017e+01,-7.358092897331738769e+00
7.604827561954712323e+00,-2.672309556246066364e+00
4.368143977777122267e+00,-3.871403578388260325e+00
8.546309632388625843e+00,2.324964819729226750e+00
-1.088578787234772882e+01,-4.890540692292143277e+00
-1.163279559853846568e+00,-1.046006370263758356e+01
-3.261802103834216204e+00,1.701951352190305400e+01
-1.650952261053173586e+01,9.382900205684798323e+00
-1.463314403000873121e+01,-5.161483633599555532e+00
2.979212598742571938e+00,7.577785410468912630e+00
-2.042137838767948299e+00,1.357733723313122276e+01
1.240871853412359727e+01,-3.020619141191857704e+00
-5.959087162179145025e+00,-5.914372313962292793e+00
-3.878955121393958372e+00,-1.564420639243444100e+01
1.766656531712762401e+01,4.318403933051107479e+00
2.345588775654213531e+00,9.515884913969829384e+00
-1.476210276750150996e+01,-9.246590957512440312e+00
6.305554600763483286e+00,-1.770374463294917433e+01
1.068240674544507307e+01,-3.627311911638113617e+00
-4.985075406834435618e+00,1.562078423039398167e+01
-3.209214860887362519e+00,-1.508297778699639213e+00
8.677053582946777865e+00,5.971817907960423000e+00
4.125905488169174379e-02,5.490381220789345207e+00
9.402141430454211246e+00,-7.476219779643852981e+00
-9.254776050927020492e+00,-5.618609591252102575e+00
-4.872863448892077010e+00,-7.862143202087544802e-01
9.510631280246862218e+00,-1.433807139893290916e+01
-6.562751064036453919e+00,1.332328268997946275e+01
-1.105318711182883895e+01,-2.496737458789225705e+00
1.108360136235856608e+01,-1.756945398181621654e+00
5.503524547364760267e+00,6.114613035706562449e+00
-4.971129521441586263e+00,-2.720026042482171835e+00
-8.439815390587535049e+00,-1.187332211314937069e+01
-5.042023304341485712e+00,-1.417372072999012644e+01
8.586546108631321061e+00,4.203019616373869560e+00
3.952360137028903403e-02,-2.424113895743898350e+00
5.623920723591435689e+00,-9.173357408920912448e+00
-4.593815616681225511e-01,-4.190577057860330079e+00
-8.802924287953411309e+00,-7.426831095730650034e+00
-1.694534749676701679e+01,5.928328365817044698e+00
-1.523394076966128496e+00,-1.570182373774418139e+01
1.388575019674015110e+01,1.013563895639937762e+01
4.356727960602733152e-01,1.071065851137675828e+01
-1.286531029347650179e+00,4.691791314840003668e-01
5.832792070766269710e+00,-2.342539929253132147e+00
-6.258042082721166466e+00,-9.041546130969402739e+00
-7.460820122361687901e+00,-1.693504645870580205e+01
1.685303880286147304e+01,8.693799029423619373e+00
-7.809271071413116161e+00,5.651597812433029056e+00
3.775295624536838979e+00,3.691664255785143567e+00
-9.082624032287072158e-01,3.952218113085640194e+00
2.274754521001059793e+00,-2.199795967009504860e+00
5.469052320548867030e+00,1.263852101081801393e+01
2.276847401470707855e+00,-6.597228319818856157e+00
-1.075716191399420296e+01,6.656960356995238470e+00
4.093050564752940268e+00,8.952309177291171594e+00
-8.611214499387029875e+00,1.417065895723269264e+01
-8.399341205191737103e+00,-2.716532045425297803e-01
-2.464321531060358339e+00,-6.733057801484037874e+00
1.186571919814722698e+01,1.709886065606619709e+00
6.537052163496953838e+00,-1.546453010998656374e+01
1.012164382300442478e+00,-9.103316895806222719e-01
1.638457833385691487e+01,7.303724804563357376e-01
1.201197272594590792e+01,5.148913147841682303e+00
2.011385612178818727e-01,1.547406504391958260e+00
-1.515878690904516901e+01,6.037181717801833436e+00
1.372089227574860848e+00,-3.707791326789108943e+00
6.544628369842578230e+00,1.487084211565941061e+01
-6.501022666499039815e+00,2.870865177141099345e+00
7.250048861704345704e+00,-7.747580859370369666e+00
2.216769301549503357e+00,4.530413529175635112e+00
1.499350325020602881e+01,-8.241489112313384879e+00
8.106004073097649254e+00,6.043730324295027989e-01
1.529971138446745549e+01,1.123611180931673381e+01
6.400696082154374800e+00,1.096275210594346072e+00
1.464977389153491316e+01,-5.004812244595510329e+00
3.768346181002674378e+00,5.725685901877777262e+00
-8.314488043755092761e-01,1.499309244813563069e+01
-1.129235599393677525e+01,2.394324057340677214e+00
1.569308011559406957e+01,-3.549855073344295509e+00
3.130916504108993137e-01,-1.527897890288602589e+01
-1.605602843187925544e+01,-4.076317234876680295e+00
-1.750305644387663051e+01,-4.552019606622795256e-01
1.320457073037097029e+00,2.930289326368988867e+00
1.001472092443252748e+01,1.321457023499744254e+00
7.470133839458819480e+00,8.165881542403536031e+00
9.424856819335275304e+00,1.241138004551587315e+01
-9.250383803760644952e+00,1.052711449875935834e+01
1.033756631535003301e+01,1.063994736258126572e+01
-4.943612504723271961e+00,1.923236618726807956e+00
-9.904912053381300652e+00,-1.063398005555583481e+01
-1.329270470588231490e+01,2.966370769490827897e+00
1.606681612962344019e+01,-6.680723037026358391e+00
4.609910791966822075e+00,1.427877281258204434e+01
-1.429169485730747091e+00,2.243688926742101852e+00
-5.088521405306615897e+00,-7.641563750496590757e+00
1.793023579947849555e+01,-7.621836031586948224e-01
-7.224392631145036603e+00,7.363132099103811612e+00
-5.742285332059729797e+00,6.327546037948296842e+00
1.242647759882888181e+01,-4.829953386791430603e+00
-2.959732184348454975e+00,1.181205614127267545e+01
-4.693857688639960557e+00,3.734401300394358358e+00
9.374106327248735715e-01,-5.403337693507743289e+00
1.459182075662999267e+01,-1.149633637686005372e+01
5.052325944530783985e+00,1.043278864393394123e+01
-4.009443660936357623e-01,9.070330967153772406e+00
7.122192991220788194e+00,-8.683273781012917913e-01
5.539033962671392253e+00,4.309412812195284381e+00
-1.667480917046628619e+01,-8.979178984303290534e+00
-3.185530164295297784e+00,2.136705648099012311e+00
1.019308126758642175e+01,4.971626997470092846e+00
-1.287125196072266498e+01,-2.438067729921963966e+00
1.783155751881956519e+01,-3.478001364743993129e+00
1.061178762767733019e+01,1.568047594369834385e+01
-7.492203012194359246e+00,1.161009974084310414e+01
8.433208932187246099e-01,1.840169022623825867e+01
1.074161853841795811e+01,-1.563374769286209087e+01
-1.284185208105720655e+01,1.058211079697029255e+01
3.156411014601573917e-01,-9.417881354842272401e+00
-3.636756071539813728e+00,-3.912460317236076790e+00
-8.974180952260377708e+00,7.078637048263748177e+00
1.210480382278233868e+01,1.023456281396672729e+01
1.180654972152567339e+01,-7.586356968052246685e+00
4.328173158576570145e+00,9.297164597816591769e-01
5.214016376360924632e+00,1.623379848629683053e+01
1.128935085214549261e+01,4.571765611458711992e-03
-6.062761424997716198e+00,-4.128479041476428968e+00
2.107703794155730836e+00,-8.879784836937723469e+00
3.081504756099586295e+00,-5.034654526452797541e-01
1.259283671273087712e+01,3.380789059848232192e+00
1.022549182392225253e+00,-1.360948681118004444e+01
-3.431290937694936094e+00,1.465489727052847613e+01
-3.416813670463505037e+00,-1.045463878266204993e+01
-1.042230053628094133e+01,-1.445327660891394039e+01
-6.652572030888177501e+00,1.659276491126495756e+01
5.899306105161347347e+00,-1.094400146064741008e+01
-1.659179668124572871e+01,1.095139576656710245e+00
-5.384497250828688131e+00,-1.742687384428476705e+01
3.882296152922628973e+00,1.174745845371700170e+01
-5.022182177743001574e+00,1.755714662826354200e+01
-1.026270349894318734e+01,4.838860080100971572e+00
-7.330264183093064823e-01,-1.731422911205815041e+01
4.072322214371527416e+00,-1.997085533232488608e+00
-3.061086237549032862e+00,2.980605340752985333e-01
9.395247020869522458e+00,-2.322689239847560927e+00
6.288906616956126072e+00,-4.040714519993840348e+00
-3.467515740712467043e+00,-1.739768489529257423e+01
2.795911626579754561e+00,-4.795932558496884823e+00
-8.291013410206987677e-01,7.086118425272850629e+00
1.066560665185735601e+01,7.027713415894308646e+00
-3.622546825966961759e+00,9.263865193888250360e+00
3.433643220830268739e+00,1.581959985544669678e+01
-3.892471977361797730e+00,7.477356021762853189e+00
1.049875456332078194e+01,3.068301991976745580e+00
-7.274998770385200153e+00,9.151515210880761586e+00
-1.409291310138720199e+01,4.642868564046693791e+00
2.398021509460172673e+00,-1.066112968856401721e+01
1.796518477579599704e+00,7.476371957488440190e-01
-8.783222527623323117e+00,-2.056160354865991469e+00
8.019408160742125702e+00,-1.327936944608927305e+01
1.131728054894645785e+00,1.548793665696116584e+01
1.396542979314588351e+01,4.772273442391078424e-01
-1.499256269847422551e+01,2.019103048842223913e+00
-2.012757469104165420e+00,-3.212018844797174033e+00
-1.305232317116569085e+01,-1.011576177761034145e+01
-1.407828489199716415e+01,-1.019037387600469691e+00
-6.979546039524790579e+00,-7.338640524817770405e+00
-1.137943536065110450e+01,5.664931652915110583e-01
-4.146841532235652217e+00,-6.027726682897749377e+00
-9.104440947991777833e+00,1.242995522502361538e+01
5.218062801523863037e+00,2.486799327428904860e+00
6.364408608014303859e+00,-5.855184616151322352e+00
-1.520036211438198848e+01,1.138635242942574699e+01
-1.057922259438423751e+01,8.993389674048939852e+00
-2.641062222259069170e+00,4.456562699405338002e+00
1.727925778885001407e+01,2.499997944481223033e+00
-4.115380755602467744e+00,5.476406485582230310e+00
1.190811361290594839e+01,1.419595412365736919e+01
-2.930296171711637587e+00,-1.214048830530055945e+01
7.078890377580286497e+00,5.176366398876789177e+00
-1.715979265204032345e+01,2.797168300436001953e+00
-1.560350574980729910e+01,7.872732726968315831e+00
7.907695752313596671e+00,1.716519851341860559e+01
-1.099798157321608461e+00,1.185771511482659690e+01
-1.023188400455101510e+00,-7.815926837676196115e+00
2.155977804029566069e+00,1.133800239574202529e+01
-5.715955435209266966e+00,1.176815613831285567e+01
-1.167044010931215325e+01,-6.603077772639649012e+00
5.299445811840749698e+00,-5.658940351568397809e-01
1.869250653072047541e+01,9.622425084367408621e-01
7.907601084943939540e+00,1.344304030364240177e+01
1.064900342468776806e+01,8.849193645036272926e+00
-1.029437414981851651e-01,1.685929308638320734e+01
-4.862165905665300158e+00,-1.236884066474771693e+01
-1.374824209669184327e+01,-6.848271826980244725e+00
-7.942448242100101474e+00,3.874358888301331127e+00
2.161387185530236899e+00,-1.497714757240291661e+01
-1.188154656302074130e+01,4.059087927768782578e+00
-6.391405711336702211e+00,8.084675504845649785e-01
1.293691598402648779e+01,6.664068130039586535e+00
-6.660551498358538325e+00,-9.604688691288402191e-01
4.365504234029364383e+00,-5.657758343533634715e+00
