-2.535341096086996426e+00,2.431088637223982385e+00
-2.779467631102235270e+00,-1.363161898366158908e+01
-4.013073842479919939e+00,-1.231105256541215631e+01
1.368737663282352734e+01,-4.210276217254563136e+00
1.215335362952634846e+01,-3.329460319183937145e+00
-2.983290632582741519e+00,5.927721662602859709e+00
-1.159812809576885861e+01,-2.996211938899285165e+00
2.316767267232437977e+00,-8.422538762738282614e+00
-1.050875012540252662e+01,1.295199553869798414e+01
8.140008531256262003e+00,1.129471039267103727e+01
-6.579100518107098061e+00,-1.926990484098294765e+00
2.655381738950266524e+00,3.765357877914499163e+00
-8.961054875043004131e+00,1.391610635181658751e+01
-1.311688579050339598e+01,-8.660997647169805802e+00
3.912138254777117297e+00,9.966866420847736663e+00
4.799905992313696856e+00,8.448163529628811119e+00
8.588937185990646483e+00,-1.594565564125333790e+00
-1.124554937374288244e+01,-9.246305180424748471e+00
-1.721380574618410719e+01,3.026249663530660605e+00
-3.423683542342208064e+00,-2.974279631258962553e+00
1.331606108122582288e+00,1.323169987117499602e+01
3.094715612688889728e+00,1.153462443316865915e+01
-3.625852353556886509e+00,9.197926944971046126e+00
1.601315843944381712e+01,-5.906401621153803738e+00
5.474062610653788852e+00,-2.349340551574315761e+00
1.781646684614219822e+00,1.592398376577988772e+00
-1.110942494430865146e+01,6.931166250528375983e+00
-3.552994184606095729e+00,-1.051165763060302361e+01
-1.544592786200212409e+01,-2.327667789922350572e+00
-9.766992681871302651e+00,1.694382631856061083e+00
-1.271925231151698910e+01,3.701519398397391303e+00
-1.484748141937475907e+01,-9.222761326257675307e+00
1.481438546944147205e+01,-7.836007553553206328e+00
-8.030950402262913457e+00,-1.128868959043975018e+01
4.792923672531520296e+00,-1.295101047685175999e+01
6.129094557988383762e+00,-1.421709380395981626e+01
4.966637988333387987e+00,1.046723765455195299e+00
-1.626875049443238908e+01,1.491092701544142640e+00
2.611363258115753538e+00,6.144006409008023084e+00
-1.682178561429273600e+01,-1.144013176587722613e+00
-6.506329539032799758e+00,1.327647255242898616e+01
-1.047880288850164732e+01,9.272071714766518369e+00
5.068080795999160143e-02,1.340457032600218534e+00
1.281804931640803602e+01,-1.398516786625006070e+01
-1.090076133042184203e+01,4.837296435612021384e+00
1.003972989595865961e+01,-1.611749252483110695e+01
-8.375700944088684707e+00,-1.681252825107935944e+00
-1.783037325001931572e+00,9.686724095025361692e+00
-5.130965287558907351e-01,-1.138924760056966790e+01
9.748114248344390553e-01,3.204920203489351582e+00
-5.897358985603887938e+00,1.000963079309113546e+01
8.654506023858280273e+00,-8.565004167968433890e+00
-1.031400803082367723e+01,-6.203880312490960058e+00
9.841108356987882999e+00,-1.311102822039705096e+01
-3.023604962946075947e+00,-5.608883778463278347e+00
-4.098373810308460818e+00,1.458208485688870404e+01
1.318130213567242315e+01,4.094518332931971649e+00
1.513392931651311812e+01,-9.636184837094280198e+00
1.140309989753077424e+01,6.065087244475180661e+00
4.184023198070800476e+00,-1.104258760980296961e+00
7.966121974150745189e+00,-1.344531764900639459e+01
-8.989880168779636804e+00,-3.323198939486816883e+00
-5.947525583870376664e+00,5.955145089495344379e+00
-6.581981905013174483e+00,-1.249437894097507495e+01
-1.185800570025141809e+01,-7.416997083627510534e+00
-7.235698573551395008e+00,7.455049729422809968e+00
1.299172840230777171e+00,1.836369922450226255e+01
-1.517769772360994018e+01,6.341448278475228406e+00
-6.323492731048556692e+00,-7.942109445153435310e+00
7.081278530486617484e+00,-9.362541711619819296e+00
-3.590661678397436329e+00,-1.694798537986495646e+01
-4.882321962328682652e+00,-9.131524151470875594e+00
6.924800723515023293e+00,-6.462462648352108374e+00
4.946026867593007914e+00,3.292056363003320385e+00
-1.085987329580625449e+01,1.119177857992137248e+01
5.804586059951700960e+00,5.357216686651947057e+00
1.523578284193522059e+01,1.003045467250787404e+01
-1.969548138860475195e+00,-4.169474303453136521e+00
6.737969089087570751e+00,7.537760046601711394e-01
1.283453500593229268e+00,1.143643957539606504e+01
-1.220526882700818128e+01,8.304387983372336635e+00
-3.923117134654213967e+00,1.276396975713112170e+01
7.224941098237086301e+00,8.708371263391027739e+00
1.301093854985255049e+01,-8.383095879498625891e+00
-1.391177801441766704e+01,1.268753688845855265e+01
-5.977747277369856782e+00,-1.464183019449026291e-01
-1.475938153792086638e+01,-7.359674081829762571e+00
2.161754459821913610e+00,9.819354011544657368e+00
9.381336764930699346e+00,5.519550083821598285e+00
5.766148350274054479e+00,9.989312655377792893e+00
2.736910645328902714e+00,-6.626842086183929226e+00
5.818243645919937146e-01,-1.579623424442597468e+01
9.346090696176322155e+00,1.028678041332688142e+00
6.565175408017653425e+00,-1.768599145585650589e+01
6.121825229047745509e+00,7.195975483006991524e+00
9.637858240555322809e+00,3.747143169672074947e+00
9.435565819696639878e+00,7.939238748652865496e+00
9.227068291120902321e-01,-7.166797864711867305e+00
-4.591084718318147573e+00,-4.776149316103336595e+00
-1.300332505446106524e+01,-4.182631009416393653e+00
1.341872157940781207e+01,1.188921832180921623e+00
-4.366376112939556187e-01,-1.405172502766227893e+01
8.907214388077616007e+00,-1.158284323541293404e+01
3.137890681688136674e+00,-1.006678480294746514e+01
7.236283890613197656e+00,-2.875701016373390928e+00
-5.190235154723559674e+00,-3.037753162556639186e+00
-8.705170686662617285e+00,-5.172214188337154184e+00
1.144702560140060044e+01,-5.064350098539755152e+00
8.939589421680945946e+00,-3.410238063692261345e+00
-5.215651662772403441e+00,-1.372577719515152062e+01
-2.419104873635436803e+00,7.868407617137626708e+00
3.182469547747962313e+00,4.191586224331196320e-01
1.130543073867081461e+01,6.953071773900569852e-01
3.569462714266624648e+00,2.175492382494890187e+00
1.555408748491432469e+01,-2.326743581595215549e+00
1.324280267685261236e+01,5.986381972992177225e+00
3.711717820263992218e-01,9.712402507824771547e+00
1.370609507061127053e+00,-1.418767540407241690e+01
6.543245903091179372e+00,-1.236884366609991837e+01
-1.021886334380152661e+01,-1.747488839476525557e+00
-1.522113998356731202e+01,-4.819179922849967795e-02
-1.332897295797773118e+01,-6.306372927420357932e+00
1.120129695028617256e+01,-8.767824759739973217e+00
1.133400248151867196e+01,4.224591882022655120e+00
3.356169281220339418e+00,1.857648926876368378e+01
-1.168704585113741601e+01,-1.104478763433058219e+01
-8.538318897382655592e+00,-1.478206410303446461e+01
-5.644091429010364536e+00,8.234147539297902441e+00
1.512790747598505448e+01,-1.147553263907764176e+01
7.936220580404540925e+00,6.985826614943316137e+00
-7.444968327941293706e-01,-6.354623611760449542e+00
3.305356222552334522e+00,-1.191601055728744996e+01
-1.816017863702604096e+00,-1.525850322672235393e+01
-5.495990679873328233e+00,3.355711705853296145e+00
-1.122753025654503078e+00,4.727921155381332063e+00
1.784403392142941858e+00,1.656246927444886552e+01
6.364119711351583497e-01,-8.957199434605707111e+00
-1.796822680616175916e+01,4.821330239588116129e+00
4.344775943971758814e+00,6.725787430117126320e+00
-9.483384621153037486e+00,3.653353449898568694e+00
4.932039951608877537e+00,-6.225564387443407455e+00
-5.595469504572134767e+00,1.176953007596392453e+01
-2.238687759094627250e+00,-1.189765566399205632e+01
-8.126369092843287234e+00,2.470083350720391202e+00
1.214202801745802240e+01,8.356901979109871093e+00
8.292150927333036492e+00,2.500904955075061054e+00
-2.010503040224040916e+00,7.369592496123806846e-01
-7.994243853270360800e-01,2.897049871115974007e+00
9.380933036701236460e+00,-5.139747553346514231e+00
1.361994917993823107e+00,-5.360600458746025865e+00
-1.883038385270165094e+01,-2.302735320599570645e+00
-7.601153390169523405e+00,7.585199301567978614e-01
5.274680076209286028e+00,1.577877775680806316e+01
1.754780077844320774e+00,8.055973205037579632e+00
4.460490111778309341e+00,-1.508477304966774923e+01
6.795219580300505768e+00,-4.631331742804056795e+00
4.081016233414650252e+00,-7.830456531290194810e+00
3.773168650833532922e+00,-2.887252325850136803e+00
-1.215309446554997486e+01,1.433187035177423407e+00
3.584426639129237202e+00,-5.041624950391051740e+00
-4.665101499827553067e-01,1.126860331326500031e+01
4.446174896804159005e+00,1.412175474800815600e+01
-1.393377231811647654e+01,-1.349248971876889192e+00
-4.530434518527173715e+00,4.847943076547228003e+00
-9.041008358482041984e+00,-1.649029455743204053e+01
-1.538480606619265600e+01,3.018332518598902059e+00
5.104886685186284190e+00,-4.120122286322181360e+00
-2.783175787013247859e+00,-1.285991944888562832e+00
1.663638353188625985e+01,8.788031298162369609e+00
4.040528060713177716e+00,4.920700364079007016e+00
-4.102935799642717818e+00,7.355523899494727402e+00
-1.108793154399623759e+01,2.901009802559469719e+00
-7.806395974687989181e+00,5.739889028245795721e+00
-1.094778243537680273e+00,-8.551351315964609512e+00
1.172624331635195460e+01,-1.060387946488784650e+01
1.186177969262268039e+00,-1.063664901691760001e+01
-4.305359390407981657e+00,2.054357485121386606e+00
-4.009709536567825694e+00,1.093775217344231265e+01
1.053752205565280242e+01,-2.567124187118085654e+00
-1.064170510307193673e+00,-8.575882172127251568e-01
-5.310321269955196932e+00,-1.096305380701575061e+01
-9.817103709612817752e+00,-1.066729512194345375e+01
1.346545890890812380e+01,-1.022142293597535812e+01
-1.596909224669861160e+01,4.759419115002715195e+00
-6.008251803754721898e+00,1.647416175857735032e+00
-3.991939459339305163e+00,-1.512201288549478839e+01
-6.797814426756201733e+00,-4.019310640702014936e+00
-1.902591630095796515e-01,-4.536374773936412197e+00
-1.601745620072690457e+01,-4.033725250593149347e+00
4.904707467765025086e+00,1.207954337346473217e+01
7.621058395923893336e+00,5.131507827161549962e+00
1.898973394116023172e+01,-4.234368951743496257e-01
-8.812034097175976299e+00,-7.331676360075355170e+00
-2.805450706641904990e+00,4.173974517939551099e+00
9.988195623028770953e+00,1.104413472169808053e+01
-8.421499369719343875e+00,9.516644934681579571e+00
6.805456111449746714e+00,-1.019876714098056469e+00
3.194029769451689038e+00,-1.374148048280432910e+01
-5.277257236297430154e+00,1.804043250706930834e+01
-8.545212562083543517e+00,-1.300881363339569852e+01
-3.779229104361572222e+00,3.118088698752893850e-01
1.518374245855413696e+00,-1.239832585615245719e+01
-9.164642309726236391e+00,-1.028463231410261802e-01
1.537018264460301431e+01,5.350820738030963142e+00
1.176985948419948613e+01,-1.210722058459442696e+00
7.679153291518601154e-01,-2.707173951172582527e+00
-1.720922342572696095e+01,-5.430348488090012360e+00
1.006658533940024824e+01,-6.485116067557820108e-01
-9.085807735875956581e+00,7.877579151726611606e+00
-1.198823613935456445e+00,6.495849692194449077e+00
1.337753976365824160e+00,-2.314956449690831475e-01
-1.836792896693068666e+00,-1.014486232998407367e+01
8.285483341830559567e+00,1.680136619871443315e+01
1.458487761549651829e+01,2.581682580968224450e+00
-1.705203672997281572e+01,-7.440787521298561025e+00
2.247938767426931772e+00,-3.822271690403155731e+00
-6.697415103608513220e+00,-1.466912495886015755e+01
-8.235363406491126526e+00,-9.055383948084957169e+00
-1.330278914133025348e+00,1.305842544696415786e+01
-1.320603168386948134e+01,5.493158667257887373e+00
2.593947093297428008e+00,-1.553271502366311374e+01
5.160329582414031613e+00,-1.122498867368773645e+01
-4.583696644884308391e+00,-1.282903036262794449e+00
-5.177677695244473632e+00,1.598015083160260019e+01
-7.194166378542215412e+00,4.012860359028869617e+00
-3.027488157266211566e+00,-8.825435644316877770e+00
5.946827834521900558e-01,6.663055648678409604e+00
-4.165373891080050406e+00,-7.449094602125871489e+00
-2.313139050879257752e+00,1.144413907488335269e+01
6.685078150009435838e+00,3.541705214043408212e+00
1.214823135285687306e+00,4.967396817721048130e+00
-6.074181681142518663e+00,-1.799610402797695485e+01
-7.332127766383332634e+00,-6.292884101519057083e+00
3.603465558484209463e+00,1.672429005572397998e+01
-5.323938975681447028e-01,8.146565594152072265e+00
-2.291312873221330371e+00,-7.206559136982138902e+00
-6.586307721383405145e+00,-9.721457214072717790e+00
-1.037255355215020280e+01,-1.242538162990955897e+01
9.927655766481430888e+00,-1.005470351580312283e+01
2.707864559918797376e+00,1.462812576383110041e+01
-5.530380753482357470e+00,-6.310428069955193564e+00
-1.014200199447790496e+00,-2.607796850970514502e+00
-7.036323072007516721e+00,1.575551930158171388e+01
-1.048486602564153358e+01,-4.444064938627064976e+00
-1.374664834772915611e+01,2.226568151100427606e+00
4.863982388230007281e+00,-9.480691474134857799e+00
-1.217851861759266008e+01,-1.310387277924140337e+00
4.785488029931775245e+00,-1.837235966067655113e+01
2.301939205318963566e+00,-1.751129099830219360e+00
1.245396049964273466e+01,-1.224244743831498994e+01
1.425280677596032852e+01,-5.931359124709134178e+00
9.379998462978717200e+00,-6.928456773243989453e+00
-7.038485694690723271e+00,1.763858261276451955e+01
5.896119528881524019e+00,-7.961814359913643280e+00
-1.096209042999598182e+01,7.360747780989508604e-02
-9.527589252565269007e+00,6.126751829179206688e+00
