-1.810357558681203116e+01,-3.732381008110774445e+00
-4.008487511843163098e+00,-1.213751151229812386e+01
-1.769285714517680352e+00,1.045661583601436462e+01
1.573629302677765551e+01,9.365275350784592945e+00
7.234536538230938341e+00,-3.521133069582555564e+00
1.898515666216739817e+01,6.080239552265495062e-01
1.608663811716909864e+00,-1.427120132808486019e+01
2.176618727192396907e+00,6.283347931479410065e+00
7.252347341289278049e+00,4.337274762971991215e+00
-5.740271944783874147e+00,-7.989792620865004302e+00
2.436761458792839008e+00,-1.279401585725055801e+00
-2.502901272948026445e+00,-1.097126678346102402e+01
5.251416650881713721e+00,-7.290319707473753574e+00
-2.878058262570243997e+00,5.582739688787479615e+00
1.227676511238143497e+01,3.310520619581617030e+00
3.906884028697722222e+00,-2.402383501538309041e+00
-1.862744355774160310e+00,-1.560116198233729712e+01
-1.179714658346397016e+01,7.765069357333832301e+00
-4.379762883672206897e+00,-2.583185935059652272e-02
1.036370403800463613e+01,1.561535429414119935e+00
-1.089788165840414269e+00,-1.390683741641795423e+00
1.796331443901127756e+00,9.756832404835853012e+00
-5.775489578193950813e+00,-1.805029644994185389e+01
1.411370081365761742e+01,-8.534385759890319889e+00
-1.101290784061210282e+01,1.547758405979129925e+01
1.363169332640144837e+00,1.091227108897985382e-01
1.236152150856911547e+00,1.328889137357945494e+01
-7.365182896173725347e+00,-1.467643644202014741e+01
-1.271550972436496174e+01,-1.249578278332767134e+01
-1.045141369573989287e+00,5.324392673204778603e+00
1.533564747757841751e+01,2.213593280599779889e-01
1.780753983833011489e+01,6.582506888080512653e+00
9.047169342992301466e+00,4.471857458228350346e+00
-1.275324004730867955e+01,5.906222274710060560e+00
9.728779815667673248e+00,-5.965581253065166401e+00
-1.293499124223113604e-02,-3.408471382118999138e+00
1.601064642854032716e+00,3.563708565847489851e+00
1.265614252163099174e+01,1.229323035079266013e+01
1.091745524182637261e+01,-8.373624096418502916e+00
-5.909686578702525672e+00,8.926431034001652165e+00
1.229118623478778183e+01,-7.206924599365010842e+00
-9.101317538562222254e+00,-2.135092495203275931e+00
2.076477857087271950e+00,-1.809144539837887677e+01
1.096143910150476053e+01,-1.025532091910612031e+01
1.709353817876643689e+01,1.287385013776763509e+00
1.144845269278542865e+01,-8.227380942355064786e-01
1.006808249689958856e+01,6.056000027597982616e+00
-2.223533188257934778e+00,8.757945264798999929e+00
-1.069134769199657775e+01,-1.109286183355762923e+01
-1.883232098045988323e+01,-2.108815314459286494e+00
-1.134051205165871323e+01,-1.481263910542592477e+01
7.534561188066144943e+00,-4.723862832282319513e-01
8.155399523192290445e+00,-5.108095406071774036e+00
7.896564080154531595e+00,6.360321922526755323e+00
1.724995846031937674e+01,4.912669248102672803e+00
-1.041557094132863703e+01,8.958103440411864682e+00
-7.460965857357282793e+00,-7.596705496485498976e+00
-4.802710676613114238e+00,-4.722868270535784063e+00
7.283505924002835918e+00,1.831504371489887095e+00
1.674773771332165850e+01,-8.831970293403161421e+00
-9.057785807096008668e+00,7.426695040721861041e+00
1.011787825931995322e+01,-2.573723821756456420e+00
5.266471484520818258e-01,-1.570470478877073717e+01
-6.131028554203813208e+00,4.833323769468276243e-01
2.993245303299719495e+00,4.718981086989458618e+00
1.146892313507577699e+00,1.139933449239158492e+01
9.240346288804374808e+00,7.699969567864877185e+00
-2.311943616702312632e+00,-6.749160548098641854e+00
5.875916617694717736e+00,3.050868777281027011e+00
-9.477457445035120998e+00,-1.468957669961584855e+01
1.721765166894935817e+01,3.122520486552679664e+00
-7.320299682880113679e+00,1.156768453124725404e+01
1.759727197428735401e-01,1.670037813837921448e+01
-6.683046373157909059e+00,-4.558210289182385466e+00
3.597539462078816364e+00,9.626601224551151859e+00
6.947958432004501361e+00,-6.586056663741297612e+00
-5.980587330510672928e+00,-6.217472720260822427e+00
7.522797419848152423e+00,-8.773804171406863972e+00
-7.285728125828087043e-01,1.831546012692115255e+01
-6.516143275556526504e+00,5.638032279057811458e+00
-8.170884903408351940e-01,-1.155047436508437642e+01
-1.324153113621866140e+01,4.062796668827227897e+00
1.170922881688150774e+01,-1.381263814107175669e+01
-1.263201113793221708e+01,-9.164820721354004718e+00
-1.177339980276222065e+01,1.387222737275363826e+01
3.555294874256695881e+00,-4.153273122754561619e+00
8.759690602812987947e+00,1.014845227260074623e+01
5.313881324261824801e+00,-1.247200962766618559e+01
-4.404783281841946341e+00,-1.831596067402529782e+00
4.589474975913149457e+00,-7.232283643262032991e-01
8.023996781554036062e+00,-1.225760895969042963e+01
1.438968090385507814e+01,6.528871466176113358e+00
1.381721077157660993e+01,-7.491163288237134843e-01
-7.652628050689738615e+00,9.347816675956023502e+00
-1.353171086943819112e+01,-1.066995223041903751e+00
1.859962840155001018e+01,-3.643237631479891547e+00
-4.410460484233215683e-01,-1.407697898475376341e+01
5.440225469238215261e+00,-3.367075966361040784e+00
4.115657397894382008e+00,-1.794352531736749512e+01
5.686704043872068404e+00,-9.065525254664475341e+00
-8.152762126025283607e+00,1.511794540722779523e+01
-1.659317305544366761e+01,-6.531644544185007284e+00
-7.991367577294240299e+00,-5.777627584077840162e+00
-1.619651092366598277e+01,-9.897862436696803101e+00
9.602026829350588599e+00,-7.465945477151589849e-01
-7.262834603314762827e-01,-7.548204567995548508e+00
-1.118644558167703629e+01,-2.931414011906430250e+00
6.742059869702503150e+00,-1.349771944426493242e+01
1.862342089879992457e+01,-1.843031065238691424e+00
-1.043749150444432239e+01,-5.197483124297381352e+00
6.521552939258168813e+00,7.508083962115855492e+00
1.111404961826385929e+01,-1.213571477884619121e+01
3.528801788691735553e+00,-1.508733822960613935e+01
-1.358483855260728923e+01,-6.710378636808605357e+00
-5.722387691365423912e+00,-1.382951390173752060e+01
-3.512215088801904361e+00,1.069641229482323297e+01
-9.672744250071829697e+00,3.187626625722989715e+00
-6.476842614093116346e+00,-1.218943363545527525e+01
3.479610599608104593e+00,7.848704266278239139e+00
2.560505008706384533e+00,-6.018727608496481807e+00
-5.647502808102187188e+00,3.969347803680007836e+00
9.175122514878705005e+00,1.378401512401501527e+01
6.070554212166581642e+00,-5.048478507096676893e+00
3.380631346148163185e+00,-7.632872811774710442e+00
-1.630833500345068288e+01,-3.197609022044413329e+00
-3.868908316973381556e+00,1.293938794200971287e+01
1.113578536838220501e+01,1.136468237220494970e+01
-7.181239295614389562e+00,7.583535167460171422e+00
-1.132862471214395761e+01,3.908927333710040752e+00
-4.567206329561022571e+00,1.890931795160689211e+00
-8.368247236691980007e+00,5.382250005379142443e+00
-4.137081679011988200e+00,-6.529290518802560506e+00
-1.013709457286994464e+01,5.514996431701627344e+00
-2.839564133714134186e+00,1.641339470116485089e+01
1.556908355267388089e+01,-7.313127028800667340e+00
-1.063837878712919682e+01,1.244598095550314909e+01
-3.037314554828399960e+00,-5.114930722699559951e+00
-4.069290429721324820e+00,8.962015595117037492e+00
1.503895589041238878e+01,-2.997961302589576604e+00
-1.471429615435097427e+00,-1.894195446843526298e+01
1.027942671539850927e+01,-1.489788329858079940e+01
-7.809799521273722789e+00,1.046918348171752555e+00
-1.518612965558647332e+01,-1.714564434504588730e+00
1.269026360320832225e+01,-1.114876383399708182e+01
-3.343016925439582288e+00,1.470063056161560411e+01
-2.804050250324808147e+00,-9.128210962662723915e+00
-5.652766339080296909e+00,-3.120462997965480767e+00
9.217343116610454246e+00,-1.084577035520970689e+01
1.387613881821538442e+01,-6.349602674751279707e+00
-1.038281670162116699e+00,-9.759903828381805369e+00
1.049583287753744010e+01,3.428245269745574308e+00
5.914422605727567728e+00,1.031299594131042952e+01
-1.578699780990789225e+00,2.383463639486598229e+00
3.436451682050889023e+00,2.925087016050062605e+00
-1.693220852738914983e+00,-3.953234712210880186e+00
-1.654651376508769545e+01,5.084974991050706272e+00
3.733839398943316290e+00,-9.461489272367053616e+00
1.383471994887123468e+00,-1.251371129911498237e+01
-1.838662605988882959e+01,4.788046331892021001e+00
1.163381783873688136e+01,8.394380497004304331e+00
-4.271019103964835972e-01,8.238801210703623923e+00
1.061628411709360442e+01,-4.395688113903018390e+00
-7.495170151624951593e+00,3.823840962891122075e+00
1.735766969292549078e+01,-6.958274936546082756e+00
-8.786775023557826358e+00,-4.173295600552785700e+00
-3.654516328041010453e+00,7.196381036498093131e+00
1.255749756551943008e+01,1.023217060124233946e+01
5.048908971402285673e+00,-1.071788527589280626e+01
4.310454219550672761e+00,-5.734429665162514844e+00
8.378623224985126683e+00,-2.072232246300402814e+00
-9.518767851497381471e+00,1.643435529397358152e+01
8.762866435223845230e+00,8.074594617349757364e-01
1.548610879461698175e+01,-1.093071786065021378e+01
-9.015959668573037433e+00,-1.642860628853161487e+01
-6.340133287310320220e+00,-1.388896554081892276e+00
-8.162840501926005743e+00,-1.145430398096369906e+01
-1.359079932276535452e+01,-3.209767690275206142e+00
1.908275931871528108e+00,-9.315066950932489931e+00
1.210561367700825386e+01,1.276173565706586910e+00
-5.340043184265811149e+00,1.084069715176783610e+01
9.034820508714908049e-01,-1.075868235605149259e+01
-8.890743147955236125e+00,1.262897163759094177e+01
8.285462932523944835e-01,-5.094450077730310333e+00
1.009857085590916581e+00,-6.937788941977166779e+00
-1.565525570717308038e-02,9.984773917131606780e+00
-1.441155239652631437e+01,-8.292673310478447135e+00
1.937380298720754235e+00,1.707731560728120357e+01
7.591992967502467771e+00,1.157241970100459127e+01
-5.942610905323649106e+00,-9.747934633126989823e+00
-1.311107688401902571e+01,-4.933060167578791066e+00
1.329230722565807810e+01,5.102474189484045297e+00
-3.692140304504252235e-01,3.669502596148315199e+00
4.833546781756572486e+00,4.495968562769173893e+00
-8.440518766702572506e+00,-1.321187591948891793e+01
-4.708588701563309442e+00,5.495974078088430304e+00
3.193284784928147158e+00,-1.330626104385999220e+01
1.876623058249396570e+00,1.886173387088229347e+01
-1.798221160301745281e+00,7.018536836965828307e+00
-1.218600359797046284e+00,5.672977289047679283e-01
-1.245090998091272327e+00,1.547606976000196788e+01
-9.486540648742810333e+00,-6.833242039464986206e+00
5.079467361027512950e+00,8.654772173223648224e+00
8.654166974405887558e+00,-7.397856029181286708e+00
-2.671897965172167932e+00,3.805179159488578211e+00
4.357549835721211906e+00,6.258815494597501861e+00
6.164074994385939199e+00,5.760205519945508001e+00
-1.427415803195420274e+01,-1.010077969845712254e+01
-8.895490812371357192e-01,-5.640184057512356297e+00
-1.705443723449795712e+01,8.347310894444321505e+00
9.338924749077937904e+00,1.194467214164678026e+01
-1.614510785777920887e+01,6.843128618032933375e+00
6.029320351200815331e+00,4.335326736563388517e-01
-7.986468293826281872e+00,-7.539572732306416558e-01
1.503396999680825186e+00,7.905838838697986759e+00
-6.333391314362281754e+00,2.302548191162197888e+00
-3.136520985231407987e+00,-1.427675642212477314e+01
9.274492098659033346e+00,-9.042919540751796603e+00
-5.483254983011449646e+00,7.097053669124254505e+00
-1.167460623538264208e+01,-1.077434381093620663e+00
3.901097528544168025e+00,1.137877177822535657e+01
-1.743662478419971507e+01,1.524871440062187888e+00
1.150563598037965107e+01,4.927590741599837898e+00
-2.638165011957690709e+00,-2.329985003393656218e+00
1.683982742726751169e+01,-3.383407190866337899e+00
-1.459149830222790811e+01,-1.186181521439487874e+01
-1.544077986616402676e+01,3.470277684867568269e+00
-7.357162731680079837e+00,-1.713225849431572101e+01
6.111946854825712983e+00,1.258041266652052137e+01
-1.728337526007924296e+01,3.304295067746155556e+00
7.045751034888215747e-01,-1.753540348765554313e+00
-1.511268387071185337e+01,-4.666676498692561736e+00
1.153036781391217858e+01,1.503891129572399166e+01
-4.249786649307480069e+00,1.747218874194815186e+01
5.141041191548198164e+00,-1.435885870940851561e+01
1.891596084245042997e+00,-3.508394104221268073e+00
3.283449211255098366e+00,5.261228434710540913e-01
-1.583411618930549203e+01,8.888896323179079628e-02
7.232306396623912725e+00,9.143380117788217021e+00
1.249309346198152859e+01,-9.276938481563405503e+00
1.722456319901195343e+01,-5.178463503386765865e+00
1.547051466422768939e+01,-5.473638739385207508e+00
-1.084745429886223711e+01,-9.038869495892598138e+00
1.747114963358962569e+01,-4.669751377313104967e-01
3.076372416815712496e-01,6.540972583509786276e+00
-7.864737665188859417e+00,-9.363046459375958364e+00
-2.924436383968314956e+00,9.855550731900393213e-01
1.600594832273496593e+01,-1.447441145535019125e+00
-5.719407001544939639e+00,1.323753232879806241e+01
-4.218312110644015789e+00,-1.029235525941455975e+01
4.764773324207285832e+00,1.679991892927757080e+00
-1.444998480270609731e+00,1.219692695830789475e+01
6.128090880651197558e+00,-1.671600827077616147e+00
2.043176800298370122e+00,1.844918906286304061e+00
2.238759160651118130e-01,1.985324539276059230e+00
-1.703715253780304906e+01,-8.337541929756412173e+00
-7.424991414006417934e+00,-2.876978350999913836e+00
