8.930106910895892369e+00,9.114655789411729714e+00
7.291781545155463284e+00,-1.195249299129263321e+01
1.724251393049924630e+01,7.960321417548943401e+00
7.021068198218456402e-01,7.481517673367835464e+00
-6.391685725666094164e+00,3.193286348903509708e+00
9.402495119764656906e+00,1.648888587788712812e+01
1.793610071964629071e+01,-1.970802433349786886e+00
-8.062695603343572159e+00,9.046709142405617854e+00
1.864642670338610486e+01,-3.616984239215960795e+00
-6.465557266084019261e+00,5.226148340127000580e+00
-1.133748842409035618e+01,1.328818455932403531e+01
1.391468225753252463e+00,1.310708757732728813e+01
3.672839687827585298e+00,5.698735351111711367e+00
-6.977904830181803852e+00,1.567356333152930681e+01
7.550716418538563346e+00,7.860160469407824202e+00
-5.579936258148521233e+00,6.752335830267247374e+00
1.216568447958405663e+01,-1.058230716721377540e+01
-1.450974289334989997e+01,6.287390432059080325e+00
-8.658998957407197938e-01,-1.607154119169083373e+01
1.179417218282323887e+01,-1.252594522103174413e+01
-3.907851323491093432e+00,5.825256229664497631e+00
-4.255839068222800670e+00,-5.491894218816239182e+00
7.449576030402402793e+00,1.392337414748462621e+00
1.428547006405915987e+01,6.783990962375114009e+00
-3.276660148085735802e+00,-1.369678403599892746e+01
2.234208195262933128e+00,-3.007168136502135436e+00
1.074499582601053405e+01,-2.621154283754506320e+00
7.997633184094209646e+00,-3.289064394507930089e-01
-1.822920912641928837e+01,-5.193552244754183533e+00
1.887549974716556278e+00,5.360533540651350570e+00
-7.306050678210045390e-01,-4.983060612756541552e+00
1.478239155922145898e+01,5.072212969559466877e+00
6.045982068785343166e+00,8.864937501252420304e+00
-9.040524600366959262e+00,5.663644776418744975e+00
1.251711812021383707e+01,8.215126898548097856e+00
5.315637601321223649e+00,1.311029968779338795e+01
-9.047396924410435304e+00,7.451340842811249310e+00
-3.038033637090198358e+00,1.786900847862142427e+01
-8.428833387993487136e+00,1.676099725987605649e-01
-1.367506186645530164e+01,3.336551994627953377e+00
1.336750549641749686e+01,3.879992404366799708e+00
-7.462499387724235156e+00,6.693652275244712513e+00
4.228449351867834771e+00,7.370438351602076388e+00
1.254639606019475195e+01,6.415033905339840636e+00
1.354622842856151088e+01,-1.172785437509765316e+01
9.933620993807139143e+00,1.059501505520664111e+01
-6.424222872479472990e+00,-1.557453933548126912e+01
8.714304606616269933e-01,-1.688760199087668212e+01
-1.382236075882203252e+01,-2.305935881679209487e+00
-4.686393209230018675e-01,2.517799014689947601e+00
3.015914041184005523e+00,-1.013647150422269760e+01
6.010360372215464153e+00,1.069284294538639912e+01
-1.503170975599777925e+01,4.469497765652476140e+00
1.148477267155648640e+01,1.282044736844160049e+01
6.061521013722835249e+00,1.799499950998480102e+01
-1.486544111883645591e+01,-4.394128503378929018e+00
-2.380464971338505986e+00,-5.483328196001305832e-01
-3.514909752145773947e+00,-7.097973681031286119e+00
2.233816290084511991e+00,8.834448430440648536e+00
-9.925091188987408941e+00,1.261898679425484948e+00
1.132178907657287859e+01,-4.343484183031121049e+00
1.207396303259817749e+01,1.005241482892254368e+01
4.072842987718919283e-01,4.314199985732112275e+00
-6.907470291638068360e+00,-8.144763133733199822e+00
6.244491931164614762e+00,-7.167728628839068472e-01
-9.405448396391369315e+00,-6.334655167849802204e+00
-2.488428204366562035e-01,5.964392800570466058e+00
-8.274847119118822647e+00,1.195659898441882518e+01
-8.229619508449646403e+00,-1.592628578649774518e+01
3.305899535472585526e+00,-4.422887597034697471e+00
3.580136671624902345e+00,1.685919798329902974e+01
-1.419925326042577574e+01,-5.426874717494633016e-01
-7.691618384564943511e+00,-4.556278031786082039e+00
-6.808371457891173595e-01,-1.172130834877997962e+00
-5.584433851645107971e+00,1.141598238362067264e+01
-2.444688248410692211e+00,-9.783949583552761453e+00
-5.611714056246734472e+00,1.431294962694397732e+01
-1.199603584182666616e+01,-2.565399210693653398e+00
5.117666963107105893e-01,9.381578800404563268e+00
3.007675859470697668e-02,1.120057197566960916e+01
7.761024768690566233e+00,-1.022008817486127086e+01
1.346560296012392577e+01,-3.700799205750118670e+00
-6.018415082841326758e+00,-5.281819976357825297e+00
7.101230842560397605e+00,1.276610285067696715e+01
-4.289489979747807880e+00,1.553635350967069151e+01
9.683322864219800152e+00,3.186380581578698856e-01
-3.181667555615221854e+00,1.413162951187081795e+01
-1.059591671270405477e+01,6.524498962649600386e+00
-2.417088165931880805e+00,-4.292288244752737292e+00
-7.511091403352707196e+00,1.690561558332619896e+00
-9.007190167605882536e+00,2.758597128183922109e+00
-4.097742253694795167e+00,-3.664868050095810403e+00
3.694985235919633904e-01,-8.445150066963721613e+00
-4.786365305567090722e+00,-1.483616828306656643e+01
-9.732044652476069757e+00,9.744909135516836685e+00
1.857357293534299014e+00,3.294558166079246231e+00
6.510971307927635010e+00,-5.257852808840841163e+00
-6.264173798297115070e+00,-3.514757819377562154e+00
-4.781259837609476371e+00,-1.906966108823511252e+00
-2.589135417789275362e+00,7.500455795660717406e+00
4.736474759325484563e+00,-5.511431939137345637e+00
-4.659473519046294143e+00,-1.840576203547318102e+01
5.654970557382716478e+00,1.075033697587326253e+00
1.068567159726713234e+00,-1.614566463898301718e+00
1.046020507020128143e+01,-7.199950196727774809e+00
6.700008190528547125e+00,-8.814045365774893170e+00
4.831602517026888144e+00,-1.004812828341560582e+01
1.316969415081428529e+01,1.299056060040772786e+00
9.663066542654812352e+00,3.551362567443861806e+00
3.579863198188715234e+00,-6.976064328268727799e+00
1.440978954147514735e+01,-2.113515751233386197e+00
2.496192038690580262e+00,1.597438783581945909e+00
-2.237455161275532234e+00,2.369393692730660472e+00
-2.880492162027531666e+00,-1.556890110561723795e+01
8.040617128886974996e+00,-1.384523097879043441e+01
-4.833717969956138560e+00,-1.440004728329449812e-01
-3.004382993948598202e+00,9.420731629397069540e+00
-1.300276056914866274e+01,1.383004409773173471e+01
-4.892090873791935302e+00,-1.038407875777088130e+01
4.166589916412318573e+00,9.190634837851250794e+00
6.249154578710681918e+00,-7.048964574599972721e+00
5.941035393822112098e+00,-1.420675307954039646e+01
4.471507618509305004e+00,-3.085670812141566355e+00
-6.641730972695214064e+00,1.512560271147979085e-01
-9.555468467253431797e+00,-1.238236859599843198e+00
-1.020076739746415484e+01,-2.917653584611134221e+00
-2.999741545798973785e+00,-2.238521853425166519e+00
-1.095612218923098125e+00,-1.894183687296125740e+01
-1.311971715485891643e+00,-2.922009317848639487e+00
-1.299058887861429845e+01,-7.986265198179705038e+00
1.068825395420610214e+01,8.789161780481169473e+00
1.165265720758812229e+01,-8.782889795862628191e+00
8.389736616382640122e+00,4.924514208161177464e+00
5.621274367175903564e+00,-1.687787527125945530e+01
-1.715861838182281662e+00,-6.502447949283156170e+00
9.989859780585842230e+00,1.466950766776636250e+01
1.429064572901800645e+01,8.568149721771151306e+00
-1.210276878141736567e+01,1.255935089960622086e+00
-5.316091475332447303e+00,-7.379382835289593601e+00
2.173635019125906620e+00,-8.531176419508907927e+00
2.738736409841532549e+00,-1.442588226494122239e+01
4.339636604057149682e+00,-1.341460006233958957e+01
1.830833315089384739e+00,-1.279716800180581515e+01
-4.315381163408323673e+00,7.980838868361488814e+00
-1.233318306014817400e+00,1.330047517654601030e+01
8.878894470708882380e+00,6.652909719768409502e+00
-1.525608993740553387e+01,-7.535417712624346898e+00
-1.534454425091503005e+01,2.584926315530361673e+00
-4.114000206019932548e+00,2.664060439480961495e+00
-1.151595454539865848e+01,1.010572720328634233e+01
1.302422593516974381e+01,1.159504635256982752e+01
-6.518918852342809878e+00,-1.604882912633030401e+00
-6.648801225781237001e+00,1.282798794137406517e+01
-1.119351690665194354e+01,-6.371799574489491746e+00
9.444118374052390408e+00,-4.186158141355470264e+00
-1.117266615345326342e+00,7.900305834994971743e-01
1.305872375488247705e+01,-5.417365391560704069e+00
1.407244045968262469e+01,-6.945077073777896182e+00
4.897487659778280822e+00,-8.208371640953012971e+00
9.111330209179762107e+00,-1.237326672878274358e+01
-6.744826632415249490e-01,-9.936940245970575347e+00
1.593492083714840568e+01,-7.265841207400996815e+00
4.359815733796144066e+00,1.847532134704178475e+01
9.615643881789905478e+00,-9.599479338541001994e+00
-4.189977155154412714e+00,-1.207896882518233284e+01
-9.475221282303131431e+00,-4.555324777926079705e+00
-1.426614349386285774e+01,-9.252428785993895843e+00
4.664562790880045995e+00,-1.841117702469797024e+01
1.277964248948912562e+01,-1.399361621519106702e+00
1.183658865494744461e+01,4.753413230950080504e+00
-1.882376058778490346e+01,2.265728153040665216e+00
1.625075500111844207e+01,2.963735437334459988e+00
-4.941178834838472866e+00,4.222226433373447385e+00
1.291565110900121827e+00,-5.058837541089126866e+00
8.329895665727145015e+00,1.146913933435687305e+01
-1.555355935299653147e+01,-2.741381764363111095e+00
-6.331703823796457797e+00,-1.254659043966936416e+01
1.619659538207823246e+01,-2.365585113013244811e+00
-3.122725437376465685e+00,4.194948361473008980e+00
-6.667113305326455297e+00,-9.981557925267228626e+00
-4.470273155703474721e+00,1.281502510504516401e+01
2.186979222101335107e+00,-2.646825827023442379e-01
3.601986100790434797e+00,3.877910816528295612e+00
1.108666919398776152e+01,-8.604606403702568240e-01
6.076334884218872467e+00,2.829410889856411870e+00
-8.750219744119879905e+00,1.595779594614510444e+01
-6.369816376548943282e+00,8.486948968365709334e+00
4.289926682402692926e+00,2.227830378470466055e+00
-8.187539568931599732e+00,-2.382651388568209683e+00
-1.097070219045023265e+01,2.698749601022504496e+00
7.164297764530754620e+00,1.458456613227674659e+01
-9.671375938472715816e+00,1.420749021754524044e+01
-1.384926833159506288e+01,-6.274578153989186724e+00
-1.525869105371914181e+01,7.938073651894089089e+00
7.822059061614702102e+00,3.198102806212283156e+00
-1.036227721634678467e+01,1.168672412979279507e+01
-1.301736226131467511e+01,-4.710724386291713195e+00
7.466516323024896096e+00,-2.045520385994565427e+00
5.273990134804328989e+00,4.452502369335344490e+00
-1.393638775003138619e+01,1.238461550962949964e+00
2.456312564618165606e+00,7.031321493639264730e+00
-3.739364329696664768e+00,1.104422207847810533e+01
4.465592241446945998e+00,-1.307677460515933143e+00
-1.128599985218606427e+01,-4.419664467355017834e+00
-2.089976336551507607e+00,1.173116391683026194e+01
1.772751631908704217e+00,1.089132159762330510e+01
3.293920139000081071e-02,-6.674703014263430489e+00
-3.957440264835745847e+00,-8.841032151248102267e+00
-1.718669159004049973e+01,-8.100471109067123976e+00
6.316605705531533665e+00,-3.383630016246015781e+00
-1.601519549509265161e+01,-9.637067125479386931e+00
7.365990917549585237e-01,1.122777658681924695e+00
7.093928839009211451e-01,-1.870140314943855131e+01
1.824581039620047918e+00,-6.753318969368161895e+00
-8.766039733182561022e+00,-8.027058524990067667e+00
-1.007108876085309745e+01,-1.056380136716565410e+01
-2.124981328825208848e+00,5.695005357751993458e+00
1.040873358809423976e+01,1.923750487479712223e+00
2.849373891400649228e+00,1.515924018538559892e+01
1.075991275722039120e+01,6.995267470608263594e+00
-9.228083510892717278e-01,8.274013774570423863e+00
5.959638534430121481e+00,7.076089180017578251e+00
-1.347491204418034272e+00,4.054874195102867951e+00
1.201485747311991403e+01,2.665238789408064246e+00
1.452274535302705516e+01,2.532439209412960412e+00
-1.234778553354976438e+01,-1.118600446519839409e+01
1.839291219711228109e+01,4.764533650769851469e+00
5.045276210644042969e-01,-1.137252612715356292e+01
2.702333981834869281e+00,-1.727829906862163156e+01
-9.928171624876288348e+00,-1.404820334288246109e+01
3.961639516324449328e+00,4.538803519454061020e-01
-1.027756791722609009e+01,4.346562414198644753e+00
-7.916338115322670177e+00,4.186313772831562474e+00
3.866143547269590419e-01,-3.417338043759887700e+00
-1.602220384756365590e+01,9.136285583978920322e-01
1.614372616772374158e+01,6.567447368570907607e+00
7.592894847810892855e+00,-1.738290069709577068e+01
9.007863389021993683e+00,-6.034370866799439348e+00
1.653585398015863106e+01,4.763379064016245223e+00
-1.352182338704805975e+00,1.005755400476333961e+01
9.253606660025113229e+00,-1.656832257261873442e+00
3.540841711605728470e+00,1.105373883359913734e+01
-4.972325662621257969e+00,9.660259350526988698e+00
-1.293213218664989128e+01,-1.383043801386162919e+01
-1.766300407592938981e+01,-3.418790961695897135e+00
-1.514424717872546511e+00,-1.418947159029563032e+01
1.794421732465598041e+01,-5.357037980673625022e+00
-7.131808389482332089e+00,1.058129278983396659e+01
3.602340803320096985e+00,1.349165986641067505e+01
1.246043965405189446e+01,-1.429494033246878537e+01
-1.173713846690569795e+01,7.953134965776657239e+00
1.010702918961271912e+01,5.334068842803077359e+00
-5.553332738330257534e+00,1.582629105535246605e+00
6.713724569876847958e+00,5.477392158406527045e+00
-7.853764957924102674e+00,1.410860540457708012e+01
-3.422444026422782670e+00,9.903132377362334759e-01
