-1.287552372043834481e+01,-5.372800300076145064e+00
-5.750334988101778677e+00,4.842525751894060981e+00
1.451330616481853575e+01,-3.694549181449009900e+00
2.354199211153533700e+00,-2.963852823644620660e+00
-5.293879078093600282e-02,-5.477881015285874788e+00
-8.969307926539503484e+00,1.147031949143189244e+01
1.006607540510021259e+01,1.585492105492616943e+01
-5.093753782451652334e+00,-1.693308371853621352e+01
-5.729898891070308586e+00,1.477840027376233323e+01
-1.281294901430795186e+01,7.820573396619920459e+00
5.657828132874602289e+00,-4.206251096314650439e+00
1.399773077344508820e+01,6.556754411963736651e+00
5.469242121295001979e+00,-5.602537749885978524e-01
2.492729693372771393e+00,-1.238324845517744954e+01
1.427608409481050877e+01,-9.854811220469752442e+00
-1.381311046312187596e+00,3.630218484288830094e+00
1.583444594159073793e+00,-8.849046831256329071e+00
-1.460627074728658314e+01,8.543031369102985551e+00
-1.111592840850189035e+01,8.589614426302501826e+00
-7.402676524146512449e+00,1.615729118396113151e+01
-7.993034845391941978e+00,1.443784388368094529e+00
2.783747530376831647e-01,-1.402363705873469257e+01
1.900441356302669194e+00,2.627791249682194685e+00
-1.227089333329071685e+01,-2.495896194201547402e+00
-2.824385153537079862e+00,5.962347290138848566e-01
-6.416689065163566852e+00,-1.485894123216332297e+01
-2.378721597603927318e+00,5.536051982255848714e+00
-2.952714891115490570e+00,-1.227681918700684527e+01
1.176496687553865428e+01,1.435870667957615865e+00
6.838250248473732640e+00,1.621015832416284042e+01
1.237940343554802958e+01,3.993254611897708806e+00
1.055590433241655468e+01,-8.273528731791376600e+00
7.370457347245655377e+00,-3.431729344214484723e+00
-6.407004760601672011e+00,-1.716119640497415721e+00
3.606861010904947040e+00,-6.035907266998820075e-01
9.569393761912115437e+00,1.408240563926266198e+01
8.214429523770570896e+00,9.925791371203697144e-01
-9.906459621176932018e+00,9.894247242783157148e+00
1.015571286027961584e+01,4.749399436383517248e+00
-1.665248427965026323e+01,9.094308632895264921e+00
-3.467641834981807225e+00,-5.619424698187548195e+00
4.522442003516623288e+00,4.171411700860740090e+00
1.077921201902109871e+01,9.106672866005508737e+00
2.889191688573977679e+00,-1.611949912799985896e+01
8.373260119917098621e+00,-1.368494729859996362e+01
-9.698832119593171486e-01,-1.736221609749342321e+01
-9.561186983587996124e+00,-1.029312059236857380e+01
1.231288390641423192e+01,1.067115612902814803e+01
1.406193978699216451e+01,-9.835347083461936507e-03
-6.292624347592250089e+00,1.086045743240320682e+01
1.741316381133820457e+01,-2.196765874969534238e+00
-2.109911501386243504e+00,7.310018792960715217e+00
1.042931143480032574e+00,6.059071147519215828e+00
3.165774388709167830e+00,-5.846572118760287040e+00
6.765540281662921984e+00,-1.256212539306777032e+01
-4.658998562723340342e+00,-2.270209799252627558e+00
-5.518503753513739341e+00,-9.784317757702689633e+00
-2.205598798359476032e+00,1.722126122099518142e+01
-4.048988793352186200e+00,-1.547503970191432643e+01
-7.426366885781803262e+00,1.428539970771692147e+01
3.136136172042747638e+00,-1.000640570126332740e+01
1.761670267937296641e+00,-4.630060012318956808e+00
-1.322635575392166984e+01,9.661553609155845379e+00
2.835931296352512732e+00,1.002717306769556060e+00
-1.692034531225430527e+01,5.578065177972105104e+00
1.585439283094711271e+01,1.503804668624640684e+00
-1.530091315900354232e+01,1.423197596448035229e+00
-6.304703798109269286e+00,8.431047519456749129e+00
2.904658289964992424e+00,-7.649305329116443453e+00
5.262011162381400986e+00,8.918990118615443663e+00
5.822279073179495335e+00,7.223332195146556778e+00
-1.657315225184509799e+01,7.320277014631035861e+00
1.368944068422751670e+01,-7.595973629700871754e+00
2.744955583761129247e+00,6.545143790471216860e+00
6.948714496026715537e+00,5.814687147457219929e+00
-9.849751051797806412e+00,-1.335179220370633857e+00
-6.792668105567156722e+00,-8.508668732387761224e+00
9.377959552354175443e+00,-3.564655695189601348e-01
-1.112195184801653092e+01,1.085818516405630874e+00
-7.746489004267986367e+00,-3.450478274299387249e-01
1.567843744289638863e+01,1.014123713932914050e+01
-1.067321393480779435e+01,1.292376735670816146e+01
7.370159350552601296e+00,1.134414957310126937e+01
-1.680573031721809718e+00,-8.252176141663724040e-01
6.137181780402084286e+00,-8.787141905477440673e+00
-1.312933186410889874e+01,2.494579882056878084e+00
1.084674939710374808e+01,3.064561966452199471e+00
8.992007712002511255e+00,-5.407960389046056804e+00
-4.087017728017634077e+00,-1.370006644402866236e+01
1.719487352660946300e+01,3.937482540443087320e+00
1.269635385010534101e+01,-3.773489823365502094e+00
-1.521813876816803734e+01,4.963753177697477703e+00
6.663313637818463420e+00,-1.579611771482188409e+01
-1.775447422259102570e+00,-1.891686513275372405e+01
9.143302930611977075e+00,-7.183420670830968469e+00
-6.250597705440468221e-01,1.509196034075087134e+01
1.820596635313315659e+01,5.374460660916659194e+00
7.904142604321412691e+00,-9.196149286002341938e+00
-1.288889467794449750e+01,4.336304633089485883e+00
9.379799955965660629e+00,7.972310272678884147e+00
5.514244384130423171e+00,2.563923188576960666e+00
-2.811140322258558033e+00,-1.685520428920569458e+01
-1.820837337968187342e+01,4.193959108707521644e+00
-2.713401775158026830e+00,2.398974745124167196e+00
1.264719316525132697e+01,8.901091446054952172e+00
-1.481218597133229764e+01,6.706091343171452834e+00
1.688543603602866838e+01,-6.656538932585786661e+00
3.730299736046578829e+00,2.576858183081420783e+00
9.988139743688684291e+00,1.377216700038374153e+00
-6.287865799953979540e+00,1.974220479988006094e+00
1.232895201372294203e+01,-1.069278871702338307e+01
-7.563598120118864010e+00,5.110961280345168056e+00
-9.446057152178255478e+00,4.077025655564047724e-01
-2.928405552365799469e+00,-3.925110570199400239e+00
-1.790692221967593412e+01,1.631859759798911291e+00
-5.796216516293916099e-01,-1.142171407858531929e+01
-2.435161961407869669e+00,1.529072846099379213e+01
-8.882935572081709807e+00,1.322330039314674899e+01
9.661584132293778993e+00,1.052974016415515024e+01
6.409407550989336677e+00,-5.843387508487382753e+00
-3.947731452252277062e+00,-1.078614930379842995e+01
-1.165522833796745061e+01,1.047914834369949411e+01
-3.869930071901621194e+00,1.108591989585712412e+01
-7.922485461856481948e+00,9.957376521568134464e+00
1.122525727116231842e+01,-2.841159028170840428e-01
2.435010510243279247e-01,-3.723256433887948358e+00
-1.297305556124293169e+01,-7.229990607711314077e+00
-9.102852302052732991e-02,-7.822139002984243028e+00
6.412406691874988240e+00,4.137698445884029574e+00
1.056980891384233523e+01,6.545613603653708701e+00
1.867082886268505604e+01,-3.508378381113880895e+00
-5.052782540542382961e+00,1.831325072070514537e+01
-3.377872213983022398e+00,4.058391999120378735e+00
8.112689760903553093e+00,1.293748582603727293e+01
-1.159890398890228624e+01,-8.388011946078071546e+00
-5.943132306881434568e-01,5.240611450386708725e+00
2.903995926502876301e+00,1.157222823576415749e+01
-9.091582007646119123e+00,1.512746543773763364e+01
-1.139267804118139260e+01,2.949182962453815726e+00
4.778429724205202511e+00,-6.777688007780979795e+00
-5.204928711528371110e+00,-5.348596530055075959e+00
1.239953221443111486e+00,-1.895165872970667209e+01
-6.061931061470210658e+00,-1.149972513122427920e+01
3.230040343205204501e+00,1.361251350994866449e+01
6.271666132899250456e+00,1.279131468455031495e+01
-9.773299749493581601e+00,-8.251033536799941004e+00
1.547193684729146668e+01,3.226498603139984045e+00
1.877391934017374808e+01,2.908545085241105443e+00
4.627487891987430046e+00,1.016051415168175431e+00
-8.052611380422396437e+00,3.295884855685646819e+00
-1.127678927500254424e+01,6.534924743233678335e+00
-1.684038668657469273e+01,-7.483701984148021680e+00
9.549767399026098946e-01,9.597239927072827026e-01
7.294685554604794397e+00,2.579524698099484148e+00
-1.062000305970678227e+01,-6.683061429884760152e+00
5.638365777447316596e+00,1.098589243375149671e+01
1.610079236218264853e+01,-4.496332423212408891e+00
1.907203835029930961e+00,-1.214134251602703829e+00
-6.754344652909158864e-01,-1.552083907103532745e+01
1.466598949720300915e+00,1.702531672513534744e+01
-5.036513469899408513e+00,3.227269466254279795e+00
-2.212500771170746727e+00,1.183257958513048713e+01
-1.479578838768120441e+01,3.215755452461481756e+00
4.489931736125468476e+00,6.027160735003220360e+00
2.845163351242350203e+00,-1.818076900641250049e+01
1.497262117363922229e+00,-6.553428067299601700e+00
1.481933191078755874e-01,-1.349253374926570048e+00
-3.930076671973011138e+00,-8.998252402330951583e+00
-4.234512935694473512e+00,-4.686863384279373879e-01
-8.909990010747124600e+00,-1.215157747791179332e+01
1.075066028484656400e+01,-5.723847585891030931e+00
-4.267478699768426864e+00,5.787977016904731542e+00
-3.416274921686172750e+00,8.720547792075318938e+00
-1.585512151554613069e+01,-4.467045188576080683e+00
-8.870477369942165069e+00,6.384102787758674680e+00
1.024176804494566717e+01,-2.062490882270724857e+00
4.467302815690753270e+00,-1.198998429506244001e+01
1.068483206066804803e+00,1.145566051631021587e+01
-1.468479348029731346e+00,-6.607706506437331484e+00
-1.626764245639051509e+01,-9.611155539810447124e+00
8.098269782704454745e-01,1.395936865863212439e+01
7.788943359975485370e-01,8.521717451078854921e+00
-4.278915499264952516e-01,1.698045235328740432e+01
1.753329174137305557e+01,6.281434977236101114e-01
-1.014591039937077666e+00,8.699476539748115300e+00
-5.652094195950642330e+00,1.661077595155187581e+01
-5.323416829189876687e+00,1.293576658770289889e+01
-3.599023300421960503e+00,1.369980467486541542e+01
-2.868087298439658817e+00,-2.138844749829845071e+00
8.287294002172416185e+00,4.560983882945184753e+00
1.797877323461238319e+01,-5.134943016590243658e+00
9.325682033698008411e-01,4.219311531653925584e+00
1.058943223942340950e+01,-1.457876098995398273e+01
-7.759243068845695035e+00,-1.069737832760195140e+01
-1.022326766556883726e+01,-3.125080767566816853e+00
3.461897120917815762e+00,8.198803362873011480e+00
-4.113761827730190168e-01,1.038221464049950882e+01
1.278906722034386156e+01,-5.551632192398948007e+00
-1.645614991790028458e+00,1.364090082711962282e+01
-8.152052250622766394e+00,-2.160520092309966333e+00
2.740635092220936375e+00,4.247906512557881875e+00
1.208474966195374734e+01,-2.125080235617336388e+00
-4.837222551066059140e+00,-7.385674363623659922e+00
-1.404270603683255025e+01,1.339330224001964165e-01
-5.990930531024410755e+00,1.115734433198399128e-01
1.567077645524714491e+01,7.457656589858948415e+00
-1.105797502446222857e+01,4.716609585978218888e+00
3.848151138340245137e+00,-4.221506027117187365e+00
8.399419051841276129e+00,-1.954911539569117229e+00
-1.160484863233841146e+00,-2.649669650900732698e+00
4.100998881823262998e+00,-2.445083301493501171e+00
2.252794058415359402e+00,9.511295101754155823e+00
7.108205949512453437e+00,-1.077239162455050625e+01
-1.654891425886178524e+01,3.472861736419388556e+00
-9.295856428091028079e+00,4.591423981253843323e+00
7.323527012477964782e+00,9.472152730830092793e+00
1.228558704722099115e+01,7.107992447544805081e+00
3.958352272067512612e+00,1.012218347364448867e+01
-5.900038985244015599e+00,-3.611648877474574970e+00
-3.826857255455751172e+00,1.638150847887598616e+01
-2.220155861368257710e+00,1.001407500035227116e+01
6.454398434342323299e+00,1.029244380839017259e+00
9.854914941985814636e+00,-9.986088334297408053e+00
5.547405872687296124e+00,1.472642025438424973e+01
4.498484538722331116e+00,1.231771215991814827e+01
-6.629359172664964106e+00,-1.780465925351593626e+01
3.415547373873730752e+00,-1.425788898348195488e+01
7.543858412152797399e+00,7.673569432433925641e+00
-4.397223673135873590e+00,1.544575049425857216e+00
-1.472636551860761855e+01,-5.957828184195694377e+00
-2.192864611433010591e+00,-1.061693541807919949e+01
2.021155521215219686e+00,1.534644511571572068e+01
9.162913029658053432e+00,-3.584552101532975321e+00
-9.588269274162556144e+00,2.330355680921989858e+00
1.198224100791350466e+01,-7.154027813898006904e+00
-6.277491792860394604e+00,6.599805098525973079e+00
7.237026348274941401e-02,2.588693642745642176e+00
-8.597774725250108219e+00,-3.976326785054932422e+00
-2.007836768644235992e+00,-8.834507747398884447e+00
-5.071432931572124325e-02,-9.703790523247931787e+00
-6.476387049342154256e+00,-6.613738558960812419e+00
-7.050001235066531535e+00,-4.934633726377023244e+00
9.071749117502339033e+00,2.941428111904891285e+00
1.089563709760050791e+01,-3.887466289992527635e+00
7.392982959711724256e+00,-7.298814476354915648e+00
-2.343952035007379475e+00,-1.477208202989975483e+01
-3.068666150782424218e+00,-7.412251549818769547e+00
-3.234342059481503551e+00,1.867276714888235034e+01
-8.264516297570075665e+00,-7.357809156881998547e+00
4.979238870068178002e+00,-1.509713752456607239e+01
5.071093769296323828e+00,-1.032875719473139853e+01
5.903057936630077940e+00,-2.326862334868286197e+00
-1.186805639043914340e+00,1.293380562630874753e+00
8.708910444943402496e+00,6.314138908989560761e+00
-4.946180557307738646e+00,9.621740999410294037e+00
1.090470435570921381e+01,1.179532368170468537e+01
