-9.907493522305239608e+00,6.370634038242982022e+00
1.343217728909968578e+01,-1.342788939812996674e+01
3.046379206884405111e+00,-1.241681362204912098e+01
7.972112479009900277e+00,1.111849858038794103e+01
-2.229265520871934303e+00,-1.928445326790313885e+00
6.019819421923011227e+00,1.277550801936936509e+01
-5.994830717154558286e+00,1.643837607477779850e+00
4.441547232627712560e+00,-1.357188692667659247e+01
-6.450459590534461718e+00,-1.602209924474347247e+01
1.572423710040344202e+00,1.394400560461561511e+01
-1.193294134751879509e+00,-5.541814540181497328e+00
1.107624339885899545e+01,-9.962112740890864515e+00
1.217490849374549544e+00,1.640104537297666099e+01
-1.023262444243154512e+01,-5.763804277414748434e+00
-3.014233911758621876e+00,-1.709520919260104677e+01
2.016504434796864587e+00,8.098776310129239819e-01
-5.614337099724667546e+00,-3.744078665849004839e+00
-9.947620451446624656e+00,3.243413031658632484e+00
5.322863967181050704e+00,1.442137788326432357e+01
1.129986182282017637e+01,1.244326904629769182e+01
-1.143309880791104627e+00,-9.155902806146956507e+00
-2.781153089956660107e+00,-1.530415121521399868e+01
-1.433413770659599251e+01,-1.244466989604488383e+01
-5.633508945261323397e+00,1.022366079454545229e+01
8.586921387773584158e+00,-1.216455812420551474e+01
-1.580207082601083535e+01,-2.395020642031231994e-01
-1.140107336136400207e+01,-1.047979915355974079e+01
7.714988262930643437e+00,-5.013920268172291195e+00
3.423818635447754222e+00,-1.069296506565743066e+01
1.746842009626713477e+01,4.818230637085283430e-01
-8.819821151090028621e+00,-1.545171680816637139e-01
-3.599934583764490270e+00,-1.189635803013653259e+01
2.875890655047174671e-01,-4.405052346079341596e+00
-3.925975569537835774e+00,4.602858170600915066e+00
-1.407756213597543571e+01,-7.342734876219692008e-01
3.570446396204969286e+00,-1.516841694254872230e+01
6.206225680385046850e+00,-2.690316880149955292e+00
-2.307249853466714296e+00,-1.057988822026153741e+01
8.282578082376195638e+00,-6.723566773854412482e+00
-9.194557959267786629e+00,-7.887993843421957862e+00
3.218568567623120380e+00,-5.636569888974669595e-01
-1.784308972255644932e+01,5.754765542489010066e+00
1.097782689412693280e+01,-5.500569545108226599e+00
-1.233783971174440275e+01,-8.838804586578477895e+00
-8.453760581874879776e+00,-1.301301279475259953e+01
-1.201744556347863835e+01,-7.077166327994916628e+00
-1.271659978923201706e+01,4.420577704881463177e+00
1.479161489529270135e+01,-6.751757426874416268e+00
5.002496194545263286e+00,-1.154723144831365822e+01
6.194823256801823774e+00,9.056106292076780306e+00
5.059954944036027413e+00,-1.658322722817004191e+01
-7.077569073821530665e+00,9.073248079004265776e+00
4.989778992895515408e+00,7.644291544216744505e+00
1.288223484286122122e+01,1.370470822114305598e+00
-7.781147503217079375e+00,-1.134390041014539285e+01
2.052336567105323084e+00,4.425558801065445635e+00
2.755927050768020692e+00,-5.656489034335264954e+00
-1.532589219570836470e+01,1.914463098646812078e+00
-1.404691976890998539e+01,-2.573106647056474738e+00
9.510826922512697124e+00,1.209303671372703093e+01
-6.202859443281792728e+00,-6.811238838428743669e+00
-5.396543272214680442e+00,8.087915647041700851e+00
2.860190960619332756e+00,1.545637480203255798e+01
-1.192932124901919089e+01,1.452634641063319343e+01
9.552173992744103614e+00,8.186000314023420543e+00
-3.879135149592077170e+00,1.006603869284911568e+01
1.721843038269604875e+01,-2.049534923321022717e+00
3.306108789517972824e+00,8.445645388681130683e+00
-4.976027793926492748e+00,-5.462784693467509278e+00
-1.438465656069368848e+01,5.034852807777101980e+00
7.024181632021564425e+00,-1.020515895926675798e+00
-4.801577192035783731e-02,1.766895314988714816e+01
7.379468075570106977e-01,-8.595604032730102873e+00
3.679527502243046033e+00,5.177326553036208701e+00
4.520210157067653611e+00,1.162270342968604098e+01
-4.298177202442619027e+00,6.614172162671433597e+00
-4.650669237414509993e+00,2.920807404705549892e+00
1.692136598663370251e+01,2.839139143187030978e+00
-1.056594127262821559e+01,-4.681275219546794930e-01
-1.839106166050962665e+00,8.512849175636032939e+00
7.824999479796667323e+00,2.045195888776603965e+00
7.120283342839831775e+00,1.463523035797741656e+01
1.219748408920368554e+01,-2.300990016348159362e+00
1.573155841875549932e+01,8.888421089369426653e+00
1.157746026056517508e+01,-1.369326396503801568e+01
-2.141069612509957754e+00,1.031371868789220692e+01
6.380894011279623967e+00,-6.197874749647939829e+00
1.364380441585036685e+00,-1.040047560991087749e+01
-1.223166195412812662e+01,-1.311865913802253925e+00
-1.294189262224250747e+01,9.220750693503596551e+00
9.831613595894198809e+00,5.556479592689856695e+00
-2.273825157100184402e+00,1.509372181816966041e+01
-1.136317422932713406e+01,-1.256300736676433694e+01
2.475677840544954655e+00,1.208006145970236211e+01
-2.928636754533669340e+00,-8.790423866786731821e+00
-9.813327733551888699e+00,-1.141832560673635832e+01
2.949582383450036982e+00,2.327992847057757775e+00
-4.154925678520286603e+00,-1.011335388233827715e+01
-1.864182162506418106e+00,1.333599389637377186e+01
9.483238529423193341e+00,-4.553209628801417885e+00
1.100431835274780035e+01,9.188611926768102123e+00
-1.591032193041834297e+01,-3.934283921466341649e+00
-2.645317230338006809e+00,1.725985585681992163e+01
1.337305698148669286e+01,3.089386432443812947e+00
1.315466366453942193e+01,-7.411281191551848835e+00
-1.647465549672296747e-01,1.473138192816374570e+01
6.858518629297802427e+00,3.591700887596007696e+00
-1.405730399394677255e+00,5.247809371340173001e-01
3.846182781109917848e+00,-3.822727915895005601e+00
-1.972685286977978292e+00,4.117487360156048659e+00
-4.757072100459118325e+00,-1.553493014489096780e+01
1.001982628096137473e+00,5.867886100323294052e+00
-3.646192893507887334e+00,8.266655328927161150e+00
8.534257094993728643e+00,4.187932259635036125e+00
-5.903647417349345616e+00,1.684217506468835879e+01
-1.181906937462388996e+01,-3.889448951682104472e+00
1.238372451603673952e+01,8.074845446683253769e+00
7.837308160250403333e+00,1.299780330786951055e+01
1.214197161643487455e+01,-4.103900397034118797e+00
-2.509236682092535808e+00,-7.037822310517507063e+00
-9.031564150459955087e+00,1.588207952677036072e+00
-5.406186310819922625e+00,-1.365759901700301526e+01
8.008093586602354819e+00,9.232400397266641079e+00
6.165908561237340990e+00,1.080989642557751296e+01
3.838682211513730902e+00,-7.668440112286231347e+00
-4.312596490904909707e+00,-7.101783509743397893e+00
-1.153565909311281423e+01,8.134991211605337114e+00
-5.242932952833483817e+00,-8.662600053752372631e+00
4.517943447106256727e+00,-2.037648133799762284e+00
1.000237116475056887e+01,-7.092583343916754046e+00
4.276642728203162491e+00,-1.820704235819433237e+01
1.345915403508718100e+01,1.160551195492303478e+01
1.230286487777272342e+00,2.875152129051218974e+00
1.401084833503225013e+01,-1.886892010049124657e+00
-1.175109535851823672e+01,6.322848059744510252e+00
4.227363327466947318e+00,1.069261108139966776e+00
1.134420355185467777e+01,2.261283257753980980e+00
9.879484175745403718e+00,1.394489492414378162e+01
9.586744759372818336e+00,1.029361597656619054e+01
-3.211259323312220193e+00,-5.405013905176982547e+00
-1.446881353712048046e+01,8.087317401277161366e+00
-1.666748167499535427e+01,-9.064473329581428374e+00
-1.103681576636376072e+01,1.239250806897323587e+00
6.769837563108056067e+00,-1.244584365761294542e+01
4.092202308160901580e+00,1.682920868040094931e+01
-1.487598390725152697e+01,-8.578598519415377766e+00
9.799892464547733439e+00,-1.347512284167566499e+01
1.106889756226383170e+01,-1.544234811874137137e+01
9.915820904234098343e-01,-2.564114248485963810e+00
-1.088647387324821203e+01,4.741539458400017892e+00
-9.325767428482050203e-01,1.165345009719803926e+01
-3.903527076891251113e+00,1.592731488088451108e+01
1.381401413383913646e-01,-1.595606345307895957e+01
1.332819906444345648e+01,6.289026850342328778e+00
-8.973604269435099923e+00,4.725257805308951120e+00
1.130823078983582342e+01,-3.132545450479857774e-01
-7.919588113265551677e+00,6.438164981571990353e+00
6.336819475166411975e-01,-6.146255292227068345e+00
-1.277837066110850195e+01,-5.415753975930648778e+00
1.593044805466614555e+01,5.858546529862916685e+00
-1.339148364838371741e-01,4.024191939801086804e+00
8.463512815363502639e+00,6.655335058655022173e+00
-6.111200664761983203e-01,-1.217872353027550369e+00
-1.402238503850263029e+01,3.123992307726207951e+00
9.500845947367131394e-01,1.105855181851630853e+01
-1.192498591306990186e+01,1.272272828103253239e+01
2.065253261867447510e+00,-4.043080128303873977e+00
-7.677019045246999518e+00,-1.507854883991406547e+00
1.588306108546695050e+01,-8.194209893587251159e+00
-1.169223490095475526e+01,2.895156234738408774e+00
-4.102493595803834991e-01,-1.077236540725349023e+01
-4.106232261888796309e+00,1.392908081707885160e+01
-6.872621029610117560e+00,-5.101724820711868169e+00
-9.653609856220551677e+00,8.563254928403017274e+00
1.804930943263921561e+00,9.449064308510445542e+00
2.588896284323258357e+00,-9.013332170499184670e+00
-7.361725951860647932e+00,-8.129500571139793408e+00
9.542298037873635508e+00,2.726676235229761769e+00
-4.117933822638862651e+00,-1.946816779687462695e+00
-8.170172774009909489e+00,1.226336696335278731e+01
1.248809388642456497e+01,4.676377887398825095e+00
7.911361188855781990e+00,-8.469803544273819540e+00
1.478720102697677419e+01,7.309326225290842416e+00
7.677975627818695692e+00,-1.421748398790373180e+01
5.625768927123840690e+00,2.166474116821459184e+00
-1.701113391987506418e+01,1.086663411078649499e+00
9.996910607295008688e+00,1.000835450303953156e+00
4.378372798239923647e+00,3.474066078401865987e+00
1.048906299740052361e+01,-1.887230343825787582e+00
5.973367236084654586e+00,-4.443568618081435773e+00
5.660852754270959686e+00,-7.886974906785198414e+00
1.076247661815537704e+01,4.005046727581691002e+00
-8.512825120014033686e+00,-1.543542139470087626e+01
3.619201658691613588e+00,1.383002623183869950e+01
-5.525447484713281732e+00,5.353457869595056096e+00
5.251268150845943339e+00,-4.434497821284787422e-01
1.241998378988016905e+00,-8.272487712818665795e-01
1.300990689345411733e+00,-1.221881277654910392e+01
1.151668765696749297e+01,6.265304198384023415e+00
-2.632864629301451931e+00,5.881808856563250920e+00
-1.602491580460851495e+01,7.143301509687202788e+00
-4.867653021889387865e+00,-1.744125076769810079e+01
-7.034132282102392608e+00,2.170736588796671196e-01
1.167725646483396829e-01,-1.417507626118569775e+01
-1.352606269118509630e+01,6.599705817574267996e+00
1.326795406060280591e+01,-1.114232648678745718e+01
-7.931479841808071474e-02,9.254106108915117090e+00
3.390111240873515008e+00,1.023597041200801172e+01
-3.022252480805274200e+00,-3.140844163738253370e-01
9.161040168199223288e+00,-1.045980061020352103e+01
6.374349216501530968e+00,-9.490541073731254329e+00
6.639192662244841614e+00,7.188445414187720761e-01
-6.766356917303564700e+00,-9.899519862043323570e+00
-1.041474510295628342e+01,1.164683835651654675e+01
-4.240663050834963532e-01,7.422769239499610983e+00
-7.183455440086467192e+00,-1.428907331872640540e+01
1.149695859072168780e+01,-8.220095827738242988e+00
8.745294082025091953e+00,-1.624949308954964478e+00
-8.301278182985659670e-01,-3.021307669299178489e+00
1.411164596351005329e+01,9.854787003568862502e+00
7.181817915303470024e+00,5.376532261174474137e+00
1.190748679048904357e+01,1.070947816653279716e+01
-5.289785796418221331e+00,-2.574990974817720768e-01
1.575782141558847194e+01,9.945139692809595866e-01
-8.634974764191847285e+00,-4.816184637437049609e+00
-5.870249175552563869e+00,-1.994938243661202204e+00
7.310904017815539113e+00,1.647225632449979926e+01
7.933310791985790367e+00,-3.242008031658174083e+00
-1.126850945601907128e+00,2.559490122108460497e+00
-1.099329038171976158e+01,9.933483811785519535e+00
-9.353369467410919569e+00,-2.074220054679478231e+00
1.434832329165549680e+01,4.844680131371639220e+00
2.051649264486325563e+00,-7.284655555291689844e+00
-3.580766394585228163e+00,-1.368813919284762193e+01
-8.066255179646116824e-01,5.705168061182111394e+00
2.735138127654320073e+00,6.659175054899181490e+00
2.885979492875976327e-01,1.337774190778757699e+00
8.329305631065610172e+00,1.755963423290580194e-01
2.722419675604157430e+00,-2.278481390382522509e+00
-7.581727213752674999e+00,-3.345545657577909449e+00
-7.470360832849722854e+00,2.670293982324679849e+00
-7.139711469077901107e+00,4.669526079738907320e+00
4.639793039017630960e+00,-5.628956006044587568e+00
-2.883262703439159580e+00,2.420197941913531547e+00
-7.694770473624937823e-01,-1.765320598491599569e+01
-1.418773282225500054e+01,-4.361037894395876080e+00
-2.491597627008709459e+00,-3.721493795358965517e+00
1.565675656505972846e+01,1.072068223419428357e+01
1.323035931701643353e+00,7.759990902322675410e+00
-6.821423173542778828e-01,-7.454729717930220545e+00
-4.477909260706196548e+00,1.219093352272182429e+01
-4.161332087300771754e+00,1.101579231862042985e+00
1.945237390044687542e+00,-1.408641722035540766e+01
5.484710388795135394e+00,4.903031303905144966e+00
6.794098215617145442e+00,7.283048403954818006e+00
1.469730137165624129e+01,-4.923794066077991083e+00
