3.940851364017875280e+00,2.223324379202451240e-01
6.962341570121868273e+00,6.433566012300218073e-01
-1.718307498128844202e+01,-8.105619534840926121e+00
3.166661739115144591e+00,-1.562195841032938937e+01
3.104120687684766455e+00,1.016878671674973589e+01
5.212756793229946339e+00,-8.957894850124249686e+00
-4.038302993900881432e+00,-8.511250009943329697e-01
3.750154833188847014e+00,-1.012570194647015143e+01
-2.915405809965756934e+00,1.464313321272368462e+01
5.353842653069130542e+00,1.370786432122767406e+00
-1.479709577755986771e+01,8.850076728051107011e+00
-1.108334078456819860e+01,-1.449016092482023232e+00
-1.880011328341876231e+00,-1.352533494975182116e+01
-9.622147824589763587e+00,8.022240473565336316e+00
3.062638822708738662e+00,1.194167872111616546e+01
6.853731455621768553e+00,-8.193841921022835706e+00
-1.402222972056538630e+01,4.631501021131182227e+00
-6.446496273752587491e+00,1.513407735043053570e+01
-1.002300275605876223e+01,-8.592111494017315110e+00
4.869935953606050916e+00,1.055715684123824438e+01
-3.748325582879634132e-01,3.063962181989868583e+00
9.968458116127054680e+00,1.560312357079087597e+01
6.759116753501381858e+00,9.448773437001261044e+00
-2.916106746834159047e+00,-2.717877749675916110e+00
-1.622452456950356847e+01,-6.593262152564771661e+00
-3.248226998690606937e+00,1.109254062078794867e+01
1.366339441499560658e+00,1.252890355125035882e+01
-9.554732097626324361e+00,-6.875303757848285180e+00
1.587849834103007041e+01,1.013142216972399146e+00
-6.566987161654724403e+00,3.236849859039053978e+00
1.604118065927633952e+00,-5.454092762403549344e+00
-5.025036231331142744e+00,1.093800138661277366e+01
-3.906080092175900909e-01,1.132024924376325181e+01
-1.817442307098664145e+01,-3.248249481637169644e+00
9.222673633481914379e+00,1.401758834927964337e+01
-1.160210929148023418e+01,-1.504264981160198644e+01
-6.464386230294827840e+00,1.467853753590127042e+00
-5.105158540110950938e+00,-1.398934690301331507e+01
1.074668037783951569e+01,1.220105274379522875e+01
1.602331858075384252e+00,2.362223073851208888e+00
1.089555152785383285e+00,-2.030383923865154205e+00
-1.634697906213526508e+01,-9.673828605844525086e+00
-2.497473556773702530e+00,-1.165200504961839734e+01
5.473916798547412199e+00,1.464263092428196700e+01
1.399854216993894340e+01,8.175231634415709436e-01
-5.278235327837491608e-01,-1.244571589202160045e+00
7.016854875319658902e+00,2.542198310774669956e+00
9.986831151302464349e+00,1.057673009682050314e+01
4.740522747106405532e+00,1.266665754364036545e+01
-8.381764628721763088e+00,3.162382004317696005e+00
-4.262847444222950699e+00,2.396581515427464115e+00
1.770913566294202823e+01,1.463147209892460276e+00
8.736462037992718255e-01,1.755456001412748890e+01
5.252246991463806580e+00,-5.310827751666078456e+00
-3.329895816169149203e+00,9.214899297331424322e+00
-8.893883096011046874e+00,-4.887306966039232314e+00
3.899646538406753571e+00,8.564374759819003202e+00
7.146521084324485962e+00,6.877713058522052947e+00
-3.640172109625564367e+00,-1.299745768916906208e+01
2.370381255953321276e+00,-1.863289120938983601e+01
-3.850244102846430566e-02,9.470986131011555287e+00
8.362268294261012258e+00,-7.151090039695366052e+00
-3.557693730547745847e+00,-4.721047758706329311e+00
2.664374226512252974e+00,-1.043737339593797886e+00
8.121127080598412817e+00,1.252839869639872283e+01
-1.583251766316431941e-01,-5.270800085082967712e+00
8.406444732613987725e+00,4.004592673551568005e+00
1.747056222686061489e+01,-7.346433827724146326e+00
1.325252240587108332e+01,8.216780458782272589e+00
-5.262800325129012080e+00,-9.242960135164791424e+00
1.168804257801174096e+01,4.831936494760667777e+00
4.293077293624432578e+00,4.679010004341820128e+00
-6.463725559229508200e+00,-3.384757699104158912e-01
-6.856966980690067714e+00,-1.330760956915310445e+01
-1.486240224952495126e+01,-3.150912836104983850e+00
-1.110229427306502004e+01,3.315820227218876148e+00
-8.190500761463738399e+00,1.710997451120139701e+01
-1.425821518587550329e+01,1.058573188542900390e+01
-1.130825014180668298e+01,1.467054640215609673e+01
-6.895286690645230365e+00,-1.617661755656389388e+01
9.010006887612536985e+00,5.749690215975288288e-01
4.403406739978915851e+00,-1.279443778963465306e+01
-4.867558493601150005e+00,7.322248823461462663e+00
1.845352951327590585e+00,-3.644386044536593872e+00
6.450952856378718181e+00,1.312619854900229122e+01
7.551031339179429480e+00,1.721010976572075535e+01
-1.532691328184403723e+01,3.884756759229747725e-01
1.937421871512474247e+00,1.425577644915835940e+01
5.659921706735164371e+00,5.863245131924661457e+00
-9.243856018426232168e+00,1.044444931678634703e+01
-1.167422154666998679e+01,-1.170726426414592325e+01
1.727686798863410145e+00,8.970343764997613434e+00
1.276252246004205126e+01,-3.467889807690951010e+00
-5.324763536625556348e+00,-7.078184630067974936e+00
-1.224130156353241627e+00,-1.036252090439548468e+01
-1.189933778090840999e+00,1.521769524189285505e+01
8.253731416764660267e+00,8.381463087872933926e+00
-2.120917984533284617e+00,2.415028813038263777e+00
-4.064617389965361482e+00,5.593667908025642177e+00
1.478904698622160296e+01,2.460237264059728091e+00
3.410494854198335979e+00,1.911246236670695708e+00
-9.702347231463431143e+00,4.497601359467722659e+00
-6.669392628805296930e+00,1.006178528467912336e+01
-3.833944387924804520e+00,-8.166070572049408227e+00
2.794686642636033724e+00,-1.386311756274531959e+01
-1.282118864329646080e+01,-1.032891733372306931e+01
-1.096473182906356492e+01,-1.336219929021227948e+01
1.681333940624543666e-01,1.403811025244424115e+01
3.067477968639141572e+00,1.872244552466868583e+01
1.463446042745352393e+01,-8.944666872322148521e+00
1.499234632903989350e+01,-6.989319918012693034e-01
-5.284230618811561087e+00,-5.257233659754303901e+00
-3.273364768611091602e+00,-1.492885268869352267e+01
-2.280371499269077340e+00,-1.024639384215820792e+00
-9.061721152373575450e+00,-1.289187116744848893e+01
1.774926304644804276e+01,5.785519337108899762e+00
6.580400862394530925e+00,-1.353080401706385594e+01
8.175833359839202785e+00,1.068070519786941652e+01
-1.311823590991158106e+01,6.255475963499019798e+00
1.754818216202560421e+01,-2.599485546230299704e+00
-1.188681366894336477e+01,-3.586738346017042556e+00
-1.892185329656437531e+01,1.586905993388552538e+00
-5.169686268292045028e+00,1.272240410944778866e+01
5.871382673593228851e+00,1.644357084259395663e+01
3.337638002660216596e+00,-2.716295694856087017e+00
4.707872241906772004e+00,-1.426454381098928081e+00
-3.060937669081789991e+00,7.124675047000978978e+00
-4.753943130000672035e+00,1.447201931670331554e+01
-7.440057316739616233e+00,-2.042062696318529103e+00
-7.396087045553509931e+00,-9.843108412919848504e+00
-5.092936950221408132e+00,-1.099144808107384286e+01
6.508844920644663468e+00,1.129954414680913821e+01
-1.268509691617784441e+01,-5.258444267953914064e+00
1.566279638763564286e+01,-5.624927218787240335e+00
1.053573239867756506e+01,-4.003924036624732508e-01
3.040731193944339328e+00,-6.587006061420981773e+00
-1.580594400336625860e+01,4.977381098278844007e+00
-1.739225963692430454e+01,-3.420497078938563584e-01
1.569251705725973700e+01,-7.455467253516625092e+00
-6.001922827909887681e-02,-8.961005498350180787e+00
-7.759388104489785221e+00,6.583018168247503965e+00
-2.933327775224678025e+00,-9.694564039743779560e+00
-1.452477474714500616e+01,-9.811075198813840714e+00
6.133790663335809690e-01,5.970018426229396269e+00
8.582486091267099937e+00,-1.229797003701368574e+01
9.254200792521648511e-01,-1.398626695757496563e+01
1.687760274078337286e+00,-8.309179860549679830e+00
-1.508802987765479031e+01,-1.150944957843399763e+01
1.026765650747918635e+01,-1.159688038521038322e+01
-1.040018654590967451e+01,-1.036619459971763746e+01
-1.399737426261550333e+01,1.878330678692793798e+00
-1.570394882309347295e+01,-1.405954018412038931e+00
1.529744949683767530e+01,9.340251270560681718e+00
-1.133299565071161119e+01,8.571304142893451328e+00
-1.475945701248390129e+01,6.913165898876050264e+00
-5.519328714885681997e+00,-1.819671480229162031e+00
5.559914310011863314e+00,7.700646582833426734e+00
4.774547148908565575e-01,1.582601557905484135e+01
3.166429388398323552e-01,-1.130506163128983133e+01
2.345448198289624031e+00,5.410842495012579079e+00
-6.301350725562271826e+00,-3.466602980392492928e+00
4.910475875429014536e+00,-3.507017052904953136e+00
-8.599620210714212121e+00,1.214216858212107297e+01
-2.250750716392331707e+00,5.452227399163237287e+00
-9.999531979442119578e+00,3.003514373114599817e-02
-8.251399794399418397e+00,-4.248294916467133531e-01
7.357647985077532482e+00,1.476235532114438342e+01
-1.100161627108746742e+01,-5.819813156394447518e+00
-1.650989900984718162e+01,-3.828998618801744414e+00
1.363112066941324763e+01,9.977835733021592546e+00
5.793517421743556994e-01,-6.882841515143532263e+00
1.083086661287488006e+01,-3.493529425291662882e+00
-1.308792458355754995e+01,8.052960111847042413e+00
9.919102567752899446e+00,5.109101380781930324e+00
1.053416388557244865e+01,3.167206402527377396e+00
1.393207980028540049e+01,4.096044302246782287e+00
4.961840121754108601e+00,-7.147317522285083768e+00
-3.111317759283462436e+00,3.912276429546459600e+00
2.842215088502691334e+00,3.673388565820015828e+00
-9.310627545011261219e+00,-1.871755123938642740e+00
4.841715031187390217e+00,-1.627896777978045861e+01
5.302125525475482881e+00,3.180145308980995456e+00
8.119907270625233764e+00,-1.036343031555934990e+00
3.868019402828041464e+00,6.496544905999513730e+00
-8.049014237112915637e+00,8.890694631574207918e+00
-9.970838186117171986e+00,1.799910891394311818e+00
-8.250157874078990261e+00,1.358931949404617479e+00
1.175439480979245666e+01,-1.878519294644228621e+00
1.317864389906310496e+00,-1.573559822834903343e+01
-1.506716093106679999e+01,-5.107126914407692730e+00
7.608403089752719062e+00,-5.462452696008794462e+00
-4.840155201397566387e+00,7.381824904424919565e-01
1.778236730524721976e+00,5.493555272096267705e-01
1.036147616076928735e+00,4.139474269854406252e+00
-1.715420382978106950e+00,1.013985937586757835e+01
4.068946498315160754e-01,7.748498151055419392e+00
9.916730161551015499e+00,-9.878033656393244044e+00
-1.221300798961562251e+01,4.752363802737392895e+00
-1.523420878687281999e+01,3.305844728317960612e+00
4.599444906120144339e+00,1.773122277471659913e+01
3.503178954959475178e+00,-8.383751535635141749e+00
-1.357755069228381117e+01,-8.332944225455015896e+00
-1.685750162872784674e+00,8.354105287546300218e+00
1.212227995605645248e+01,-7.049393171102302347e+00
-9.517257061350402836e+00,6.249903179058559743e+00
4.140735686621989764e+00,-1.802456270163439100e+01
-6.808693094628628373e+00,1.184341961707775148e+01
-1.291899389058974501e+00,1.699012466879359806e+01
-1.795101262132871867e+01,-6.179849110771668208e+00
-5.872257301890495107e+00,5.743612294248391592e+00
-1.218192791627178728e+01,1.900629346863702107e+00
-3.103232154575121804e+00,-6.483131707737651794e+00
8.998457133935110264e+00,6.688040499742523792e+00
-1.527318898530514168e-01,1.898297515781337452e+01
-1.601880999215915313e+00,6.768231836509549515e-01
1.270701132353053930e+00,1.066549995755985591e+01
-4.906033947756316849e+00,1.629812275233589602e+01
-5.194290789663181585e+00,9.054219587630417010e+00
8.381507391645943272e+00,-3.194356604023958823e+00
1.338330718470833181e-01,1.341681854429501941e+00
1.131198263249649649e+01,-8.629847718601947548e+00
6.620593344153496318e+00,4.376051717968945987e+00
-7.522333122223948898e+00,4.758842176795438306e+00
2.237685353811429856e+00,7.227060956836199423e+00
-9.615525723754071663e+00,1.386193326145336613e+01
-1.732804038590644069e+01,4.095591267603013286e+00
1.002039147295384858e+01,8.362317393491485618e+00
1.095124309309215072e+01,1.398238726863013648e+00
1.555450527830945084e+01,7.509931052226287207e+00
-1.652039302959054767e+00,-7.721531363440124807e+00
-9.996260564283847572e+00,-3.488765001863205040e+00
-6.897131346862762413e+00,-1.154709717719494400e+01
9.746955691794262577e+00,-1.988303658054030087e+00
6.543153190904140715e+00,-1.974354490540681351e+00
3.702658898412358290e+00,1.415004780434006193e+01
-7.075247288256386824e+00,-5.088843650772225224e+00
-1.182913731426326720e+01,-8.829538138872464970e+00
-6.683553601854257842e+00,-8.194839389917289552e+00
-1.539414569518122100e+01,-8.155591451619587318e+00
1.393981366956260182e+01,-1.085783115742259142e+01
1.257822163573283269e+01,6.380951897814692408e+00
-9.618063331507078928e+00,-1.460502223462421867e+01
3.414702585259734580e+00,-4.783807557153185286e+00
-5.004851427977068390e+00,4.065823430229668745e+00
-8.772153516605428081e+00,-1.108672768813215193e+01
-3.352547410938357064e+00,1.290472274986155554e+01
-6.566397388782432287e+00,7.947226819368323980e+00
-4.184725918991382798e+00,-1.741641023072682160e+01
1.083861449708953373e+01,6.760635296253921567e+00
-5.869382568587010462e-01,-1.497590519413671473e+01
6.664465242466592443e+00,-3.940336459909915323e+00
-1.807346710424586833e+00,-4.467472098151091586e+00
-7.729466579242766144e+00,-6.789725256702726419e+00
-1.112389791395208327e+01,1.075349117440251234e+01
-7.286393254368547234e-01,-3.017069798554580462e+00
-1.232357362600423656e+01,-7.008074427905687465e+00
