9.143939204200181692e+00,-3.042811578554021512e+00
-1.565392549514331222e+01,1.076822253635678628e+01
-1.899796787886493732e+01,1.535375756629739907e-01
1.747630363236048723e+01,-5.068876543047422523e+00
1.194413115882939991e+01,-6.839281510538322451e+00
1.072600852825053908e+00,-1.180808718599753959e+01
1.021869158273300826e+01,-7.241368540775136253e+00
-5.522721247488160401e+00,8.933026251772211879e+00
4.113049784128215869e+00,1.682864065224676153e+01
2.861475176447151547e+00,-1.200262650728672398e+01
-4.262758007595337517e+00,3.713634199794054513e+00
-1.289349073793410483e+01,4.982717772592694772e+00
-1.835339935552562141e+00,-8.116505927662920783e+00
-4.102851397536713129e+00,1.440770037832735184e+01
3.656230100620415424e+00,-1.838395185771972962e+01
4.276335424267473151e+00,-1.335710621166124845e+01
1.771811407310622855e+01,-3.191351495783313563e+00
-2.599830987644184965e+00,6.388376716757848683e-01
1.727540483979357333e+00,-2.091921684609342247e+00
-5.427491434675375537e+00,-1.361996994024302765e+01
-1.935584509740523762e+00,-6.199049852070182887e+00
-1.611566558524945014e+00,1.374255009731403021e+01
9.647561925052619003e+00,1.528089123533262317e+01
-7.749418175541399556e+00,-3.687352072894835242e+00
-9.279264667467330696e+00,7.479512273243743792e+00
6.253163380137223726e+00,3.854118561600610171e+00
8.805984750267080940e+00,1.215386023921379000e+01
-7.465949795064928729e+00,7.107728520918812798e+00
-7.392373206942387753e+00,2.286112674126357547e+00
-6.345921915066989882e+00,-7.881890831475923953e+00
3.373111137886081412e+00,1.265543589029930027e+00
1.564704838208039739e-01,1.404871147663286912e+01
4.155262343559643634e-01,-8.759667348008731480e+00
7.985105164361473662e+00,1.461457369097289671e+01
-8.546506480632642067e+00,-7.690831184420058975e+00
-1.717822549490122341e+01,-8.099996079895639411e+00
5.557352848218995334e+00,1.468866787195422141e+01
-1.308209280245981532e+01,-1.128476585197063997e+01
3.521721349088668518e+00,-3.132886448691938774e+00
-1.787096447872658445e+01,-5.870345067624816338e+00
-5.943669631478223359e+00,-2.880832430524822296e+00
-1.888234151053204002e+01,-1.747901785387848683e+00
-9.863620758854741766e+00,-8.860392209525999263e+00
1.309087890785666453e+01,-8.650412887338946533e+00
2.878378046447065852e+00,9.714013762975985955e+00
7.557154615827421651e+00,1.082093743305079769e+01
-2.400144564101513112e+00,5.197538490438184944e+00
-1.576891800103937591e+01,1.956881293336388161e+00
-7.304399308591860596e+00,8.960781730649047816e+00
5.642521634659226848e+00,9.422904549648176697e+00
2.423321237904245251e+00,7.799911362224099420e+00
7.351140195592337889e+00,2.481886779176430746e+00
1.047068043160867390e+01,1.154609386438109198e+01
-9.627742737963627562e+00,-3.664940362182419253e+00
3.677406527465260311e+00,1.246730258982098682e+01
1.798932527315997731e+00,2.262565320486650933e+00
1.037940926933926811e+01,6.474894973065712378e+00
1.275090384741771743e+01,2.895202412452274832e+00
-9.869212125704589056e+00,-1.063144754092486366e+01
-4.510795617710025240e+00,-1.205597075121010420e+01
3.215921389049222867e+00,4.954818767930665224e+00
-1.586910035620422876e+00,-2.836998782877409919e+00
1.122367575344399349e+00,-1.358610001894750496e+01
1.650505959913440535e+01,9.411854632803315468e+00
1.519861730729606641e+01,-5.645671179780901383e+00
5.088907633693040111e+00,-7.601107153734540489e+00
-1.690860020186998014e+01,-3.315809651889451981e+00
-2.790608766724634870e-01,-7.104003163382598629e+00
3.572985944944042203e+00,1.509189373220995734e+01
8.418721298776205231e+00,-7.745322461754421184e+00
1.449393001913147749e+01,-6.581680170825439102e-01
9.374828046577414753e+00,8.623636612116803990e-01
-2.472217245657909679e+00,3.312140289193271414e+00
-4.769593892625661802e+00,5.075301500425642987e-01
-2.181993644937898769e-01,-1.044160300315709300e+01
-9.049654346460815901e+00,9.239507007552203888e+00
4.660437432985439443e+00,4.641418784586761465e-02
5.583356282532163206e+00,-1.812949420346012985e+01
3.075625971085387711e+00,-8.351622842656204471e-01
-7.399715902273630574e-02,3.307604625684898991e+00
-6.940279465209819421e+00,-1.317400804200401954e+00
-1.710466897198534619e+00,-1.452758508144022542e+01
-1.085515421252512347e+01,-2.362932152027269694e+00
1.160873815901673112e+01,-9.031651193140141087e-01
-3.639869554566108611e+00,-9.195462164416595696e-01
1.446560701904585500e+01,1.203124215210545778e+01
1.162241415286142576e+01,4.436025361887312002e+00
-4.176547725357673713e+00,7.759552039467638274e+00
1.089843687656759208e+01,2.783752542911255290e+00
1.352523369933186181e+01,-4.958393031813831620e+00
-7.192756475773847136e+00,-9.470379068284779933e+00
7.419267657835494134e+00,9.033516257535298521e+00
1.720102371153676302e+01,6.107067264759082015e+00
1.258644360926363603e+01,-1.106525750374867201e+01
-8.041929977739435742e+00,-1.105710207250236543e+01
5.386053386506601370e+00,1.289223654438645283e+01
2.703291766601863877e+00,-1.439184787943827715e+01
1.126350957553311272e+00,9.269816607474437475e+00
5.189448007938771923e+00,-9.455112764184075758e+00
-9.089219222256533115e+00,1.694979263408253889e+00
1.115230418363205267e+01,1.031504424667739839e+00
-8.165814792883691053e-01,6.476773522112445391e+00
-8.843413416385860870e+00,-5.336218432055943595e+00
-1.020027947454789086e+01,-6.931188382980822738e+00
-1.462606217378735707e+01,4.584492294632394938e+00
4.762022784213741033e+00,-1.156557444314359806e+01
-5.214806516095189970e+00,1.305082228749281548e+01
6.317247572053662275e+00,-4.879195571550289934e+00
8.050374886656781470e+00,4.129968557976856580e+00
-7.360596553121933283e+00,-6.323927095762654105e+00
-1.009044815250037974e+00,8.278550893182890391e+00
1.343608687983069705e-01,-3.257774923051429017e+00
-9.338582110090191790e+00,-1.241536499737134491e+01
-6.362470335645117103e+00,-4.792573448091966171e+00
-1.416794370964024452e+01,7.489704099339816956e+00
1.887706867259957377e+01,-1.838336687898487698e+00
3.818972729614425354e+00,6.648153344328407321e+00
-1.956571302039845861e+00,-9.895236012011418225e+00
-2.822442787971283895e+00,-4.224978629008289133e+00
1.473087704886554761e+01,-1.080663583440342457e+01
-5.531756689531436066e+00,5.027682837005647443e+00
1.448525275330825401e+01,8.275403490774685622e+00
-3.842235171631425583e+00,-2.703015751885335938e+00
5.027510996477352556e+00,2.516711855512322238e+00
-7.312238459182814232e+00,4.041431145142828640e+00
7.192127823741387260e+00,-6.428694462802195808e+00
-1.175045968673378960e+00,1.193327901155302051e+01
1.761964843727220398e+00,6.147802736371083654e+00
-1.544690469975038738e+01,-4.308289129482061774e+00
-9.199151946186116646e+00,3.530610966506066539e+00
2.238607483716589464e+00,1.139708362765375504e+01
9.790800427174820797e+00,8.976482900737151382e+00
1.336898535960911438e+01,1.245948864796714739e+00
9.846480317811067806e+00,-9.791851948488341506e-01
1.085544608883570561e+01,-2.588791314634551810e+00
1.568053461754848499e+01,-7.380200942437786793e+00
1.613502456135452334e+01,7.590306252001677301e+00
-1.600585787584568109e+01,7.210122685971156464e+00
-3.178242305279180169e+00,1.278776148487928666e+01
-1.026580222351240046e+01,6.004322087897634219e+00
-4.371721654853612193e+00,1.135595031363793517e+01
4.185015923607607213e+00,-4.874424861375367790e+00
-1.412362588245674822e+01,-6.457360840273493885e+00
5.548626964711488085e+00,7.164250319754901675e+00
1.491808789369565957e+00,-1.568865399483698830e+01
9.937721979415314877e-01,-1.746610001642532950e+01
-2.697409801058303191e+00,-1.156880502468402661e+01
-1.856050586056376162e+01,-4.004662247989764445e+00
-1.211694043672877719e+01,-3.654152731579400015e+00
-7.753410364053036297e+00,1.068631062388856989e+01
1.005978426896173694e+01,-1.171022126149578391e+01
3.248000094112866165e-01,1.300824936228218931e+00
-6.806133649456653778e+00,1.225525611789424829e+01
1.155265187793655279e+01,-1.456656992043785515e+01
7.625059261006747136e+00,2.096355551957443386e-01
-8.301683802918958577e+00,2.851043734284596821e-03
-3.104613363048188024e+00,-1.329185317288834334e+01
1.011224883043426637e+01,1.350252448476252454e+01
5.048535301601839720e+00,5.227512088672831680e+00
-1.363022054802318550e+01,-9.423444575709872595e+00
-4.112886434691676030e-02,-1.415547735268787299e+00
7.393724493420390509e+00,7.255166305203502475e+00
-1.447243440712215445e+01,9.352204821866994422e+00
1.467874612306972359e+01,-2.753639324326246474e+00
2.735998112809827632e+00,-8.584323025913686678e+00
1.492004622579768380e+01,-8.984214537759070751e+00
-3.835792924306964391e+00,9.615017539186215600e+00
-1.380551275589274063e+01,-2.838449198531200146e+00
-1.729425329227190034e+01,3.351757980097442413e+00
1.682603746133271372e+01,3.374819739105645144e+00
-9.917303304157870869e+00,-8.129671423703979105e-01
7.151095441053386459e+00,-1.117438079713006971e+01
3.362593039051427812e+00,3.170030791987324736e+00
-3.603575404469459009e+00,-7.581279037039785784e+00
-1.413411522207004900e+01,-1.099327980416458406e+00
1.603248255533772237e+01,-4.063429514936355069e+00
4.121777179582465145e+00,8.419793721152988297e+00
-2.652926870205751797e+00,1.092920855854350570e+01
9.827725478844381968e+00,4.312928582269562661e+00
8.179057844793545584e+00,-9.587679649679538230e+00
-9.480540021162715547e+00,1.277232453632317721e+01
6.417651543907489931e-01,7.530216793485417170e+00
8.022103836626005346e+00,-4.394666628071584924e+00
1.012149123043976395e+01,-4.520937991380844956e+00
4.283114947167939057e+00,-1.540928705614160066e+01
-6.835561360136969355e+00,1.566088668547049068e+01
1.384907110653768036e+00,-3.132369163268806656e-01
1.133379103797240539e+01,-8.723913993167380809e+00
-8.528949230292624861e+00,-2.063220344928554884e+00
3.480136084860245393e+00,-1.026146290403357142e+01
-7.912704782760036082e+00,1.366836930532578087e+01
3.452776945481671689e+00,-6.942406205898722149e+00
-3.971972237048809973e+00,-1.014596104822683742e+01
-1.761416147807427501e+00,-1.023760467576886324e+00
4.864318649438421183e+00,1.110587417931639287e+01
8.957144045550968769e+00,-5.893007247255982683e+00
6.868995455248868787e+00,5.531574906443563755e+00
-1.131431041756379230e+01,2.762665123493397989e-01
-1.249841667750267327e+01,1.027339292324530540e+01
-1.254747413472479600e+01,6.787362377485094633e+00
1.607265721417195792e+01,-1.586035769339227519e+00
-1.721958643862589611e+01,1.625031359790020669e-01
-3.717908618673345877e+00,2.009652094598654237e+00
-3.710429092237121473e+00,-5.792845607454827572e+00
1.308210440742178271e+01,-1.911117734164076820e+00
1.668209103810584182e+00,-1.005443157966237600e+01
9.961551071259235002e+00,-1.353129052922900932e+01
1.518139079345552922e+00,-7.289582620616294584e+00
-1.884553837413976751e+01,2.250836292032603048e+00
-1.118342592993055540e+01,7.953073486432675310e+00
-8.503580869984299184e+00,5.383772955890085754e+00
-9.452625640612197344e+00,1.463691381401963376e+01
-1.086788153681924607e+00,1.005473085751843421e+01
1.370479986177152298e+01,-6.980331856646155408e+00
-2.521299662739265202e+00,7.147936874493011850e+00
2.051770809907150106e+00,1.396870251876819680e+01
-1.083743055868264982e+01,2.070764731183200702e+00
8.096469142050359835e+00,-1.509796207530698098e+00
-1.236410153934576250e+01,-1.335337241078851100e+00
-1.084210000981102162e+01,-1.337189161162471152e+01
6.333348085928419025e+00,-1.096560567723882329e+00
-5.722598154275969407e+00,6.844308880369921688e+00
3.963791609501376989e-01,1.107556079268033855e+01
8.620947860301582111e+00,5.830087918178290529e+00
7.214170640865828155e+00,1.296316261861757901e+01
-1.394973764552933204e+01,1.139648962101284191e+01
-2.159243455790401889e+00,-1.792983359309349467e+01
-6.559509290045273389e+00,5.932076184456408496e-01
-1.198767663844135534e+01,-5.456605690183976343e+00
-4.685032874121535684e+00,-4.245800416247012876e+00
9.114043835929804160e+00,2.641541804447375519e+00
-1.171406738864390817e+01,-9.198619151884248168e+00
1.710846229508130589e+00,4.030113541728825410e+00
2.271595398892772621e+00,-5.606522097129090554e+00
1.866534413751886445e+00,-3.841233423833789296e+00
-1.359383598586751596e+01,-4.644360373192861324e+00
-1.083823315205353843e+01,9.685538197652030945e+00
-1.128248221181063116e+01,1.501568754342913792e+01
4.650807153630113433e+00,-1.756020999486886502e+00
8.459419940871471866e+00,-1.571861680143652684e+01
6.130481045082939673e+00,1.126160405503986883e+00
7.003726426843441821e+00,-2.950681386812957552e+00
-1.401589106617696867e+00,1.921404171730180188e+00
2.654521953439181736e-01,5.051787504690636865e+00
1.237072447165127009e+01,-3.560567376915426241e+00
1.146770050288714415e+01,8.093272548654727672e+00
-5.605150618179981059e+00,2.421798887159861469e+00
-1.182811377331735336e+01,-1.485925942094900698e+01
4.435134905143978123e-01,-5.470552402493487953e+00
-9.125131998686470070e+00,-1.644385806495997215e+01
6.761875177736570208e+00,-8.409858217541549052e+00
-5.396390857372397321e+00,-6.411803822103986583e+00
-1.347597998178139989e+01,1.146584735245733899e+00
-1.111811301049664857e+00,-4.629108114020962894e+00
5.268666095977799557e+00,-3.407505899786283710e+00
-1.537072327019643225e+01,1.721562843601917858e-01
