-1.045622955814579313e+01,8.960069360020929352e+00
8.580126497490832005e-01,-1.159721843853423096e+01
-8.980049973254752516e+00,1.671468122932482814e+01
-7.895401883023067668e+00,6.400771447346131904e-01
-2.540572923056396260e+00,-6.771906111350914692e+00
-1.712809431760608447e+01,8.183527232867923829e+00
7.886956589689496644e-01,1.837640073845534872e+01
-8.538864265541391774e+00,-9.543225674414998139e+00
2.423501469631072158e+00,6.832842287791678793e+00
-6.743066348840675239e+00,5.352519058052018330e+00
-1.304542090466573256e+01,-1.241262358130395782e+01
1.452044090177538926e+01,-5.641328850747532542e+00
-5.923154340393990580e+00,3.621288012800316203e+00
-1.613242384705940324e+01,-6.819324504336009340e+00
-8.973410007259841947e+00,7.961805701054880835e+00
-5.923646325343710828e+00,-5.829295621216716405e+00
9.561325080478560778e+00,1.294962513937852755e+01
-5.395001062744058551e+00,-1.480123838731240404e+01
1.608713160012035104e+01,9.940439663238020973e-02
1.199964508961126874e+01,1.292161017272155021e+01
-6.567588703533544958e+00,-4.124676358882450877e+00
8.582337462463815569e+00,4.304338258139007500e+00
1.153253270148909237e+01,-1.035317674043965397e+01
-1.786411571659121122e+01,-1.955441735989996932e+00
1.403344520228794146e+01,-2.346319181080715133e+00
4.348008629236375100e+00,4.018833166799983481e+00
3.063822226205623611e+00,1.164187016116966866e+01
-7.753607501218843234e-01,9.851239590067356389e+00
6.333901280379802934e+00,-1.789589117589152778e+01
1.170218567923988751e+01,4.457376179871992861e+00
6.185813779894674624e+00,-9.293007410659701595e-01
-5.976168933780178882e+00,1.445590893754405570e+01
8.449173815716214619e+00,-1.103280272575417165e+01
4.281085813250258276e+00,-5.353516844371098315e+00
-9.308100843448322337e+00,1.200753825590734358e+01
-1.443805368995166027e+01,5.193109214808695917e+00
-6.741375216261935144e+00,-9.668117559737348543e+00
-1.762032449790888222e+01,-4.102202797452558336e+00
-5.183661210339919556e+00,-1.073369258120718150e+01
-2.460787561539253154e+00,-1.381468482621368743e+01
-4.626361374112739178e+00,1.325552530408640450e+01
-5.734712870525172868e+00,-8.084190724885559121e+00
-7.944122993056043747e+00,3.941635300455767155e+00
-7.477156836091972458e+00,1.214681368931212901e+01
1.087442690609607077e+01,1.431412724215165433e+01
-1.444720459700345128e+00,4.851044273780940941e+00
1.630530467033328534e+01,-5.443679010116897921e+00
1.678014004354118072e+01,1.897737945191459330e+00
-1.304204158304630212e+01,4.031005328430257606e+00
-3.625916653673334711e+00,-1.592248453675027264e-01
1.087703034363229460e+00,-8.088242682657913463e-01
-1.166230132467313041e+01,5.969476380409322047e+00
2.845264749992730380e+00,-4.237926206809875529e-01
-1.299057310523027198e+01,1.080714323533510779e+01
-1.827009356848158461e+01,4.995816471595367680e+00
5.253823461775715131e+00,-1.476829931248810013e+01
9.808543608180452233e-01,-2.615629720422275373e+00
7.484301479216664887e+00,-3.180953723356042318e+00
-1.078152686835809781e+01,2.437559489073786168e+00
-3.586475132940991073e-01,-1.026372946682478471e+01
2.480431692317836223e+00,-8.369376493775844139e+00
-1.097322050022831519e+01,1.129233709765540894e+01
-5.310398983146527918e+00,-6.831627341088672978e-01
8.494323856568048114e+00,-6.599398583553445441e+00
2.540771639372075175e+00,1.643292503257686477e+01
7.473222601297031531e+00,-9.538437000379145658e+00
-7.053224806517034651e+00,-9.077253252883009660e-01
-1.209462624807120434e+01,-1.030845754390887770e+01
1.636560447782759553e+01,-7.321690436167928695e+00
5.680614088025110142e+00,5.308408841893927921e+00
-1.737086486929009510e+01,1.807106465176900656e+00
1.473409010978527167e+00,-1.419417707098993198e+01
6.235239443936725579e+00,-8.222542401970473591e+00
2.787562972859391586e+00,-2.275380159479322817e+00
-1.151713986950733748e+01,-6.180025964279140638e+00
1.004487702310985853e+01,-1.696532386503967649e+00
7.946179687610372966e-01,2.354686714846236928e+00
2.569788274523578941e+00,-1.101907014495502324e+01
-9.707692967955706465e+00,8.523872767268524386e-01
-1.255451511730896108e+01,-1.374078835337195104e+00
9.959501863810366729e+00,8.673209873671625658e+00
3.022745382556776939e+00,1.363397317302730904e+01
-9.554917205618419729e+00,4.839711612909366245e+00
-1.332292193181117845e+01,6.713211582776424713e+00
5.490236526695927211e+00,2.623758161109896569e+00
-1.592149376334967226e+00,1.154586150763040209e+01
-1.398712175134256519e+01,-4.126843087655969633e+00
-1.248099337888952043e+01,-8.566845379255857651e+00
5.708398177415874741e+00,-2.963970069560986076e+00
4.443882448571629951e+00,3.872978356340645578e-01
-2.212119166452295449e+00,-9.724268076563246765e+00
-1.680990928044791488e+01,3.599994960535883415e+00
-1.058142437112435807e+01,-7.207338409718192507e-01
1.498691276172537457e+01,-3.921885825100473344e+00
-1.026026266848550428e+01,-1.020712547755659294e+01
-4.448213834034008052e+00,1.898639189496323709e+00
5.520020961895111711e+00,7.263456904460090513e+00
3.783310548853013877e+00,-7.085247498132072330e+00
2.550791362492431436e+00,-4.603014054891874984e+00
-7.704984874350039092e+00,-2.565770969689620706e+00
-1.600817065843854792e+01,-8.607294841009521136e+00
1.865336241507391080e+01,-3.532882576768167304e+00
-2.172423946430624753e+00,6.503639458132762563e+00
2.169933865330436085e+00,1.196567021573375245e+00
5.911963156348249981e+00,1.130214284510426914e+01
-1.037626351441389927e+00,-3.351318619832909018e+00
1.066872936431625263e+01,5.874890587381871754e+00
-4.100836607145709856e+00,-2.027153657063113013e+00
-4.731252595561718621e+00,9.367484317510704983e+00
6.750612483963710275e+00,3.914482404985213826e+00
1.415943719076689034e+00,1.504613267560990408e+01
-3.148155853633303192e+00,3.136061985180059075e+00
-2.991713428896981775e+00,-3.562724972581929883e+00
1.568083068550432557e+01,-1.726805411755283348e+00
1.387703044358055848e+01,9.772910648856180771e+00
1.426465341640622997e+00,-6.210543930044177152e+00
-8.671740372123093010e+00,-4.152033810029045924e+00
-1.265928505206626653e+01,-1.415476828576503365e+01
1.088705488120606013e+01,-4.153377665371956518e+00
-1.126720383998972252e+01,4.210810328522462065e+00
7.262998124531234723e+00,6.887834544169944451e+00
1.391953755211535615e+01,6.922760940166809540e+00
4.084611054855981749e+00,6.160040543111978018e+00
6.725177623780120850e-01,-8.229573510223373134e+00
5.656939088377602509e+00,-6.457354578801472123e+00
7.191661342815682367e+00,-1.553916092040320507e+01
4.023740769759466929e+00,-3.553793709535702394e+00
1.897333928515154611e+01,5.265163376573558929e-02
4.477490451046527653e+00,-1.662566735988719513e+00
8.784933903002221101e+00,-1.278265505050761952e+01
-9.033764426144294646e+00,2.540205831266410197e+00
7.944570655210205778e+00,1.209618878219624705e+01
-6.339053804807002201e+00,8.604802686859674310e+00
1.655578643926881099e+01,6.670584941238315579e+00
-8.988319578328800574e+00,-1.146674588790489224e+01
-1.536243692658861448e+01,8.488170841079124784e+00
-9.506965432516066627e+00,1.381617388331793528e+01
1.171038927234235594e+01,8.426737283602463435e+00
8.124092953294097086e+00,-4.862514748849791069e+00
9.232490768897049449e+00,2.482051874584571216e+00
1.453674125021015584e+01,3.783146186161431057e+00
1.334531664789654393e+01,5.119362864786489276e+00
1.424689137968294972e+01,1.257478618076042887e+00
-1.396513441820738999e+00,2.815810232227780485e+00
-1.412678329517551035e+01,-2.262739913851171902e+00
-7.978787876916820565e+00,9.411569870576647290e+00
8.741751209786421839e+00,-1.454240038380048361e+01
-1.794631742228008253e+00,-1.553181406339027326e+01
-3.805634975793952268e+00,-5.338453000631665724e+00
-9.442629591300756076e+00,-1.329713430200815694e+01
-1.227922705885436905e+01,1.255736811218319460e+01
-1.526597468197526508e+00,8.263683602236444159e+00
-1.320119376357080476e+01,-6.819197916326143805e+00
6.587039860840851802e+00,-1.116965289750971735e+01
3.692313806287990552e+00,9.743249500240848349e+00
-2.341557061546712948e+00,-1.927006911441151216e+00
-2.050686069277686041e+00,-5.087835166473819726e+00
6.097958833880085194e+00,1.449662879994694897e+01
8.851491915747470074e+00,6.085571078562375114e+00
1.194404249295044451e+01,1.017883122029136800e+01
3.742401208423509762e-01,8.469983327905953985e+00
6.286724927551045283e+00,1.631435380353538989e+01
-1.870818268585468758e+01,3.198331994817515511e+00
8.944288009695531727e+00,1.044386098088174109e+01
1.256580775314567688e+01,-3.426955818444920254e+00
1.511351619720371176e+01,5.484580399718646859e+00
1.046007234798896768e+01,-1.363502346236069762e+01
1.808521079804911835e+01,5.779359945361976614e+00
1.256298368644914509e+00,1.322339169736726916e+01
-1.805160540057497709e+00,-1.770897014712072559e-01
-1.145032698069145649e+00,-1.894902749392145580e+01
-3.864572886948060670e+00,1.615471028222660976e+01
-4.296540150299718697e+00,-7.024545933517164720e+00
-5.542692847935675182e-01,-1.519536715943951677e+00
-1.186067078585086243e+01,7.829897129929000776e+00
-1.466370142246539210e+01,1.014668394582074740e+01
1.269308594505044141e+01,-5.581857358352697140e+00
6.105659299578819477e-01,1.661035653732322359e+01
-4.758779526935415838e+00,-3.747212204584361661e+00
1.013977893926675655e+01,-5.807613546686495987e+00
-6.033965347822995540e+00,9.392326493050294767e-01
2.344326876888416678e+00,3.168032511042691457e+00
-1.364910670631094503e+00,1.328445928753484573e+01
2.302844913331637544e-01,1.130945147098286796e+01
-4.010131875832829706e+00,6.625089217330754288e+00
-1.585659184761733798e+01,-1.045349359923163668e+01
-7.549755692367623894e+00,-8.030558239012325572e+00
-3.201477762728408560e+00,4.931446386710113927e+00
4.251746566376473524e+00,-8.876396183696924069e+00
-2.018106948487870422e+00,-1.147232875727009116e+01
-1.549211874321252225e+01,6.613256828532597886e+00
-1.399186094121470347e+01,-1.075578765342898180e+01
1.675766479479153404e+01,-3.335926465387883955e+00
-4.250830271954962880e-01,6.757736958868340693e+00
-3.292860379575235807e+00,8.274467613523755816e+00
-1.132309761116363767e+01,-1.201511784283533579e+01
5.674076380971435185e+00,-1.298201897188292619e+01
2.161153415171377379e+00,8.568462182224056534e+00
-5.004591033201983841e+00,5.134340252674782334e+00
-3.247694458006906149e-01,-1.440241933051033740e+01
-7.167893820701287666e+00,2.322342403653073539e+00
-1.105684107854241915e+01,-4.191509922025463020e+00
2.706187070645598602e+00,4.983368290212735197e+00
4.805893009568870333e+00,-1.136330978940809366e+01
-1.104931453490663351e+01,-2.432491144654166604e+00
-1.152863705960103680e+01,7.829331265955028485e-01
7.870169019598875160e+00,2.058482562083505385e-01
9.240847796697032379e+00,-3.360051515322414417e+00
1.304971384050568695e+01,2.617459441184724955e+00
3.843703834843827050e+00,7.964752170579837198e+00
-7.699524162537883853e+00,-6.040979812320769859e+00
-2.700848297110907126e+00,1.427801010834760076e+00
1.860680946934077085e+01,1.822713299887893657e+00
7.461500263890202156e+00,2.213497437927189004e+00
1.071059317499777386e+01,1.156100125164562442e+01
1.069049351817983506e+01,-8.768706235325115728e+00
1.341888643537244441e+01,-1.018497941601692780e+01
-2.768314481497983870e+00,1.001949054469027267e+01
-1.553357048838806520e+01,1.427871362284932388e+00
-6.619868842559071265e-01,1.195272388741561054e+00
-8.837461143527185925e+00,-9.990408707476521322e-01
-8.382239260027557037e+00,6.194402323200545624e+00
-5.868847683976575524e+00,-2.352603962036308616e+00
-4.215992950792469607e+00,1.106287085213290311e+01
-3.270949043069236062e+00,1.441228093862735093e+01
7.658158927132224791e-01,-4.392284342367665850e+00
-5.848898754039929315e+00,1.806438236611693071e+01
3.828252367504868747e+00,2.047406290633523973e+00
1.664225495808595023e-01,4.067140812946422379e+00
1.472553593952202533e+01,-8.972900081456060661e+00
1.046083820130031983e+00,5.715611945872306698e+00
1.812430173181089899e+01,3.827029088682682545e+00
-9.152375856579901381e+00,-7.279419377795414370e+00
6.191127924492621837e+00,9.136634507628925705e-01
7.397903749047951560e-02,-1.624652212618281411e+01
-7.456873230821392085e+00,1.576456761999680545e+01
1.689497963576089745e+01,8.669500487093452890e+00
5.458442866789365411e+00,9.387091100349191919e+00
-5.758558173470404995e+00,1.627877970882610725e+01
8.175150539796931071e+00,8.586042540556565683e+00
1.743561827725680580e+00,1.029221321832625158e+01
-1.270927443221739850e+01,2.306039890557083805e+00
-9.808498061449069994e+00,-5.542356025279710607e+00
1.457936213826104144e+01,-1.204769932694034473e+01
4.551662313061635601e+00,-1.737806528856029331e+01
1.424006139198705689e+01,-5.342254868763316455e-01
4.280495750573542146e+00,1.824798121628314007e+01
-1.087220642897981193e+01,-7.822224198976802434e+00
-1.439930360230574280e+01,2.903151360076291265e+00
1.375061860403283198e+01,1.307925251126270005e+01
-7.456681110384730360e+00,-1.309980382658469900e+01
-6.330391923883035510e+00,1.042822325825871665e+01
-9.231246322701127660e-01,-7.472197248434246930e+00
-5.774060174693445013e+00,6.879793717927599417e+00
-1.426676207558673148e+01,-9.005242947528008912e+00
-4.110980591380363758e-01,-5.754121168792965868e+00
