-1.033661338887564973e+01,3.786781218735789878e+00
-5.989835408193978417e+00,-9.495533931420862217e+00
1.080865654469521964e+01,-7.796454632031274201e+00
7.333790941705225386e+00,-9.097447889125392706e+00
5.535978740056079594e+00,-7.428998241023883509e+00
5.080043761397699420e+00,-1.250602003058940426e+01
-7.044326869743180453e+00,-1.816321582555532332e-01
-1.603773793220454635e+01,6.447205301208574824e+00
1.224205029612698681e+01,6.697059657073167749e+00
1.678066065987081190e+00,-8.534110808298400741e+00
-6.763318377748773536e+00,1.502877620765199218e+01
1.461993566777411857e+01,7.989149937044348171e+00
1.167006072942548478e+01,9.788294398512560335e-01
1.491723301842386995e+01,-4.004449058460146205e+00
8.678207148850948016e+00,-5.649875738004006998e+00
7.058652841199815953e+00,1.062159060211607375e+01
-9.339525057039391953e+00,7.783641369658157672e+00
-1.104619249270429471e+01,-2.688525844189326719e+00
-1.247457520584117319e+01,1.036769677218016739e+01
-9.129138938706356399e+00,1.566327673204333060e+01
5.894425900846831823e+00,7.045485850870387701e+00
-1.029731908333431356e+01,-1.244383214527436010e+01
-4.752530471675189716e+00,-1.546739451383072783e+01
-1.051473594381512733e+01,-9.144054153931728823e-01
-1.584036770859196031e+00,6.482775780825739353e+00
-6.609864061854675121e+00,-1.579132030614530890e+01
-1.315203884348927943e+01,-1.201098490223377624e+01
1.843018783210354172e+01,3.560781764272042516e+00
1.525082814027145162e+01,6.285684002817252036e+00
-8.834095985549257790e+00,4.693020101968299329e+00
3.706276279547212837e+00,-7.705226823673333669e+00
7.332160751323737458e+00,-7.306952236928985656e+00
1.232181774734187663e+01,-6.743049172293201998e+00
-8.526761225316317194e+00,-7.088703868428802402e+00
-1.576091933163146663e+00,-1.054183902291935482e+01
9.072137913068159421e+00,1.446283812443692618e+01
-8.347738922431553021e+00,-1.233255277846289211e+01
-7.792217940979392132e+00,6.313413919646464478e+00
2.336862337065045148e-01,-4.231091888837402948e+00
-1.285077158525935559e+01,8.649806820814827546e+00
9.143753465350604515e+00,-9.823267038046815003e+00
8.788400825230949565e+00,5.607435650921065218e+00
1.098105188942456678e+01,8.751731944539480779e+00
3.484309659587160546e+00,-1.786522580727411125e+01
1.126692385584728662e+01,-1.124882554341873897e+00
-1.887856009411314484e-01,-1.742442827270222594e+01
-5.153246862945335849e+00,3.383041145810687489e+00
1.241037235132212224e+01,1.031605569818318102e+01
7.610740269063913210e+00,-1.163010541705041057e+01
1.109281493917929318e+01,-1.253007343597640322e+01
-1.655133538617869604e+01,4.729570367536729769e+00
5.141189803881325571e-02,-1.129451392197553794e+01
-3.161211427597942158e+00,1.792833403814659832e+01
-1.552575798224947512e+00,-1.229888642650097985e+01
-1.512415645197007841e+01,-3.108372784347781526e+00
7.057698467851377666e-01,-1.894313648996016042e+01
-7.356696431465142183e+00,-1.072402419293922371e+01
1.370623864712423234e+01,2.387235402145069685e+00
9.495527541096315360e+00,-7.793622044872215993e-01
6.293804806364477145e+00,-2.331675514073519917e+00
6.020276889710052259e+00,-1.399303611767051692e+01
1.830976621245831826e+00,-1.079278991245627140e+01
-1.424105321356783449e+01,1.114612575981381326e+01
4.830723376683212500e+00,-9.175421201883226630e+00
5.044717781351399921e+00,-5.737022188573047465e+00
-5.399237713392895266e+00,5.332472857803373323e+00
1.095090128779136229e+01,1.456410179877263289e+01
4.946601818910806081e+00,1.636770283983631114e+00
-3.254342538149587849e+00,-1.841879223102803886e-01
-1.565876056049215670e+01,-6.353513574815400133e+00
-9.935572178791597653e-02,1.128745708773095480e+01
-1.745313751417972270e+01,7.481369280804668342e+00
-7.582904928526686739e+00,8.124370460921699788e+00
1.656286345823021255e+00,1.108351934805017969e+01
-2.679499343769708108e+00,1.572870755763008788e+01
3.120823517650318735e+00,-9.569283884487566283e+00
-5.221695674397706100e+00,-3.294526066377984286e+00
-6.825764069320225502e+00,-7.868335339912968074e+00
5.429230040193824269e-01,-1.249538724643178833e+00
5.564718342823091746e+00,5.224437784101764848e+00
1.204321691631121460e+01,4.581909065095787881e+00
-2.076469162868418650e+00,-1.576754202582782538e+00
8.444362994302952785e+00,2.879283050309227487e+00
-1.401286199085150663e+01,-3.938849652302319759e-01
-1.601086530179882894e+00,2.705344468449055295e+00
-1.723875749954838099e+01,-1.872239697360992272e-01
-6.248536507056988043e+00,-1.785419039618763692e+00
-5.913243357362231167e-01,-2.632556086330682277e+00
1.069557859903818020e+01,1.070198268809815367e+01
6.845425172483073695e+00,3.865245242583326135e+00
-5.208367150477674068e-01,-5.857028110353658334e+00
1.389285384407010548e+00,-5.607070611121984349e+00
2.783947886623906687e+00,-1.573552178641244970e+00
1.737999580414986056e+01,1.993211359247217596e+00
-1.777731656467799226e+01,-6.605264951242959093e+00
-7.911391817731182607e-01,1.550912392432013043e+01
7.797992701857745956e+00,9.440296113933012434e-02
7.254586970303595450e+00,-1.525049751756920458e+01
7.621040419583346548e+00,8.846212063263614311e+00
-8.750135221486520010e+00,2.870239654268074148e+00
8.965301908901158967e+00,-1.571058628084822928e+01
-2.127417304218561789e+00,-1.751911760722013867e+01
3.472199711227057062e+00,1.059750088360571141e+01
9.513760046933041892e+00,-1.157702471775068709e+01
-4.658877081414273036e+00,1.034481657411331135e+01
-1.519678831980789013e+00,1.580834477552483242e-01
1.169866954440897366e+01,-3.725929138330776880e+00
-1.784288031407245123e-01,1.409357814272967468e+00
4.186624746141269782e+00,6.424526736844327957e+00
7.047078756560554158e-02,3.251016306822637869e+00
5.084164302546295033e+00,3.459053220101671933e+00
2.560313166375622451e+00,8.978711694323250114e+00
5.856405976768431110e+00,-4.165926111608489357e+00
1.002796254283541977e+01,-4.388187374406377295e+00
-1.208671397365457700e+01,3.360237727253793771e+00
5.849945655636084041e-01,-1.565093482489440113e+01
-7.963236590669836801e+00,1.708428141223674501e+01
7.696656604469669816e+00,7.074494611072868366e+00
1.471792395030896294e+01,3.862197423163598486e+00
-7.043871066488629040e+00,-3.519079579708471073e+00
-8.781592990315719049e+00,-5.041779508783961194e-01
9.052543179448665711e+00,-7.998154887832005677e+00
-3.550677393631393564e+00,-6.317663360614669266e+00
3.937974382889321667e+00,1.794797403797162261e+01
1.914222252645335354e-01,6.816350806279860564e+00
-5.969994988609250264e+00,1.252298137444513904e+00
-1.297035001729707737e+01,-7.762688730714454088e+00
-1.200700542460998754e+01,1.217544659739199275e+01
7.146248795958957345e+00,-1.728829399753649909e+01
-3.173014092415199716e+00,-9.440232863721588430e+00
-1.359690609172932696e+01,-2.125406443441427928e+00
-1.598005799238032054e+01,-1.536300059206375135e+00
1.483602623065346826e+01,-1.901717980656206564e+00
9.899711694458346756e+00,4.230403033247595701e+00
-6.889898562988144626e+00,2.755548240739821519e+00
1.049989887458225724e+01,1.256791910499571685e+01
4.360193381717383687e+00,-1.086364348169604277e+01
3.212568259056525211e+00,-5.893443849227998577e+00
2.966647162008565264e+00,1.150860384899710986e+00
-3.604907565904860167e+00,4.911148515211617216e+00
-1.270785387723112891e-01,5.083997134054388134e+00
-1.190729522284809150e+01,-1.355833663044366943e+01
-3.026857993946440839e+00,9.625596841905727175e+00
7.672183859010041296e+00,-3.822872314487514966e+00
3.361045112373381105e+00,2.898354390997798458e+00
1.058037617549517684e+01,2.497292907305090459e+00
-5.334194920048054733e+00,-5.080375878817024571e+00
5.821377988381831514e+00,1.544531180743348209e+01
-2.282363999959584611e+00,-1.400773953713728837e+01
-1.142796240359917093e+01,1.642107062967802511e+00
-1.449724739693371767e+01,9.349732528694989497e+00
7.984775305144337310e+00,-1.667177941094251770e+00
-1.323082049362938406e+01,1.861550015674312997e+00
-1.092497667133653394e+01,-1.010568016230652155e+01
-9.666766765066856948e+00,1.041676006353652539e+00
2.496185417634512849e+00,-4.234332338817706542e+00
-8.098468954033345213e+00,1.217185664855764493e+01
3.506068633960170100e+00,4.727574909037571160e+00
-8.302646707744573362e+00,1.403539071944998362e+01
1.405277015281620745e+00,1.288520577539655498e+01
1.813314479812414115e+00,3.907005245685329697e+00
1.316854476665907470e+01,-4.778260503604675691e+00
1.760884847051431734e+01,-2.474807263756086062e+00
5.221000636123036109e+00,1.077581237101522760e+01
6.924104757283580547e+00,-5.595158818161766412e+00
9.178235211153630502e+00,1.252615883557088639e+00
-1.467268972961195406e+00,-8.727978360476354780e+00
-3.216157126280809297e+00,-1.161269953745875405e+01
-1.554184975560256987e+01,3.155835415725695814e+00
-1.008494867455913813e+01,9.431577718269585020e+00
-5.145596456336670954e+00,-3.441806018269293332e-01
-6.120649638519190638e+00,9.298326907912255024e+00
-1.827913664875165267e+01,5.103335175572474292e+00
-1.750455245077013799e+01,-4.798888912984206279e+00
-7.126598400165316427e+00,-5.325744169689857976e+00
1.352354566800304803e-01,-9.474942855584846058e+00
5.304586037394790843e+00,-1.569274761701774423e+01
-1.897717869897595122e+01,1.916531084441368549e-01
4.630104002093263560e+00,-1.766174765566474125e+00
-6.453043214186407361e+00,-1.250857045435462389e+01
7.750840346141215642e-01,1.463557037995276389e+01
-1.041482965338031752e+00,1.358732196779984669e+01
-1.483240419384202813e+00,1.716738535895143869e+01
1.282167134858216251e+01,8.444243361408767967e+00
-1.846942117929597282e+00,1.177675508287033956e+01
8.423434747618282481e-01,8.514335932691833975e+00
-2.914787941455231124e+00,-1.586778921581840862e+01
1.469335189330866154e+00,2.171970484874843788e+00
1.364140312909600361e+01,5.496651253419613248e+00
2.542500987504839660e+00,7.171756494679316418e+00
4.260935728832297542e+00,-3.237472082906732440e-02
-1.282790636254856675e+00,9.954094547339810362e+00
-9.173677012912499151e+00,-1.063866779065086732e+01
9.071480279221342258e+00,9.862886637559725500e+00
1.822783332426695380e-01,-7.503057669384020301e+00
5.634962285224244916e+00,1.286742465009374570e+01
-6.826977491146412724e+00,1.094154023231472017e+01
-8.340164964996503727e+00,9.864573883223785700e+00
-1.048112267525281283e+01,-1.506116863628248836e+01
-1.206264644593336044e+01,-4.121228796737175237e+00
-8.718991878513254079e+00,-4.135976503302528862e+00
-5.257021925656766292e+00,-6.922959183701425268e+00
-1.388059815380343309e+01,3.795061440423446619e+00
-1.763366921788987796e+01,-2.443561730151874833e+00
4.173846040811161728e+00,-3.479582064976395106e+00
-2.818737932138950075e+00,7.869130061734082027e+00
-1.424524121168450996e+01,6.053226263361264792e+00
-6.129897457631026114e+00,1.677913693715438015e+01
-1.004872969448645925e+01,1.378516010776369427e+01
1.396358595846085571e+01,1.286747650425212441e+01
3.275120289131812079e+00,-1.251169930452398482e+01
6.109041572776324536e+00,-1.048135689567451934e+01
-7.225999510498429146e+00,-1.412288620391057137e+01
-3.592069178153210363e+00,-3.959356533665312483e+00
1.319253617311419546e+00,3.373686165797682990e-01
-3.696111915396084413e+00,1.266649050559018619e+01
-9.267396723292213423e+00,-1.656540348266674911e+01
-4.080192916606019793e+00,-1.894262534464861814e+00
-1.793468713066506126e+01,3.344312150934575456e+00
-1.190314324919166999e+00,-1.540445292561757462e+01
-4.556381867575831635e+00,8.429334106878632937e+00
-1.842258789010499331e+00,4.630770909845903560e+00
1.359006938133578757e+00,-2.842554726282927380e+00
4.066514529484086538e+00,1.612222592447725589e+01
5.817152058749614163e+00,9.103184502780830911e+00
-1.018949414022619404e+00,8.184230842722026722e+00
2.982531743193037599e+00,-1.615598406329771919e+01
1.235450443675983045e+01,1.212727869204256415e+01
4.297336326113762262e+00,8.202893711705058877e+00
-9.734889044796616986e+00,1.139082799524952172e+01
6.828232924099138401e+00,1.891721823239223443e+00
-3.420147033766443911e+00,3.033058394076491027e+00
1.550431704651352582e+01,-8.089105032007960716e+00
-1.748307938481265200e+00,-4.075548253861938974e+00
-1.868393269899087716e+00,-6.994241629885799227e+00
1.450844892345557646e+01,-1.204528452825034357e+01
1.355170084979946843e+01,-9.754337730564408560e+00
-1.384211063622040605e+01,-4.431547758757104383e+00
1.464884568794285302e+00,-1.283029498249694278e+01
3.895808865893358952e+00,-1.441413892896039961e+01
-4.148822096391019620e+00,1.432788964580161473e+00
-8.206361553029724476e+00,-9.026844505865865287e+00
9.533237524651548611e+00,-2.577546339185905033e+00
-1.269028677543519201e+01,-5.871686331723209307e+00
2.065348080366731232e+00,1.840968865723269943e+01
-1.115255050318550012e+01,7.922762641419943463e+00
-9.988169631880904120e+00,6.018662172117045905e+00
-5.358713381719944380e+00,1.204900674607639566e+01
-6.029363654961697350e+00,7.094643607034979205e+00
2.130314398034060197e+00,-1.458351323050043291e+01
8.700380469699082298e+00,-1.316861364175471927e+01
1.332160236895485106e+01,-2.961415946156035872e+00
1.563661569717229805e+00,5.706098369562825567e+00
-7.053227512247089770e+00,4.536877019102743880e+00
6.012457353712600039e+00,1.437278098711648744e-01
-4.169096111498785007e+00,6.596778692589420956e+00
