-3.224075377547628740e+00,1.539956993437445520e+00
-5.845034056827979718e+00,4.079797884591320312e+00
1.857530001755906923e+01,-3.962952755792025439e+00
7.063947807046082161e+00,1.433798277248820696e+01
-8.915416799691778138e+00,-7.071718617562257059e+00
8.431487326126595461e-01,9.303073128968524230e+00
-4.754445742805962105e+00,1.516333087224263743e+01
2.997342663576326505e+00,9.681486040716510644e+00
-6.335612028389720152e+00,-1.246790540975757899e+01
-4.942329285925078253e+00,1.054022076018478415e+00
2.005565332500039322e+00,1.857323575073108657e+01
1.153762028220815594e+01,5.487648238614862173e+00
9.717364148877507546e+00,9.703515625369449893e+00
2.382103432261200915e+00,-1.073329189643549952e+01
-4.471317738751620752e+00,1.027552678608623182e+01
7.965506705015460653e+00,-1.842956429621728898e+00
8.195662065182316880e+00,-1.214496233804710812e+01
1.743679819695968902e+01,1.764494543089615730e+00
1.252722527031411204e+01,1.373825730724595351e+00
-9.446657954151861603e+00,-5.313878188882590337e+00
-1.615711832756194566e+00,-2.693759906677853255e+00
-1.728977488600890311e+01,-6.270696246785426808e+00
-1.098167011444315655e+01,-3.475682101900872567e+00
4.823727082420922407e+00,1.452711015567273378e+01
-2.451485883204798100e+00,-8.331873075747363799e+00
1.321414760548898837e+00,-1.221024638878466817e+01
-8.132161729304328901e+00,-8.651148136984129877e+00
-8.854142659080825872e-01,1.127037786157816335e+01
-1.324141468046985715e+01,8.859379897543476545e+00
1.870573551029252934e+00,-5.672465375756593708e+00
1.483644045408224477e+00,3.763681273995622689e+00
-2.644146376133683862e+00,-1.175622492500806260e+01
-5.605254893649280312e+00,-8.775525345997579052e+00
-7.618416000768726271e+00,3.365668035855006401e+00
-1.560274538119391430e+01,-5.559602019262749550e+00
1.841852637773723700e+01,4.606048928195634495e+00
3.214785269049932559e+00,-4.475957029885979210e+00
1.209257930355327559e+01,7.256778575237123441e+00
-1.587701605002476413e+01,-3.123280151361588874e+00
-7.518914253950451654e-01,-1.115784756253307419e+00
-8.652516642654719092e+00,1.217276022377001610e+01
1.864480100061686585e+01,-2.104303826767554231e+00
8.568877552129494646e+00,7.694727236079651256e+00
-1.187490506843228744e+01,-8.417185680123427716e+00
-1.168986568430585216e+01,7.855703369971913652e+00
4.033394261641534584e+00,-1.529052220066361834e+01
-6.526150209107258959e+00,1.945460285728843219e+00
-1.414001650439780278e+01,-2.629410573963769870e+00
-1.070372318228463193e+01,-6.985695787390638678e+00
3.606444069373749173e+00,-6.403743533224618645e+00
1.453469669721645374e+00,-3.907800933163479762e+00
-1.496430381496737283e+01,9.613534626708919006e+00
-1.070213966137213468e+01,-1.346241241206477390e+01
8.729284702115553074e+00,-6.880165741604312934e+00
-1.904586570490235164e+00,-1.006757120703090003e+01
9.826039993741236600e+00,-8.903581257768461432e-01
-2.473357412733998117e+00,-1.751614646498942918e+01
-8.940424760085566191e+00,-7.860109481667596487e-01
1.052103935800071710e+01,8.077986896425386476e+00
-5.184114629287582154e+00,-1.071270677497984281e+01
-1.240102713914514965e+01,-1.010990202877249367e+01
-2.559136560251642045e+00,1.021066805336323391e+01
3.971098072182180250e+00,9.926152423103689060e-01
-1.722421536904240824e+00,5.238468953711482579e-01
-1.383781078742085491e+01,-5.225202600522635521e+00
3.187489113244726724e+00,2.574982237101635540e+00
-9.262194090869421359e+00,1.714890185074511075e+00
-9.009248620010442465e+00,1.670179975505860170e+01
-1.550554318000108189e+01,1.507745987119196052e+00
-6.812371935325693073e+00,-4.176753339248634234e+00
-1.104050772284497484e+01,2.666304669889091539e+00
-7.166275354863232749e+00,-9.396229932956225994e-01
-1.665785168541826788e-01,1.350261520307317831e+00
1.351238849433166322e+01,6.220803593386092345e+00
1.405201227764842464e+01,-6.332214799718731690e+00
6.083386019147029700e+00,-8.850366877383484265e+00
-3.878549356924839486e+00,-1.859020547651279287e+01
4.860717899575828227e+00,-1.694288736702297626e+01
1.133586820211233831e-01,-1.847227479353730573e+01
1.545865288189603071e+01,6.728049648142166106e+00
-9.175979508075210456e-01,9.317672168736246263e+00
4.310283612004693232e+00,1.277418655956383908e+01
-1.069537430965287195e+00,-7.226997726727542037e+00
-1.685566708469615482e-01,3.142140171933056170e+00
-1.249314000893678944e+01,-6.644361463803368117e+00
-1.628583212216038945e+01,-9.137166744160259313e+00
-8.915429911921391337e+00,-1.377783711345215067e+01
-8.759055332938087801e+00,-1.042650155992332195e+01
9.102255839033475127e+00,7.589583165690207966e-01
7.917470820131209397e-01,-1.398651518475940492e+01
1.588084557844461564e+01,2.847076403620385943e+00
-7.484057203852364282e+00,-5.852571907228896642e+00
-8.034384160340904302e+00,1.044033488626495831e+01
7.436196832778827925e+00,1.662850362634850310e+00
-3.221542470822940540e+00,1.187011917650569792e+01
-8.136189452110592413e+00,-1.216898305007146419e+01
-1.090239977407806116e+01,-1.434274985698474447e+00
9.809332890695680263e+00,6.014434042869775787e+00
1.093165109383953215e+01,-2.390773286962168509e+00
-1.324959869391794065e+01,7.021934340035056898e+00
-1.246050373660493626e+01,-1.186941466534744549e+01
4.535233245824799475e+00,-7.913231058357748537e+00
3.628490719216892924e+00,-9.073966028064338607e-01
7.138574279741238371e+00,4.299098537386668362e+00
6.197687272718926721e+00,1.272928452206512517e+01
1.583013545664747568e+01,1.316442238748760651e-01
1.663914461938181688e+01,4.569891268201513590e+00
-7.002793776289762739e+00,-1.074806022680095197e+01
-1.374241389569806060e+01,-1.308738954239161423e+01
-6.878887918399794188e+00,1.600427498253803549e+01
-1.149458487502845117e+01,9.646680788465911149e+00
5.786618706516180488e+00,1.045368068457849464e+00
1.168890747187492707e+01,9.827582955410370857e+00
-1.504801991870273348e+01,7.173666372825544535e+00
1.478447847560525652e+01,4.852699194352465106e+00
-2.258674543896215692e+00,-1.544487600837851460e+01
2.959485468649680318e+00,1.476955328304210369e+01
-1.274403564056749261e+01,-3.698721792135730713e+00
6.459364848063033904e+00,-1.271102518174140883e+01
-1.236269132253982583e+01,1.273346068447473556e+01
-4.607835288912105476e+00,2.796706272052191355e+00
1.342901389259370326e+01,-1.276830071899689933e+01
-4.544890382018467179e+00,-1.269447169461205149e+01
-1.447889627009524460e+01,-9.438872253824721170e+00
-2.054875063890280185e+00,-4.931598373376307798e+00
-1.875014937244063873e+00,2.713962608669713727e+00
1.520255658937537646e+01,-3.496411281306186059e+00
-1.502985279168986921e+01,3.252128223424576525e+00
-1.021992115218455943e+01,-1.146186502396747997e+01
1.183923934601503092e+01,3.004134501853686245e+00
1.018524791134136898e+01,3.660546141884651661e+00
-1.126867691034667551e+01,-5.297975050131612740e+00
1.361050284896188778e+01,-2.731440221584944705e+00
-9.008424930109974582e+00,1.402281109646847668e+01
-7.262214307902078225e+00,5.195104852829736330e+00
1.863863916543576416e+00,6.307969880299566512e+00
9.607870853111158738e+00,-1.341460599596096337e+01
-1.054836710975716585e+01,6.435104471003518789e+00
5.445628468217048379e+00,-7.691497010145931235e-01
5.618989053057457106e+00,7.478210423452577693e+00
-6.538119068729765004e+00,1.781762806904234964e+01
3.665711893780164488e+00,-9.467135405182709462e+00
1.727383935690541961e+01,-9.446196046530789259e-01
4.668304894330377763e+00,4.203394295544224946e+00
6.406337635532713959e-01,1.504023727882992212e+01
6.971021525456877477e+00,1.100425761576353523e+01
3.913360052862450367e+00,6.347786934739515274e+00
1.899473219826657200e+01,-3.197005540596804529e-01
-1.113290608113650881e+00,1.537442881187071286e+01
1.429430431420130532e+01,1.022797666186852084e+00
9.348802516593979206e+00,-9.801274700901965176e+00
1.306709680821088426e+01,-8.675664782357205951e+00
-1.786058788582754886e+01,1.887375139999530216e+00
3.141903703083374744e+00,-1.237483817996471025e+01
7.422141515626844210e+00,-1.438315460044929495e+01
4.555835367485733478e+00,-2.462924267445432136e+00
-7.722263866992613579e+00,-2.633873278222938819e+00
5.625620394804080604e+00,9.869420996422036296e+00
7.040643719348303797e+00,8.579320222455246281e+00
-3.182543821377544102e+00,-3.560395223350250049e+00
-3.697894692993957566e+00,-9.716108793150407763e+00
-1.332173119911282955e+00,4.546228619637850521e+00
-9.733798981814396623e-01,-1.410821029594542608e+01
-4.404728794241609124e-01,-4.171304332801191173e+00
5.847571355554976869e+00,-5.832409933964409987e+00
4.993593657961300281e+00,-4.253355493473647719e+00
-1.417618915613384623e+01,-7.323488043800536751e+00
1.234394602604721136e+01,-1.340971608203091803e+00
1.569778617853294911e+01,-6.970788590165399867e+00
-1.690819273535493039e+01,3.261324943968273993e-01
2.963804115948128093e+00,4.814778019361718897e+00
-6.317630109920994386e+00,8.547731321066383003e+00
4.927625345763154030e+00,-1.369782237802996860e+01
-3.250393451592823002e+00,3.940827935351937761e+00
-9.378379597436195425e+00,3.506323792598051270e+00
-1.331031102669408739e+01,5.222957693887165576e+00
3.877340433397301611e-01,7.427605088055177163e+00
3.154292382727434951e-01,-2.532958730164005967e+00
-4.154578014612433812e+00,-2.050427980269122319e+00
7.725778600036209198e+00,-4.025527807266170655e+00
6.123885276098448571e+00,1.583621942772303193e+01
1.577920933261874881e+00,-1.261580420583470419e+00
6.310778489271010372e+00,-2.927690793112147638e+00
-5.942074294650262267e+00,-2.506060545577088572e+00
-2.520637427383571327e-01,-1.078425628207349796e+01
6.900422631150748387e+00,-7.242459834026014676e+00
1.743442819633923335e+01,-7.503739436377531824e+00
-8.124438697050068825e+00,8.661186142744622174e+00
8.098807085116723314e+00,1.285269952879185062e+01
1.579048798910161189e+01,-5.196095269024798569e+00
-2.738220402889207428e+00,8.445553878230830591e+00
2.741021728189505513e+00,-2.587025706333625497e+00
-6.863840767756158812e+00,1.208669519932635872e+01
7.155716228592782890e+00,-1.638260356290095032e+01
-4.323994536833143165e+00,-7.521468602411451876e+00
-4.273930620129196001e+00,-5.656155070201343449e+00
-2.063040996954425665e+00,1.379700183911824318e+01
6.672053202652353576e+00,-1.063509378375777992e+01
1.002107534693434410e+01,-1.159590252384487563e+01
-1.436452127247284949e+01,-1.130759727196913467e+01
2.235944285349390270e+00,8.080217821399735101e+00
1.568075942469355155e+01,-1.761385889922133963e+00
-2.709780748620574720e+00,-6.568978374541094567e+00
-5.062450480036586598e+00,1.199734420975452842e+01
1.281341073806538056e+00,-9.243967968650101952e+00
7.579844015388186307e+00,1.686880529317366850e+01
-2.696450060020343820e+00,-1.359831920152158879e+01
-5.382499333786775253e+00,-7.078661375243903153e-01
1.756222258300038419e+01,-5.542926889544607327e+00
8.942502484690758591e-01,-7.505891002060065098e+00
7.866089670993765992e+00,-8.789310108479915229e+00
6.122616089416186291e+00,2.856231095833214439e+00
-1.041096177561651537e+01,3.676535626611263097e-01
-1.169789080941384185e+01,-1.495747255337123960e+01
1.505728747217631280e+01,9.930081174192300963e+00
-5.839070400029721775e+00,-6.602764268516468249e+00
-5.653080381287247214e+00,-1.572672082896149348e+01
-4.714957173832713955e-01,-8.987615856031295536e+00
-3.919374158306148992e+00,7.137936826349950969e+00
-6.815187513067139768e+00,-1.423869664230330656e+01
-3.838652991815846516e+00,1.362772369201482725e+01
-7.789372753003333649e+00,7.048861415547371667e-01
2.695490286837413318e+00,-7.981413424249558020e+00
-4.963424824222274268e+00,-4.026702480994286404e+00
-8.038171305294563584e-01,-1.684339902540198253e+01
1.163755921794820658e+01,-1.334509543496687201e+01
-1.271673784338770830e+01,-1.394204390522327586e+00
-9.149101725946286123e+00,5.334739089807705170e+00
-1.687980389441263540e+01,3.483608573404116893e+00
1.469596927237490469e+00,1.971990119421906495e+00
9.241919109010622080e+00,-3.132525877181782104e+00
1.303359378605690289e+01,4.374857568597789736e+00
-6.393151887551672630e+00,6.724529321954171301e+00
-4.888155163991568131e+00,5.625149704673720663e+00
-1.023658213843312303e+01,-9.278553978796239221e+00
7.159772483528416664e+00,-2.337629160760227309e-01
-2.528656032624113870e+00,-1.129546808999145613e+00
1.070490264010682502e+01,1.606067582996732357e+00
1.703541109092219230e+01,-2.927607165245929455e+00
-4.507180422674765374e+00,1.691118471208145024e+01
-1.333216031394633383e+01,2.777470893241510197e+00
-9.479005954772256715e+00,-2.500554555631878451e+00
3.479589050869847378e-01,5.299644597149003822e+00
9.614905305615503717e-02,-5.883116673777353256e+00
1.408345802091404941e+01,2.782351454259889501e+00
9.333952636301614092e+00,-4.948227761079579956e+00
-4.269366144569960220e+00,-1.453588149817825759e+01
1.961162901687655502e+00,1.114271267669895060e+01
-1.212453201275988590e+01,1.268297025614807838e+00
9.138839523292109135e+00,1.137574977829220302e+01
-2.134949522487490370e+00,6.681756529921199395e+00
2.245405827003234212e+00,3.560308453641258808e-01
7.995974903304308157e+00,5.895103337066263549e+00
2.220604329927892806e+00,-1.503065272778922434e+01
1.374633815708092044e+01,-4.539749583594058002e+00
1.408509022983459147e+01,-7.816313671857612055e-01
