-2.479232808000091826e+00,1.046868583843149736e+01
-5.845387682459756817e+00,7.344703199221676471e+00
8.628809159372282878e+00,2.960020720080365209e+00
1.842932282548304812e+01,-3.015121633063725604e+00
-5.585521191024759302e-01,-7.842365939466965585e+00
1.125638087345323690e+01,5.344247527912854068e+00
1.429976965074652462e+01,-8.923238047535402728e+00
2.109105679321114923e+00,-5.745072413966211267e-01
7.606813010946325448e+00,1.245239711912476999e+01
-5.744258564634776576e+00,1.148898181896733739e+01
-4.691770835946706519e+00,5.986333894026436120e+00
6.931091048611820682e+00,-1.050988633709611975e+01
-2.657315117097363011e+00,-1.489718758056679304e+00
-3.860109669618601913e+00,-7.112854253635240376e+00
5.907466496514786947e+00,8.133459979689032338e+00
9.189146343275846007e+00,-4.403294275863720131e+00
-1.087493335461092947e+01,-3.590346151501792260e+00
-7.523463216885615701e+00,1.188828391177079524e+01
-7.756269408030443735e+00,-4.115235419074337209e+00
1.028579928046269565e+01,3.817229179941282080e+00
-1.088863279594378142e+01,-1.694724724629320889e+00
-1.822640617705533650e+00,5.587977366780114252e+00
1.218350458334306374e+01,-1.308262867117688266e+01
1.441883124613389411e+00,5.055591743619191725e+00
6.584149024737892653e+00,-4.665807634533333470e+00
3.156737369154817507e+00,2.362088373462587931e+00
2.963488407198323848e+00,6.030655821559662400e+00
1.523309584098111680e+00,3.281968411286110499e+00
-1.003273101616698071e+01,3.420036907469134135e+00
7.417351146675221329e+00,-6.286232353846036069e+00
-7.652791589300782071e+00,6.970120519007214632e+00
-3.258440751437001737e+00,-1.870177622548317586e+01
1.759625524495366022e+01,2.910034751126838071e+00
5.517079678941954057e+00,1.017628062033430147e+01
-1.375890517019509396e+01,1.291391537130527389e+01
-6.960364843289052139e+00,1.771943421618435321e+00
1.185545851892097957e+01,-1.484510381829711534e+01
-7.547246011016384593e+00,-1.081107674305897248e+01
-1.398075986136847959e+01,-5.049140443348711926e+00
1.604044530411143654e+01,-8.602598953293075112e+00
1.180414358616215864e+01,-2.907470728139024629e+00
8.780808588369721335e+00,-1.683195459715115661e+01
-1.141777202186248630e+01,6.012475622265618380e-01
1.384910268913211340e+01,-1.071805071417603195e+01
1.397106273953971467e+01,-4.489292003242810303e+00
3.038196282764590528e+00,4.231177147219261414e+00
-3.426552359270719883e+00,4.673457251529122836e+00
-1.294380366474390875e+01,9.630524584452695436e+00
-8.861890516369712145e+00,-8.003375288298745005e+00
-6.978295731724841744e+00,-1.255571087946529474e+01
-8.500549762951710164e+00,-1.509466982427760051e+01
-5.632213888130418233e+00,-6.649300947547746254e+00
-5.736855568861719767e+00,-1.108274694613597688e+01
-9.548478119570953382e+00,5.189858851429920428e+00
-1.047555228166754482e+01,1.365144011301725868e+01
-8.306504191954361405e-01,-9.575542934459157607e+00
3.185758177823926562e+00,-4.708398531366165152e+00
-9.459133823218451198e+00,6.973642378875872794e+00
1.058622563938402195e+01,-1.137754383334672070e+01
6.418197452468301201e+00,3.040507093528611815e+00
-1.158054717389306099e+01,-7.887221082867656108e+00
1.321196784345499076e+01,-6.182060901433894529e+00
8.768374459149489430e-01,-9.141832112833293777e+00
1.384163151440622075e+00,-1.244929759376339717e+01
-2.641177040082196559e+00,-5.050208020175491974e+00
-9.634365062700052107e+00,-1.372507483101911774e+01
-8.753767752391231838e+00,1.319049056717051549e+01
-1.146175058892618459e+01,1.512393730398043701e+01
-1.080659383932868867e+00,8.012414097605882191e-01
-1.105331015558639329e+01,7.830546259751286264e+00
-2.861931346182446045e+00,1.090305710330160105e+00
3.516453204671662114e+00,1.308457086822797066e+01
-1.577475117882044664e+01,-1.051771318645562125e+01
5.332699890167714729e-01,8.459516356951246152e+00
6.102144727351930698e+00,1.298282386301185198e+00
-8.208549599442008571e+00,8.695954608549898879e+00
1.212321050710901638e+01,-4.673668744569757116e+00
-4.398101802137434291e+00,-1.460677296838886718e+01
-1.659348654398159706e+00,1.404332153572142516e+01
9.764609475760650525e+00,-9.756228218222085857e+00
2.433632030791074374e+00,-6.323079158042287595e+00
4.749291771511715332e+00,-1.357130533607650058e+01
-7.698209325838137218e+00,5.202014616957375992e+00
-9.168563876021522674e+00,-3.036124134303447075e+00
4.521964184330508729e+00,6.978669711917388163e+00
6.891812318437430029e+00,-2.909589242737589565e+00
4.878541832527671929e+00,-5.380940875913327481e+00
-5.181576587238327924e+00,-1.297702227807996245e+01
-3.490694599678529908e+00,1.412841981591746254e+01
9.626735228172679015e+00,-6.112809980273144816e+00
-1.504255442257481334e+01,1.820227772380697218e+00
-1.182899503924283913e+01,3.247195248809487289e+00
-4.231563607750987721e+00,1.037411343104056272e+01
-1.546478582390537149e+01,-3.881473951884945706e+00
-9.633964088204689524e-01,-1.137558225452139382e+01
-6.956380439626942191e+00,1.430539853550416751e+01
1.512463078432988617e+01,-3.133151951152260306e+00
9.209355464142671366e+00,1.095849280455899333e+01
-7.154666435743542330e+00,-7.601416880874353410e+00
5.781724432712580075e+00,-9.078316724764373902e+00
-2.059683649941697059e+00,-6.867253598378169066e+00
-1.843806066893776219e+01,4.586711105854653248e+00
4.251019875561629746e+00,8.953516892832677598e+00
-1.499953158234257522e+01,4.075754304223327296e+00
7.778347671032940225e-01,-3.639346532789753841e+00
5.117252264948518814e+00,-2.169875488776185357e-01
-6.632590382922654015e+00,-1.488103186158258318e+01
2.353017935172209363e+00,-1.423303759377699507e+01
-1.329185749459581345e+01,-7.033288245375418413e+00
-6.980229704051094108e-01,1.146491352275910103e+01
5.090119392090151962e+00,-1.542607161077723710e+01
-5.973179008848794602e+00,4.769672400265812406e+00
-6.069978649162166562e+00,1.677706954774881964e+01
9.366928894063271116e+00,7.948084201126181192e+00
1.113736997112830807e+01,2.171940136058076565e+00
5.906928870498021622e-01,1.025909396275792496e+01
1.235378710322864926e+01,3.912248161001450342e+00
-7.099037348448778317e+00,1.012053984022541364e+01
-1.068229986915361529e+00,-1.571315812311672566e+01
1.200633507232284103e+01,8.915089714408422239e+00
-4.413050141657373082e+00,-5.322377840048835296e+00
9.153668389008407402e+00,-1.240860360437778098e+01
-1.197857872452700967e+01,-1.233257707316872143e+01
-2.184459294004152063e+00,-1.719153650635789177e+01
2.342000277478892389e+00,-8.107842558434496638e+00
2.146536558299724007e+00,-1.886973178337627388e+01
1.483744568360477878e+01,-7.139780321152032982e+00
-1.418284055578659775e+01,-1.666373466159041028e+00
-4.102721270912900842e+00,7.999959860449629367e+00
3.298026997463947119e+00,-1.580727656080416743e+01
3.197358460381650502e+00,-1.266805514216712680e+01
-5.454242631396617469e+00,1.325926577784919935e+01
1.280418593286921647e+00,6.812617323392050395e+00
-1.243813954316825843e+01,6.702063143069947770e+00
-8.955950805760307665e-01,-2.944467541473740013e+00
1.692055628246343701e+01,1.212781684763432205e-01
2.796802941788372188e+00,1.632467485008141139e+01
9.171156892025198459e+00,1.352328839132615812e+01
5.399857186166448386e+00,-1.971285505290992113e+00
-3.159983840440316882e+00,2.873916242184332503e+00
1.315647258834384559e+01,7.512132919471834036e+00
-4.421594223059869933e+00,-3.565640528447404201e+00
7.141726632078082559e+00,-1.759851127125426018e+01
1.117802200634027798e+00,1.575799420815162755e+01
1.395846939606406245e+01,-5.163083524057471285e-01
-4.049702226904909885e+00,1.766846632586863208e+01
-4.017434299886411431e+00,-2.470727883982279105e-01
-5.014479968824303135e+00,-1.769695042368601090e+00
6.389492127778154007e+00,-1.222144512819764728e+01
1.276358519028896410e+01,1.386333339287799449e+00
2.564314538000467270e+00,9.842644552546707004e+00
-2.434137861416399762e+00,7.461640005599653236e+00
-5.765258771399870419e+00,1.758680075825919398e-01
1.422825736092293702e+01,9.682562899208168261e+00
-6.051801645427813625e+00,-4.593788427013009823e+00
-2.674548964228492309e+00,-3.265805350964162024e+00
-1.696121839873506687e+01,3.535806505984298909e+00
4.156851596802039417e+00,1.509838726593451419e+01
4.018671213902069717e+00,-7.171628774914413640e+00
-1.383943271202001846e+01,7.961374385952794341e+00
-1.325075302542871469e+01,-1.361681108993922606e+01
6.453185323042554877e+00,-1.419419089075142715e+01
8.273500330797190827e+00,-1.402067062127927954e+01
-1.027247827821308590e+01,-9.085793140457843364e+00
-4.873211531725008427e+00,-8.614268642335801474e+00
-1.509020588177837752e+01,-6.777675839768866339e+00
-6.459902929083291667e+00,-2.847215595689377210e+00
7.530094524836989933e+00,7.464965344871362873e+00
-1.348367605697191829e+00,-1.873378379075935740e+01
5.358576425813908806e+00,-1.718830799061299786e+01
1.668545696679174029e+01,-6.936439814956626648e+00
-2.653490872606770079e+00,-1.491516420622712680e+01
-9.503544575122483407e-01,-1.060653407550272265e+00
-1.365016031376652350e+01,2.885995129655250846e+00
3.971605767956930766e+00,-8.937566281442819616e+00
-1.823003331442549069e+01,-1.003698241989237738e+00
-5.869915892165429305e+00,-1.804811068568158205e+01
3.838985734862013111e+00,-1.815080017619819586e+01
9.098949802621801197e+00,1.537533918352050577e+01
-1.092457744650443097e+00,9.200293604924906887e+00
4.676949453398984602e+00,3.430727395711231420e+00
5.845361713696929584e+00,-7.217433304580123554e+00
1.606408850046206283e+01,9.396092027437077832e+00
-4.685164634193922595e+00,1.547906039936214384e+01
-7.146427375881652111e-01,6.991118630715893900e+00
1.137216337658577991e+01,1.086867444303815233e+01
-2.905116537348863215e+00,-1.100463149219792669e+01
1.277387206503347805e+01,-7.976013931260601986e+00
1.466272358906602946e+01,6.386328903132869605e+00
1.168266347601875488e+01,-1.112007470640852924e+00
2.946338314516688150e+00,-1.037304110095659659e+01
-1.774107949706089427e+00,1.890714332839190703e+01
-8.839427305367406618e+00,-1.201213839396529792e+01
1.025226235201812663e+01,9.520234687374824034e+00
-8.632532048321028828e-01,-5.438693334382704414e+00
9.210630323889752447e+00,5.263304618910397359e+00
6.580244426765404775e+00,5.920564549891297546e+00
-1.149110640785302451e+01,-1.051227378145857649e+01
-1.294011813704467784e+01,-9.051738475877092682e+00
1.167390833239329950e+01,-9.707711048790237385e+00
1.569158771273987263e+01,-1.036002638085086502e+01
4.482155611055812727e+00,-1.143643009422743440e+01
1.401174982154589266e+01,-1.279223284839765817e+01
3.621587000245634957e+00,-1.482859426198411823e+00
-6.557734353606624822e+00,-9.301918956661614502e+00
-1.549104462897127110e+00,-1.311736159352255626e+01
1.526991114200010102e+01,2.912162240888660492e+00
-9.792107611811340817e+00,-6.013921363713624346e-02
3.475263514968926604e+00,5.536718905535813473e-01
4.061026304773476814e-01,-1.399315758218298633e+01
-7.637512045387890858e+00,1.469606540839078768e-01
2.116669320046356273e-01,2.073012030325539268e+00
8.161170099134016809e+00,1.869493721941173142e-03
7.988898734975739657e+00,1.674916698583846397e+01
1.030597084584833389e+01,-1.584745315687960598e+01
-1.401865205914431023e+01,3.431176971234640161e-01
-2.595375322017619002e+00,-9.157882145870601676e+00
1.483174478143741304e+01,1.013232455721330805e+00
-9.587428427608752912e+00,1.719476102325303568e+00
-1.162162278930619408e+01,-6.006087148022551503e+00
9.444754870746354669e+00,-7.996496539156555450e+00
1.900839928111624388e+00,1.160438813268149616e+01
-1.946180033752184846e+00,1.582319845313277185e+01
-1.342394237992795281e-01,1.716456243937667736e+01
7.649535172737308208e+00,-8.165266106642015131e+00
-2.297409307386761412e+00,1.230394548088095874e+01
-4.569300050770775279e+00,1.524606871919304663e+00
5.251430825829570104e+00,1.359785508409269283e+01
-2.735319389410025837e-01,4.568218936603016367e+00
1.594836414701282790e+00,1.339185828129440559e+01
1.792867895483717833e+00,1.154426243818685860e+00
-1.328725309960868017e+00,3.112476945773844594e+00
-1.064813627952737640e+01,9.603285728720400982e+00
8.357720146084902879e+00,-1.874470037099928543e+00
-5.594886556393004362e+00,9.162161650544309310e+00
1.606424262599505681e+01,7.628291360862664128e+00
3.714390464294577754e+00,1.126703974542413889e+01
-4.065622373092581121e+00,1.216999358517356633e+01
-8.142027919715847162e+00,3.408651870403018425e+00
7.374800723277739056e-01,-1.757834071186568758e+00
2.677295357722130120e+00,7.942877696101647622e+00
-8.533038990985341243e+00,-1.371457695453142334e+00
1.767581867559854203e+01,5.961974447054617876e+00
4.635430580845285142e+00,-3.643370837836029885e+00
9.913368631467722736e+00,-9.152962959230626083e-01
7.066667774607175545e+00,1.501711349560523523e+01
9.373653210016115178e-01,-5.407163431147039567e+00
7.342353784374430425e+00,1.062320132679792373e+01
1.791058419939104196e+00,-1.714278128816928870e+01
-9.427326381847960235e+00,-4.848615381746467889e+00
1.137826348139765287e+01,-6.398525034520806898e+00
-1.407817023932276967e+01,5.997842101200636655e+00
1.345181311874022967e+01,-2.283527336723200740e+00
-5.558073351804881490e+00,3.001019055633097121e+00
9.937660490482087994e+00,-2.744540832829823973e+00
-9.880513859421661493e+00,-6.568991411793183133e+00
