3.652096107029413119e+00,1.567439465713104951e+01
-1.291843659088471163e+01,-1.313072118278706668e+01
-6.243688954289054571e+00,-5.938625227223047531e+00
1.376041970997882657e+01,-2.918523891952091720e+00
3.404345198518975213e+00,-3.442320244036121579e+00
-1.270252365872349998e+01,-5.529269129092008406e+00
-3.642619888778723780e+00,1.570569215380636940e+01
5.379155469793308164e+00,5.278876192702725234e+00
8.716698291155463352e+00,-8.286410499429520016e+00
1.382971441002159096e+01,-6.965203540983809560e+00
-3.818772358741792661e-01,9.907444744629817279e+00
1.947786972542352002e+00,3.775173850736301961e+00
2.368905725519155681e+00,1.442442781534655438e+01
-8.448738313344190232e+00,7.187929660644027940e+00
5.574741620635062844e+00,-1.276646018623059220e+01
4.975587193316585832e+00,-6.497721546508277157e+00
1.247301893513963300e+01,5.032301921254973998e+00
-1.925939306664264716e+00,7.300283685843192982e-01
3.599387247849015203e-01,6.745139670108199148e+00
-1.430925437903624520e+01,-9.933466144305050705e+00
-9.304723740101174201e+00,8.814336522334803803e+00
9.729057588342428176e+00,-1.630206225430158895e+01
-1.898554100792414767e-01,-5.189058067763859583e+00
-8.723187534730470816e+00,-3.091117487073097525e+00
-4.949341351174575188e+00,1.714786127070042809e+01
-5.170774641767525992e+00,-2.928698956856731872e+00
1.571415678634782687e+01,-2.014372877231073389e+00
4.625066843993664634e+00,-1.120672440627964939e+01
-1.364465657479492666e+00,1.332563116475726162e+01
-9.181684032173853538e+00,5.215201652316990177e+00
-8.160193364701765262e+00,3.751474441259766035e+00
5.653110329369132048e-01,-1.394349017373899002e+01
-4.752083796933819215e+00,-4.898579114645155386e+00
1.712471849691634462e+00,1.275953671316402271e+01
1.002304872526128854e+01,-9.539258092819300927e+00
-2.105571784288548631e+00,1.664404730989341630e+01
7.242967969591622257e+00,-1.583329178962265082e+01
-6.577487328712352088e+00,-4.200127246001107650e+00
-9.515986097885587469e+00,1.820416619481428355e-01
5.558901448535857881e+00,7.050744159071276940e+00
2.232618630309440189e+00,9.472969297657479970e+00
5.774214855476945907e+00,8.845820108554841354e+00
-5.513132454107085856e+00,5.626599051481488978e+00
3.442391910409434708e+00,-1.525115587014690632e+01
-8.116547805166336005e+00,-6.655646156573441274e+00
-3.074782910776759248e+00,-1.221889116025869093e+01
-1.570345048696841950e+01,9.770821037146957266e+00
-3.538129040227052879e+00,4.418206966617924003e+00
6.566552877369082886e+00,1.084180789528370825e+00
-1.138557580275793590e+01,8.131825005805886519e+00
-1.593395519520982795e+01,-5.724505744860659995e+00
-7.209610708911072585e+00,-9.472571143124758564e+00
-5.725771651879103530e+00,-1.056562373475201078e+01
3.317301629985416778e+00,2.644429429187420411e+00
1.675907741206829371e+01,-8.810758742420986778e+00
1.198045202483014826e+01,-3.033124019463101284e+00
1.295409220365609748e+01,-1.291324771149210626e+01
-4.971681364787150059e+00,-3.887094597013725505e-01
-2.882672199804443114e+00,7.643631834443556095e+00
8.802436877925899239e+00,8.036426521864132866e+00
-1.129073891125309892e+01,-7.668201330373633495e-02
4.526514280191609729e-01,1.411321971286542798e+01
-3.898580062792092349e+00,-1.391502041975701687e+01
-1.519289433605181827e+01,-8.145839346085782751e+00
-4.694124422988444678e+00,7.294130462534053727e+00
-4.938488538005285200e+00,1.446771690823707601e+01
-7.453900875847406127e+00,5.688420198582416099e+00
-1.781509433274500864e+01,-5.745607134792884985e+00
1.837630686457469853e+00,1.238228206007249560e-01
5.479659789736596842e+00,-4.513164339548160875e+00
2.206652042294702909e+00,-1.979990221455224297e+00
-1.158094802141514945e+00,1.507639717113670130e+01
3.494364859712765004e+00,7.392554123552412815e-01
-1.108734530439371646e+01,-2.559126746915502792e+00
1.021876195288798783e+01,-3.196524255995214947e+00
-2.990511705106107421e+00,-5.378166312121929415e+00
-6.670658016001561386e+00,-7.714514373830806626e+00
8.344180085298978256e+00,9.838075386117307586e-01
-6.589086032858141984e+00,-1.595079618492191997e+01
5.620790931184082240e+00,-9.746798874181244798e+00
9.118674231748099546e-01,-6.660021236369292552e+00
-4.085201411959306084e-01,-2.701787892317093931e+00
7.879042058719795349e+00,1.159347227056226970e+01
-6.306377530323771019e+00,1.263163394438400999e+01
-1.389801752664305923e+01,7.504223130574700917e-01
1.609861268614202867e+00,-9.910557792552063816e+00
4.301348207797586198e-01,4.944754663006921014e+00
1.482267675919235295e+01,5.099900102959948889e+00
1.030868840744834891e+01,-1.386931612973852701e+00
-3.202051459484654750e+00,2.597783540685706161e+00
1.564544705932203961e+01,1.075263842565639472e+01
-5.666561460532508754e+00,8.796477284209226255e+00
-8.224770398309640740e+00,-4.871897783031480245e+00
7.895588405170243185e+00,-4.585082677792881256e+00
-1.706734619097826311e+01,5.735933870245879973e+00
1.022062423750872817e+01,-6.694079344736030279e+00
-1.072069497621119361e+00,7.833404278560243128e+00
1.902707647147866332e+00,-8.143006695574712239e+00
2.847557271193574269e-01,3.140948694658906692e+00
-6.104104231592827112e+00,1.580375808219994305e+01
9.451732636221793271e+00,-1.322112122966006709e+01
7.386611189560110979e+00,-9.520397606970973925e+00
-1.614953811660108762e+00,-1.394847970489303535e+01
3.190293877455706806e+00,1.740966291423402623e+01
-4.544886296375015178e+00,-6.737616479748640863e+00
-5.084771394057213678e-01,-1.653315508977073378e+01
-1.572358466512391040e+01,-2.860710000311631696e+00
-1.461729951658436732e+01,-1.441429033131909954e+00
-1.078129414987025214e+01,-1.369527714938416629e+01
-1.361170025397118266e+01,-2.930226272469036441e+00
-9.265519577204772261e+00,-8.061639101524324502e+00
1.159527027348551176e+00,-1.190790780200595833e+01
-6.553509873849879597e+00,1.037872210742292545e+01
-8.908249873337014790e+00,1.058920630536019836e+01
1.432153388983116038e+01,9.570643134301855426e+00
1.379298693733434433e+01,-4.679297135671597552e+00
6.652895120209239899e+00,-5.896307026127449724e+00
-1.085360059015942902e+01,1.505674431591518569e+01
1.357727546659283213e+01,3.611545165616587560e+00
-9.753976127094995618e+00,-5.923886340599494815e+00
1.036399693406704259e+01,8.977369891588445228e+00
-1.178399311728166943e+01,1.288397415639385635e+01
-8.031178492772081512e+00,1.215855127219407095e+01
8.715311359409673386e+00,-1.482584219935713676e+01
-1.754527775945919910e+00,4.269298734328034861e+00
7.243850524692385662e+00,1.551970056881191340e+01
7.951664880882412412e+00,-8.162696791718315747e-01
-2.616377435882278224e+00,1.108437331937131276e+01
1.216332371274824098e+01,-1.284574731169045192e+00
8.528766354690777263e+00,5.597528745486277657e+00
9.656442716765612388e+00,2.238406525330121077e+00
1.180804607532262196e+01,7.887138932421248860e+00
2.152730551054178321e+00,7.301238156750386565e+00
-7.824942436445613048e+00,1.394859656948087867e+01
1.194933512938727205e+01,9.775749056517346602e+00
-1.298617952340749326e+01,-1.119180451875196880e+01
1.600276253578309138e+01,6.649634668150607553e+00
8.463440227465641286e+00,-2.761897851184566210e+00
-1.081481431271030047e+01,9.820486470190022743e+00
-1.392091124554860393e+01,2.568489887492809931e+00
-1.587702471850842478e+01,1.405824877494105986e-02
2.164853307189962717e+00,-1.656762226295358786e+01
1.667753474515481837e+00,1.977795253266576125e+00
2.831123855586654692e+00,-1.127032708338629163e+01
-3.823699152808059942e+00,-1.759587707361562225e+00
9.626231309011201276e+00,1.282727989848931927e+01
-8.467934567262887582e-03,1.361678721358514199e+00
-1.419196623912910304e+01,-6.518815886187658393e+00
-9.247753997485945732e+00,1.641941641380485351e+01
-1.153420174717576963e+00,-8.675317010660000827e-01
5.721871615387090770e+00,3.486047575489697348e+00
9.278704617380290287e+00,1.039847638094188476e+01
-5.241151913455047051e+00,-8.839826127909555353e+00
-1.609056255779201416e+00,-8.860487440915848723e+00
3.875772275183991145e+00,6.278503417171521050e+00
-1.251314370172537105e+00,-1.209488358983847256e+01
7.353467212963319177e+00,6.934854299879545714e+00
-4.534389247514972965e+00,1.270821040290622683e+01
-4.996818206167930931e+00,3.056543506969848334e+00
-9.027835971145702132e+00,2.214009573139672948e+00
-1.800231400766803214e+00,6.068233129057962749e+00
-6.783876801921085331e+00,-6.443169977731691977e-01
-6.403873560343643412e+00,4.101796868419808284e+00
1.759349876969155402e-01,-8.858674889053780532e+00
-1.203178153961295038e+01,6.368987671509731996e+00
6.637875434525668972e+00,-3.149153319565740627e+00
7.332012653146279035e+00,2.678353562458575698e+00
7.898465708854246481e-01,8.451571271948850494e+00
5.875616115876119983e-01,-1.229253469271672339e+00
1.422394092203398230e+01,7.740645382936592434e+00
1.402262316572705991e+01,-1.093542006987559656e+00
-6.499374100745667349e+00,7.168504663496642948e+00
1.012781024217036929e+01,4.998481725751799387e-01
-2.409085914699134467e-01,-1.057570807372685273e+01
-7.779625689049236570e-01,-7.292077787843802561e+00
-7.807175866736410619e+00,7.989241280021964764e-01
-3.120525962455506175e+00,1.391825229849587053e+01
-1.021993085754182573e+01,6.638643256798887116e+00
-3.498927979175241454e+00,-3.573426904507731816e+00
-1.083507165942305939e+01,-8.874061383116977453e+00
-3.396371028301830464e+00,-8.696123014877645829e+00
3.820072063306386045e+00,-1.234460939482892927e+00
-1.080236241795797270e+01,1.751910535827970516e+00
5.475789228553694876e+00,-1.627844420910099288e+01
3.989146008905358087e+00,8.137558193979387511e+00
1.282661496430304915e+01,1.385183803719540752e+00
-1.454055318893485627e+01,-1.219960489814501692e+01
8.835520605693535146e+00,3.820695756773189178e+00
-7.484974453935596017e+00,8.772318840509381488e+00
5.036191206499106343e+00,1.378994042773900652e+01
-1.681526002947048681e+01,-7.265465773394262250e+00
1.801435824531677810e+01,5.991995415315520823e+00
-1.017664394228765801e+01,-4.088038671739147034e+00
-6.916227750455364642e+00,2.414351795321314054e+00
4.952187003711074453e+00,1.822028941616927522e+00
-4.708653654266585775e+00,1.094837865761982876e+01
-1.250289146899238979e+01,-1.394952583711495331e+00
3.441662903903679460e+00,-9.604155509444648686e+00
1.920977602242420534e+00,1.618038647681922626e+01
-3.942882749935318731e+00,9.309152942168074318e+00
1.618668722103759450e+01,8.686423508355456846e+00
3.500184825395963539e+00,1.288549505513273452e+01
4.967036048648133750e+00,-2.576695296862975493e+00
6.278677629778028013e+00,-1.352299360027838571e+00
-8.216816350572882399e+00,-1.271433867269871776e+01
1.166072941405648544e+00,1.100241191110136363e+01
1.653191652817204815e+00,1.841927579153397332e+01
1.235205593732354945e+00,-3.516697132752457655e+00
-2.557157916348513194e+00,-7.102634125917419716e+00
5.016184055836652611e+00,-1.443794056907333889e+01
-1.215008582031602380e+01,2.891825424964796998e+00
2.018141817964802964e+00,-5.224567327840860642e+00
1.260178464827871814e+01,-8.396347305979560360e+00
5.456716984038462392e+00,1.560690075876271266e+01
2.615532536530730923e+00,-1.854701728162448404e+01
-1.044638072056538114e+01,1.159296148977420060e+01
1.113736912790093037e+01,-1.270793607623209098e+01
4.961540584911844576e+00,1.187589441123624923e+01
1.144266185330230456e+01,-4.815217072027072831e+00
8.378360862667664222e+00,-6.422145794049177070e+00
6.670321973091423828e+00,-7.788582360250333458e+00
8.368382040712402770e+00,-1.180050103780956228e+01
-1.460269979675153174e+01,-4.447341952380511110e+00
5.518548078141785607e-02,1.645276902140317787e+01
4.666100276678656122e+00,-8.234160280319448688e+00
-8.718263005711865965e-01,1.159570176953469556e+01
-1.399541586535123061e+00,2.517669701762212942e+00
-1.625538316223368973e+00,-4.068117626803133824e+00
-3.961637211288389082e+00,-1.047271194745632883e+01
-3.737155937948808404e+00,9.071696627591091522e-01
-9.590087067297341505e+00,-1.153630519663492926e+01
-3.277629496972258583e+00,1.797908051945558228e+01
1.140799036243675779e+01,2.474689222155908030e+00
3.069232350607149939e+00,-6.809093471595954128e+00
3.814358657306131217e+00,-5.181560036670726177e+00
2.244704353262972685e+00,5.507832206258280294e+00
5.159702216196127011e+00,2.471609094998803574e-02
1.530345193340359344e+01,2.979703600184739454e+00
-1.132014963261032037e+01,-1.192128167982266085e+01
-1.147120895172385069e+01,-7.195376231729555982e+00
-2.141936249612993226e+00,-1.056585919867556633e+01
-2.148112998921586581e+00,-2.371711535136917792e+00
6.646831053952227286e+00,-1.128974931461979914e+01
-6.958692726098806958e+00,-2.428982517690101428e+00
-1.692034382396412084e+01,-1.452998179594807260e+00
-8.489873472714368319e+00,-1.237385540663388461e+00
9.634476642043566130e+00,-4.925685449099367119e+00
-5.487517588760614018e+00,1.305818020455752348e+00
-2.146325098812164267e+00,9.276208345867880567e+00
1.202026536584348726e+01,-6.640951486569593776e+00
1.078433551599350082e+01,1.144278230673362629e+01
-1.010180075117318310e+01,3.674075423334043133e+00
3.736230856786911136e+00,4.359161848560104247e+00
-1.355244057358394905e+01,5.404643117637960792e+00
3.109725940648732312e+00,1.114258903720272720e+01
7.025928128242609816e+00,-1.380197920825976787e+01
