1.825787373122389567e+01,5.183622017848298569e+00
3.727079245056958090e+00,1.323523505240062725e+01
2.651536445241202244e+00,-1.166548187476677789e+01
-1.524106480219829685e+01,-1.065292456503212115e+01
-8.069530055965067561e+00,3.643358771119636241e+00
-1.871052774458141599e+01,-3.226874421636865442e+00
8.926805114421549447e+00,7.478564031180959581e+00
-2.309908830204556285e+00,-7.356463864917289541e+00
-8.688157967738090903e+00,1.673021246206999990e+01
5.183557259563941422e+00,8.674020053665019603e+00
3.301718985884154023e+00,-6.793497173588454174e+00
2.663501674597286151e+00,1.110648357699583677e+01
-7.299158936758774807e+00,6.421695749472031700e+00
4.125828150539254224e+00,-4.950075764904886100e+00
-1.315292774729983805e+01,-2.962714500749228819e+00
-4.836355479809169466e+00,2.310584265525660097e+00
9.467976899585376360e-01,1.568089277529250225e+01
1.333792355649781847e+01,-7.934196792682287835e+00
5.903377142351242668e+00,1.333379651429463575e+00
-1.108319597286435432e+01,-2.701400190793177281e+00
2.848201678950636584e+00,3.362385646244842707e+00
-1.875622546467238250e+00,-1.109308798521472283e+01
1.060188722617165347e+01,1.441247154760877081e+01
-1.454366874393230624e+01,7.787679717040887795e+00
1.180860913356799813e+01,-1.486983914373176319e+01
-3.101746969282028310e+00,-1.028337764711967806e+00
-1.035551457636831651e+00,-1.358636546050890281e+01
6.526448899879523147e+00,1.532315435834422779e+01
1.247528900259330698e+01,1.347930049427231580e+01
1.263380793613369413e+00,-7.206926539860891268e+00
-1.542940325572990545e+01,-1.240479462087416884e+00
-1.483233531215855017e+01,-5.768373673696071791e+00
-9.665773766660453958e+00,-5.121984357624632445e+00
1.982526146087285612e+00,-5.583560302047931856e+00
-1.065006459164530384e+01,5.350634670866617704e+00
8.638666839976193446e-01,4.320765006011368925e+00
-1.454507264758767349e+00,-5.751752628477906804e+00
-1.201000178507013949e+01,-1.300747587373910541e+01
-1.119880465126944225e-01,1.376487529154246658e+00
6.630164828253300335e+00,-1.151090374681001016e+01
-1.265564676596725135e+01,6.409038329730604389e+00
9.764257608427959312e+00,2.303416595793908339e+00
-3.082430411706304163e+00,1.797687808696492340e+01
-1.163319990964193451e+01,9.776075671050389104e+00
-1.664601279537263778e+01,-2.542428881001034480e+00
-1.129365770162188554e+01,2.495997860521770861e-01
-1.002181425125847980e+01,-7.355903797056515536e+00
-4.747708162240279250e+00,1.081771767884304403e+01
1.010190734612776708e+01,1.088700810701130983e+01
1.867908503625783112e+01,3.207194476128696348e+00
1.220795945230909618e+00,2.562487472990613302e+00
-9.528429951071831994e+00,5.736480183790799714e-01
-8.792572001644606061e+00,5.258737392630097318e+00
-8.326929171645813810e+00,-6.829221189855008589e+00
-1.696922236015729268e+01,-5.858186895924322179e+00
1.159723229152774060e+01,-8.442667830817478958e+00
-1.219634114999410812e+01,4.505689391272046151e+00
5.241093468487374452e+00,5.908856615475007068e+00
-9.079135651508748239e+00,-3.308601340638438248e+00
-1.721552854020773893e+01,8.036198430139767979e+00
1.025998517179021086e+01,-6.774489824699057472e+00
-1.107991803715360923e+01,2.084812381699637118e+00
-1.379135412105220615e+00,1.568783394935377196e+01
7.068877765191945883e+00,2.217705932453393342e-02
-5.112465718972825535e+00,-5.252516003058940619e+00
3.218550198492422521e+00,1.601928178802706215e+00
-8.131868307449281019e+00,-9.095145318865053952e+00
1.222795655171982787e+01,-1.203494549841192551e+01
1.697919362542686983e+01,3.942578329645991975e+00
8.315231792656211596e+00,1.557027255371158070e+01
4.044694901800548692e+00,-8.409913968430299036e+00
8.965848604322417259e+00,-1.088489764947921934e+01
-7.669938355081463932e+00,1.510785108362610707e+01
6.957693686717680848e+00,5.420070936169533837e+00
-3.340678965576035608e+00,-1.006640836706697861e+01
-2.291582392202689000e+00,8.246969357812334422e+00
6.461011987512421229e+00,7.284133526067306796e+00
-8.151417604244937110e+00,7.992471975795736761e+00
3.745290468484778756e+00,-1.350116804586315000e+00
7.490636030484597363e+00,-4.881631392539408587e+00
8.822325017006064085e-01,1.161201122578295397e+01
1.367614543781460590e+01,-3.361897973010646190e+00
-1.250685322865742322e+01,1.322871450645147107e+01
1.178221016073615068e+01,1.035929609042545252e+01
1.318331211300377781e+01,-1.367345275653178227e+01
-5.327780242140335076e+00,5.085253303370684819e+00
-8.394528172516320552e+00,-1.083463874033988183e+01
-5.885612541757017979e+00,1.296056861502570179e+01
-9.985997923585545166e+00,8.957474275933222430e+00
-5.947756170104501194e+00,8.529488987441957715e-01
1.684515667710279629e+01,2.093222649301528016e+00
-1.392709437395003036e+01,-7.506697766371735803e+00
-1.402568692717545851e+01,-1.553071811833608706e-01
9.777842424052062498e+00,-8.641111127739119269e+00
1.317147305365923948e+01,1.698906453853002541e+00
-1.874108757952316751e+01,2.908902531877863407e+00
-3.256470627605168033e-01,1.409589613925977325e+01
-6.316311808750401546e+00,3.322236854858209298e+00
-1.812281864328061687e+01,-1.409319087246631685e+00
-7.269831156793294724e+00,9.601877738877618640e+00
-4.917515650914652703e+00,-1.391870044314365451e+01
1.629289511195085183e+01,7.399680639486821754e+00
-2.626038855066012978e+00,-1.632592094513957193e+01
5.093475515425240019e+00,-6.512938731829872374e+00
-1.250947677538067015e+00,-3.928469156766302373e+00
9.686236330070668865e-01,7.962145384441253526e+00
1.141326977853331925e+01,3.301470672032218001e+00
-7.824888222717162556e+00,1.326153759322249925e+01
9.424614403000806107e-01,-1.609816547645582219e+01
1.060757300890887578e+01,5.882734738517684470e+00
-6.766216002226247639e+00,-7.844585497581792133e+00
-1.178552509983362562e+01,1.158612319928974799e+01
-4.096163899045060397e+00,1.486373662478460034e+01
1.321081530777896340e+01,7.439429377848515657e+00
4.788740385768601726e+00,1.472882253328310043e+01
4.426317845247859317e+00,-1.122514237164783779e+01
9.834670131737153653e+00,-2.057936293106491288e+00
-2.632702947859336007e+00,-1.809085050745142453e+01
-3.856034154914100398e+00,-8.328551496572190516e+00
-7.830017019292375480e+00,-4.666009897082975755e+00
6.609770009848118022e+00,-2.664822886651692535e+00
8.831490458631348517e+00,1.380973377120324308e+01
2.928562403777763556e+00,-1.436005857955691845e+01
-4.044424900296361258e+00,8.039267687114728389e+00
1.523294357046411562e+01,4.154157172601490977e+00
5.048007454373967029e+00,-1.309361853804855791e+01
-1.045793907864235450e+01,-1.192042251960479149e+01
8.540260417960521266e+00,-7.390584766012855411e+00
1.108666008027189953e+01,-3.370740482093926627e+00
-6.550138820499779690e+00,-9.099347000359374604e-01
9.300178297314884546e+00,-5.214225711832953358e+00
1.479685764150778482e+01,-5.369842073573900088e+00
-3.667268953214577909e+00,9.149297212278688640e-01
3.694201099337068417e+00,-1.643818954245132247e+01
-1.604761923817829228e+01,6.681922309729685594e+00
9.750999061412697344e+00,4.101758549316659064e+00
3.505214135913548912e+00,6.625534816685259010e+00
5.515138145022081773e+00,-9.844282949157822316e+00
-1.388025118185236728e+01,1.726666210649416167e+00
-3.955950358265077238e+00,6.237475761410468778e+00
-1.104697575500356344e+01,1.432536564748862951e+01
8.742300350252200758e+00,1.203701062436757496e+01
1.494576810864210081e+01,2.380996832763868198e+00
-1.332673713919270853e+01,1.043095234101399882e+01
4.657245484717077666e+00,-1.495534623299058197e+01
3.753186992419040635e+00,9.693640075068927331e+00
1.442629542325895287e+01,-1.961322987550757624e-01
-1.436500404540548947e+00,-3.921952226284735055e-01
-5.787796574958460338e-01,8.798778846106300122e+00
8.839698786995657809e-01,9.838968233225193316e+00
-1.638243461672020373e+01,3.195325094584247960e+00
-5.733690535828122492e+00,-1.088583652145885594e+01
4.403066840103014634e+00,-3.128892978675085423e+00
-4.206635730563769826e+00,-3.658569905747662609e+00
2.471111895482672960e+00,5.155491370321512612e+00
1.682072569798785011e+01,-4.001717164007706273e+00
-5.546862364763494924e+00,9.079500806392266199e+00
-2.452861764605073436e+00,1.334304462422733195e+01
-2.347076901922754200e+00,3.103818614105621876e+00
-1.117215252741331888e+01,-9.033108253375639052e+00
2.693634732707862245e+00,-3.832181543727938511e+00
1.339708806372854966e+01,9.536648944001164807e+00
8.489490110841597215e+00,-3.308166691780385360e+00
2.074435745135366993e+00,-2.103228540423367043e+00
8.786074638818350380e+00,5.691921222377803069e+00
5.865049900332351740e+00,-8.089757074832737871e+00
-1.201350205856573261e+01,-1.094048654877704330e+01
-6.596347003240622620e+00,1.127047196764299386e+01
-5.622370797160574973e+00,6.979644922290177078e+00
-9.269154920454306890e+00,2.337194991622652651e+00
1.030358133098321360e+01,-1.594650717979872212e+01
-1.022156052760812628e+01,-1.161254391571743705e+00
-1.601793669870868086e+01,1.008202285964533473e+01
7.863647667097438898e+00,1.729480611968991255e+01
7.500838145537602308e+00,2.165528713329275323e+00
6.850517689500352780e+00,1.173750985043886175e+01
1.339423986799119959e+01,3.846643129555515017e+00
-3.336757274020349495e+00,9.687540721672332822e+00
-1.224816828783433209e+01,-1.324894721766435746e+00
-1.928198686502688552e+00,1.307058748797500725e+00
-1.181255139770196028e+00,1.197873943081510362e+01
9.638407816172895437e+00,-1.261598418124329513e+01
-8.296859061115401390e-01,4.886590648146076354e+00
-1.310605599797513898e+00,6.647810188256830344e+00
8.778841295674505441e-01,-1.158498425387642250e+01
1.481255857674513621e+01,8.451624154970922120e+00
-8.702423623120333351e-01,-1.714687540749370243e+01
-1.527871751297373315e+01,-8.743086900914152082e+00
5.752528022345776648e+00,1.035589145659138666e+01
-5.477125522778667488e+00,-1.565241123031775139e+01
-1.303036590747965029e+01,-5.912646156433852163e+00
2.408686389073078638e-01,-5.157134473014192366e+00
-6.247825074843806448e+00,-3.821292455902731700e+00
6.999861994005874166e+00,1.351514257062659397e+01
5.797553604938073590e+00,-4.304383715374016539e+00
-3.165606636870121005e+00,1.159529347508345154e+01
-8.062811232612459023e-01,-1.897857896010338052e+01
-1.459490604966352478e+01,3.458192106676340583e+00
4.471753128082185391e+00,2.496898671739557485e-01
7.392900258403555469e+00,-9.840946011723520570e+00
4.662864160532585345e+00,2.668200437085122889e+00
-5.510519226834071027e+00,-9.102071731754399764e+00
-9.628568464025613949e+00,7.000258297337624391e+00
-2.874867734999719260e-01,-1.020435114727387926e+01
-5.124185898635630565e+00,-7.096860615165000219e+00
-6.687785305278616477e+00,-6.023032082144648136e+00
-9.897670236680359279e-01,-2.158166362234295921e+00
4.908458720736670333e-01,6.151946691433543002e+00
1.738387164447306077e+01,-7.469099329441902135e+00
-8.762846094488628168e+00,-1.267773949636301190e+01
1.653394336188034686e+01,-5.870167956043966129e+00
-7.453120886463355355e+00,-2.452809087445092295e+00
8.689096068375489423e+00,8.108363529159422489e-01
-1.701641735549904944e+00,-9.095351731135295381e+00
8.028082590629482596e+00,-1.601910048506123729e+00
2.295886059266886825e+00,1.445798180342926642e+01
5.189995459526326460e-01,-1.259797336589828731e+00
6.853095550005432024e+00,-6.552141133334544953e+00
1.620082055057841863e+00,7.230846744348542465e-01
-4.033357260975543923e+00,-1.175159678093305615e+01
1.772555694558004546e+01,-5.866455712978646542e-01
-1.124444530947356746e+01,-5.975689353975216278e+00
4.285862605977508899e+00,4.384088300813367312e+00
-1.742749899681781045e+01,1.589545870875741285e+00
6.107004736223857755e+00,1.710305907559130034e+01
1.559428577115294701e+01,-2.617315538495837757e+00
-8.416004923673003901e+00,-9.127802474812684030e-01
6.135922631186121023e+00,3.754798012728716827e+00
1.098276670058156768e+01,1.253682840270043108e+01
-5.181677451749471253e-01,3.137725184968712444e+00
1.463899682861130280e+01,5.855823595798175241e+00
-1.061868550143457668e+01,-1.568128139120667086e+01
5.410720447826657065e+00,-1.732375294456511483e+01
-5.907164788141647804e+00,1.484397247734847980e+01
-2.599433919741755528e+00,5.105441229109611179e+00
-4.803008602719514464e+00,-4.792612320078028509e-01
1.622942421011251213e+01,3.545936437645028638e-01
-1.605155259733845652e+00,1.024731323838195074e+01
-1.295704119910292107e+01,8.613795498923749960e+00
-1.780127420034927610e+01,4.387953576741534967e+00
-1.577274015824672837e+01,4.915510426754964968e+00
9.801001690062326688e+00,9.136738270730322853e+00
-3.243733771080063555e+00,-5.434263345062575468e+00
-5.313036458134899886e-01,-7.437806127210677687e+00
7.910345488024224103e+00,1.018997793051955547e+01
5.598533472218659490e+00,-1.214755932786933501e+00
-1.549168555226622601e+01,8.255894489542123793e-01
-3.960106728815098620e+00,3.941960129363435428e+00
-1.209689039015942313e+01,-4.399430971564317616e+00
2.866708935543844206e+00,1.740349075749742980e+01
1.271765504208337116e+00,-1.368462461918388051e+01
-7.568605516046006620e+00,1.827974363366592581e+00
-2.651732475282924995e+00,-2.767756943915073098e+00
5.023870122301946628e-01,-3.310234881628091763e+00
1.657512698379593274e+01,9.225926554323846673e+00
7.981263850868839604e+00,3.907838223674116485e+00
