-1.372271128143508534e+01,-6.659818262635361030e+00
-8.045459660477187747e-01,-5.496897341850526253e+00
-9.755935445285537355e+00,-5.954713069452947316e+00
1.454909407956373357e+01,3.330508615326308597e+00
8.640369713625728920e+00,-5.596245915915841529e+00
-8.690464539662445809e-01,-1.765404338884241753e+00
-1.088226289450425632e+01,1.410727910996522283e+01
-1.052231493859573952e+01,1.180338613876752518e+01
1.243150617543546410e+01,-9.272059479031415918e+00
-1.686609684201573200e+00,-3.889989302646051250e+00
-4.633624153591949124e+00,2.671571788896264898e+00
3.018143925277531725e+00,8.292948514838061058e+00
-1.133530582912606377e+01,4.889011565313087004e+00
-5.934561386257450444e+00,-7.170554795164365558e+00
-7.954128891512720401e+00,-5.480647911852496001e+00
-7.220991945414082513e-01,8.480656573122622888e+00
9.628617196687548230e+00,1.089120209983127374e+01
-1.783987139271883127e+00,-1.174711908850035869e+01
-4.016659090436286661e+00,1.137232886775598928e+01
5.313447964470616292e+00,-7.000326097700230399e+00
3.058429491624087976e-02,-1.064453343023114407e+01
1.472572117719611740e+01,-1.192268902565204591e+01
3.047412474872541743e+00,-7.354851587963799453e+00
-1.491492281231583661e+01,1.258521075559812186e+00
6.578195211434041845e+00,-1.529564256663233923e-01
-9.771646852990897969e+00,-1.001902067830521403e+01
1.622111841862214021e+01,5.037304388017108003e+00
-9.602769329093806761e+00,-4.144227344070722907e+00
-4.728108872407966956e+00,-1.475553083223440964e+01
-1.278578769142375648e+01,-1.386595710390316150e+00
1.008409456546879568e+01,5.491051923741057550e+00
1.102213848113800587e+01,1.859280701201210806e-01
7.753919858454552561e+00,1.015670509993462112e+01
7.702110935265610081e+00,1.236070778104280121e+00
9.089420368757854973e+00,-1.265495458248627436e+01
-8.768555864663573729e+00,1.509992565905895923e+01
-3.034702120598632202e+00,1.276116489252473896e+00
-7.970463469506779752e+00,7.742219285974682563e+00
6.946378769261008834e+00,-1.383454576633299382e+01
3.251811964521808651e+00,1.209640922882621616e+01
1.316939863946142708e+01,6.929540735000230711e+00
1.574643559434744056e+01,-4.443003444089729470e+00
-9.934992910456424298e+00,6.098958714990998509e+00
1.076077899190681464e+01,-8.542716658510492778e+00
-4.072048882980377371e+00,-1.283887682881612591e+01
-4.669181214594814833e+00,-1.927334036722236021e+00
-1.835894298129015567e+01,2.811498986091327090e+00
6.422289597123848282e+00,-1.206562531346219558e+01
-1.694115252226345092e+01,5.490199978871906694e+00
1.160168911071213227e+00,-7.279146820906309046e+00
3.812703008442066110e+00,4.839791045913878875e+00
5.522114335981218147e+00,-3.627666376489311340e+00
1.551143784531087810e+01,-6.842031804345013235e+00
4.313546570466075813e+00,9.498577989688795853e+00
1.753334849104857085e+01,-3.650966560612891154e+00
-1.702109856650343422e+00,-1.693587129897564125e+01
1.008770288740437593e+01,-4.503868848365789823e+00
1.114861263742346953e+00,-5.388327133796453339e+00
-9.720835847885769709e+00,7.879373752091212602e+00
-7.817157005806112835e+00,3.909394633884817782e+00
-9.196211897583141948e+00,-2.342424534158019878e+00
-5.524270172650592059e+00,1.532408405699149334e+01
-1.230714297551809544e+01,1.079642489887801204e+01
1.011835919040044374e+01,-2.417045440110141996e+00
-6.112013629272952109e+00,-2.967784210955414892e+00
1.597775234619527396e+01,-8.603091861374348781e+00
2.861253210718864293e-01,-8.844760276437281021e+00
-1.398683136138259187e+01,-1.285132382489281788e+01
-6.098053739370556059e+00,4.249842400794042518e+00
8.510124482724084061e-01,-2.277368312293254871e+00
9.473405600862864873e+00,1.111604553198048739e+00
-2.582414505402919502e+00,-1.165450198886260225e+00
1.344066006804097313e+01,-7.823127315476242849e+00
-8.548903921224029645e+00,1.169011699249540470e+01
1.012122330734480935e-01,-3.865275844485446921e+00
5.331771793884954924e+00,5.833892799384507555e+00
1.877343636145877070e+01,1.359084052338775050e+00
1.488776559648489162e+01,8.880410375606473394e+00
1.631341124815536858e+01,3.209893714747181104e+00
-6.238905850172820955e+00,-4.897057359806995969e+00
-7.806620276600631847e+00,-3.644176065003149390e+00
-1.291335803121924997e+01,1.394880797136369033e+00
4.792617884401102479e+00,-5.306381993983844580e+00
-5.275623506986217848e-01,1.137599820903328940e+01
-2.481086126355283916e+00,4.969501195435666929e+00
1.280868782239062753e+01,-1.286508559780718031e+01
1.596249458395901932e+01,-8.214664818560404314e-01
-1.646169022938254400e+01,8.442614803842952043e+00
-3.358146177248160669e+00,7.865657520850423801e+00
1.299916380142764893e+01,5.130682985648227223e+00
1.756751573666407040e+01,-1.027935633194838744e-01
1.211569163021211537e+01,1.260874887022350066e+01
-7.030823943743802928e+00,-8.581837570711305929e+00
-4.299951299680242478e+00,4.448846623363985842e+00
9.754142791007751612e+00,-1.012276727169665591e+01
1.392327988996805566e+01,-4.480733325100594300e+00
-6.871365038836072081e+00,9.138797890724964290e+00
6.032445156444853573e+00,-8.621500710808978951e+00
-2.056426875887770844e+00,9.670351171531732959e+00
1.034443975670929206e+01,2.711283970002485777e+00
1.430310519931090951e+01,-9.360225556999324681e+00
6.134298140930757093e+00,4.217933595078734221e+00
-1.737842837105360472e+00,7.021616869899777846e+00
-6.676819949235994756e+00,1.191702624648270081e+01
-1.223548564629364499e+01,3.343016660252304373e+00
-3.732953570770174867e+00,1.497533569918476992e+01
-6.517430842624862386e+00,1.374679178309250993e+01
-1.033177223175915316e+01,-9.735168153029970517e-01
1.585049146040486434e+01,-1.046490343882153695e+01
-1.419744612728595357e+01,-1.067536415976516828e+01
-5.819646286003639979e+00,-1.332230122614478773e+01
3.588769401366446843e+00,-1.013368864505411970e+01
-1.148737905013559057e+01,8.412870792654862484e+00
-2.644774472088259554e+00,-1.527586019540851581e+01
1.292197005216719674e+01,9.176245965234574697e+00
1.586453811726887331e+01,1.035693122583868142e+00
1.247622085768264277e+01,-3.038690729596199347e+00
-1.576981633884099665e+01,1.028876221411519332e+01
1.071589971758993443e+01,9.461051889262368064e+00
-9.298308558302061044e+00,-1.521363113537365130e+01
8.291180581277556305e-01,-1.714090499223931729e+01
9.017299813496604699e+00,1.618458641105612728e+01
7.065563238804186241e+00,-4.588351071681926463e+00
1.325675621920840719e+01,-1.093442092333939542e+01
1.315865987810349358e+00,-5.143204936571502683e-01
3.426318671004118244e+00,-1.806912544506520035e+01
1.177851708233303363e+01,3.775662258952053207e+00
1.495573459328630728e+00,1.163808274719663238e+01
1.296982763618578360e+01,-6.124769510397493733e+00
4.543816712315456030e+00,1.709903664742638796e+01
-1.447389014592602496e+00,2.644239927220740083e-01
8.313192220165465329e+00,1.372127961933080442e+01
-1.293545377235142180e+00,1.317182106521824991e+01
-1.097529572105897344e+01,-1.156770932060903512e+01
5.390922312388505278e-01,9.863910656962575629e+00
7.016167443422862249e+00,-6.384483042363677363e+00
1.030098172620494346e+01,1.266004460666596820e+01
-5.440097952677418469e+00,9.722493904640939766e-01
-1.296005131919971376e+01,-4.930411723909109867e+00
-6.535423083732306182e+00,2.534001848280158509e+00
-1.592425859762275842e+01,-1.023228373015434833e+01
8.625272697059797267e+00,-1.458534272830981671e+01
-2.763734833386032097e+00,1.647842776405935084e+01
-3.910893589401704951e+00,9.609654497296377329e+00
-9.631723151828909479e+00,4.371770850591828683e+00
1.898933143857333139e+00,-3.805125381686218944e+00
1.179544192874087738e+00,8.222080963058687075e+00
-3.963895885797622753e+00,1.851256272593309049e+01
-4.887915382946705911e+00,-1.113396213130136481e+01
-4.903841656292812878e+00,1.295247980026481116e+01
6.138912672825973971e+00,9.333558021328036247e+00
5.137544690629360034e+00,1.445070345703776127e+01
-7.526194073375088500e+00,-1.676626634041216590e+00
3.123171705429964806e+00,-1.280179315912314486e+01
1.196105177193487989e+01,1.072999864238714629e+01
1.142737331640111487e+00,2.845637374099016625e+00
4.877836960270967026e+00,1.120775633066596555e+01
-9.430231320310548782e+00,2.503624554954511083e+00
3.694018241863347818e+00,-3.802990276949042681e+00
-1.145636934964089981e+01,-3.986849517770088447e+00
-5.962713657826182789e+00,-7.304907863473800722e-01
1.205622348740709882e+01,-1.253140886995127934e+00
1.010941239140324521e+00,-1.461867974182410279e+01
4.612035538387505795e+00,-1.184914857934561994e+01
1.102212815679822810e+01,-1.166051870952734149e+01
2.863542317105017165e+00,3.300553499480344488e+00
8.258531257654219360e+00,-1.107780475221901817e+01
-2.269244891775154649e+00,1.165148596952510651e+01
6.337957196002763638e+00,1.224696330562872681e+01
3.644807367262421050e+00,-1.581819152368807124e+01
1.168828159577719283e+01,1.438501551002909373e+01
-4.741234730118734753e+00,-5.827415888569590585e+00
1.160788250591345871e+01,7.845769102319343880e+00
-1.287005709739685644e+00,2.424073369397351740e+00
-6.456428968802386814e-01,-7.315069645639301399e+00
5.611931883523848974e+00,-1.040420693252120898e+01
-8.077578576801768273e-01,5.487171250864418148e+00
2.134955708301763122e-01,1.319470018975449355e+00
1.705219613208554108e+01,-5.769972970654646538e+00
5.753573584505310423e-01,6.573714909943074503e+00
-1.007760661089774779e+01,7.928529731718889639e-01
-1.371476215109940711e+01,-3.084362952370670818e+00
2.165796625482314663e+00,5.603236349914672232e+00
-1.414769280388709660e+01,6.822134258002761520e+00
1.938242989577438680e+00,1.337140277695893431e+01
3.683669299562671640e+00,6.605098293058215830e+00
2.945670450463989898e+00,-5.551791959109076302e+00
-4.889410241188662631e+00,-8.912471659406731916e+00
-1.440462253677094040e+01,4.227565787655480634e+00
4.906049261984032350e-01,1.619112784168519426e+01
-4.648696886717942789e+00,-3.978925666559669061e+00
1.391546841956425595e+01,1.290437068117823927e+01
-1.003406833207181670e+01,-8.238183226088947819e+00
1.387300363930514280e+01,1.071697779982412868e+01
6.183912588046379000e+00,-1.958966855555705378e+00
4.422636990638904031e+00,-2.133949687393186689e+00
-1.191473106135269155e+01,-6.614922594256421817e+00
8.643288775880042962e+00,6.704488244662526242e+00
8.158144671818821081e+00,1.188356201117896660e+01
-9.207504671960418108e+00,1.336127040903489060e+01
-4.142879670275391391e+00,-2.415418607404737350e-01
-1.908220273963451508e+00,1.491868189090970098e+01
3.174940679948360156e+00,-4.062133575759031001e-01
1.812470280925181854e+01,3.050222125034315113e+00
7.628744510054390027e+00,3.235471020399700581e+00
8.002011802693518305e+00,-1.856305929102569641e+00
-5.883022111846216262e+00,1.778348213030785629e+01
2.038064791618350746e+00,1.187649207061705292e+00
7.130336042830058840e-01,1.798316303900855573e+01
3.798831609841397672e+00,1.508925102640695570e+00
5.059902935838030302e+00,7.790511465941719393e+00
-2.899030153373517216e+00,3.215762667041963674e+00
1.605039268684696907e+01,-2.613343203817303451e+00
-6.431118437428633428e+00,6.797342103188161566e+00
-3.393337239932625038e-01,-1.579211470844662024e+01
8.554261323217708934e+00,-3.529298203950250290e+00
-3.867798813691837978e+00,-7.363439852105707395e+00
6.032684878233457226e+00,2.046635129709039713e+00
6.858405037465150400e+00,6.794587743575145389e+00
1.421314623566905766e+01,-2.721929970436956392e+00
1.183969637538341679e+01,-4.695918530377691802e+00
7.811128715591931559e+00,8.361677276668787684e+00
4.652196103913243341e+00,3.178229706136200594e+00
-7.151240433348460712e+00,1.602371985095332718e+01
9.419717250632642092e+00,-6.998579619349143410e-01
9.935584575926270645e+00,1.461645869455847446e+01
2.211558846962478064e+00,-9.008423578547560595e+00
-1.602180292712006571e+00,-9.900636194486112984e+00
2.638498152542721353e+00,-2.191274856830664142e+00
7.667137361908012316e+00,5.131047406310761616e+00
-1.467844647544337988e+01,8.619013601999286678e+00
-3.407232582668711984e+00,-9.942671937189066611e+00
-3.141304722738644806e+00,-4.972166969026262429e+00
7.815314431007411855e+00,-8.026570751250265090e+00
9.431490958186262930e+00,-7.307506522884105848e+00
7.037778633418591001e-01,4.545523275623636117e+00
-5.109936822497473052e+00,8.103400705488475353e+00
-5.599508675516510436e+00,1.045333181496741304e+01
-1.216347116927265226e+01,-1.292168513925114226e+01
-1.496669427053065071e+01,-8.635727734124722943e+00
1.364368208867666743e+00,-1.288691782257003560e+01
-2.253548996254795433e+00,-8.207127633750555873e+00
5.130235816784235681e+00,-1.354263648873872938e+01
-8.388728891400669241e+00,-7.465371473756849952e+00
-1.620436230604445882e+01,-7.306923126059066576e+00
2.288064505326409925e+00,9.972495830316972842e+00
1.411826903896952778e+01,-8.182364109733153423e-01
-8.702066942168894315e+00,-3.375890629587906533e-01
1.817376318914325051e+00,-1.078365137078938041e+01
-1.300359970677476440e+01,5.459449715889673094e+00
-3.155534202550857703e+00,-2.890274395009988506e+00
-7.274741988369042289e+00,7.600828537222716896e-01
-4.751046824628587295e+00,6.199729592028357494e+00
-1.726028635262211353e+01,1.362531129602527313e+00
3.262958184883330559e-01,1.410333364819546809e+01
-3.094574836416994046e+00,1.327972003042165916e+01
