4.834149085218473751e-01,1.137970256267860414e+01
-1.224688667752086069e+01,3.429888636494966558e+00
-1.069766522601022229e+00,-5.101465770019901314e+00
4.166754987718209513e+00,3.493971621004835271e+00
1.508866722662549176e+00,1.421737803076284390e+00
1.283042769668197103e+01,3.492221381639764033e+00
1.257753321472340247e+01,-1.202392768522654976e+01
4.751471644323428833e+00,-3.508867468811536661e+00
1.038471122648552125e+01,1.143585248829903023e+01
-3.476308643958590849e+00,1.238011323071016534e+01
-4.010948868169888826e+00,8.699340280527538383e+00
2.777263047553812925e+00,-1.269559443175056757e+01
-5.013456580425619258e+00,-1.309127111308984626e+00
-5.548227918878422926e+00,-7.542260364855560617e+00
-5.684868225677688791e+00,-4.823135966081827597e+00
-2.275663961576984029e+00,7.534907356983965521e+00
7.432388625569577911e+00,-1.040104972478131806e+01
-5.132044283192182199e+00,1.303864366495403537e+01
-1.023514429308023033e+01,-2.585139674803202059e+00
8.278967261655688858e+00,-6.359597809150183245e+00
-1.175843246177439916e+01,1.068142185456687043e+00
-5.128704847481205809e-01,9.144132587189270467e+00
9.688237848157781329e+00,-1.480028615709764850e+01
2.842932731487859410e+00,6.496565771672130118e+00
6.583335481982515169e+00,-6.874412683916157896e+00
-5.375114004027057441e-02,-1.583282716368522580e+00
9.178071890174994252e+00,-1.088320635015444182e+01
4.289895795382838273e+00,5.366123612104526153e+00
-9.789161917311576033e+00,5.890410869363833513e+00
7.072870087372312042e+00,-8.598489263740784594e+00
-6.171712416841039328e+00,9.035580040801848511e+00
-1.854181661563462757e+00,-1.827607236497183818e+00
1.752694619381331265e+01,-4.813226082837014363e-01
8.121774428872830853e+00,1.098445170468749232e+01
-1.084299247586277737e+01,1.535446785689633131e+01
-7.432627351276398286e+00,3.088687830442115700e+00
7.856434179961173214e+00,-1.729959661619224676e+01
-1.028122410857616842e+01,-9.285636375467491987e+00
-1.534651386381275451e+01,-2.514402192384779244e+00
1.435526432844690525e+01,-1.177499738956914932e+01
-2.270345167419443477e+00,-3.655590627008311611e+00
4.967148414779975596e+00,-1.833619181217894223e+01
-1.671064673081026797e+00,4.267910730984754153e+00
-1.372924739930804217e+00,6.024665210231405332e+00
1.279576119279957069e+01,-7.059332023637513664e+00
-2.940781438375170698e+00,1.240487265333817923e+00
-1.071260060129553615e+01,-5.439037811553024682e+00
-8.900858025916040361e+00,-2.814232279908396861e-01
-1.032342960018553235e+01,-7.454242591678068131e+00
-1.643474903649824848e+00,2.483347833288943374e+00
-1.171940724683556034e+01,-1.340129161529006829e+01
-9.090634093405133953e+00,-6.126066748282106289e+00
-7.866008322395948049e+00,-1.030099150553688503e+01
-9.451989740410818186e+00,7.623647038398675413e+00
-7.455904393043785383e+00,1.552891162928500002e+01
-2.810453818375833634e+00,-1.114737777633212268e+01
1.406094513657809575e+00,-6.526871928139982515e+00
-3.069523527301174504e+00,5.472308314121804962e+00
8.066067301223869279e+00,-1.394438756637243770e+01
9.537770673049800862e+00,2.381110564627077153e+00
6.324150072124743893e+00,8.194476313413879831e-01
-1.603614537974041188e+00,4.641548074823657194e-02
-1.318729629408985193e+00,-1.016457831536751222e+01
1.290375348176599379e+00,-3.732947523077075891e-01
-3.776740448266478811e+00,-7.738382616918951129e+00
-1.258121405739083976e+01,-1.177203058292053761e+01
-5.757520148394586812e+00,1.481585839295395424e+01
-8.157969459667230083e+00,1.715114110933905422e+01
2.477032141790806108e+00,-1.747214615874430166e+00
-9.389554268784337410e+00,9.878475414323123260e+00
-5.735518350692892398e+00,3.574449889326548835e+00
6.194774144002169969e+00,1.261447271586422936e+01
-1.759092094868457679e+01,-7.136806927431235792e+00
-1.377761006982642655e+01,-1.668555959009152323e+00
1.040559543481463400e+01,8.287981121352870906e-01
-7.594763299820423086e+00,1.008987639587030927e+01
3.115981846258721877e+00,-7.059524621226803909e+00
-7.225653438519283434e+00,-1.372307406171715449e+01
1.405134296814823935e+00,1.419052311578027314e+01
7.791860096320636586e+00,-1.216566343931574679e+01
4.131401661429149108e+00,-1.674334443379889237e+01
1.647073813280713450e+00,-1.416946473598165568e+01
-6.881874482448400165e+00,6.793853396411940082e+00
-1.070013586547687190e+01,-8.158531375362324534e-01
7.572442356411222875e+00,5.002371325406524960e+00
1.727515759165154918e+01,5.834154004549706229e+00
-4.315863545181700900e+00,6.897135817698081262e+00
-7.980057813379098697e+00,-1.210201827392296892e+01
-3.510629473523451671e-01,1.488022308335509436e+01
-2.982793176704552351e-01,1.308044634239323489e+00
-8.522180300036769296e+00,4.520315145270960677e+00
1.035553556587947099e+01,-9.437985947528693131e+00
8.023262170410811578e+00,-2.213095880381917624e+00
-1.670831658173213796e+01,-1.258385738846189872e+00
5.802486389206240602e+00,-4.962181573127784517e+00
-3.886846101504894069e+00,1.538789085050443184e+01
1.441111335892683876e+01,-6.180077379530411363e+00
-1.562973595694343842e+01,2.188996520852340422e-01
7.092461089247573125e-02,-1.127874788423457098e+01
3.606958799666633908e+00,-1.061786297589334183e+01
-2.912365256539632519e+00,-9.386469435196199029e+00
4.361281777377774560e+00,-1.783508451191838873e+00
4.976249716991023142e+00,8.847281281205505721e+00
-1.413103983799885022e+01,7.060076269990441133e+00
-3.353215725893193278e-01,-6.758427256576984732e+00
4.936410432007656279e-01,2.891915972422508307e+00
1.187864469965511205e+00,-2.978016324609872978e+00
-5.641211873483066297e-01,-1.401234150272844836e+01
-1.438925417813539553e+01,-4.242875988768383344e+00
-3.371748453156988123e+00,-5.789321925899755250e-01
3.978193883199547365e+00,1.753036773721060371e+00
1.867890882739863656e+01,-1.881773526397639396e+00
-2.657366289003747717e+00,1.776087152176814143e+01
5.185572585333330764e+00,-1.522713146314302257e+01
1.143000705202752876e+01,-6.459781985933809034e-01
2.265585761582933344e+00,1.117434040004864038e+01
1.361648842341935683e+01,1.021447545241348953e+00
-4.406368808328977593e+00,1.064199759438855430e+01
8.018208912340426764e+00,1.438099394404452003e+00
1.359462916163471391e+01,6.358409159835877844e+00
-7.362439251559105280e+00,-5.493951055679895390e+00
2.481458734866262894e+00,2.981151598774033573e+00
-1.414155136676034097e+01,-9.603680404876467236e+00
-5.632520695101739250e+00,-1.639582594959217587e+01
6.130708062344951692e+00,-1.539210838577532714e+00
-1.709574639578129940e+00,-1.887452957248085994e+01
7.578552947107960236e+00,-4.712992564088575032e-01
-1.387526095810013516e+01,9.060718862099976789e-01
5.629042378798038371e+00,2.434258745493624865e+00
-8.534450068209761819e-02,-1.670120697014462863e+01
4.349437454230156597e+00,1.764491380557437594e+01
-2.613955909568673519e+00,1.406895625132340300e+01
1.457168902407101951e+00,7.937829801074059333e+00
-1.378865621765912053e+01,4.425892468921628797e+00
-2.650185181437277215e+00,-5.950742240609597111e+00
1.654811945446224186e+01,-2.684945305604073074e+00
6.080756181454668230e+00,1.545262557986392338e+01
1.222042599504273674e+01,1.129853155867621517e+01
7.843074478820840412e+00,-4.660097286650947801e+00
-1.129961776130329731e+01,9.336652667061319022e+00
1.445219117549273768e+01,4.699764792948151637e+00
-8.499028467193388892e+00,-2.029575143252384972e+00
9.168197797321482767e+00,8.094273052225311460e+00
-7.325769042901431938e+00,-7.327448728201509276e+00
1.327884541153928311e+01,-3.521067432271045572e+00
-3.341154381401822526e+00,3.704320811309216310e+00
-1.196491169193027737e+01,-2.051994230120878449e+00
-7.145166301348673699e+00,-1.684687911043892816e-01
4.157925171032104572e+00,-1.380621126110985664e+01
1.288823870490264412e+01,-1.740677973276744561e+00
5.479415779765816730e+00,1.065803604754463407e+01
-2.344271161227680533e+00,9.304617741891423321e+00
-8.192731630647720920e+00,1.394046448007177696e+00
1.557584956984400648e+01,6.606573218206917453e+00
-9.110207506028572766e+00,-4.196280003447260043e+00
-3.952347478968470718e+00,-4.352302704590064408e+00
-1.591804288932894096e+01,6.897119585554299270e+00
7.223235904872705504e+00,1.404926439282717077e+01
2.997709292403567094e+00,-8.859026835254784515e+00
-1.172427292370235286e+01,1.109844268077338647e+01
-1.571889146815892424e+01,-1.057556298534803396e+01
4.729642309334818329e+00,-2.310751940568692500e-02
6.139256267267922951e+00,6.078923734200251339e+00
-1.416728231553870110e+01,1.094148207363959102e+01
-6.626302588025429152e+00,-8.961168482946682445e+00
1.002102005764533921e+01,-5.979973693855458627e+00
-3.562695555897978927e+00,-2.393368423049136329e+00
9.592564019727403135e+00,5.860401092262784495e+00
-5.147342661026958588e+00,-1.813566960326951261e+01
1.900800236526633880e+00,-1.803323674086734840e+01
1.498156160736177789e+01,-1.001623888238210469e+01
1.763445161916936499e+01,-4.252642345421131509e+00
-7.345477844525368560e+00,-3.707953960752139011e+00
-1.266150025585374728e+01,5.929368310140317178e+00
1.245173435233206005e+00,-9.402049181764024155e+00
-1.801505414789162884e+01,2.784876225368122071e+00
-9.357907298144111152e+00,-1.649661521588051016e+01
1.284070468719543112e-01,-1.858748502578021444e+01
1.218325065013551090e+01,1.317524357271435953e+01
3.253427225483665808e+00,8.254335672417822067e+00
7.323380487618654122e+00,3.225324666364422832e+00
4.791460458596610295e+00,-8.285752642668677836e+00
6.558956098392327405e+00,-3.315280010355011964e+00
-1.564397863738693051e+00,1.625711845363085217e+01
1.176044593321518228e+00,9.716739495754064038e+00
8.167750277324505870e-01,-4.810478764889170478e+00
-4.617033722486208802e+00,-1.107071197602506452e+01
1.099258911429203778e+01,-1.118790506176739186e+01
-6.733108558691171197e+00,-2.055073438059888957e+00
1.149334042864383676e+01,-3.679840193688371119e+00
-4.085510355905372371e-01,-8.616511012323961438e+00
2.116505913675805761e+00,1.888174787241306873e+01
-1.183213148479496368e+01,-1.009894177795056258e+01
1.205895381912113784e+01,7.239991636240300288e+00
-1.929486038435595185e+00,-7.724058340429700742e+00
1.104920628173275787e+01,3.353722517054852137e+00
9.139583206514473090e+00,4.108986429538055596e+00
2.948207062124776456e+00,2.625289406968827066e-01
-1.455762786442867451e+01,-6.239526254559272012e+00
9.771113859958921566e+00,-1.254522351545565684e+01
7.661843401867598047e+00,9.251323796901896657e+00
1.848019028882972759e+00,-1.110411768657660403e+01
1.139008321110171273e+01,-1.520133644676720408e+01
2.746447433466868482e+00,-5.333577286451387067e+00
-8.584644245732278023e+00,-8.574730108662288686e+00
-1.581508388170911994e+00,-1.556574410357882954e+01
1.559053574807795606e+01,-2.918214352764804120e-01
-5.243989411937923784e+00,-3.125599955652919260e+00
5.880016722681554953e+00,4.263677459138523140e+00
-2.535949342595243294e+00,-1.404200192696492344e+01
-9.286931669914379128e+00,2.901046671647022901e+00
2.167743954834176368e+00,4.757556983182309907e+00
-6.350157396860361736e+00,1.650538212805802818e+00
1.153614388010490721e+01,1.488218039510816126e+01
-1.023875201119227007e+01,-1.236879840757010562e+01
-1.430360723723448224e+01,2.738056588906504274e+00
8.052549409762423949e+00,6.732739848377081060e+00
1.473300013196793934e+01,-2.036158724097215877e+00
-1.059624639770193788e+01,4.155873821411799618e+00
9.186340138357088847e+00,1.490301112429600749e+01
6.994821361099951673e+00,-1.539356934991508652e+01
4.072256059481631496e+00,1.179630806031278389e+01
6.529816956563404773e+00,7.825873763150627660e+00
3.054986835815875157e+00,1.642138870461788613e+01
4.634653313866206048e+00,-1.209403395158227745e+01
-4.449771030217555712e+00,-6.087183851032218485e+00
-6.783911450314769276e+00,4.992073818989122280e+00
-4.477626559957231578e+00,2.295467231978304490e+00
1.070040155019750694e+00,6.177218931469315777e+00
4.297543640334741788e+00,1.354362850049457023e+01
5.659118628399686379e+00,-9.912982134912303067e+00
7.195375815491207583e-02,4.724311457983819906e+00
-8.520045511531220583e+00,1.165714360919210257e+01
-4.810203241252324347e+00,-9.218763643677025499e+00
-8.718303443084254312e+00,1.425871538934271143e+01
-1.305534442820825314e+00,1.079831301370054675e+01
9.702331400663464223e+00,9.804795054612380767e+00
9.410808272054330459e+00,-7.066473839991012085e-01
-4.919970715541728268e+00,5.472103234646744641e-01
2.982562885161721855e+00,-3.564246334090930279e+00
4.642576471053326159e+00,7.113746999483737454e+00
-9.989442626798938463e+00,1.199210896551229810e+00
1.856035924876738719e+01,2.218285541203719902e+00
4.817158893625647309e+00,-6.477891046136569742e+00
9.929356225231328992e+00,-2.420011743874062038e+00
1.008404431089971531e+01,1.330331784294051367e+01
-2.560064438206099968e-01,7.377919078116129015e+00
6.032784865912586447e+00,-1.692977670306070692e+01
-2.234245845518752827e+00,-1.720036959651017483e+01
-5.137654927369573743e-01,-3.419461055054929588e+00
1.122151499152113452e+01,-7.906300774458856040e+00
-1.297214309621869610e+01,8.457706510988868942e+00
1.278396648911905942e+01,-5.246679029217679258e+00
3.671624996944457653e+00,1.007939995327427773e+01
9.661510719899220945e+00,-4.173461791276973365e+00
-1.151779845231320998e+01,-3.866453493775824590e+00
