-7.136083518989797092e+00,1.069442453191396147e+01
-2.456594449154351878e+00,-1.148499456819201647e+01
-4.209644393784201633e+00,1.852539113272219495e+01
-7.224551882437348915e+00,2.538855052332520401e+00
-4.542112366644326826e+00,-5.549446882701449368e+00
-1.432731369221855111e+01,1.246719520250525548e+01
5.679630426447801028e+00,1.719211669753168437e+01
-1.066657324906440607e+01,-6.502491899846317480e+00
7.430708539071912533e+00,1.747377821239886586e+01
-6.300916989834942861e+00,-5.556246900540275924e+00
-1.563059905065625799e+01,-8.266643473999142344e+00
-1.253325158874739742e+01,4.088394654164440922e+00
-4.638407697910837513e+00,5.019864171057091262e+00
-1.724738768452861493e+01,-2.953217393519679934e+00
-6.245804740162278712e+00,9.153705065704112798e+00
-7.067532458113618965e+00,-3.966812652257297067e+00
1.288373224309648890e+01,9.699360125147620693e+00
-9.168505364210792763e+00,-1.285556194432575694e+01
1.553679084765053631e+01,-4.199082938277207688e+00
1.470027323355580506e+01,8.906283651482810981e+00
-6.473499578627970763e+00,-2.218487009396310050e+00
4.495676527868890382e+00,-4.968027553421849873e+00
8.824111080763636039e+00,-1.310881205343320133e+01
-3.674362712770270711e+00,1.550010084176511960e+01
1.272111758023528694e+01,-6.048553884995463648e+00
3.383837657411367772e+00,1.858914395150262688e+00
4.874288031057737669e+00,9.943695652703187449e+00
1.938378229962941734e+00,7.654707923961943550e+00
1.273265587214776895e+00,-1.889743849482191607e+01
1.225700543138968257e+01,1.316177804666589735e+00
4.761198047777089215e+00,-1.583251014828332304e+00
-1.868991212386062140e+00,1.550975010872690873e+01
-7.546097478391817326e+00,7.812697575145021389e+00
-7.263984332005199995e+00,-7.651085775178577464e+00
-5.647406156284311862e+00,1.395413569320130698e+01
-1.172475311519286301e+01,7.929535766126063479e+00
-9.015114070131502899e+00,-7.138511577733090974e+00
-1.810929211965723695e+01,7.546738378977428940e-01
-2.050490673686969689e+00,-8.281512205033243035e+00
-6.081700298158358109e+00,-1.264123205536227346e+01
-9.637398339228837596e-01,1.391093382456980976e+01
-8.142424878870512472e+00,-5.588540668211685158e+00
-6.520743827556788830e+00,5.682946827619178798e+00
-3.846805789008266530e+00,1.367965054912137468e+01
1.430130027401778214e+01,1.079577174477827839e+01
-8.346578808085668655e+00,1.197953627538936061e+01
1.389563303996802013e+01,-9.552106961099996241e+00
1.670081224775579898e+01,-2.663018598155542982e+00
-5.776110162607689391e-01,-1.398439270733413231e+01
-2.391219775041187212e+00,2.635267447876613045e-01
1.055058143677967308e+01,8.438497659944711460e-01
-9.276737601596336091e+00,8.113219645001008118e+00
-7.561950012638751772e+00,-1.380511888363182393e+01
-9.648418502085613468e+00,1.395115813575213082e+01
-1.633903379694056213e+01,9.693104907543601101e+00
1.109135631035349290e+00,-1.560118107606718851e+01
5.400536976192844146e-02,-2.471833296631283705e+00
6.318943614932482689e+00,-4.897365945022895239e+00
-8.076519309324075024e+00,4.213367099792932891e+00
-3.062889559577485432e+00,-9.826998546510218091e+00
-2.575504685793315041e-01,-8.277428479224351321e+00
-7.422937869243913411e+00,1.384693377754598842e+01
-4.201029130191177963e+00,1.381830902816123086e+00
6.551832891043330775e+00,-8.521902019186757826e+00
2.052948745595224445e+00,5.809900465486535381e+00
4.565698817754409333e+00,-1.088218404393054151e+01
-5.986624460618457100e+00,1.233814560928378601e+00
-1.325886637297581316e+01,-6.184656717350465627e+00
1.384940866020782835e+01,-1.136990463221852821e+01
5.132880604058591700e+00,2.298239374277947000e+00
-1.574134785802272773e+01,7.025889118173293646e+00
-2.370334721695437352e+00,-1.404853778858320723e+01
3.702183411110690159e+00,-9.277284858991791339e+00
1.022078838354685937e+00,-9.267599288030029525e-01
-1.226951641207272381e+01,-2.840429384403874380e+00
9.185883659899362286e+00,-4.390180803036551005e+00
-1.521188986446519920e+01,-2.445404457594391623e+00
-6.010140094850474624e-01,-1.141155938108529178e+01
-9.044222297393121224e+00,2.660892468909922037e+00
-1.111570964184488197e+01,2.697108164263608998e+00
1.163282384692010396e+01,5.435688711806601070e+00
6.404492229595061481e+00,1.238039928767181053e+01
4.603008962898795353e+00,-6.773535182677922428e+00
-1.104178668302649413e+01,9.644603758102276103e+00
-1.610634037581302636e+01,-8.825170699097611982e-01
1.877925228566731164e+00,9.434563553628827037e+00
-1.455753737934894509e+01,-6.565537587825806543e-02
-8.602425884756808472e+00,-8.991487815069961087e+00
3.876399609961880710e+00,-3.134079165216808072e+00
-3.483163827489266673e+00,-7.055078351037776585e+00
-4.421215372808007693e+00,-8.626193443040598652e+00
2.773417912557756715e+00,-4.574281567876094634e+00
8.356608820953187688e+00,-1.417625543308117742e+00
1.331475423591429852e+01,-7.827501752426026194e+00
-1.211017147495312507e+01,-7.569526399684014528e+00
-2.750885499563274106e+00,2.401791828307269672e+00
6.526118815222237579e+00,5.299299109703636823e+00
1.847380308857833109e+00,-6.130484684092073699e+00
7.830038466395918828e-01,-4.685864393016792917e+00
-7.609177368426543353e+00,-7.874548326179974245e-01
-1.642314898383325428e+01,-4.567534926792556682e+00
1.702316830086167343e+01,-8.389099320402547022e+00
2.519040998764953687e-01,5.823718355126701773e+00
1.808601346385091180e+00,6.889620910018667832e-01
9.202498653392643391e+00,8.720151985620452351e+00
1.000486329363207005e+01,4.696287351572835611e+00
1.085553532944422450e+01,2.629275147482005526e+00
1.458176501472175035e+00,1.314946311535570977e+01
-1.625813256774332416e+00,1.002509650992793588e+01
7.561786104117343754e+00,2.143985230087032345e+00
5.114886397115209427e+00,1.370235479656935595e+01
-9.381279092780696605e-01,2.913707354229052804e+00
-2.691634628116204908e+00,-1.671609609364818505e+00
1.460050148707113316e+01,-5.917810391462211328e+00
1.522196627033013172e+01,4.968479819619092019e+00
-1.011459880248373855e+00,-4.795903931226709993e+00
-1.002054167031998944e+01,-7.908336208504389564e-01
-1.613826566994528733e+01,-1.002497854035763503e+01
9.202549868190354587e+00,-7.019077283016770252e+00
-8.261612718364844454e+00,6.005712139361534696e+00
8.194188618351843090e+00,4.645924619103599440e+00
1.514693567215004322e+01,2.826083279849880281e+00
3.975973142484513279e+00,3.778174549312057096e+00
-1.751136836315363876e+00,-6.525488628521764589e+00
2.972603469742234328e+00,-7.619794212160702962e+00
7.423415660662430193e-01,-1.024387033333732333e+01
1.684160122820482997e+00,-3.170804325314092509e+00
1.830756282260294299e+01,-5.032876844153666873e+00
2.767750069640204202e+00,-1.728971743633862745e+00
5.088090889418001694e+00,-1.435843426877672258e+01
-6.345455546376570943e+00,1.233292734300565563e+01
1.102397462001750483e+01,9.535890739388413806e+00
-3.257895729850717181e+00,9.289180310942732888e+00
1.768490628866685554e+01,2.008532395330560938e+00
5.947914768767513571e+00,-3.101901539602603730e+00
-1.254136052922994615e+01,1.227716586781895103e+01
-5.464572745673637932e+00,1.583597456534141834e+01
-4.208507457393191764e+00,-1.189670833748466983e+01
6.392623568321476490e+00,-6.707930600542304944e+00
8.823935256732241328e+00,3.288012742291298030e-01
1.468672329506051355e+01,-3.114783603822205427e-01
1.402946478941885822e+01,1.452339670279253925e+00
1.301816663096952453e+01,-1.347346590005341849e+00
-8.864242248665721746e+00,-2.150908304431995433e+00
-1.341978573883628556e+01,1.636806258505151712e+00
-4.831298183475797536e+00,1.018914729286647436e+01
4.186925001765458454e+00,-1.645879174309679982e+01
-5.804816647394672735e+00,-1.449520111031605474e+01
-3.425946347122468261e+00,-3.351455498127998034e+00
-1.230980788942052939e+01,-9.381632239965334463e+00
-8.501440875466213853e+00,1.535263923966133959e+01
7.152800947019362365e-02,-6.499425315637632039e+00
-1.392444473855191411e+01,-3.657668700631380609e+00
3.819762800330265051e+00,-1.255144680302813676e+01
6.069345818723927088e+00,8.378884517463180970e+00
-9.439099527015031299e-01,-9.635307604665429571e-01
8.026218920432679482e+00,1.165746297936803799e+01
9.705652389956636483e+00,1.232251915786486052e+01
9.108417196336242583e+00,3.122297630984763650e+00
1.400188395825807142e+01,6.332174679103540704e+00
9.594138585504751404e+00,-2.671978296607828263e+00
1.039972791935778140e+01,1.406156238689650273e+01
-1.715818322342977709e+01,8.093620105705463530e+00
1.137882134446589610e+01,7.392306184116622880e+00
1.098576349481061065e+01,-6.604538370466132235e+00
2.510033369330236575e+00,-1.068906216909732976e+01
6.050449130311863932e+00,-1.589817031790243007e+01
1.897924022856239290e+01,7.145602001367397094e-01
4.044690990476127901e+00,1.229341047290491318e+01
-2.360181785392356346e+00,1.267835759834120957e+01
-6.144143688893801247e+00,-1.792459783077648794e+01
5.011533706100992358e-01,1.658075287739924164e+01
-5.201626965224349419e+00,-3.901970886042904763e+00
5.226981283403941525e+00,2.492109526894435989e-01
-9.416808916677364749e+00,1.056122849407102926e+01
-1.138480767719382314e+01,1.373268533687555681e+01
1.093653409395986742e+01,-8.805528965644983330e+00
5.699474883778049339e+00,1.535689157570293695e+01
-4.696875535846416483e+00,-2.073640483550647229e+00
8.309465863953930054e+00,-8.673838896688646827e+00
-1.358938281479778709e+01,-1.608376230598026257e+00
7.365328592200400815e-01,2.190798526121509493e+00
-2.993602040671406783e+00,4.198684279267667740e+00
3.201831253947204470e+00,1.067554922907959458e+01
-1.436783841318510557e+00,6.438425256006301112e+00
-1.801587292675974794e+01,-5.461758769936364999e+00
-1.049558353532341570e+01,-4.750737236769345451e+00
-1.292844074979502045e+00,4.690870667693041618e+00
1.514229220322551583e+00,-8.661313374895939887e+00
-5.054416969303830776e+00,-1.031664739541143305e+01
-1.275993625343346238e+01,1.003165498217758866e+01
-1.603651983830782513e+01,-6.542090729199410148e+00
1.518772858062095032e+01,-7.614331974575754280e+00
-1.095969480516300010e+01,-1.328000128646615607e+01
-1.341584815906803341e+00,8.240222051829690031e+00
-1.383507903187117627e+01,-7.914417499077508467e+00
1.986240052115013643e+00,-1.401006946019057331e+01
3.565985864462347887e+00,6.874057115536949425e+00
-3.160398321401976851e+00,5.985589141336493668e+00
-4.205883301411498465e+00,-1.372637628814184296e+01
-6.114185274270486303e+00,3.941034552813955649e+00
-1.183313270505275661e+01,-1.083991945978959759e+00
2.227841267704966821e+00,4.019063126675479047e+00
1.679621853720922431e+00,-1.226444038522881463e+01
-1.167796315969010834e+01,9.725502731732412753e-01
-1.008099239589354568e+01,4.200425092305202668e+00
6.518815879782168032e+00,-1.340160663947013830e+00
7.946420863243383259e+00,-5.696257556706830982e+00
4.326096652280643440e+00,-1.849278900900430500e+01
4.681850970717367666e+00,5.419854377243788157e+00
-8.908122770560561676e+00,-3.914483213329479128e+00
-8.060992183875742567e-01,1.104246501393135294e+00
1.842735941598757066e+01,-3.206334246431137291e+00
6.992434430203698703e+00,4.330321840958735735e-01
6.219955657585168218e+00,-1.026776718341720063e+01
7.995554766326145923e+00,-1.147909887430288833e+01
-5.831748206438653881e+00,-5.258608382645925117e-01
3.250907671481055305e-01,1.025116293565013059e+01
-1.422967174876000129e+01,5.940083930574298066e+00
-1.039776844948601209e+01,-8.310464429227950589e+00
-8.132651585707867170e+00,9.177860674070078550e-01
-5.723800556178750831e+00,7.395671857131884686e+00
-4.061398175864284532e+00,-4.122478118031246974e-01
-9.012665793469940567e-01,1.162610936058413458e+01
6.773632652431486045e-01,1.472189986242657156e+01
8.299224370322855648e+00,-1.482024357312514518e+01
-8.233720409560940645e-01,1.897243447850019393e+01
1.127633140557029812e+01,-1.864215618960916032e+00
1.747700624654367019e+01,-9.518497104708225631e-01
1.167034917340995470e+01,-1.263360340778364410e+01
4.524144664291614992e-01,4.023313357338521357e+00
-6.553184383119587508e+00,-9.366208010800294304e+00
-5.568200179875772093e+00,-7.175822036278557192e+00
3.468257967515277151e+00,-4.892273449917741712e-02
-4.236744023396739500e+00,-1.554547574378759300e+01
-2.996113519201355935e+00,1.717413859076121341e+01
1.856680261882361549e+01,3.807415166113570226e+00
7.816508343927247360e+00,7.575748090338073837e+00
-1.159677530018063729e+00,1.722078348193243613e+01
-9.921025816651939166e+00,1.119087451468404604e+00
3.539687911477408022e+00,8.664649650017665294e+00
-1.004995861381504163e+01,5.958908913021360831e+00
-1.044546282204923315e+01,-2.922299734400518378e+00
1.082553784396523788e+01,-1.550962884779083417e+01
-3.179934375652355705e-01,-1.800507589801922492e+01
1.351762299060214190e+01,-4.372795076541172499e+00
8.975257259164806101e+00,1.643258275124404122e+01
-1.224874919280754426e+01,-4.652813187977919540e+00
-1.247937887072914975e+01,6.276138573157630240e+00
1.657704922125892821e+01,9.201799056049846826e+00
-1.022422334705947478e+01,-1.011628080862459456e+01
-3.128557209441982234e+00,1.109711513644741210e+01
-2.856137122822782537e+00,-5.023553950096204090e+00
-3.959796331544874537e+00,7.553022394182028698e+00
-1.479048647377395120e+01,-5.247588679046744531e+00
-1.624998271827136520e+00,-3.122904649268149146e+00
