-4.695154770001951583e+00,1.316159069928839109e+01
5.118525950575414818e+00,5.283125969163719127e+00
-4.206344371151651274e+00,-1.420556271434708329e+01
-2.314383557587517348e+00,-1.789438521469524312e+00
-5.461331045193262845e+00,-4.271489634801082791e-01
1.189347070783054505e+01,8.389496493603811444e+00
1.521197099101339845e+01,-1.090561044999232720e+01
-2.458162683710220175e+00,-1.467619893157296396e+01
1.501885368987320390e+01,4.862272103999723427e+00
8.570290039875564148e+00,1.226861117392258294e+01
-4.299084943778053614e+00,-5.858923908088536692e+00
5.789184692195576964e+00,-1.422212428770360582e+01
-8.850446184578331099e-01,-4.768231022763803395e+00
-1.250610148834449831e+01,-1.737266173111017720e+00
-1.062158279221855750e+01,-1.371217142324708682e+01
3.065138999609308357e+00,8.135671581239353189e-01
-8.487724757806004661e+00,-8.066677685434598954e-01
9.276348567628170727e+00,1.408811748885670312e+01
9.208877753749476369e+00,1.058642930296863405e+01
1.650781366872631040e+01,6.348033055674818570e+00
1.968351947570489369e+00,7.738578906067230534e+00
-1.345514963381779694e+01,1.130648466689714970e+00
9.825168546538616265e-01,-1.903040218848098375e+00
-1.804551622723710391e+00,1.238444806184768510e+01
5.167534190813705131e-01,3.042890007390493423e+00
-1.446903103618353192e+01,7.261422841284679741e+00
5.515454109669399863e+00,1.872488934377527947e+00
-1.198127626563866954e+01,4.034389335990888448e+00
5.841504723063642990e-01,-1.141546047469012315e+01
1.579682763543118718e+01,-7.738542432325280274e+00
3.126391722839549026e+00,-1.222021692593154896e+01
-8.250274361218938424e+00,-1.025157072509165346e+01
-2.994962432674241892e+00,-7.174839382189134085e+00
-1.218666268241913597e+00,6.183094738011408964e+00
-6.498110304291001560e-01,-2.974876910895942306e+00
1.351470754460529378e+01,-1.024535266971779990e+01
5.159543566827090588e-01,-7.838760951524760046e+00
1.021506285274802650e+01,9.134780115583764015e+00
4.182644342653899727e+00,-1.039166862140409542e+01
1.004885613778854037e+01,1.609525662089252052e+01
-4.263776815486275851e+00,3.523118597005306718e+00
3.406166677085260108e+00,-4.301059575686239533e+00
8.382949930094376612e+00,-1.114472774934977650e+01
-1.574248903510203768e+01,-2.086433456459050095e+00
-1.414975967887913377e+01,-7.585192830076708859e+00
-1.415074852328591959e+01,-1.129468815299484730e+00
-9.675404620796077992e+00,1.010843510593582018e+01
9.975151815480671758e+00,-1.289416778674551090e+01
-1.073921437768040388e+00,-1.358654959060078760e+01
1.106550531898735557e+01,5.674743076862726276e+00
-3.309029631993413822e+00,-1.740333210814155862e+01
4.368549935635953396e+00,-2.697147191798199284e+00
5.589198357235606096e+00,-1.354833489230292898e+00
-5.476396151452448180e+00,-2.846967171419477083e+00
-1.264577708327131766e+01,-6.120349870619024912e+00
7.557108895996980991e+00,4.073503101182478936e+00
7.362614340545669656e+00,-1.609820956524621982e+00
1.728029603175273721e+01,1.165764480083732790e+00
-1.548432602506410483e+01,5.173449717356194633e+00
1.473433657723925627e+01,6.625811205727142550e+00
-9.977551806016030866e+00,-2.665191773135741293e+00
-4.105739386744938102e+00,-1.708083342747543920e+00
1.035587615120308413e+01,1.264354964162689399e+01
-3.747742784009079120e+00,1.845342928753524703e+01
6.495322684930145307e+00,1.650929511638570091e+01
-6.142611393947747939e-02,1.127989823243325951e+01
2.183018324444008673e+00,1.478521895278324116e+01
8.702911205811684425e+00,5.976187963768267331e+00
-8.152188870503241702e+00,-2.821158968429322123e+00
8.233695689651653993e+00,-5.489165764335618647e+00
6.518963128812331753e+00,-5.966130148411664003e+00
8.222522011250452678e+00,1.611166710492910781e+01
-8.230576305361111622e+00,-1.278871732873157363e+01
6.089534001740363856e+00,-3.178462886232072737e+00
5.175202637929157135e+00,-7.204354242641323403e+00
-8.196630707482163158e-01,9.649933752205445359e+00
-8.290365452600603646e+00,6.890636221782506787e+00
-1.840778484745047017e+00,-8.773553239037648055e+00
1.720768398973743896e+00,1.095075332618228003e+01
1.914894617235553820e-01,7.345855095387231692e+00
9.233298611596254091e+00,-1.622124073020223634e+01
1.351004125708486292e+01,9.916619162818083311e+00
1.066723281754430808e+01,-8.140841556166574122e+00
-3.989770284510629761e-01,1.391848909198144746e+00
-9.115459438130633529e+00,-5.750466327482980589e+00
3.285500833238486962e+00,1.286366975872921614e+01
2.347748668038740050e+00,-1.059554189013324610e+01
-5.502252895616862816e+00,-8.864589673718604956e+00
-1.365757595046894401e+01,4.659252275655907383e+00
2.874759355794625826e+00,-1.717990882118357732e+01
-3.946364671006190594e+00,-1.239876369430195524e+01
5.751613671877187528e+00,1.487904821582867854e+01
-1.614631724241958821e+01,-5.749633517362877200e+00
-1.863852506590351155e+01,2.508767366052660375e+00
-7.239874096528091663e+00,-8.520374894435811086e+00
1.464483543197614246e+01,-7.362559998650702875e-01
4.130385804486537360e+00,-1.854372647554557929e+01
-8.924609805542770502e+00,-7.838689139429290798e+00
5.074980794957712149e+00,1.258825060623779457e+01
7.447358747837919957e+00,-9.624419025642671599e+00
1.938192529825115917e+00,-5.287890588591425356e+00
-1.661999790167910973e+01,3.727288038802854864e+00
5.238593102267096846e+00,1.792343752027218073e+01
1.477669796268612723e+00,1.551804869029105971e+00
8.195015335685656765e+00,-1.301640358320641155e+01
7.519478527767124554e+00,1.443401174987353563e+01
-6.658350007209266508e+00,-1.708589000821514148e+01
9.343113342770204000e+00,-6.919778567222973464e+00
6.561830563519521764e-01,-9.599015034955733938e+00
1.442074612679241197e+00,6.048682857306560301e+00
-1.140124017629120168e+01,-1.169269692871551491e+01
5.436841096692426767e+00,7.095863327503389328e+00
9.621264790710021275e-01,9.228464200414347118e+00
-2.770142617756348624e+00,1.917998189910236073e+00
2.671597959985274606e+00,1.778738982535473667e+01
-1.163833243611050250e+01,1.459277047697899565e+00
1.529518605947192000e+01,1.403253491151061461e+00
1.364788633924487016e+01,8.108516496430201670e+00
9.915950975256391686e+00,-1.024780743503005098e+01
-6.047945119688720617e+00,-5.765835427173525041e+00
-1.021385626227751509e+01,4.618907028972571993e+00
1.113061731682499911e+01,1.104465912000167194e+01
1.116014043587792415e+01,3.251146290339859579e+00
1.034886418764999050e+01,7.296984098487794057e+00
-9.759471546092171046e-01,-1.032912963886208857e+01
-3.619506501231099627e+00,2.008324240733203869e-01
-6.482136156300819074e+00,1.326995815965563175e+01
9.082490994257073069e-01,-1.412158595808205597e+01
3.712948293566442182e+00,-6.115425585817155785e+00
5.948315871627295692e+00,-1.075850873578107603e+01
-5.006205578128264833e+00,-1.820749865297701220e+01
1.855853739637544564e+01,4.016092533833677258e+00
3.833498282917645827e+00,2.507105463029565939e+00
1.228368376202988976e+01,-8.831631762245201855e+00
-7.654003864118412714e+00,1.185397372703670626e+01
4.747501186943989815e+00,1.981051607276466120e-01
1.142645020137500822e+01,-3.665061520601929690e+00
1.561648084084912824e+01,8.246880100127885527e+00
3.488103137857659242e+00,1.106260412618149047e+01
-6.763890253588041190e+00,-4.089193186550826198e+00
-4.836480550034896631e+00,5.301083688958197371e+00
-1.897897519411035105e+01,-4.750969669763759340e-01
-9.993004401561817573e+00,6.402972724039098118e+00
-5.647437934312846686e-01,-1.527356068604978390e+01
1.226662515643201345e+01,-7.028563135604971812e+00
-7.791073317047655600e+00,1.005388784705935024e+01
1.508742478379143881e+00,-1.602899843099933719e+01
1.888200590732992845e+00,-1.890009822067859702e+01
9.633242291090146070e-01,-3.766060917197438407e+00
3.784743005507659408e+00,7.763245641232877858e+00
7.095069563053245432e+00,1.088925801808900395e+01
-6.506316600362961111e+00,1.722318025131444230e+01
1.394814647260849050e+01,-8.244624054107768885e+00
2.225182674093796109e+00,-7.056702430266502013e+00
-6.052789134855536268e+00,1.090894107546905545e+01
1.121227787246051122e+01,-5.551662616064368727e+00
-5.293609585688348496e+00,-1.564143142823329669e+01
-6.561774618283207072e-01,-1.167785756679157849e+00
-1.519659325613802991e+01,1.567944173712521039e+00
1.684312095546070154e+01,-2.439979480065914252e+00
3.661875041947374232e+00,4.265529120047196976e+00
1.184154589757890363e+01,1.595766166821589449e+00
3.967735829390976132e+00,1.454960779240210655e+01
5.245318278355044939e+00,-4.725000911228321776e+00
6.867255168101933371e+00,1.277692081500530641e+01
-6.884465454206150525e+00,-1.595433511250454739e+00
-1.186737925642889824e+00,-7.123834137423175505e+00
-8.914370668326792924e+00,2.049800289104048989e+00
1.030246390496671083e+01,-1.472055927995112867e+01
-1.150235932632881841e+01,9.487358887459537371e+00
-6.442258439982925466e+00,-1.045185048521834403e+01
5.832923372104900750e+00,3.656138250982938320e+00
8.978233090427062635e+00,2.880618729656265753e+00
-3.558390489325223172e+00,1.608956780835220002e+01
6.885427842125769970e+00,8.242948883851182629e+00
-2.808913830898767561e+00,-1.033017882523813213e+01
-1.090948843095363152e+01,-4.210772168739147503e+00
1.092490026019046034e+01,-1.934519059049212730e+00
-6.743433381558138429e+00,7.858065523529695895e-01
-1.623388697366625832e+00,1.476958631902506625e+01
1.292678793638660295e+01,-1.517686761664131190e+00
9.077593073379945920e+00,-9.137112287758372142e-01
1.643515507309514589e+01,-4.746905474865925068e-01
-1.759549734503307039e-01,-1.701757547440603346e+01
8.349688364417572117e+00,7.641504382917834182e-01
1.688642747992441429e+01,4.599424974682333911e+00
1.326845855626277526e+01,4.608720897743666001e+00
1.388838237670272591e+01,2.835467056758103954e+00
-1.272807296084672135e+00,3.020789304459230440e+00
4.008659147019637992e+00,-8.596350235420006314e+00
-5.396329887712533413e+00,9.227578581119766810e+00
3.200310861997036849e+00,-1.042386231886479830e+00
-1.516471701416117135e+01,-9.752310519026577751e+00
-1.035372608633978508e+01,8.121877186687395778e+00
-2.599394073980375808e+00,1.007373839057264853e+01
7.809083350046693184e+00,-3.756100024743723065e+00
8.602267188450539948e+00,7.764388036079964195e+00
-6.475698760648405994e+00,-1.222194302168002444e+01
1.357046632094781025e+01,1.067307740868060240e+00
-1.560802338991580385e+00,8.047674462244501115e+00
2.522176570151949182e+00,-2.777863979146607765e+00
-1.867738385905693521e+00,-1.195151926497524641e+01
-7.462850585423976391e+00,5.193587380915962726e+00
1.501309206549420461e+00,1.301550482038204315e+01
-3.397607159200093929e-01,4.655424624106116127e+00
6.561962226393343478e+00,-1.605902847865884198e+01
5.268081584101806492e+00,1.069523732653720494e+01
-4.114274344475964185e+00,-4.086949946474778272e+00
-4.759661409427985213e+00,1.532077202689837714e+00
-1.838300507687143481e+00,3.680250829559865156e-01
-2.345493612727146182e+00,-3.636675637576797016e+00
9.267549779917326092e+00,-2.769887156979013554e+00
-1.059580292947876501e+01,-6.797636904042148487e+00
4.428834233759158856e+00,1.631505527171654890e+01
5.173016572750024800e+00,8.899104251186498615e+00
8.960936322473790128e+00,-8.662938458136146380e+00
6.319415275311587976e+00,-1.251686126949787514e+01
9.818430225212340545e+00,-4.453848649788763936e+00
-3.134851525379260373e+00,5.885916390009145793e+00
1.643031677601929985e+01,2.877412602221366189e+00
1.007476433620054479e+01,1.399261657418181093e+00
3.344565530641834816e-01,-6.040017083780252705e+00
-1.025835862171883051e+01,-9.077226645360296331e+00
1.442364157716811413e+01,-6.391495213715983503e+00
-1.075040324043992612e+01,-1.008547264793781206e+00
7.260724302373360750e+00,2.166409706973576377e+00
1.436110019703246365e+01,1.151126012907539220e+01
7.294533044426089852e+00,-7.584317409421583278e+00
1.816911156689394513e+00,4.315421980540101288e+00
-5.098002197232938570e+00,1.502311349692760878e+01
-1.051399700043776342e+01,2.873593659944358336e+00
1.495189199245211675e+01,-2.579461044800979153e+00
-3.721423639645021542e+00,-8.780418118991548226e+00
2.809800023313342887e+00,9.320405640240679190e+00
3.303466930820071479e+00,6.072982045883514424e+00
6.901017183944450295e+00,5.782726038366972965e+00
1.597476701763784979e+00,-2.108612192690429155e-01
-3.752520833910666376e+00,8.604716672919764164e+00
-8.592520444654137890e+00,3.820975464110764719e+00
-9.801763608101763836e+00,4.850721897113059455e-01
-6.370614797949236241e+00,6.677090802926127111e+00
-4.626698019685386853e+00,7.063911332698934231e+00
2.262555508447227748e+00,-8.837237917064378223e+00
-4.565318942668227464e+00,-1.068979837128232901e+01
-7.534717216178046684e+00,-6.731072470563328025e+00
-1.478784824321034819e+01,3.293542729548859960e+00
-7.129786267120328702e+00,2.556517310409036181e+00
1.883909744134894027e+01,2.164678329649216248e+00
-7.059379713089878550e+00,8.360576755898998513e+00
-1.523429289940960807e+01,-3.902927599084379029e+00
8.157954216132562442e-02,1.425931615115736228e+01
-2.603822460317906984e+00,-5.376869827769084509e+00
-5.977117711656910970e+00,-1.393446746857476093e+01
5.849286809916941721e+00,-8.839026537803723826e+00
9.730047546571972461e+00,4.491808104003951918e+00
1.115662926460024806e+01,-1.154109475380718308e+01
