3.011864754856264259e+00,-7.712579827367438412e-01
-1.043643744294785769e+01,-9.159392532760705308e+00
1.145025958460385773e+01,-8.652009519276340654e+00
8.813087596402658264e+00,-1.097837982152875469e+01
6.734454211893614151e+00,-9.922810639240616126e+00
9.513357536013588023e-01,4.089209839397623725e+00
-1.015437789229729937e+01,3.538341618774746511e+00
-3.179061292609044465e+00,-7.652833328258878076e+00
-1.362790458293205775e+00,1.666524467472602922e+01
1.310687530676718993e+01,4.597303595030209244e+00
-6.098264869470588323e+00,1.338047091680611533e+00
5.533435005868088119e+00,-1.177174631320333065e+00
4.581399932683349330e-01,1.653991014455310804e+01
-1.513447704435771257e+01,6.597426093669713776e-01
1.078840060530141720e+01,-6.948895001389394643e+00
-1.269850365953590732e+01,-2.396899164795587289e+00
5.779039754293668452e+00,-6.471688605290294660e+00
-1.372361398174574987e+01,-8.949547223308685906e-01
-1.242045398657235644e+01,1.220927360474871826e+01
-3.921059278460286457e+00,-9.250778871758228439e-01
7.659750432470664450e+00,9.310198507582070349e+00
8.370616199566308424e+00,6.654514722154447171e+00
2.782225001330161707e+00,9.060712917470805650e+00
9.885063800950460333e+00,-1.392820455587714079e+01
1.890268634220582555e+00,-2.361810620661004556e+00
-8.565156633775711015e+00,1.134534875365426565e+01
-1.673946660716340462e+00,3.753669794543370575e+00
-8.504946299211715299e+00,-5.729981907158737009e+00
-1.409328319666550478e+01,6.516630362828989220e+00
-6.777831416324746172e+00,4.896340039309165171e+00
-7.729493047775761738e+00,9.707451118295377768e+00
-1.707957211832091104e+01,8.954851776706085342e-01
6.924031342325634775e+00,-1.427506788779271574e+01
-1.201268575714053810e+01,-5.076806803797345502e+00
-1.912147968380907725e+00,-1.336439474687080242e+01
-3.031436517128886621e+00,-1.481096220899477167e+01
-9.381503072704964197e+00,-1.392757170009507739e+01
-1.242330500006573679e+01,1.032795351822146301e+01
4.632394214498321894e+00,3.075999552888564192e+00
-1.435747371901171121e+01,8.322737298434566000e+00
2.060170692043634677e+00,1.360738254434255090e+01
-3.637798437103691995e+00,1.300410982008711791e+01
-4.364279078328983985e+00,8.628518427228086818e-01
2.781255719352188294e+00,-1.879533496970912765e+01
-4.830293447936369944e+00,9.745826300881910598e+00
-8.354549617636128911e-01,-1.897734794373172207e+01
-7.376338723338660586e+00,2.699469560185026928e+00
6.283443910507030772e+00,-4.771822442254417318e+00
-8.137638777987387328e+00,-9.392417399589268356e+00
-1.722028630531077242e+00,-6.566193274695488746e+00
1.189115596186095081e+00,1.196993064797507955e+01
1.167900893420786401e+00,-1.188016796801943897e+01
-1.132311411077332330e+01,3.513208825290182191e-01
3.591382964182285864e-01,-1.597968977776618082e+01
-4.258571090602083054e+00,-2.886623548119116922e+00
4.850881471960848401e+00,1.431153427522044019e+01
1.236031938811004416e+01,-4.322797542190486730e+00
2.444444279670908993e-01,-1.401293150534541887e+01
1.244639964615291738e+01,-1.481204771446038793e+00
9.216348670287517919e+00,-2.542251039331635099e+00
-1.246730753387946811e+00,-1.509002016687740522e+01
-8.501578517743880070e+00,1.250239040153365400e+00
1.645584016509683778e+01,-2.181946992427027165e+00
-1.224032044235253025e+01,-6.873914173573637321e+00
-1.822878928070709614e+00,-6.036245667009048077e-01
-1.488901772594341821e+01,-9.136948176416439082e+00
1.124848709327940099e+01,1.417507095747627233e+01
-8.240023212464397062e+00,1.312653696786793667e+01
-7.634683362363991144e+00,-1.857263694102046170e+00
-1.582903920990400337e+01,-5.943601992101532616e+00
-1.243729015320880116e+01,-1.201997792151489719e+01
-9.390750077059996315e+00,-3.810135258646491163e+00
1.038467984497023933e+00,-8.578238716704838396e+00
-1.338000914640803884e+01,4.892829976632951272e+00
-2.612802864229604172e+00,1.536892999993256304e+01
5.709705668360271602e+00,1.662347035374454496e+00
-9.634330519846303176e+00,7.233239361526389466e+00
-1.760590748154816154e+01,7.017891995923839943e+00
-1.202152417897962700e+01,2.084099370107553195e+00
6.905292302499018042e+00,7.709929396407332547e+00
-3.086100592060870618e+00,-9.466902815157951068e+00
4.348909715852798286e+00,1.176904952621356060e+01
9.491976743849912523e+00,2.931352627743187611e+00
-1.109669689184619301e+01,-3.296246051161227264e+00
5.688216414783249242e+00,-3.079162572098020245e+00
-5.595963722630863835e+00,3.220260847893120282e+00
-1.110880695829403564e+01,-1.462967676051146748e+00
5.479938980086321187e+00,6.542000262142455114e+00
9.853398840981819617e+00,-7.728280742472746212e-01
1.036487600405200382e+01,4.624741456204700896e+00
1.640483484341401166e+01,-9.428197074085911566e+00
-7.837628691972955863e+00,-1.299713071987712709e+01
8.256044058861769841e+00,-4.289832051397461932e+00
1.884843822545275671e+01,3.276990913259025806e-01
-1.795063042791752039e+01,-6.064818815344215963e+00
1.034580434663301318e+01,1.571760059512402741e+01
1.201878599910256540e+01,1.241854094022240673e+00
-3.313104708955801669e+00,-5.762321787971512066e+00
-3.694281973368887861e+00,6.224992440099675228e+00
-1.196147244194667003e+01,3.854509607497142554e+00
-6.759314905762346726e+00,6.695102525549487815e+00
-8.258444073926170859e+00,-1.126282215086222394e+01
4.124995436736248244e+00,-2.252822672438318907e+00
-3.771485554604726342e+00,2.854661156558076396e+00
3.430995916642304522e+00,-5.898932721918673572e+00
-5.727713315522703574e+00,-9.064728857651549454e-01
-9.572482232474081698e+00,-1.609302651710348420e-01
5.207191042169919903e+00,-1.100451267524058707e+01
4.286138992508771395e+00,-7.507608191003126485e+00
-1.053313206210782660e+01,-7.368213931787324533e+00
2.627704997645416984e+00,7.282447440235483960e+00
1.216052441438149279e+00,-6.666160974076129619e-01
9.346451630778600972e+00,-5.843887418436088055e+00
2.853374650055924722e+00,9.837050392456528902e-01
1.545865849712344087e+01,1.078154127309681520e+01
1.385381742345916933e+01,-3.039066865560870578e+00
3.654857314965207049e+00,5.760055250646868963e+00
-6.283702176695724617e+00,-1.217292949666696167e+01
9.496351668191206130e+00,9.085763670589029672e+00
-8.418943996036279742e+00,4.174390246742454735e+00
-1.255614535840207147e+01,8.520250163322923953e+00
-1.378835419908590687e+01,1.897789707190880915e+00
3.931849495584431864e+00,-1.367362235034404350e+01
1.100939427208417243e+01,-2.524616513558739506e+00
1.329624794196453941e+01,1.333287525995615397e+01
-1.539987034579037228e+01,-2.181293934926021194e+00
-1.397773320701793942e+01,-7.571522048722876264e+00
-9.092573810584742011e-01,8.826585458982723509e+00
6.017188505879199845e+00,-1.798522323872426298e+01
1.028385696201574895e+01,9.793427028312253757e-01
2.372368360958962974e+00,-1.056380456050946037e+01
-2.814584604801338763e+00,-1.125176439932482886e+01
-1.006845584425605011e+01,-1.093283000292227136e+01
-2.037505904426121894e+00,5.499014897597551688e+00
5.528484810444038722e+00,-1.284603048627270461e+01
1.069192592056123736e+01,1.233422472312676277e+01
-4.951924284397545506e+00,-6.583542140281974930e+00
-1.209861992025344080e+01,1.411497521831020840e+01
7.229854724453964820e+00,2.557978648037549707e+00
-5.068519458272719547e+00,7.358250984896252511e+00
4.681921617749806169e-02,-7.089804969041484384e+00
-1.290402693113221666e+01,-1.392613202572813336e+01
-8.499062531148130262e+00,-7.662462735377253864e+00
1.010530761054834947e+01,-4.097865281465741916e+00
1.472886958923436929e+01,1.869188050541010782e-01
7.411810923537870188e+00,-2.729410242940829789e+00
-5.110636916528117801e+00,1.405703288419093866e+01
8.070996453458073816e+00,-1.041999646454558226e+00
4.996184573117421479e+00,-9.230164777300011281e+00
-2.772089893542553085e+00,-4.041235695549109330e+00
-1.680305089283635311e+01,8.750524420245607615e+00
-4.937643607704807813e+00,4.908477787912625345e+00
1.286924180041187604e+01,1.004212410976925796e+01
-1.333952820187675137e+01,-1.003749792570425647e+01
-4.620133364596970438e+00,-1.380182485912725276e+01
2.026871161236555086e+00,-7.003903328894952374e+00
-1.262579194251523429e+00,-8.276933385818111333e+00
6.534722503925989301e-01,-3.674655666671834631e+00
1.552411718353870373e+00,5.818799226293035254e+00
9.288561251574358746e-01,-5.468939927119302880e+00
4.332999734458030439e+00,7.887449616495773697e+00
1.122380322371621553e+01,9.418959570139643134e+00
-1.211369179241397198e+01,6.693309633025127603e+00
-1.640918970498130014e-01,5.459727454332552021e+00
-1.661044074158445483e+01,-8.450389318109003511e+00
-1.078644236990532335e+01,1.103487338287347086e+01
-1.085445058016442976e+00,-1.178540694656930299e+01
3.127061165096230333e+00,4.077306890859785149e+00
1.856153101617016787e+01,-1.610781292847507373e+00
4.504186333325982616e+00,3.467587015913289328e-01
7.060184955431149101e-01,7.452662995829084203e+00
-6.269675521953584685e+00,8.718827818809556263e+00
-2.707843634526287069e+00,7.944082303278312551e+00
-4.783245551004317697e+00,-4.603808890348956240e+00
4.029601642112765170e+00,-1.550197249148549439e+01
-6.651714024193414510e+00,-8.179238577794185616e+00
-8.298898389342257431e-01,1.049429516555795860e+00
2.587433398672011275e+00,1.080340105725968058e+01
6.483581621429643782e+00,-8.114196156707649266e+00
1.583947928564951191e+01,2.239691665373869878e+00
-1.026184435317832566e+01,-5.510553006833747602e+00
-1.347076666801108580e+01,-4.052778215112729399e+00
5.773598835345563174e+00,-1.570358174824007591e+01
-9.996702530812145326e+00,1.263517720156691837e+01
-1.068278867508657859e+00,1.352957090669472606e+01
-1.214996314449853720e+01,-8.691392810769590582e+00
-4.142493592376826683e+00,-1.629620960409241093e+01
5.341299069999286608e+00,4.794313292726805287e+00
-1.524853057920262067e+01,5.136671805029732418e+00
1.008778016513116960e+01,7.421860266646849169e+00
8.439721955116146646e+00,9.248982279574144982e-01
1.546758056829123262e+01,-1.102560891179901148e+01
-1.070152529425218724e+01,-1.266349981241656941e+01
-1.575241617076402201e-01,2.703315814910266734e+00
1.441298555906557333e+01,3.398749724913397330e+00
-1.893206673279399288e+00,1.121006030111765206e+01
-6.390385640571404124e+00,1.285344380587959989e+01
-4.501510481027031219e+00,-1.195492677518151048e+01
8.469920851633307990e-01,9.409220483568628168e+00
-1.406533541606295934e+01,-5.714632189918924077e+00
-2.611540492527114843e+00,1.178569155708266925e+00
-6.553345125882291455e+00,-1.035804631723151914e+01
-1.485091055978636909e+01,3.378531374609852200e+00
1.379090665120986969e+01,1.672497658495182504e+00
8.998725582012596647e+00,-7.712206196749511911e+00
2.060121783113757932e+00,2.564851270627249935e+00
-1.711036273574319466e+01,5.286637056728812567e+00
7.555597529947275959e+00,-6.085319743935837522e+00
-7.783644335287285276e-01,-5.008657763710245625e+00
9.805537263232214640e-01,1.169093084950089789e+00
2.077227836362233848e+00,-1.558377348952113373e+01
-6.815714674032471443e+00,-6.301624525808581012e+00
1.640001808899393509e+01,9.165890035958170756e+00
1.304779419409613794e+01,-6.039301346891723377e+00
-1.826594448940323545e+01,3.485683087067468655e+00
-1.085428613980351287e+00,-3.201979529904177113e+00
7.011708228178557434e+00,5.448251809363181764e+00
-9.426484795928791627e+00,-2.042403497794792244e+00
6.088398373415552456e+00,1.023385798954359593e+01
-2.297521759934461283e+00,-1.650710535153637792e+01
-6.459221983906242137e+00,-1.424243533776503767e+01
-1.542187934901612500e+01,9.829536599345075842e+00
2.807908183367822996e+00,-8.608194543815930189e+00
4.724232849179143656e+00,1.608070498331062836e+01
7.337445708451688198e+00,1.153943148999545620e+01
-6.586961889860885933e+00,-4.499567582791326181e+00
3.045813904555502383e+00,-3.720870173612507603e+00
-6.049178220803638872e+00,-2.701345674603595093e+00
4.307455615170135310e+00,9.967854511151498897e+00
6.720783066920271054e+00,1.983530784743947062e-01
-1.008411631154859878e+00,7.056570944168544912e+00
-1.493563048902915646e+01,-1.099255309604860642e+01
1.510682836331709566e+01,-8.206480955440202507e+00
1.245544073397670637e+01,1.177343880064001524e+01
-4.905979172794389775e+00,-9.566218369507444308e+00
1.409706537734746945e+01,-1.272327079927546478e+01
1.355276114199807758e+01,-1.105442381577541866e+01
-1.531095229249580392e+01,-4.230747969713968715e+00
2.018607991592916040e+00,-1.375917560572983156e+01
-1.405503730574773513e+01,1.114700398781484303e+01
-7.266922077656592371e+00,6.429498083737644060e-03
-2.599752671639141699e+00,-2.254039799240077357e+00
3.140430306852876274e+00,1.701570406794241919e+01
-1.027619039012937208e+01,1.784461416036312809e+00
-9.803621277624722907e+00,9.561468437900932926e+00
-1.399105020455228443e+00,-1.003351140872310054e+01
-1.010332659003328537e+01,5.436168039896195125e+00
-6.298486980262389956e+00,-1.790983212951843129e+01
-3.380765808205974388e-01,-1.579830959588431227e+00
3.087435633637583443e+00,-1.703316030697964578e+01
8.328666902355012169e+00,-1.300280037195429195e+01
3.646118186927135518e+00,-1.187171787209780938e+01
4.154073062861225019e+00,1.852105769720100881e+01
4.353890499386367519e-01,-1.024280433039776028e+01
-8.400436065547667752e+00,5.936149740316994716e+00
-3.021686854585231341e+00,9.770293249296230442e+00
