6.211188414847131911e-01,4.917011632918568687e+00
-1.224796745449741131e+01,-6.313341812821764876e+00
-1.283672686225826887e+01,-4.645545597053791553e+00
6.442751187518265255e+00,-1.408997040908491627e+01
6.131693792507633134e+00,-1.199751521843139201e+01
-6.275489477556794427e+00,9.972968450079655600e-01
-1.003616913268534638e+01,7.547594380381004164e+00
-5.073386688126239719e+00,-9.820820386518597900e+00
6.214371525361630511e+00,-8.415635433689965694e+00
1.424538495588064180e+01,1.158168596105167314e+00
1.391095180818105703e+01,4.095700442279150089e+00
6.288627871798103897e+00,2.460839293907936209e+00
5.311264331460563426e+00,1.575362261210048764e+01
1.289255019598825847e+01,-3.320107639529457977e+00
1.367544459665532841e+00,-1.297285094290684349e+01
8.398902614598837246e+00,-5.600262399030783378e+00
4.270647107342963267e+00,-9.948813070838509631e+00
1.193701811047565364e+01,1.115949444034608540e+01
-8.724123458531781949e+00,1.519750379658771955e+01
-6.227002507681839383e+00,-5.338944643939851353e+00
1.148642854272005387e+01,8.354838671489416058e+00
1.218501713590365654e+01,4.938072313581457706e+00
5.135210033628632154e+00,8.388875240174174408e+00
2.600388364141517972e+00,4.367118042198180561e+00
-1.958075495170684466e+00,3.031023762391616416e-01
-4.811317634091962780e+00,-1.241276888708381065e+01
-3.698727903658964422e+00,8.912989805653848130e-01
-1.116828588327618199e+01,-4.074298071946030220e+00
-1.183281415891139510e+01,1.038726372763352224e+01
-4.964806606084208873e+00,1.022011406630533337e+01
-5.830075139865015466e+00,1.262845829941237774e+01
4.752044282995137259e+00,4.266436248374426476e+00
3.164229251600430448e+00,-1.260450900532914353e+01
-1.337684886987490529e+01,1.190366338210120167e+00
-8.168034395576508899e+00,-1.333783840526904285e+01
-6.946780211984954434e+00,-1.472538024313493743e+01
6.557909160418454064e+00,-5.422319490459920566e+00
-9.326363074235691997e+00,1.344604454294841211e+01
1.067302202189094373e+01,1.261049433724182123e+01
-1.175720473558545542e+01,1.237026226301304277e+01
-1.949452144091120998e+00,-4.129918281719411333e+00
-9.218525732874389700e-01,1.391914503589318031e+01
1.589793704064452751e-01,3.203952366258050688e+00
3.667269570241539434e+00,2.811937144933378097e+00
-4.235055612394886815e+00,1.185515827227431984e+01
-8.493700550933542814e+00,-1.155959045567532684e+01
-7.062868016983124164e+00,7.018913113605052878e+00
-1.803009483822509296e+01,-5.952216217927490227e+00
-1.090144190574874550e+01,-8.969954792759809337e+00
4.830668031139022212e+00,1.468579248105490453e+00
3.710025396984763635e+00,1.194738873140269142e+01
-3.061218907118915755e+00,-1.287861222672225736e+01
1.169006200984307320e+01,-1.984198667885252121e+00
-3.628880118585800396e+00,-1.649207556138279074e+01
-1.432682437623599370e+01,-1.157440082637991363e+00
8.827339541448505855e+00,1.248158921549183020e+01
1.225814862905301261e+01,-8.446485717899994583e+00
-1.273642059402432380e+01,5.946156068330247457e+00
1.113105901542362774e+00,-3.285565035462743033e+00
5.193491260054173608e+00,-6.602228884713382762e+00
-5.374036869936253069e+00,-1.606568787796211240e+01
-8.544378131885913774e+00,4.995287320460896296e+00
-2.211795848263045983e+00,2.133746391126721598e+00
-1.609521322207352512e+01,-3.357572623973328785e+00
-3.566051095446617580e+00,3.373525784153596607e+00
2.328809271261534697e+00,1.076655674968094090e+01
1.525124513894945544e+01,1.132784946508896695e+01
-4.876409199045837362e+00,1.571302570654894204e+01
-9.897595015887738157e+00,3.665158586352072478e-01
-6.954065177598918179e-01,-2.897458404532841314e+00
-1.588651268079431667e+01,-9.157391152797201173e+00
-1.068804860043389660e+01,-2.253305152826607927e+00
2.262377647918362378e+00,-4.661922727789075793e+00
9.951933719176913939e+00,-2.291250460791679266e+00
2.730059930962569936e+00,1.343252501270991139e+01
-1.770027564226230510e+01,-4.138515314086585128e+00
-3.287452179488766113e+00,-8.520499279048301400e-01
4.791624263706779074e-01,6.734940276733601294e+00
3.104371133834761931e+00,-7.221818125915785425e-01
1.070838900592611864e+01,6.247841915439267702e+00
-1.929011767625024243e+00,1.542415114361912210e+01
7.491348194341576061e+00,1.121272405756240786e+01
1.157737830468837004e+01,1.267914356488161864e+00
-8.334301455585379159e+00,-9.758278765530180365e+00
5.389754359645139159e-01,1.898847413294418374e+01
-4.772711246408023911e+00,5.054984507553105466e+00
-1.523396620446997218e+01,6.626985994356116016e+00
1.565509935266760522e+01,-1.806704514684320140e+00
1.019484235040924958e+01,-5.449305884113504916e+00
1.265406154147922635e+01,2.779535458500894674e+00
-3.485672921086075959e+00,-9.044496348707593114e+00
-1.052798688341172095e+01,-6.894775180290467986e+00
7.466899399910486679e+00,-7.094922366559172744e+00
-9.063039337183786515e+00,-1.648723549595978355e+01
1.088034594313151437e+01,-3.677529700401037105e-01
8.797052010120513188e+00,-9.441086290849756146e-01
-7.463588531085389555e+00,-7.566385671993810513e-01
1.321707631843459296e+00,-1.309012913279360202e+00
-1.430378868175196594e+01,-3.047386854652621047e+00
8.052692016867595726e+00,1.813321817545278991e+00
1.050277809850997279e+01,-9.773161979275917233e+00
-1.181421259436495319e+01,-1.094093886555707940e+01
-3.089159975605575426e+00,-1.467988676815730287e+01
-6.727083002921050436e+00,-1.066940384815736920e+01
2.755025168073214292e+00,-8.903294743495994368e+00
3.943496203251706245e+00,-5.369084306570809595e+00
2.120439503514695012e+00,-1.459212169999269193e+01
4.849609438713669007e+00,-1.325401896412875224e+01
-8.316818208618526054e-01,-1.062453220858086578e+00
-1.459513826956242610e+01,-4.851629254364881128e+00
-4.194897600235691471e+00,-6.941122575870105393e+00
4.255353884199008618e+00,-3.531590401915514210e+00
8.680786406876045191e+00,-8.518520441818434819e+00
7.688037581633241579e+00,-2.910182272821776550e+00
8.207506204926451332e+00,-1.332590545503413182e+01
1.385527360209158942e+01,-7.448646754126125202e+00
9.730738246535489466e+00,7.791297733204307185e+00
-1.665796515760294483e+01,4.905377574050822531e+00
-5.151030289177577437e+00,-1.427618581465443093e+01
-1.126538718235870817e+01,-1.397866755234631420e+01
-1.008632252107308602e+01,1.174470619059972698e+01
3.721317565199958821e+00,1.489653486323469522e+01
-1.007078083190202911e+01,-1.056801674024150905e+01
1.160922790754043277e+01,-6.615779551978166140e+00
-1.246381047916413287e+01,-8.099320025279448387e+00
-1.650217856775076086e+01,2.361816904601245604e+00
-4.943981524179714704e+00,2.180124724173931217e+00
3.552136864886072942e+00,9.364395431646254764e+00
1.497690381577551522e+00,-1.887896462727308489e+01
5.242405436682489928e+00,1.020526819797315454e+01
-7.382649363646018870e+00,-3.112783511452006380e+00
6.036786453955686582e+00,1.744846286847333161e+01
-1.428868078260171970e+01,-8.142055531793097600e+00
-1.041625981148198293e-01,1.592517686038892677e+01
8.804847354199945020e-01,1.429604053001856734e+01
1.393530962236242665e+01,1.002275453860649712e+01
-6.847295766374054793e+00,-7.049000511153439952e+00
-7.855964118950754305e+00,1.691418474161734053e+01
9.727624904147162965e+00,2.549863157916786083e+00
-3.180967031608858964e+00,1.021803541314191932e+01
-1.619163503389404291e+00,-9.168931483227714452e+00
5.455987029824407308e+00,1.242031865321143336e+01
9.475445102698330402e+00,-1.123110486774055872e+01
-4.535558819460917768e+00,8.512197301263180194e+00
-9.225114174035637049e+00,-8.215436766587103534e+00
1.216194687867622548e+01,-1.044751229863785902e+01
-1.554965511970821668e+00,3.757916222898548320e+00
-1.832424153540796397e+01,2.235266819429251317e+00
2.717658814497282638e+00,-1.079481041037658251e+01
3.072168165024535824e+00,1.112689911191281134e+00
-1.356801755312821278e+01,1.321486441983804561e+01
-5.231965146652214571e+00,6.810131782507868436e+00
2.776577235878257000e+00,-2.449651755334433023e+00
7.614989843598052310e+00,3.717282546909346674e+00
-9.511718381629350461e+00,-1.460161812944436299e+01
-7.260359469992438974e-01,-1.069309876941789383e+01
-6.006810846057875963e+00,-1.906730556719204328e+00
-2.405217599210985657e+00,-2.374243638519632604e+00
-6.854912087435942603e+00,1.015817152012454194e+01
-2.452378956659231335e+00,-7.480265258595687250e+00
8.850617191473409973e-01,-9.379833904859880889e+00
1.408398748271349454e+01,5.875739856196742217e+00
-1.005071213129899554e+01,9.738037951818496296e+00
2.253694676904848038e+00,6.941276160594763489e+00
3.085381213540711265e+00,-6.939599843403588153e+00
-7.549506314034188925e+00,1.374153274051676732e+01
-3.614004661232501081e-01,-7.805966553779215111e+00
-1.335912985004539699e+00,-1.421995127095641998e+01
-1.336786960150620018e+01,1.137926522338959856e+01
7.334773615849051076e+00,1.405930967659382858e-01
-8.536934502606769115e+00,-6.559070799709222577e+00
-1.269857866381653766e+00,7.335292333049071800e+00
-1.318501395205602833e+00,9.711943399527941168e+00
-8.031213383640135817e+00,-4.805657245516276710e+00
-6.359551284477183986e-01,-1.584747108556216943e+01
-6.668348802145249721e+00,-8.905231796875048289e+00
-1.115831161829357265e+00,5.507009692436416692e+00
9.305853369128151087e+00,4.344791239214758072e+00
6.020233292015588766e+00,-1.017147557386011947e+01
-5.654183894815921541e+00,-3.661172754222742132e+00
-1.243431069891032159e+01,-2.795222247704456819e+00
-1.519876322253758794e+01,1.075785785151919915e+00
9.470190600109007484e-01,-1.685389080575567178e+01
-6.606563065942961721e+00,1.539787455819450201e+01
-3.402369781559265061e+00,6.775478194235847518e+00
1.855823111397784775e+00,8.761407212281886459e+00
-8.605410390993043279e+00,3.099444054436412355e+00
-4.458643186461168639e+00,-5.045459259444270650e+00
-1.346969408035534777e+01,9.596337141032480034e+00
8.263561682964843058e+00,6.803852969591408950e+00
1.095840567604021487e+01,-3.828822797786757270e+00
9.506556127760990904e+00,7.835969921541435790e-01
-1.195388842241699301e+01,2.239244160598833133e+00
5.583462506091908750e+00,-1.155354079258461841e-01
9.766717302426951575e-01,-1.123038862984064501e+01
1.312560586930234807e+00,1.223585386050229751e+01
4.379378394096964833e+00,-8.181251194834249674e+00
1.888995498549962848e+00,2.444865631378190685e+00
1.045247913771545178e+01,1.557332079357040477e+01
-1.612737470328140077e+01,-1.298928029817328911e+00
-2.945695608597684867e+00,5.014488860672258852e+00
6.008411364179502279e+00,-1.875707523383486564e+00
-1.330359778948133176e+01,-9.812842953306503802e+00
6.878391441963487007e-02,8.537147607739470345e+00
1.362636437855656135e+00,5.047897198452117040e-01
-2.792908590340672070e+00,-5.702381064805495114e+00
-1.524730813080592284e+01,9.670742495516677195e+00
-1.298864115161979749e+00,1.865361292038992147e+01
-7.140523108078387082e-01,1.143064909083236813e+01
4.111582290910773096e+00,6.934310737127643343e+00
-1.372218475033116503e-01,-4.570078902986214331e+00
-9.807885082156575507e+00,-5.280823555814673220e+00
1.813710502362115307e+01,4.504444741057634261e+00
-1.328421894107749246e+01,3.401735154940164652e+00
-1.667134911160702160e+01,8.239321179340059587e+00
6.007350951484344392e+00,-3.670011392279169282e+00
-1.633751289522781391e+01,-5.366348522601087190e+00
1.408531262146210938e+00,-7.607190286743744423e+00
9.194769301273906237e+00,9.823473676375186869e+00
-4.214732522854899521e+00,1.365165682329196528e+01
-1.047890428279042929e+01,-1.232080615573262783e+01
-6.576400074682378083e+00,-1.245778394300759828e+01
-5.960556208332948636e+00,3.648011000665047465e+00
8.975702872201589244e+00,1.434186784799122272e+01
-2.673519976681611343e+00,8.464686605431596789e+00
-9.209985895555790947e+00,-3.455950264447567033e+00
5.522483996019189156e+00,5.877075343441231503e+00
1.006287215356885589e+00,-5.896554551780138986e+00
7.252341851836638043e+00,9.426861808893452377e+00
9.182829430586773256e+00,-3.966960203461513235e+00
-3.226573453490597099e-01,1.403165883509192691e+00
-1.732612172188044397e+01,-7.747861544935718214e+00
-1.014198407342003705e+01,2.222623630797360583e+00
1.525460745651288441e+01,7.968729834909080267e+00
6.548898043489121079e+00,7.332073481509206125e+00
-4.151843559357899061e+00,-2.747661061906100155e+00
-1.137653324115664866e+01,-6.291196113051051864e-01
-8.560654208265596310e+00,1.081933201509687770e+01
6.549651392509536763e-01,1.019936002749584780e+01
1.248172001574575773e+01,6.794739628050222358e+00
-8.276035526207374815e+00,1.324882315156868495e+00
-5.073172795471895036e+00,-3.860843464371773726e-01
7.527371817890297301e+00,1.555306926090803898e+01
-1.024620195580919280e+01,5.759084241530502801e+00
6.857697300400627860e+00,1.370485563083080649e+01
1.045600124983397627e+01,-8.020363308683172932e+00
1.341809567175468842e+01,8.330518897310732029e+00
1.258342700557156135e+00,1.735521223172251482e+01
-1.064495393085885588e+00,-6.147557430372431853e+00
-1.640895719248297802e+00,-1.732743035930074171e+01
4.497813415724911223e+00,-1.500018539929947003e+01
-1.361144656879557324e+00,-1.242564726727995073e+01
8.929312611103995323e+00,1.670237025446059675e+01
-2.629413249561855626e+00,-1.084534698158064892e+01
7.800563310643646275e+00,-1.044228433080980345e+01
-2.463437810524530036e+00,1.190085116249799491e+01
