-7.550215972670814679e+00,4.928726551476869666e+00
1.264817528646906375e+01,-1.416641876023728308e+01
1.837150289140870640e+01,-4.618475198586315500e+00
5.593332409492393076e+00,-1.815605086359679277e+01
-1.085078381135387815e+01,9.105490915839036248e+00
2.405464523793213072e+00,1.105655393088114558e+01
6.099830764332783595e+00,-4.815736264026160285e+00
2.509422665469986491e+00,-8.824558461094786921e+00
-8.018822615214217464e+00,-1.542952433503473841e+01
2.051311620916715095e-01,1.131145862605209018e+01
-4.982365505602737166e+00,-4.982720145625363806e+00
1.098958857879956597e+01,-7.618253448665082139e+00
3.617027512018625046e+00,6.716488344740954020e+00
9.201438220362803122e-01,-1.394481104242873037e+01
7.128593222281716102e-01,1.878331508533890570e+01
-1.128517411767458567e+00,1.348356510314328993e+01
-1.642785192862459454e+01,7.402644699785610349e+00
-5.969537422332112264e+00,-1.570764042051600917e+01
1.104093442318620388e+00,2.396054080094531358e+00
8.368661227853543494e+00,1.163866757993636192e+01
2.319377554775978734e+00,3.732447318656987534e+00
-1.123265002355480435e+00,-1.346422277450608895e+01
-3.784706883510163600e+00,7.297646770184859299e+00
7.264845367779806828e+00,1.501733813034803022e+00
7.137580575936591565e+00,-8.812399659106306515e+00
-6.043552479182313419e+00,-2.196252396840928434e+00
-1.055670232526874308e+01,-9.475265216899710907e+00
5.593551298968140628e+00,-7.912765382485080323e+00
5.664823358677534060e+00,-2.992529414407467669e+00
7.508669330976787570e+00,6.920967775665671340e+00
-2.744245818550365090e+00,-6.612789280017178362e-01
-3.421531502139052439e+00,-1.337009434785920980e+01
1.833800874243518786e+00,7.502399317856490946e+00
-1.144586534034907999e+01,-1.340821603908449688e+01
8.572744596823874019e+00,5.425543462060370636e+00
1.860946794458887865e+01,3.779845018431529535e+00
-2.287948562686671128e+00,-1.483385335285326079e+01
1.423717411773574781e+01,7.846233802460300666e+00
-2.159408417630058086e+00,4.066023704725196808e+00
8.320296290323668131e+00,-1.998268776127552826e+00
5.967737906237811529e+00,2.848187101690952683e-01
1.879303709482314844e+01,-2.771433570946018499e+00
1.106426746687166762e+01,6.684474278037082939e+00
-1.044982492570747468e+01,1.087612601346027930e+01
-4.569118530419859603e+00,-8.491142226805102666e+00
-8.609618242763851015e+00,-8.660752404552971129e+00
-8.942324989901694110e+00,3.782369817387079891e+00
1.485953220041054657e+01,-5.448269873427789456e+00
-1.607249627607463083e+01,-9.997953698571102166e+00
-7.727271879124526066e+00,-7.069687901257406537e+00
-3.214916639471933291e+00,-4.456294015594079561e+00
-6.574163571551258300e+00,-4.893638998465090206e-01
7.932268127905071964e+00,1.465543877924630145e+01
9.142200274900213586e+00,1.595559331565620464e+00
-3.962333805938715425e+00,-1.053722588999544030e+01
-9.785077421258924213e-01,-9.246058828225273141e-01
-1.038921613445486258e+01,-3.566284283059729887e+00
-1.173123504101232939e+01,1.144362372867697708e+00
1.241110731440411463e+01,7.836573707704010516e+00
-6.383290008833172990e+00,-8.322150838018151475e+00
-2.666818286676111871e+00,-2.597564130968132545e+00
-8.500416330835038892e+00,1.146170497841259461e+01
1.314860805631335872e+01,3.104380636331427468e+00
-1.811640761976769198e+01,-4.644103697193288305e+00
-1.412589438331878178e+01,-4.070020013525761371e+00
-1.643108856103166149e+00,7.099022213660005853e+00
1.719722763715610014e+01,-7.025758374250643534e-01
2.205130301372900448e+00,5.552385116284010103e+00
-7.040274046478643299e+00,-1.385146256879100868e+01
-5.955114825808823120e+00,9.159128716360262601e+00
-1.343946930462248623e+01,4.070920150714054664e+00
-7.417712683808248997e+00,1.310618327872546063e+00
6.829197294911813820e+00,-6.546758652170701076e+00
-3.973866032096169953e-01,8.623371715379134272e+00
2.715345645065665003e+00,9.168445035218907080e+00
6.278454760974690352e+00,-1.051620355893325964e+01
-3.857542600766940666e+00,7.222175522334745024e-01
-1.118368538577850346e+00,1.893696655806305884e+01
2.563061233266825223e+00,1.870401389638321987e+01
4.647640824242670554e+00,1.191708018223646803e+01
-6.618845639231626166e+00,1.131793615872260084e+01
4.988309554117244637e+00,1.367769873679142023e+01
1.061950967655759293e+01,7.196753702542804665e-02
-1.215657391510832142e+01,-3.299327035641439032e+00
2.935268477368129680e+00,-8.708371610621143954e-01
-1.689518692462121052e+01,-8.312033316826443752e+00
-1.131950308332804589e+01,-1.662413390230336407e+00
1.779409637107405073e+00,-7.210799949597685554e+00
-1.020163814116060053e+01,1.538406904801312702e-01
-1.184687611575255417e+01,7.546016428508893981e+00
9.342334547645254617e+00,7.070286610862998700e+00
-9.520506656816836610e+00,-7.024321212940822790e+00
-1.779361390845070545e+01,-2.773870155386726211e+00
-9.510070285788483346e+00,1.349045586741231872e+01
1.031277371469905901e+01,8.583149284718485816e+00
-8.586949436936468061e+00,-1.044906887399229944e+01
1.074665764233087684e+00,-5.493134437282286342e+00
-1.751162958812839010e+00,-7.707402994174470834e+00
-2.315683043309920919e+00,8.868766318321076980e+00
7.358342351488402322e+00,-3.485205434672633995e+00
-9.111138992226079480e+00,1.864427452345132297e+00
-4.131279235881161860e+00,-1.693544061502060316e+01
9.419418695815286569e+00,3.366132043517597427e+00
1.040741023410065935e+01,4.988691634764984784e+00
-9.093985922427997082e+00,8.812142754441971704e+00
-2.100113698610782009e+00,1.201585620585921177e+01
4.082387504272682044e+00,5.489533940865479744e-01
-3.966530978007603458e+00,4.320672602053765132e+00
-7.818961619633853388e+00,-2.048797939762077469e+00
7.323132413295658338e+00,3.305097841117222490e+00
6.681484387220042453e-01,-3.684790624814062276e+00
1.089448072504337439e+01,1.865976091801647252e+00
1.181851287960885877e+01,9.536337970819674936e+00
5.401454547314873622e+00,2.088430415369192605e+00
1.196763892580928257e+01,-1.048214503420381938e+01
-1.790828520009122826e+01,6.329831496000806190e+00
-4.509111018842481222e+00,-3.239134515895748745e+00
4.343495358259496619e+00,8.435094952668983126e+00
6.645213939653610957e+00,-1.312395661828396420e+01
-1.190219948437493791e+01,1.364221031111714133e+01
2.465758589692077507e+00,-4.261534268683785598e+00
-1.623530741854388637e+01,-4.196458039557309228e+00
2.841612957241121062e+00,1.782438611843443432e+00
-4.403281774580393382e+00,-1.467837105135821441e+00
-4.949982286388148189e+00,1.066923789109273812e+01
-4.872599979575023887e+00,5.839716902922764241e+00
-2.042922921888119969e+00,-1.074453003041325339e+01
-1.438109470172132420e+00,-4.443922264814572642e+00
1.537680779520478502e+01,7.752015395578357726e-01
8.033474318641737000e+00,-5.140322923956445855e+00
6.711863873871585007e+00,1.333668183013751829e+01
-1.125159721331913687e+01,-6.412838747391671035e+00
-1.173072610004799898e+01,3.479828907014845818e+00
-1.045902945350501945e+01,4.778895280687483371e+00
-1.023155909883283066e+01,6.573467940655173258e+00
-1.243417075043678821e+01,1.009375089946518145e+01
-2.881831206613579832e-01,1.319485606199618077e+00
1.383768842431853230e+01,-1.073529639727832397e+01
-2.843851646877624706e+00,5.729810788996251958e+00
8.199375984839628373e+00,8.574367805358528827e+00
1.295711093071422848e+00,-1.222358562706266127e+01
-1.041462130924005969e+00,5.424076872516278236e+00
1.486906674182455745e+01,2.474090221708537651e+00
-6.639496205106025783e+00,-5.567365323203286920e+00
1.788806610104019867e+00,1.534205372899373998e+01
2.974224163179653768e+00,1.691068210273159167e+01
4.948898556689503181e+00,1.008936931240588741e+01
1.899396414469016392e+01,-4.788800165223272010e-01
4.876392092460132055e+00,-6.129002978815583980e+00
4.927372527641320943e+00,-1.174838327113712921e+01
-6.790861112212636996e+00,1.402259338323177396e+01
-2.893943135484049023e+00,1.855984161893204742e+01
3.812207064334089512e+00,-1.338317617554437433e+01
-7.238214725301601149e+00,1.582959391739479749e+01
-5.589071931283225325e+00,1.114681145264754702e+00
6.684161176827640993e+00,-1.319459974948819836e+00
6.475932846031435375e+00,1.154152593713840602e+01
-1.189104037896995436e+01,-1.139531510633429079e+01
6.807422557803414875e+00,9.753973511879861391e+00
1.525892412959909628e+01,6.294430863094119033e+00
4.265462637988032490e+00,-4.426170396783090766e+00
-8.634246724682766327e+00,-5.431157944043326857e+00
1.189509527474188566e+01,-1.246218137584913066e+01
-1.267413795307021118e+01,5.777913127414137762e+00
5.479879584857337838e-01,6.258903820780237659e+00
-1.200069996728386457e+01,1.181431676724258928e+01
1.672668269543595043e+00,-1.039467480144083922e+01
1.398737356495444928e+01,-4.190606439899548508e-01
1.596930646754859850e+01,-7.315885838893556148e+00
-1.717021205553260899e+01,6.583155704633513183e-01
8.804110238381767317e+00,-2.030327960184254987e-01
-4.404916151424324688e+00,1.244134298911560776e+01
1.532322580662225420e+01,4.329635793745633343e+00
4.035346983791884057e+00,4.952531902934117269e+00
1.379826796758667307e+01,-2.202935063869059018e+00
-1.414250726184623197e+01,6.927867880022436253e+00
-4.135823328573479785e+00,-6.634485187871498546e+00
-9.223062618343341734e-01,-9.277699073382596140e+00
-9.532776552051860364e+00,-1.606024355682582394e+00
6.778767086347851745e+00,5.216921730585902139e+00
5.344833537288742775e+00,-1.436087889590439559e+01
-2.445851701711439397e+00,-6.067724590590435341e+00
-6.530900589438964232e+00,6.465876404530130905e+00
-8.410610777534204274e+00,6.472918395015018866e+00
6.879873654521906357e-02,1.485704144162130902e+01
3.133375251311760756e+00,1.359231756057197593e+01
5.379233679548737435e+00,6.392068137990286836e+00
-7.602047991381659209e+00,9.855341199508407257e+00
-2.279626530196393386e+00,-1.667318990363866860e+01
-1.266880093489037629e+00,1.030271680675324397e+01
-3.141079697530785531e+00,1.047400794929308354e+01
3.084966322720727572e+00,-5.904891688533220773e+00
6.129591420071373697e+00,8.109435400164173302e+00
1.620368575208686712e+00,4.328884745261162847e-01
-5.667400134469500195e+00,-9.979951904372835969e+00
-6.796188674723715462e-01,3.096668232354399919e+00
-6.803126790158137815e+00,-3.820255140336842548e+00
1.010685531639294155e+01,-2.240651708265265274e+00
9.692237566208190103e+00,-1.289951204393328510e+01
1.059256428184813714e+01,-9.364706173130697309e+00
-1.479624836675798250e+01,5.280142455431378501e+00
1.694967720061063687e+01,-2.826320241931111532e+00
2.047416896487324944e+00,-2.496358728336703248e+00
-4.957206475612888852e+00,1.419321762242072005e+01
3.031195448857342267e+00,-1.178667798973246050e+01
1.012037081033134278e+00,9.697544776580434345e+00
1.417145689982974055e+01,-7.151715093087558373e+00
-9.690250819026543283e+00,-1.459130042336196276e+01
1.781082267369703587e+01,-6.603242494528843487e+00
8.960291979121489447e+00,-1.038841332352618529e+01
8.904290878523879016e+00,-8.537971373628778338e+00
5.807111005205509713e+00,-1.628361760979227668e+01
8.891741335840727345e+00,-6.719717160419975244e+00
-1.138467350191994498e+01,-1.520628643563786575e+01
-6.143950204759599520e-01,-6.062029884750463005e+00
-4.798066512039174114e+00,-1.223506785987963497e+01
9.379899203289019383e+00,-3.948881954658229443e+00
-7.272208652298634668e+00,3.160833422926670355e+00
1.172753365505461254e+01,-1.372179734820734520e+00
1.367278553297377464e+01,9.855107097596174981e+00
-4.926300510477817696e+00,2.755821185511588389e+00
3.853562602111185953e+00,-7.561134406053987789e+00
-2.898136594866790539e+00,-9.065747504941668922e+00
-8.554630336247150524e+00,-3.671706037105981757e+00
-1.009106115825725425e+01,-1.137903884640338426e+01
1.089011328679731605e+01,-1.438098724915416327e+01
-1.406589869175885532e+01,-8.133458811810970190e-02
4.826767784372291814e+00,-1.228578998260718036e+00
-1.665782460045823399e+01,5.009781802568496367e+00
3.979255427686688051e+00,3.136060299080582148e+00
-8.345520982713601654e+00,-1.928853262519550082e-01
1.313272654657883365e+01,6.138347953381527056e+00
-7.411068522165281003e+00,8.058903307107508240e+00
5.673745819907120014e-01,4.401469091212245388e+00
3.125760003915163676e-02,-7.791620375573941715e+00
1.261438421243079056e+01,1.401418428758152146e+00
7.664134450620755601e+00,-1.161450969936783828e+01
7.348229228973180760e+00,-1.722664122632798822e+01
-2.051877732495527518e+00,9.613059736589497639e-01
-4.486240621861405486e+00,1.729605549463213876e+01
-1.497071742522352444e+01,3.163197810229956719e+00
-5.826859247553535681e+00,4.264129332539962292e+00
8.004393344599615157e-01,-1.149431337081393112e+00
-8.383199239397652880e-01,-2.704150067702894678e+00
1.468840384883359640e+01,-8.951027003003570570e+00
-1.280995335783045697e+01,-5.356866783120207032e+00
3.809506535010775963e+00,-2.655260702982250809e+00
1.467448420131853482e+01,1.129539011842438079e+01
9.182156580803855661e+00,1.006288697621079997e+01
-3.250060056694808797e+00,-1.854923873340844054e+01
-4.157241732204062679e+00,9.037995502654693425e+00
5.565741984128430353e+00,3.917572992693228340e+00
1.121956107802570379e+01,-3.878801283367765862e+00
1.918217241244864368e+00,-1.550381862630753460e+01
-3.088466605092753614e+00,2.529028909614966736e+00
1.479479602615855427e+01,-3.646274817467305862e+00
