4.936712863162521003e+00,-5.770461543926517223e-01
-5.543954913748755153e+00,1.243464356424826356e+01
-3.833706616422880131e+00,1.295053573052675233e+01
-1.405598718161909488e+01,-4.380152528987882654e+00
-1.227414206774542826e+01,-4.626049910901075535e+00
7.492752667898094909e-01,4.425480834790822549e+00
8.415871752084962409e+00,9.376915234659508158e+00
-8.699297570592861462e+00,5.291376635462051503e+00
-8.361199419741716099e+00,-5.139905182821430607e+00
-2.836975544158779616e-01,-1.403674664640889880e+01
5.806504281205463691e+00,6.297023620230599583e+00
3.675730836373207189e-01,-6.924399842398760718e+00
1.516009858073169170e+01,-6.492700203780460200e+00
-3.938238114356928943e+00,-1.148630774719234182e+01
2.418503173957411878e+00,-1.111868231647143723e+01
6.179818930210214667e-01,-1.056866082353208824e+01
-9.077421525382950662e+00,-3.359383971627057264e+00
1.000885378500177225e+01,-1.291793541474576479e+01
1.595014025757289033e+01,7.213414534219922736e+00
2.471088722284049410e+00,5.059259221893294800e+00
7.137468885120761719e+00,-1.214567289925906834e+01
3.772615544648059593e+00,-1.230708371843354065e+01
8.178348450069261588e+00,-5.816312075494886713e+00
3.581667320672432098e+00,-2.935717241325001670e+00
-2.126235854070686049e-01,1.339646189608410642e+00
-8.791141280586188822e-01,-2.858621385794106295e+00
1.012770975445726362e+00,2.639633286837950177e+00
-3.149967529385080400e+00,1.126521435445858366e+01
1.147406418514495208e+01,1.075063223858756878e+01
1.026334984923690286e+01,3.486646736288893322e+00
1.275172593662950327e+01,4.338559770487523615e+00
3.150032175371350718e+00,-4.745377929536321204e+00
-1.214682781190060190e+01,-1.299082494120241682e+00
7.279447516517828509e-01,1.388231807830281106e+01
-1.145493113665623852e+01,8.302503047525418012e+00
-1.325212623806632095e+01,8.285091139462631205e+00
-5.159054808202602871e+00,-5.515968617877211599e+00
1.424974578388717994e+01,8.013367379800218515e+00
1.153174673439932540e+01,-1.178619522508717488e+01
1.328359830464036939e+01,1.039050130026305219e+01
-3.458558481007857122e+00,1.351971993526980942e+00
1.355481796425204344e+01,-1.344076405975638488e+00
3.039172765978641610e+00,-8.335011906193422471e-01
-1.846279200135754195e+01,4.277663643238116542e+00
1.190431115269315221e+01,2.735243741086651248e+00
-1.742098697104146510e+01,7.552688604695245722e+00
7.603547308410528061e+00,6.036435400932473883e+00
-4.254986690336688859e+00,1.846888002220596547e+01
-8.316668680084470466e+00,1.127167428654342629e+01
-1.438248478714287126e-01,-5.235135940825458967e+00
1.106202913643702246e+01,-4.358766887540587831e+00
-1.212366113631167153e+01,2.950354976259376372e+00
-2.930139506092882762e+00,-9.973628968652446858e+00
-1.558557343874906209e+01,5.134704230788956103e+00
1.780359337586222834e-01,7.827602914846270465e+00
1.159349234583954136e+01,-9.974207276746858142e+00
-8.987929366991489033e+00,-1.110395046075717751e+01
6.705566567657890609e+00,1.147016824292186676e+01
-6.626118611065328068e+00,-1.202068216190687089e+01
-5.489653664972752978e+00,-3.351847235112388912e+00
-1.469090458030139779e+01,6.681596136340887782e+00
5.636867708141718225e+00,8.057543708013593431e+00
-1.626932281974445615e+00,8.049506508447439757e+00
-1.872505073360997585e+00,1.588329183167194536e+01
2.736537640632317636e+00,2.239382990566870735e+00
1.059843659116046055e+01,-2.526048281133792539e+00
9.719378432119759381e+00,-1.618555593039809537e+01
1.607291324645029107e+01,3.337554867911786793e+00
1.285453205978115632e+00,9.958313117552869187e+00
3.874239665353288231e+00,-7.458812646810930147e+00
-7.428007121807393531e+00,1.628155768188653951e+01
-1.162368537819953751e+00,1.115348117869315026e+01
-4.330023626907349765e+00,-1.956784923096471562e+00
-2.702402079897529674e+00,-8.021003513916122429e+00
1.554658703772995132e+01,-3.555753405245960508e+00
-2.628417902046461752e+00,1.764780186056805533e+01
-1.313635177132847165e+00,2.712917536819867692e+00
6.757572251446561040e+00,-9.299923792440576431e-01
-1.646531196243969486e+00,-1.244917358760418979e+00
5.273538809034795882e+00,-1.127856332628380009e+01
1.491853524157195743e+01,7.673585937295339388e-02
1.045366196073629617e+01,-8.491067962760681098e+00
-1.154342517380445798e+00,-1.189277398389510765e+01
-1.538951255438312593e+01,-5.824086885208985542e-01
1.863789797164913509e+01,-2.539451394098279025e+00
5.548016276778176881e+00,4.166909736998388070e+00
8.041368056106671602e+00,1.452640744626720881e+01
4.367968629583262263e+00,-9.605837086355855092e+00
-5.524199232906369161e+00,-1.017392088874803946e+01
1.368368610808048613e+00,-1.271399290047546060e+01
-8.031978874046414418e+00,3.635819766130226061e+00
-6.256719009454519309e+00,1.077169644020424322e+01
-7.584041361788876223e+00,-6.842340905657303907e+00
-1.546356382853781852e+01,1.079342398072398268e+01
-1.173746610601254847e+00,-1.006755055183452896e+01
-6.626789325705232159e+00,-8.724950756970642374e+00
-1.145522987134248716e+00,6.297424419915577332e+00
-4.549953134151964562e+00,6.038062216908076429e+00
-1.077746588353268420e+00,1.430655484739590477e+01
8.477422452020569210e+00,1.116452288600701337e+01
-9.997276041016069925e+00,-9.435524899258432185e+00
-9.162585478919501369e+00,1.283002397291192764e+01
-1.390218464109323904e+01,4.528175005167188516e+00
-9.350894411069788248e+00,6.990924465565484525e+00
-8.708180497114682339e+00,-1.630101253348972934e+00
2.946936436402898263e+00,6.801726421820069923e+00
4.873657051616578251e+00,1.010312111126618362e+01
-1.292968538093057695e+01,-2.911723314995077416e+00
-1.057722324196237906e+01,-2.394661501488396294e+00
-3.197013957025069075e+00,1.460885802212972884e+01
-6.180021942574810190e+00,3.826662002331729262e+00
-3.876126615699240663e+00,-4.134164386919757739e+00
-9.117440679106783463e+00,-7.866845883248842597e+00
-3.056598101342259621e+00,-5.745437910048505792e+00
-1.408415147615223439e+01,-6.910037219233468697e+00
-8.182457357229196759e+00,-1.298052838217065741e+01
6.353818948302089709e+00,-9.778902253668409372e+00
9.012091674864302959e+00,4.820378625820377572e+00
-1.287987437235231880e+01,6.371614942985986296e+00
7.511109247506488451e+00,7.837013266545683976e+00
1.256096587711828150e+01,8.704910800847684982e+00
1.375953617430163334e+01,-4.301052490909353487e+00
-1.418995566446878875e+01,8.655583794857125701e-01
-7.327721171057302918e+00,-1.034968786782326156e+01
-7.327810203891308660e+00,1.278567411494163153e+01
3.464534775838808756e+00,1.627174684665768467e+01
-7.687529655786463634e-01,1.735137342827479401e+01
9.220495844064251045e+00,-4.358539850122907566e+00
-1.896548417245918472e+01,3.100946654583801032e-01
1.000146846365693065e+01,-5.983020021728732374e+00
-2.946082348055355737e+00,6.862379039883208520e+00
1.659517571323918972e+01,-7.583123168336660669e+00
-6.867274929371822267e+00,1.454960678512249572e+01
1.538935108446082900e+01,-1.706269911732716027e+00
4.996219320223644900e+00,-4.138126762096901778e+00
8.535638401024561617e+00,-1.480810039304487624e+01
-5.958226848487466754e+00,7.274945650648496631e+00
1.756807494738358599e+01,6.236696217719587487e+00
8.767933493485609020e-01,-8.730972006342259562e+00
1.000858344941216771e+01,1.682130474866955883e+00
-8.463027566584234052e+00,1.910851308149959182e+00
1.172784671239570997e+01,-6.694341711736220724e+00
-1.152268497199269603e+01,-7.856041408487478783e+00
8.503046521626314913e+00,2.804213267560816014e+00
-8.284302763085193533e+00,9.422756485555392914e+00
-1.126302673261858800e+01,-1.070689457457250349e+01
3.778835890160903599e+00,8.281990363827737012e-01
5.334889167354131878e+00,-2.288307978808666210e+00
-1.053002966737042634e+01,-5.971182860587587182e-01
8.003193740506102660e-01,-3.708376631348670127e+00
1.449270617837799335e+01,1.227572169386281686e+01
7.353513371911025942e+00,4.228445506188130310e+00
4.664531002671949089e+00,-1.603392627180987162e+01
2.075305945714165379e+00,-7.436658159940103374e+00
-1.238508501420432673e+01,9.853187441508008959e+00
-1.016203386650363427e+01,1.375866433427559210e+00
-6.775406999588239998e+00,5.573475004012126810e+00
-5.666243143086254541e+00,1.603652801578940768e+01
1.072395568949696099e+01,5.428010328162656606e+00
-6.681084288790266612e+00,2.115753317457464977e+00
-8.714256644548461495e+00,1.610451657931903369e-01
4.057265726825741936e+00,-1.429173447423277032e+01
1.069692072065564403e+01,9.035161218562322460e+00
7.055107313363773613e+00,-2.803768129239296858e+00
-5.942108106517084209e+00,-1.200288596093368243e+00
1.445723947451076263e+01,6.205748649569149400e+00
-6.923198335684544347e+00,2.854628136016719719e-01
3.730317090493531662e+00,3.755264069939267646e+00
1.262506553312690372e+01,1.216417964239062321e+01
-9.596583491528078991e-01,-8.239637174113594753e+00
-5.805138434230722844e+00,9.056602274540329844e+00
1.246404820382492495e+01,-8.430451155949080899e+00
1.022945178764747531e+01,-1.644761324957583204e-01
-4.296173288928150313e+00,8.042382954258933125e+00
-1.560552502991641077e+01,2.131763408000762805e+00
-7.687911229349608355e+00,7.626332215573167872e+00
6.124664368859221497e+00,8.496215535072338954e-01
2.585294579889091171e+00,-9.330305201901246903e+00
-1.042154581434668437e+01,-4.546717404224433601e+00
-2.707580891529974831e+00,5.020413486997500563e+00
-2.054882750169986672e+00,1.277776869594897846e+01
2.385194150257821999e+00,1.460904762592429229e+01
-1.673224685341761031e+01,6.899344340584272484e-01
1.595518374443185650e+01,5.125798565322096323e+00
6.747004503774455486e+00,2.525358413706339622e+00
8.811528109060164482e+00,-2.620259039129586576e+00
3.873810263084064509e+00,8.300782905657740685e+00
-4.460253284977670596e+00,4.244978656258806993e+00
1.083349013169199715e+01,1.248857311467322262e+01
5.487972199582175747e+00,-8.208490808592138421e+00
-4.356823724853742696e+00,-8.838675416119883721e+00
-1.578554660653697717e+01,-1.040152765529914092e+01
3.198043160445530386e+00,1.179344064553251314e+01
-1.436083846748333670e+00,-6.512591015852476239e+00
-2.698669224382264087e+00,-2.794441975407975232e+00
1.241964875856598383e+01,-2.980805140839561052e+00
-7.300277296279064743e+00,-3.701954656721600845e+00
1.898086581789922622e+00,-2.309594941217667952e+00
1.452802627022459880e+01,-1.190465431884362957e+01
8.314008449854416727e-02,1.566842700284303902e+01
4.872888636307300736e+00,2.352168087202123559e+00
-1.788828264331330020e+00,-4.398221239577127406e+00
1.414074674041879476e+00,1.884061748942677994e+01
8.537104377284240542e+00,-7.796234336328526915e-01
3.068908890839176506e-01,-1.398201712468765567e+00
-4.841368571790511943e+00,2.517224206060165947e+00
1.111061355878188550e+01,1.427168050649565068e+01
-9.786858781316961853e+00,-6.240972462997085302e+00
1.179796110298476641e+01,-1.067320255955764186e+00
6.379781470830242718e+00,-5.277070755920852285e+00
-3.479961247947003677e+00,-4.270476447314694446e-01
-4.219180342193861399e+00,9.810222069131041778e+00
2.737952302476429622e+00,-1.849518854711512361e+01
4.625566864827834301e+00,1.287663812547535080e+01
9.803329608151344132e+00,1.580406361193526443e+01
1.576354486769611096e+00,-5.619413260942262234e+00
-3.866104032862364814e+00,1.632401051861845076e+01
-1.799294717055625270e+01,-5.283448910419951794e+00
8.898733559069366805e+00,-1.004531554232026025e+01
1.396235500839822485e+01,2.931021251542847317e+00
-1.111476407449435122e+01,1.148051428722712330e+01
-1.110069457098625456e+01,6.571849125301588046e+00
4.226028304711560324e+00,5.495742725111695037e+00
1.345266474594781059e+01,-1.025606569461457518e+01
8.308217590029375543e+00,9.915593961480225760e-01
-2.458657725550546402e+00,9.630476768303781299e+00
4.631068211248586586e+00,-5.870412632692871391e+00
-4.835560461611053129e-01,9.473199810071738725e+00
8.670849432325043793e+00,-8.078001403377687240e+00
-4.297335061428401382e+00,-7.073675447207888212e+00
1.883161292905521256e+00,5.513658706169324297e-01
-6.055094178687808970e+00,1.799664046439649567e+01
3.060738800859640119e+00,9.911123225256687874e+00
6.467911946056823069e+00,-1.583989619303283369e+01
6.815787503168681205e+00,-7.039206875276203590e+00
-3.030198352432932563e+00,3.140610834579264043e+00
1.002900503966268397e+00,1.170878325292524735e+01
1.019149594847839957e+00,6.179217779867625993e+00
-1.388140732050337434e+01,2.726665554581489292e+00
5.416205333861919158e+00,-1.308541416648346889e+01
1.981985258588482957e+00,8.295289973018062923e+00
-1.027046657439076638e+00,4.476020877208387816e+00
1.474234832347052482e+01,-9.022924607353846937e+00
6.621303931320100311e+00,9.610129427881290098e+00
1.264661269802153143e+01,6.116029881992289141e+00
-1.907287883962963670e+00,4.968500015634840228e-01
6.920087382667412079e+00,-1.409631999586762419e+01
-1.436644852723470045e+01,1.241699164196018579e+01
-5.106200628904455030e+00,5.842116461283783924e-01
-1.699794344580856986e+01,3.248080384408284171e+00
-1.529106755514094473e+01,-3.028252057474625225e+00
-1.194085567557146632e+01,1.174727709735180703e+00
1.574681855570960209e+01,-1.053938592140310249e+01
-9.783355807875885546e+00,3.237718988878791393e+00
9.239644832878479264e+00,6.888261928068240003e+00
1.161561043035591467e+01,9.155607407349124482e-01
