-1.106623859867704951e+01,1.550247770017604498e+00
1.746897190647110065e+01,-7.405551363233785267e+00
-6.805634159122128102e-01,-2.732454962631007955e+00
2.902988886252548362e+00,1.202205725484683541e+01
-1.251621371229428092e+01,5.769613290889601842e+00
2.774849195509681565e-01,1.423397928379087318e+01
-4.446758598596535883e+00,-1.191692908788238636e+00
7.960719935352938315e+00,-9.438848357660537758e+00
5.177674769147203593e-01,-1.705678380650717330e+01
-4.191618237759428212e+00,1.333981166596186974e+01
9.234906577654786730e-01,-4.718687315363835566e+00
1.410311968195560262e+01,-4.237171161018666865e+00
-4.978753703365184968e+00,1.537430579316757928e+01
8.030660470928744132e+00,-1.431565203306112366e+01
4.288000028526623986e+00,-1.593366448588716011e+01
-1.565181948146877389e+01,-6.601665012080444761e+00
-3.719900666841724934e+00,-4.576394046798935911e+00
-9.813157055980004984e+00,-1.121985832092511792e+00
-1.459073663022872447e+00,1.471395506135933928e+01
4.935070225322983895e+00,1.504187124618955451e+01
3.430682648389387968e+00,-8.223392157894743093e+00
3.035840325200882095e+00,-1.440669663826197500e+01
-8.020128147655569251e+00,-1.722358071305980687e+01
-8.600092155776964731e+00,7.107645418072721988e+00
1.302559999344527064e+01,-7.831237104769133595e+00
-1.386013636388647186e+01,-6.489333323880424054e+00
-6.106141512393692850e+00,-1.414278202140251217e+01
8.210532115976423739e+00,-1.469192912477001123e+00
7.053559667198642913e+00,-7.674187082622084155e+00
1.548743308425051524e+01,7.624683105209385303e+00
-6.270962868452897965e+00,-3.418746430336168096e+00
1.908181124100123860e+00,-1.300646744859769655e+01
-6.501542888016041966e-01,1.073069609213042952e+01
-4.262060524826440933e+00,3.082431084847298219e+00
-4.067223298865560999e+00,-8.138909339158722389e+00
1.575147665130233143e+01,1.054591096404363171e+01
4.329838986804663392e+00,-9.754171614292442172e+00
2.557864043479828986e+00,-9.917601494905202486e+00
-6.968818970174710969e+00,-1.579277580328017017e+01
-4.924416444824792904e+00,-1.082207482744022364e+01
8.291427957965614937e+00,5.312602067549019758e+00
-1.852706140067164142e+01,-1.985183308718620365e+00
-8.066423726321740872e+00,-8.865282729282729646e-01
-7.596222616029898234e+00,-1.312035708061674733e+01
-1.365552176793625394e+00,-1.008084073619552079e+01
-8.160744658359234904e+00,-1.132589606933051130e+01
-1.329347709615549356e+01,-1.580240175025344529e+00
1.609557443786000874e+01,-3.438479209034587258e-01
8.865018004172521060e+00,-7.857604428517571904e+00
2.299682805430550703e-01,7.423924087373488412e+00
1.664870896180929805e+01,9.016097106650491355e+00
-1.014897760032623708e+01,5.888438781516932785e+00
1.858484208338952337e+00,1.020894608987393148e+01
9.702992827909065809e+00,6.486555434640006723e+00
-2.530181462153112459e+00,-1.411480092181818335e+01
2.514842968236635778e-01,3.065378878431996412e+00
3.824081245487920278e+00,-4.085680090389798735e+00
-1.504454184331430611e+01,-4.770343404160527712e+00
-3.792585890819097028e+00,-1.269287098497888344e+01
3.810769421849402594e+00,1.361163293127948570e+01
-2.115094384600700650e+00,-7.746246853567122059e+00
-8.074901221032595444e+00,5.386587559320416219e+00
-3.213033627798306924e+00,1.482505719391756926e+01
-1.680421788037258324e+01,8.333190248388918420e+00
5.705167436225480060e+00,1.142276734585079945e+00
-6.717347605437264946e+00,6.676102676919558832e+00
1.650672354560668253e+01,5.204019803750329132e+00
2.897239684307730267e-01,9.243062576986323720e+00
-8.459700621558844391e-01,-4.958868525802007099e+00
-1.500997280047305615e+01,-1.215655009917936624e+00
-1.680112486943744443e+01,-1.609687537066638141e+00
-6.658279536871241966e+00,1.589096132621619439e+01
4.345428969808524222e+00,-5.862171596487288028e+00
1.611814418925832992e+00,4.227358114012679025e+00
1.106186654414803572e+00,1.182804857747711758e+01
9.741366569840932854e+00,-9.725006872741928987e+00
-3.023792131419357432e+00,-1.197560050396179465e-01
1.430411276032153900e+01,9.462143226662641737e+00
-8.839357024094828930e+00,-4.294631646559657234e+00
-4.644839136632807453e+00,6.652176530990784542e+00
6.698194563828878678e+00,4.319247863354163997e+00
5.328561840372781910e-01,1.601206891373454866e+01
1.143973237708879687e+01,3.537574494079878562e+00
1.059504931378000769e+01,1.405067948954633295e+01
5.477313785940680191e+00,2.950312418476111365e+00
-5.672575531348285516e+00,9.960007920167331719e+00
-1.197660627936534183e+01,-6.749295187573356003e+00
5.291520897851578198e+00,-8.074909532305303728e+00
-1.034733607739145356e+01,-5.233240493558871442e+00
-1.546118897835584782e+01,3.131608579689989291e+00
6.730658967759584499e+00,9.984905181389303053e+00
-8.000353355110913611e+00,1.256352755819271394e+01
-5.209119034250881519e+00,-1.601366700013546307e+01
-2.900627202818045980e+00,1.195715537606456103e+01
-1.722985658782573282e+01,3.535561951391932745e+00
-4.336972013337002885e+00,-1.446134217664201493e+01
-7.576453931641836448e+00,1.427449457104295938e+01
6.869874625208127750e-01,-1.000352937160375255e+01
-6.438650147629840781e+00,1.156179264583273536e+01
9.903300564689685004e+00,-8.860391008049512962e-01
4.869633949796035033e+00,1.154496237629978772e+01
1.659775473767779230e+00,-8.364876383782734237e+00
-9.369531110191971379e+00,1.468080539874936008e+01
9.316153299613437966e+00,8.400329037502926255e+00
1.484051980569642915e+01,-1.610184074455548675e+00
-6.057457267405262691e+00,1.334810621559113564e+01
3.638534881435659063e+00,3.313576217490448617e+00
1.188994713140504800e+01,-3.707406508099706954e+00
-1.355145500578246454e+00,1.295315508779554392e+01
-3.261062982485603445e+00,1.638610776983089989e+00
1.964119668176873779e+00,-1.594165718414013888e+01
-1.312961102969931293e+00,5.139320306464314925e+00
-6.368450732888160992e+00,4.889983018607128251e+00
6.516182599485615512e+00,8.065267863677901161e+00
-1.228300766855097415e+01,1.298591619312809442e+01
-9.614492890696553218e+00,-8.715628617667338318e+00
6.718270070278612671e+00,1.176384459067280019e+01
2.027904381658538036e+00,1.387987255152600952e+01
1.131810547719940807e+01,2.463437484534854727e-01
-1.570099070050519252e+01,9.761673241958838787e+00
-7.882842698382748203e+00,-2.692192367967193967e+00
7.817112239233200421e-01,-1.458958821534773875e+01
5.071479290186789335e+00,5.052090985769146059e+00
-7.240197483947246937e+00,-5.067123264740613919e+00
6.070667432412759190e+00,-6.223039764171536703e+00
-6.583242457095330735e-01,-6.715474482132425926e+00
-2.980005769496741230e+00,-1.651890355435355673e+01
-4.335492238784009467e-01,-8.523060977524789195e+00
9.132130419488314388e+00,8.721167429650296121e-01
1.129071043990917289e+01,-2.031414686652848633e+00
-8.153573207499620334e-01,-1.376619819027302505e+01
7.649070721385499816e+00,1.599375572637663723e+01
-1.606261996508400713e+01,-3.227474788067388189e+00
1.328322878574713251e+01,3.861260418860675614e+00
-1.338190703618680999e+01,1.199422040857780258e+00
-7.892352110949879318e+00,1.015761331525430933e+01
8.024256555292147652e+00,7.051290501786121823e+00
3.316738373369851889e+00,1.605374181503664488e+01
3.315070277971959634e+00,-1.166295986541725682e+01
1.074778700349304295e+01,-5.088063374212715040e+00
5.889217275598734425e+00,-1.160281422688682440e+01
-1.154469459503648920e+01,-1.508976541153217532e+01
-1.046931599844231364e+01,-3.390576647932240562e+00
1.127946234795900793e+01,-8.782803654548631656e+00
-3.243874218220756500e+00,1.667099107366867372e+01
-1.009870667111534637e+01,-1.400161123882070235e+01
3.862292098965745435e+00,-3.312604419623242369e-01
1.642596560862673272e+01,-8.906889085852863985e+00
2.212539093853819416e+00,-1.119711567084400006e+00
6.025791521472184664e-01,1.213662795691063279e+00
-4.600308276393840323e+00,1.152521294599986135e+01
-9.765021729142366880e+00,1.289437858345872101e+01
5.691536692648035078e+00,-1.473470547478844317e+01
-1.413361958936691742e+01,1.268913448609998618e+01
-9.067618962285834527e+00,5.631674656786319622e-01
9.927235621521431241e+00,4.550436263669856096e+00
-9.465434404409666769e+00,2.412169300530273564e+00
2.602405620343493986e+00,-5.397535539332613652e+00
-5.739078249884580707e+00,-8.692717898253031095e+00
1.177270239093167348e+01,1.190000658542255962e+01
-1.551054152244948581e+00,2.590996059612360014e+00
5.052160449838759781e+00,9.122807919291574308e+00
1.512717583279746769e+01,-7.282605991267845802e+00
-1.392514310492403951e+01,-3.227050969607045516e+00
-3.425261083370198190e+00,1.020763280962340680e+01
-1.594933627708038593e+01,6.696761497750568282e+00
1.210398755708356644e+00,-2.982587016978760719e+00
1.471214739257559145e+01,5.105960659953685976e+00
1.776913153516692745e+01,-9.843243139847240863e-01
-1.149506187184962691e+01,-1.875123388625776100e+00
-2.131107158730289886e+00,-3.731602578839481765e+00
-9.451419358302789675e+00,1.109396462913360715e+01
-3.385141089311792140e+00,-6.430093684859779835e+00
-1.217535216866068026e+01,3.909698183429661800e+00
1.882903930018465788e+00,8.195946772589035589e+00
-1.661337547529373992e+01,1.769365973810599346e+00
-3.243697860008721623e+00,-9.989011790054791007e+00
6.423194178683142574e+00,6.179261572648258038e+00
-2.880741761219045571e+00,-2.076880905101221142e+00
-1.242889991413611916e+01,7.806518461749267779e+00
1.014252031613603044e+01,-1.204765425406154833e+01
1.005697349820099795e+01,-3.421832715885239296e+00
9.987118648654494280e+00,1.217466012595163782e+01
1.286499279283680863e+01,-9.605387598660477977e+00
4.558245381325064294e+00,-1.335062051409421358e+01
3.573546909730195509e+00,-2.351812213531333295e+00
-1.588461164741728204e+01,4.865943055132642137e+00
-7.366561510704965343e+00,8.444277480379041023e+00
9.788777828840537154e+00,2.646491090048841865e+00
5.369513280741470496e+00,-1.248809231788487795e+00
6.531801712375481017e+00,-4.447402606467155906e+00
-5.570346280766949043e+00,8.149002863434686716e+00
-1.332152702625805096e+00,-1.730491560604137291e+01
2.070240964250884996e+00,2.503102217505010163e+00
-6.024396351647475889e+00,3.032066763899406325e+00
-1.032061349231321756e+01,4.086170095788284051e+00
-7.437214918815842069e+00,-7.438073181464650574e+00
6.104440707807201605e+00,-9.751663004423535952e+00
1.465100353516398002e+01,-9.298955498166316502e+00
-1.163462178983343698e+01,9.419249310946298692e+00
-1.736090668234377432e+01,1.122390593136756570e-01
3.114645697148739956e+00,-1.731566071716310162e+01
-4.491070108969288377e+00,-2.988680774731769407e+00
8.095337267134588899e+00,1.294542113349003110e+01
-1.509034767574005542e+01,5.704404991158392724e-01
1.665357550740837311e+01,-4.786957545473414122e+00
-3.758387503168087118e+00,8.433091283388311155e+00
-1.631177592669447174e+00,9.119635079758973362e+00
2.318931289662037099e+00,7.135883970172739454e-01
1.225489361195167248e+01,-6.187117617189500152e+00
9.283124362398202933e+00,-6.120802756467845107e+00
1.124152233112679689e+01,-1.357758214430264587e+01
-2.360777909327817614e+00,-1.159710031583471235e+01
-1.427683325197782871e+01,5.871656494476126475e+00
-2.979963363665437459e+00,5.993932005750340686e+00
-8.518907311316502584e-01,-1.551428754548266653e+01
1.333463939988524771e+01,-2.622287373918779974e+00
7.480270413306512545e+00,1.550733409047238220e+00
8.607544711857757491e+00,-4.426419118745559267e+00
8.798646013058126769e+00,1.461482393884928399e+01
-6.984123695397864040e+00,7.405754735527756427e-01
5.534147854456795912e+00,1.320155926352256692e+01
-5.081491956379814212e+00,5.758464038196681178e-01
3.666189299220113385e-01,-1.314176820935439194e+00
-5.699506272413049857e+00,-6.941068611317715131e+00
1.557628952327577032e+01,-1.086959568799221465e+01
-5.066548341374121217e-02,1.802021226657886288e+01
6.913030367366898687e+00,-2.517648937031877754e-01
-1.310166778701346146e+01,-8.155094086549357968e+00
-1.394078505372877430e+01,4.084812682277188856e+00
-8.666988742615915342e+00,-6.168751810457369089e+00
1.067875805628084152e+01,1.048205030772482083e+01
2.018817380731829481e+00,6.437726405303575206e+00
-4.401917974503567699e+00,4.879893603401694868e+00
-2.703950127465039266e+00,3.982463631175008345e+00
4.687448732179832489e-01,5.563916629122974022e+00
-1.107799967595776591e+00,7.564886667582125801e-01
8.108390048911159553e+00,3.202633591680288827e+00
-8.476097689518114819e+00,-1.466950250338610395e+01
-5.453738802842954314e+00,-5.104463225982743602e+00
-6.210603454513099031e+00,-8.560215056568766245e-01
-7.679793399510087326e+00,2.390504300216949041e+00
5.322586475178487930e+00,-3.012547602778848699e+00
-1.297766642456842590e+01,-4.838172300253448910e+00
6.485749361979369354e+00,-1.642634073681273321e+01
-1.131406876114368032e+01,-9.542572063353372158e+00
3.918587412449656249e+00,1.524270507831327004e+00
9.902893007739297815e+00,1.619580919448186052e+01
-1.617768680025637007e+00,7.124690333404792852e+00
1.233279504888882272e+00,-6.658355053794496214e+00
-9.327273203815702018e+00,8.835167971323482305e+00
-1.492644081281978119e+00,-9.969398536596433269e-01
7.816230768772371995e+00,-1.132086525271509458e+01
3.187840964662966847e+00,5.093512241868213941e+00
3.628807235320699931e+00,1.021109782130583987e+01
1.548121960767279148e+01,1.405988559411496697e+00
