6.331617730156250623e+00,-8.724722720778874674e+00
8.667285727433965192e+00,-4.400107062323283635e+00
-6.738263251954770716e+00,-6.119103737341005989e+00
-1.817820422725643681e+01,-4.253860796080410900e+00
5.288386556357828283e+00,3.810601222755786388e+00
-8.259169833346328815e+00,-9.277426512521518731e+00
-1.609352361335547599e+01,2.600437118810721593e+00
-1.876411031357538395e+00,4.818946738973372557e-01
-2.303771622232527960e+00,-1.447547630019028730e+01
9.705967122030752847e+00,-8.089705872143488463e+00
6.853902724739018737e+00,-3.055174449919873414e+00
-8.854398946667455306e+00,7.181583575241380579e+00
1.728475370186210780e+00,2.567435979499838261e+00
3.214290286029792831e-01,7.910494751997324769e+00
-2.065202474414224554e+00,-9.755981385160774622e+00
-1.072479903262605561e+01,1.365811557485619998e+00
8.321236720570855283e+00,6.944041086771341575e+00
-2.230519138406034774e+00,2.209626307319482841e+00
5.324191903821979821e+00,6.647363362679307386e+00
-8.991131053415683638e+00,-6.769637120828795318e+00
9.483214642940186678e+00,5.512598648930187473e+00
3.215621504264837505e+00,-4.141434910351916798e+00
-1.626563290342779666e+01,7.435777388427248447e+00
9.433765923973410628e-01,-4.817601146228526865e+00
-7.572343422469701046e+00,2.003367801013536287e+00
-1.581455498544741323e+00,-3.376939417787210296e+00
-1.868575670563072666e-01,-6.750965090225124143e+00
1.949678620524862224e-02,-2.526938578559511317e+00
1.059189503366926388e+01,4.125307612222458009e-01
-8.043085538672738011e+00,3.862431323150629758e+00
4.966906624184412422e+00,8.367576441736311210e+00
-4.146798629081914100e+00,1.854060404298999387e+01
-1.512860452193546124e+01,-9.444010078729402125e+00
-1.759947477932556348e+00,-1.161027536407958216e+01
1.762142191359093601e+01,-6.657332972179704100e+00
-7.526125960537654258e+00,1.344391682868929472e+01
-1.661350338098641188e+01,9.218684891613555976e+00
3.630237804059584406e+00,1.216894075237489226e+01
-1.640590796130308249e+01,-3.086303546509909346e+00
-1.775083673559882769e+01,1.833815886494178260e+00
-1.217895953207818138e+01,-1.395124804513099059e+00
-1.456108810698589373e+01,1.220256383477120110e+01
1.106486475612535259e+01,4.756381779490828521e+00
-1.681307059436226226e+01,4.343315815612684538e+00
-1.386790617368836642e+01,-9.196298441164234561e-01
-9.084228645464589302e-01,-5.020594755071901893e+00
4.916709090483436739e+00,-2.942816560257074610e+00
1.564252009661726817e+01,-3.940264954048585899e+00
4.924693813687561317e+00,1.065564562370570201e+01
1.640431461771322486e+00,1.420136079984568056e+01
2.137194037856676498e+00,1.708362486341671271e+01
2.482211680216193539e+00,8.037305665845481784e+00
1.368127946329721567e+00,1.243831374959517255e+01
1.019614669896580850e+01,-1.339048839045080097e+00
1.475653058071246448e+01,-8.613731017829355352e+00
5.292321413807870023e+00,-4.687655898406497990e+00
-4.446255919785090605e+00,3.661464098611297402e+00
1.059444638515906689e+01,-3.063051556376531259e+00
1.653544866803489199e+01,3.404631148960887366e+00
-4.489045373733524080e+00,-4.799698787241908349e+00
7.692353180778061628e+00,1.169412101558623718e+01
-1.423011188397483018e+01,8.500139737842243859e-01
-3.353532676843940408e+00,8.792994723342372865e+00
-9.290934401454975955e+00,2.532649991115065724e+00
-9.664385741737915869e-02,5.701696702242654347e+00
3.490185295439859559e+00,1.577908730137926341e+01
1.259564357263667667e+01,-8.527261756964575667e+00
1.639685687058527463e+01,-9.594025320917674904e+00
-4.872868111301666083e+00,6.589997901914570022e+00
1.260700226982769756e+01,-2.910804322661891153e+00
-5.028224443004562616e+00,-6.532576428928276613e+00
3.204050253238134083e+00,-2.287202054656400918e+00
1.057689843325584533e+01,1.577234566232694313e+01
2.896100884155245581e+00,-7.738917932000614286e+00
6.374598578479517386e+00,5.229118637891298604e+00
1.158794754648191194e+01,-4.596638067978080500e+00
-1.292182823288429283e+01,1.152228508950672747e+01
-1.780450338468116511e+00,1.499425777104274182e+01
7.851617265132123435e+00,-1.179048420781490059e+01
-1.257667841665370467e+01,4.938386413902831507e+00
6.557356157092016247e+00,2.156891935490680423e-01
-9.404915869112585369e+00,1.061443293706610902e+01
8.789865383962455425e+00,-2.527086468402413022e+00
-6.537282553664831575e+00,-4.337273106063488370e+00
-1.367403616303867864e+00,-8.097834189109585523e+00
-7.471787750349923485e+00,1.779378309230938426e-01
-6.193986115046428154e+00,3.470170219720979166e+00
-2.846822665982197131e-01,1.406432845204195381e+01
-3.364435346659779391e+00,-3.035264531275926547e+00
1.637834667027813662e+00,-9.753704407594216974e+00
1.452745960931217795e+01,4.102202058356868797e+00
1.203155023091829889e+01,1.472373250230174735e+00
7.968332711639050103e+00,-7.867377343371966703e+00
1.272768679197034203e+01,9.531984011641858601e+00
-6.661287060351072320e+00,1.618653645828720755e+01
-4.003089246953096314e+00,1.952527167386280738e+00
-1.457266796484988447e+01,-2.598761796119992251e+00
-4.358246457011322406e+00,-1.362692683767326329e+01
3.535448261432302175e+00,9.522367793551923754e+00
-7.941369619586126305e+00,5.638474540527135481e+00
-1.393449690072790625e+00,7.305793523135482026e+00
1.833641263730815751e+01,3.018458508469873181e+00
-9.559984368342792915e-02,-9.437889524679613729e+00
1.542004844821866705e+01,1.954405926052768638e+00
-1.508938566659534297e+00,3.807618487044983180e+00
-4.427945898696829197e+00,-1.528221178449365114e+00
4.985435491968364663e-01,1.629435712990354546e+01
-7.366970304440487283e+00,1.151493689453270086e+01
9.505475669089646473e+00,1.162274202072355145e+01
5.218105322744652774e+00,-1.012184478787780506e+01
-2.431884770581241195e+00,-6.670044113930141627e+00
7.410899268538067020e+00,-1.364916218964788763e+00
1.174209657741032764e+01,-1.306217894138193891e+01
-5.273384154352213748e+00,-1.151975249919567901e+01
-1.457380047146164159e+01,-5.021794969398259312e+00
3.474796793141802009e+00,-9.520026308262806936e+00
-9.805354230747875377e+00,-8.373700556519152016e+00
1.037332165323755362e+01,-6.334308718322253284e+00
-8.996735396230484127e-01,-1.011451012561345841e+00
-7.508177930860295390e+00,-1.274262666725628712e+01
1.590717191405472741e+00,6.403509122118586028e+00
-1.316414628304464429e+01,8.422940578629166453e+00
6.336120627294671515e+00,1.599282582192111413e+01
-4.540387106380721072e+00,1.655269379353688919e+01
2.981113844570884019e-01,3.602557535358496654e+00
-9.157507566944742550e+00,1.661127789420206469e+01
-1.249077495505176039e+01,-1.107697395337652502e+01
1.246996458108694839e+01,6.961723432321110572e+00
6.907447163524230049e+00,-5.551602613727593116e+00
-9.078467819609628009e+00,1.237199881416885816e+01
-8.387334662794847517e+00,-1.108755072466791169e+01
9.452434388926244324e+00,-9.870992348618120360e+00
1.756871319847441271e+00,-6.379773316281466045e+00
1.390726699707678016e+01,-1.628521117186797706e+00
-9.365174765487875419e+00,2.263290318104770882e-01
-1.562687520069874481e+01,-6.571771889251983190e+00
3.693723596326501379e+00,-1.610805084421984290e+01
-3.151327914051908596e+00,-1.612830114407043780e+01
-5.570278680128097903e+00,-1.091712543075271241e-01
2.704424398804154972e+00,-5.944152597636995772e-01
-9.997657933172890310e+00,-1.195419799608808020e+01
1.901052595567267023e+00,4.382081347834201779e+00
-1.330590756450905232e+01,1.353422824602162144e+01
5.226484692674548960e+00,-1.517588981524522929e+01
-1.318582319609014597e+01,-3.812345626278757393e+00
1.051849862156699800e+01,-1.477131824293867091e+01
2.896410235990468873e+00,1.208842131857078783e+00
3.930205649732409157e+00,2.669238277657400626e+00
-1.057954235797118514e+01,8.853307616620833542e+00
-1.116217600049870384e+01,-4.713696709288726971e+00
-1.253346587297227011e+01,3.164624190111088087e+00
-1.138009900758850890e+00,1.720301882703956764e+01
5.504554425412996110e+00,1.759799319653042371e+00
-9.489621534747504583e+00,-1.440407638738604135e+01
3.506583609005276880e+00,6.482579456912763938e+00
-6.300922347623552966e+00,-1.775708438935236222e+00
1.898106320801971236e+01,6.248083995810872482e-01
1.933586171437884360e+00,-1.555197696390328232e+01
-6.129740158823116403e+00,5.274043720906705701e+00
1.583496314453021192e+01,-2.089042242917059866e+00
7.022402273381439741e+00,1.765033178003242043e+01
-1.115422048983250569e+01,1.087982158497191776e+01
-1.638839608563376871e+01,-4.922297116403000494e+00
5.945272110729852955e+00,1.210210886481013226e+01
1.325033154201274765e+00,9.434761200859572483e+00
1.127704962131853428e+01,1.200990387448501728e+01
3.735535815669326354e+00,4.672046928253443809e+00
-4.419329485080332631e+00,-9.900281744929314343e+00
-5.895904856206712452e+00,1.785297012695204444e+01
-1.154712792838665258e+01,1.380539873489156832e+01
-1.803409838315794644e+01,3.043006039741341304e-02
-3.595687748781723592e+00,1.489562002524454343e+01
1.077862882694662128e+00,8.096783813551121645e-01
1.364095621764909616e+01,2.517328491823575654e+00
-4.643260912163850174e-01,1.768703745988013276e+00
1.648518736800852480e+01,7.930180892491975442e+00
-1.486071885690468886e+00,1.894011910997449988e+01
-1.049921465698695400e+01,1.536045544842752442e+01
2.988740257184047788e+00,-1.874157556373476652e+01
4.636546490669295473e+00,-8.124960632394666149e+00
-2.724708267786715599e+00,-4.848101039981615124e+00
1.208587950582605330e+01,-6.763629007295567597e+00
-1.127985494491186280e+01,-1.462807732781062064e+01
1.003750315098773527e+01,-1.231690214534148353e+01
3.526532321351432575e+00,-5.913322377342450586e+00
-6.170416544093466626e+00,-1.389281541935500286e+01
-1.581897176945930905e+00,1.096284065296293164e+01
-1.425278935960899318e+01,2.680649059812752366e+00
-9.302916755349135869e+00,-1.652690246610204383e+01
-1.126094770912068554e+01,-2.950965462182143284e+00
-6.741691290206805576e+00,6.971739725056486314e+00
8.872053785501140766e+00,-1.679401617171731687e+01
3.418820383604360025e+00,1.395274217499023273e+01
-3.157329232375623906e+00,7.006962483082917359e+00
-1.925017580968165776e+00,5.603276813029519410e+00
-7.338459285520757547e+00,-7.762993860895010201e+00
-4.078919682643181943e+00,-8.083462989151248834e+00
6.512237114646125313e+00,1.381156146113287697e+01
8.534285916563559837e+00,1.334290310062420915e+01
-1.434386246360156214e+01,4.568067826941040188e+00
-1.843110522683282326e+01,3.500578222896213898e+00
-8.705764121702872060e+00,8.986631452640065021e+00
-1.784923871923684757e+01,6.456776798353620173e+00
-3.727071858541110227e+00,1.584117588348267769e-01
2.357121243023061030e+00,1.095764787587121347e+01
-3.408899306715302835e+00,1.059069176871343920e+01
-1.301352859805541939e+01,-8.546599549524682260e+00
7.875087740133658087e+00,1.410173841541818796e+00
-2.641143225748647794e+00,-1.325472256318404041e+00
-5.608172890558571488e+00,1.246406009189769648e+01
6.878381973117191350e+00,2.922444027542025591e+00
9.726261290569035989e-01,-1.007405881861489494e+00
-7.662662692483750426e+00,-2.957735651521527842e+00
-1.177341550861933150e+00,-1.840529693099992770e+01
-1.555298406022377655e+01,1.074033477588265484e+01
1.288765488099756595e+01,4.995886429025899744e+00
-1.545737382318789876e+00,9.063762207373377677e+00
-1.331369947667955245e+01,-6.434182897985641247e+00
8.963374424229680670e+00,2.871503876010917722e+00
8.362449060329339545e+00,1.004331894020310756e+01
-8.277692420441207233e+00,-5.079686984166847274e+00
2.704188405093609582e+00,-1.119229193244941456e+01
7.828281531361453993e+00,-1.368730556988295000e+01
1.748183531800206936e+01,4.924898424832724331e+00
-9.639058049092174230e+00,4.626976578087845127e+00
7.593889171922411307e+00,-9.978233531230483067e+00
4.403575358798332395e+00,2.764467505917773682e-01
3.982312210765787119e-01,-1.455440725131509794e+01
-6.499710742150108800e+00,-1.605814468674932627e+01
3.221820132900699907e+00,-1.291028425397304424e+01
-1.006912378749675696e+01,-1.012429349002998258e+01
1.647666924300678737e+00,-3.193640071652999346e+00
1.343776778542360617e+01,-4.598392352922322956e+00
-8.472817293219357282e+00,-1.341651405553864640e+00
8.593655712357007204e+00,-6.209008721678021203e+00
-5.185182374736716504e+00,-3.143310995027854382e+00
1.410981938404791025e+00,-1.242389748298230501e+01
1.692345725862651751e-01,1.077865917440540855e+01
8.728578307377992118e+00,-1.812512547247600858e-01
-5.188722356039346728e+00,8.350288996464485081e+00
1.087263927858203472e+00,-8.024988671900626258e+00
7.998770753623814400e+00,4.455396141881074357e+00
-1.401607012905469318e+01,-1.223764833475713232e+01
-5.784486179374487946e+00,1.693828175429758609e+00
5.307255202355523060e+00,-6.459624025125587643e+00
-7.668506492813226272e-01,-1.655944909050051450e+01
-3.655547844331954455e+00,5.254667630648504506e+00
-3.582566517019353469e+00,-1.199059224879723828e+01
-8.131616774528916736e+00,1.519040938594703327e+01
6.876732288702640083e+00,8.027711515936562847e+00
-1.255348899317089639e+01,1.391541219229847526e+00
1.516760692755274142e+01,-2.968868905891662302e-01
-9.442942547739125558e+00,-3.049599062975920649e+00
5.488125761098105571e+00,-1.280499558120925974e+00
-1.030241378817927966e+01,-1.438796651074195410e+00
6.559902959319230398e+00,9.810176194651337056e+00
