-1.610447463932113132e-01,4.991253223282768658e+00
-1.172252201733027377e+01,-7.012304824400499292e+00
-1.248153748247636052e+01,-5.353110613639102233e+00
6.015217926722121966e+00,-1.351681757594393218e+01
6.070045997047019526e+00,-1.170998128578341912e+01
-4.617774825845652131e+00,1.899213818519331354e-01
-1.030409731615308999e+01,7.265107446637121491e+00
-4.232987411805426703e+00,-9.430281098317895072e+00
6.269350826638580010e+00,-7.756273417654916180e+00
1.398310417790499116e+01,1.384908584362846140e+00
-6.977815636481544459e+00,5.091513472768653514e+00
6.811057982330968485e+00,1.409385244432772799e+00
4.660096477786049185e+00,1.583134429853055103e+01
1.223075259601892562e+01,-2.783605837703671426e+00
1.078188681156010631e+01,3.825023569708936311e+00
1.036893429628281282e+01,2.115229304001946975e+00
4.342465633155081051e+00,-9.004438795543922680e+00
1.165756675137002851e+01,1.144080796803949340e+01
-9.042596213080395628e+00,1.497200274728632330e+01
-5.310076275014340652e+00,1.856988051269784501e+00
1.121834009398939358e+01,8.508876456130405330e+00
1.198212764278122577e+01,5.248018883939169044e+00
4.929697063206800678e+00,8.858331806836208244e+00
2.663244778498487619e+00,4.104308242875556623e+00
-1.287368422686353320e+00,-4.153579979154747859e-01
3.860628544070933810e+00,-4.982612376174879176e-01
-2.794412320684389606e+00,5.903519510637356138e-01
-1.093321064613147620e+01,-4.434671213292370240e+00
-1.203897020633082349e+01,1.012052082256796481e+01
-5.041855335222375167e+00,9.892225089609150146e+00
-6.000524104201141462e+00,1.233525623750898070e+01
4.659323292117446336e+00,4.294797431213178029e+00
2.735202302029970944e+00,-1.189079997446010672e+01
-1.387127274604078409e+01,-9.291432477393843925e-01
-6.879121770192404561e+00,-1.236261440782072363e+01
-6.650078723262559777e+00,-1.413410097502399410e+01
5.982406673087048432e+00,-4.988047064081297499e+00
-9.628261314610780275e+00,1.319686940824182741e+01
1.032416469572374496e+01,1.283534597092006280e+01
-1.189446578086431039e+01,1.197950275978710444e+01
-1.507391904317230136e+00,-3.942012721041552759e+00
-9.376618003556471681e-01,1.367441566117333274e+01
2.373965210588277752e-01,3.206791784647665011e+00
3.728401386429665010e+00,2.692107288624544292e+00
-4.362860200551137879e+00,1.158051955386083165e+01
-5.444427142289898214e+00,-1.818980221612219239e+01
-7.002027970259613987e+00,6.858454256901755919e+00
-1.784490746595502841e+01,-6.411822220191125687e+00
-1.020428467411328555e+01,-9.593309570470745840e+00
4.844557329173557747e+00,1.047645411436913365e+00
3.580533996065744073e+00,1.184917052634966872e+01
-1.497040254257165248e+00,-1.240022636528373745e+01
1.086373943390157670e+01,-1.643568769934414364e+00
-3.285996536567531656e+00,-1.609725973130588628e+01
-7.858747951134651188e+00,-6.858555406893310780e-01
8.544182554237682581e+00,1.267936006617398093e+01
1.213268269872211569e+01,-7.672408321051519486e+00
-1.216947385691533334e+01,5.308629644113200818e+00
1.705910016651084771e+00,-2.610262784571036221e+00
4.093846655082241881e+00,-5.410123817000327406e+00
-4.905205947891610130e+00,-1.538614425702256128e+01
-8.725551650770249523e+00,4.651259151094123467e+00
-7.978341716118357851e+00,-2.486678864110639875e+00
-1.560340741365084050e+01,-3.747036676322495374e+00
-2.611120405373054343e+00,2.381074743390529491e+00
1.938670378798272198e+00,1.100118180840286897e+01
1.496751757716841169e+01,1.162964220439451424e+01
-5.212283261259447187e+00,1.557742025721574208e+01
-1.001342796934047108e+01,5.707000291725604357e-02
7.069757521074869544e+00,4.966294056778737698e+00
-1.529573848691763516e+01,-9.293390519875138978e+00
-1.091999475269335562e+01,-2.450071940713344887e+00
2.748154734579713487e+00,-4.253008006656423312e+00
8.988587854057266568e+00,-1.831006147647517901e+00
1.733828013004975910e+00,1.592685056308343228e+01
-1.720726345215058473e+01,-4.666352337990153032e+00
-2.778040376838948777e+00,-1.390113515023629454e+00
2.343240788783737816e-01,6.760834491741067431e+00
2.134399820743421827e+00,-9.017101375810168129e-01
1.061256963650348162e+01,6.509481233976695869e+00
-2.066925768319065604e+00,1.507487697600740084e+01
7.214398216214771509e+00,1.140483628864392074e+01
1.157542569161865842e+01,8.413565243689673512e-01
2.405019053086706382e+00,-1.522802583211248972e+01
3.283286493077798851e-01,1.879065775946082795e+01
-4.819139403777060515e+00,5.002888295947601094e+00
-1.537891788488229139e+01,6.273075491444462415e+00
1.569218026982160907e+01,-1.436079466972962404e+00
1.128170974196105369e+01,-4.389860206171579904e+00
1.246294988786911517e+01,2.850930476093639587e+00
-2.705187070237542901e+00,-8.555755020358398966e+00
-1.003079068884546210e+01,-7.565900721912824700e+00
7.760614681494162781e+00,-6.696780592712671343e+00
-8.768516699521738289e+00,-1.668098964133795903e+01
9.990946799207888418e+00,1.778057589461245341e-02
9.450943483755603225e+00,-5.552537361592738918e+00
-6.328786890738595794e+00,-1.861913249894293410e+00
3.839408436795364032e-01,-1.287605983061834269e+00
-1.400610120490901522e+01,-2.734678464751177707e+00
-1.207370870319792644e+01,7.130644183715284967e+00
1.052439598720301106e+01,-8.812235664027550541e+00
-1.165680199414035201e+01,-1.063219022251099233e+01
-2.863792053457094866e+00,-1.433856553870979411e+01
-5.880945148378528664e+00,-1.013261132249950691e+01
2.650855060678426245e+00,-8.382179672094377310e+00
-7.114620486695150348e+00,2.189129514118660857e+00
-1.061524075117023536e+01,3.646786227617817566e+00
4.487109137692842253e+00,-1.251187807399178276e+01
7.228841412228907082e+00,-1.650317678906983776e+00
-1.419812807018981715e+01,-4.872617797033243825e+00
-3.502825815552688127e+00,-6.918603278366799003e+00
4.536613876203902329e+00,-3.709070476537430494e+00
8.953185214525754887e+00,-8.013475596659347389e+00
6.329955575852968863e+00,-3.181737842780103076e+00
8.528208841976512744e+00,-1.315948896102531052e+01
1.386616051302083008e+01,-6.590980796893548543e+00
9.204742341142999607e+00,7.695847199293399221e+00
-6.016191700074774218e+00,8.355240383241250512e+00
-4.779087094342613362e+00,-1.361259934369728164e+01
-1.018087321603816342e+01,-1.407218657247735472e+01
-1.012434841195758217e+01,1.145551472020440897e+01
2.724055196513140764e+00,1.430696672779069445e+01
8.140154117772692155e-01,-1.419870435823714239e+01
1.111825276212093350e+01,-6.222239572949011865e+00
-1.186398238158594864e+01,-8.772668508896119377e+00
-1.656648627860853296e+01,1.520133163290097622e+00
-1.712945912532335058e+01,-2.817467461059434797e+00
3.329087344427327455e+00,9.735459590369119454e+00
1.928159875672404766e+00,-1.885158302666666330e+01
4.946400400473042858e+00,1.074209183257547373e+01
-6.708241197963005220e+00,-3.711871803986527940e+00
5.582762710121077276e+00,1.735856878680324655e+01
-1.364238051426665876e+01,-8.551193852205138057e+00
-2.665314255775416696e-01,1.571019931929317615e+01
8.075251829267249271e-01,1.426784031782977635e+01
1.369311643073176121e+01,1.028881968300541239e+01
-6.572577975321609145e+00,-6.696595090511809900e+00
-8.258459255700067558e+00,1.671999626746803003e+01
8.571291261759464319e+00,1.821012953499757892e+00
-3.194547922835813125e+00,9.825913482639123231e+00
-9.154306307344710625e-01,-8.715900128835412985e+00
5.328170506734832834e+00,1.245661119266113737e+01
9.151285672756788614e+00,-1.052860111897199502e+01
-3.939960113058156743e+00,8.172707076029437800e+00
-8.403534979619395884e+00,-9.335389360230649913e+00
1.202284586164192781e+01,-9.950549124507581666e+00
-1.501103319739854225e+00,3.752899477351418600e+00
1.606105672995100209e+00,5.586742212641081728e+00
1.970814592085836425e+00,-1.022292850639511386e+01
3.002940380621301308e+00,1.029889315360245750e+00
-1.389126890515089841e+01,1.294380236630368763e+01
-5.113119122356620139e+00,6.800783339466886623e+00
1.534856126424535816e+01,6.535353091199598730e+00
7.349664094548037596e+00,3.180724241437536293e+00
-8.327655604992882488e+00,-1.344754411062557153e+01
-1.929872145931690874e-01,-1.031721658209065140e+01
-5.064629629253913023e+00,-7.790138899865642230e+00
-1.526942975909853750e+01,-7.516000195728539168e+00
-6.803454817216982420e+00,1.008134642741969955e+01
-1.460315287383083138e+00,-7.021059520639258089e+00
8.601076307384302178e-01,-8.733642187700247916e+00
1.370782938813457719e+01,5.727870253095262321e+00
-1.022123584333064272e+01,9.556247901990310822e+00
2.411868250143950565e+00,7.185195719885848931e+00
2.625821773595584219e+00,-6.587143461299226566e+00
-7.874611963275361504e+00,1.362230061624897104e+01
5.389574775462805389e-01,-6.963413397908752245e+00
-4.219189351540253874e+00,3.269287123441585674e+00
-1.355930881446227509e+01,1.108898443216708074e+01
8.140390434804597675e+00,4.627460173076904798e-02
-8.352232005339915943e+00,-6.986943097935210290e+00
6.892743579862583125e+00,1.338535836188452954e+01
-1.411363898354011326e+00,9.829643949166902317e+00
-7.634015611282357838e+00,-5.254286200825402098e+00
-2.562490487084795321e-01,-1.574433760941409588e+01
-6.764530461592993760e+00,-8.557431325145342882e+00
-1.591636742810606187e+00,6.082661712267670495e+00
9.019388753828932792e+00,3.728691963642264184e+00
5.879885530302072283e+00,-9.957195177854075041e+00
-4.930921315640784286e+00,-3.351295095635637100e+00
-1.245563270699444480e+01,-3.558397124640470643e+00
-1.479515883228682149e+01,6.393095028768640553e-01
1.280917650984705558e+00,-1.670334078270437672e+01
-6.974633031396629157e+00,1.523726870864710037e+01
-3.347680470811468911e+00,6.494029061880794984e+00
1.702365505513719235e+00,8.904567837461716096e+00
-8.762181331561036401e+00,2.891594441870703136e+00
-4.219345672137276182e+00,-5.023561492494440728e+00
-1.368792921231640136e+01,9.311368625218184647e+00
7.703200809715172070e+00,6.636885467291926410e+00
9.637021109810833153e+00,-3.473636587238915663e+00
1.218732781038035462e+01,-1.445001301524314030e+01
-1.208768356357876606e+01,1.797836636330000681e+00
6.117119316106212956e+00,-2.302420415044378887e-01
3.428720515414199088e+00,-2.230087925711802033e+00
1.809384766924411192e+00,1.278179572785800389e+01
4.534675471117137313e+00,-7.142521420436492186e+00
1.896338604735343214e+00,2.497881471662166231e+00
1.010703091590390201e+01,1.582858753903609816e+01
-1.556122487121031206e+01,-1.762292696286674287e+00
-3.066555840875939243e+00,4.687761022455894988e+00
5.195645430365954276e+00,-1.802625015417437249e+00
-1.887086090189224308e+01,-8.200741810693850109e-01
-2.718217458340047576e-01,8.462069464843562372e+00
1.194658852866395060e+00,6.346411711973116709e-01
-2.454658681322111402e+00,-5.420338297472193645e+00
-1.549652932555943607e+01,9.370348636524347796e+00
7.520538433823501734e+00,-9.137805512985195833e+00
-7.283743058795038028e-01,1.149919625445879134e+01
4.205307591790790944e+00,7.204263035379357305e+00
3.125480168404193848e-01,-3.735473884511217424e+00
-9.425002418475790122e+00,-5.407698901837095562e+00
1.803140097421915655e+01,4.898714713528343978e+00
-1.331552498879505997e+01,3.067364209758193461e+00
-1.684054451818228060e+01,7.858970485317737342e+00
5.515343031628439086e+00,2.751495084169193639e+00
-1.574876165207816925e+01,-5.744259889117256712e+00
7.360618553023952515e+00,-1.726217281505149970e+01
8.934712382692779897e+00,1.000746623718335471e+01
-4.535771053421981058e+00,1.350716601623019741e+01
-1.007929375203029565e+01,-1.227265752631610063e+01
-5.209662107959377231e+00,-1.180175224787635102e+01
-5.996033170932772549e+00,3.584667694885998568e+00
8.598692691481781836e+00,1.457573782260077699e+01
-2.031901763705216801e+00,8.115270508567510532e+00
-9.371172880768249058e+00,-3.609018728132598497e+00
5.539003023728581887e+00,5.840319380045518649e+00
1.295614883255438832e+00,-5.324326615680435637e+00
6.998999216488429376e+00,9.580486421751931658e+00
7.918418677712167231e+00,-3.933387939401679745e+00
-8.585686210488111536e-01,1.683623067847592525e+00
-1.714849442707799909e+01,-8.136841888925252064e+00
-1.025493665053585346e+01,1.833980041568009645e+00
1.505139736261603822e+01,8.286252522541166954e+00
6.209388350690380420e+00,7.579798313876533022e+00
-3.158579441456504711e+00,-3.146389756336901655e+00
-1.154807663422820418e+01,-8.022887562632787795e-01
-6.428557387370629428e+00,3.588297235595686585e-01
3.929735068258711217e-01,1.012732689313753021e+01
1.233922324948244409e+01,7.004812421159115843e+00
-8.467493548572839757e+00,1.052030455435962519e+00
-4.556664275109810092e+00,-1.588198346379098735e+00
7.212119008932853959e+00,1.570599664887515701e+01
-1.039003690606726416e+01,5.462564028570893626e+00
-7.686252584271104915e+00,1.180014828777106040e+01
-1.161432531556679582e+00,-2.169438977654931211e+00
1.317966823617072514e+01,8.583353173085361831e+00
-1.040954785395715909e+01,-1.588039126576624227e+01
-5.078346779662101795e-01,-5.499301136704527693e+00
-1.226419406111276311e+00,-1.726277698405279182e+01
4.803871389973727979e+00,-1.482036324061289001e+01
9.685866473021940148e-01,-1.168254495996654363e+01
8.630494529091926381e+00,1.691035517458585957e+01
-2.030490828940614723e+00,-1.023990649077769532e+01
-7.961335736389387741e+00,8.423534473663142563e+00
-2.498020761633325204e+00,1.148532125527286318e+01
