-2.311697030158220922e+00,-2.783230520197049529e+00
-4.519137149068692239e+00,-5.346937577136487540e+00
6.774093878112232403e+00,1.774826456991864276e+01
-1.308317580163357263e+01,9.121820937259784046e+00
5.661398229141522798e+00,-9.777945751578100086e+00
-9.953319120953830534e+00,2.361365040413200944e+00
1.518337310273460972e+00,3.114074995085954978e+00
-9.208165667067790494e+00,4.498362823696156809e+00
1.170875323554274594e+01,-7.859907409157397495e+00
-2.487460169797610643e+00,-4.651253495764393620e+00
1.665873902520404215e+01,3.795131989686006513e+00
6.721418181195543795e+00,8.086562489614225413e+00
-8.010042759261475354e+00,1.107201112623472916e+01
1.213553111898972148e+01,1.279492162950169432e+00
-1.083734960477503151e+01,-2.820088771957938611e+00
3.249946703066818987e+00,7.357828579849504003e+00
1.328483833620467003e+01,6.326062215029497615e+00
1.368562789152991321e+01,-6.473461720766229277e+00
1.387653704707613178e+00,1.263778600393275120e+01
4.138422330938902327e+00,-1.069664563931185519e+01
2.052443051318756595e+00,-1.935838332770577264e+00
3.610363348683467422e+00,-1.815620397697530564e+01
1.574568447285457973e+00,-1.160858648483378275e+01
-1.361315408279691397e+01,6.991164256872981930e+00
7.127738455019008157e+00,1.592379067743792120e+01
1.015880380451535281e+00,4.837077109003795172e+00
7.365284325264126686e+00,-9.342558373782974712e+00
-1.123253907333092805e+01,8.288032480700701088e-01
-1.076523801788609269e+01,-1.171242636679476412e+01
6.642838758686560929e+00,2.000291590311152667e+00
-4.303453890123597247e+00,2.440852855279997513e+00
1.081896355949714739e+01,-4.443515404121199275e+00
8.563756278396798649e+00,-8.039097979787500847e+00
-5.222945475653643754e+00,-7.251885336219395128e+00
3.060949676485957394e+00,-1.641950532061188994e+01
-1.718228852526710870e+00,1.890634662034005586e+01
5.219448815091055849e+00,3.190695135133218674e+00
-5.919620587641619025e+00,1.344848354906687149e+01
6.775865583634891331e-01,-1.625089756026572374e+01
4.993749860898792914e-01,-2.795306199042417727e+00
-1.341334026029846882e+01,-6.822735981740373212e+00
5.000778363404085880e+00,1.832803390070337812e+01
-6.272602413896305684e+00,9.766817431866051891e+00
6.178250009037941304e+00,-1.414832674478400243e+01
-9.565331284460244277e+00,-1.027854374984776342e+01
1.581174374628117008e+01,1.675378595024905604e+00
-3.402502667944648174e+00,-6.852060092074273356e+00
1.568061507395425436e-01,-1.449734402098997244e+01
5.608781480780568707e+00,-1.169169018648802805e+01
7.861067340624838806e+00,3.353182551699648961e+00
4.562461718177685199e+00,1.331392936588940756e+00
-1.178788820663565318e+01,-1.331687306682890082e+01
1.145278560375438914e+01,-1.311652187796947899e+01
8.532740535810068749e+00,7.739254737575264720e+00
9.002569432152201401e+00,-4.312305229789251015e+00
2.696905177801501186e+00,9.377967164532757138e+00
3.752094511501196994e+00,-8.938129242760266990e+00
-5.729278250238288850e-01,-9.235998923690024398e+00
-6.283105269083237410e+00,1.167584457972322376e+01
-1.459215687684736551e+01,1.182754339367698648e+01
8.003538644763072085e+00,-1.426845323847553004e+01
-1.057516734663564506e+01,-8.596973614285398080e-01
-7.368693384062137142e-01,5.417874372377546877e+00
-1.409440986079096847e+00,5.228731848979781965e-02
2.915163872697409619e+00,-1.462921949510513997e+01
-2.702637965634959283e+00,3.594593748004853317e+00
-3.279562649486217563e+00,-9.352661346147437271e+00
-1.769076235062048497e+01,-6.805512363986812474e+00
-3.890177542413671752e+00,-1.509961745283361978e+01
-1.901466932955073519e+00,1.010743701008894391e+01
-4.399188890469219793e+00,-1.071657686685466437e+01
-2.447817186657353372e-01,-7.387050561678925931e+00
2.246339406030541053e+00,-9.963510107505401336e+00
-4.068515690289085107e+00,1.415241648307073774e+01
8.534763179142416334e+00,1.267304927580889640e+01
1.007693422831468233e+01,5.013149845477967936e+00
1.778497421779632859e+01,-6.669565023587288088e+00
1.759772817090110308e+01,2.276933647908644609e+00
1.831269976990785509e+01,-2.749961590937169298e+00
-6.144343788879491619e+00,1.644039002710400155e+01
-9.305540342548237476e+00,5.741957132570720823e-01
-1.200114861189485538e+01,6.219104213175683959e+00
8.348375283746779729e+00,-1.807087625181732049e+00
-3.773334978345537660e+00,3.309549998994375519e-01
4.426493413480297789e+00,-1.367073781328494242e+01
6.488088543043787126e+00,-1.751691833099479823e+01
1.420742171003172238e+01,-1.149686906237513639e+01
8.061197181471554174e+00,-1.101542800090840402e+01
1.407375705615297434e+01,1.030587790725968844e+01
1.400835240091221046e+01,-1.246954041231808086e+00
1.447526972935399975e-02,1.588623777141872218e+01
4.861701532628619482e+00,-7.575215352532612023e+00
-1.158373678809182472e+01,-6.345731037996316104e+00
-7.177746389907609936e-01,8.772469674417454399e+00
-1.224533733963627391e+01,-1.422569335315815309e+00
1.128460303233119433e+01,-9.681811132943474618e+00
-1.304694259653161881e-01,-1.103275177384640315e+01
3.051081687242635176e+00,-3.393401474838095289e-02
6.549638326433689706e+00,-1.525074851242741669e+00
-8.988471792323307952e+00,-1.200197734568918051e+01
9.850712621634208688e+00,-1.408730501876830843e+01
9.656573733524229652e+00,3.284751013186143709e+00
1.161732528762096450e+01,-2.735879717537309741e+00
-3.040332033322902028e+00,8.219934448100488567e+00
-1.161387453689163429e+01,8.076026268057743707e+00
2.348293326280307625e+00,1.581870599972245728e+01
-1.059250737987137203e+00,1.727687695710197247e+01
9.559877602892544957e+00,-1.009145268526829042e+01
1.075655185499258870e+01,-1.565008699053734631e+01
-1.678865296129911400e+01,-3.683719786420071696e+00
-1.130940112449683177e+01,-9.867072685781696606e+00
-5.342780246058646126e-02,7.056004151528561863e+00
-7.928054703762270172e+00,1.305980024781418436e+01
8.864512744848365156e-01,1.442507324863011364e+00
-2.105246854662821576e+00,1.522484015739647845e+01
-8.812693489497792854e+00,-1.646208353232748678e+01
-1.412539848087034855e+01,5.199152791800495166e+00
1.651041212590090623e+00,-1.338318941574100229e+01
1.364768328960453481e+01,4.533023952827726077e+00
-1.447568576199253521e+01,-1.025779312348866412e+01
-3.953077852975262818e+00,-3.675553534642983511e+00
1.476642604030165629e+01,1.191938359686925963e+01
1.196593037932790438e+01,-5.960936131512457159e+00
7.099998478707541416e+00,-1.581077627823816734e+01
4.709401332668781137e+00,-4.474144698320063007e+00
-3.540531358383776528e+00,-1.457989716723017803e+00
6.743164776134791261e+00,-3.310242204215025907e+00
2.751197094741948845e+00,1.711162491239112127e+00
9.078212129603274505e+00,-1.248435365150303156e+01
-1.285938125258195619e+00,1.206424770567858040e+01
-3.380417991591703863e+00,1.108287064447171311e+01
3.218206633350260137e+00,-1.232113398162825746e+01
4.795670950520332987e+00,1.299085039006011932e+01
-1.519675312585115456e+01,-6.759384638258287836e+00
-7.544231954230259163e+00,-6.969198369106402779e+00
-6.008822734232629692e+00,2.898198263894956384e+00
1.483000901717542064e+01,7.292159183396226041e+00
-7.134815761448415117e+00,-1.043757489982603559e+01
-1.650445162237500085e+01,-5.465221200220430120e+00
-6.532526556969722620e+00,6.905499817187643607e+00
-1.863161813009615386e+01,-3.693981240104157848e+00
-4.819797138150295090e+00,8.649061583083003768e+00
3.650290128762914144e+00,1.707769689320608109e+01
-3.234370773121360898e+00,5.337797739651006346e+00
-1.470674356701925056e+01,2.930714785418463642e+00
-1.034838684288082611e+01,9.436498477097069681e+00
-6.212111066053886965e+00,5.043031390429186800e+00
3.064820278913605200e+00,1.874141199816958192e+01
-1.547585907381462000e+01,1.323934309749304372e+00
1.156815133530842088e+00,1.442048057681039985e+01
1.137529657887248291e+01,8.177130956070184808e+00
1.056635550398438106e+01,1.158659707478022227e+01
-4.602914006176658468e+00,-1.732775466914719686e+01
1.391691739980000619e+01,1.681318114057443358e+00
1.540169997240310806e+01,5.104364856171292431e+00
2.897422472994693354e+00,5.150630972946129482e+00
1.073915948431992229e+00,-8.538655522595005820e+00
1.068451377110186229e+01,-1.148520977330488968e+01
-7.490638793879760726e+00,8.373400861725155409e+00
2.557277165587387380e+00,-4.843961689955398775e+00
1.714805204754291434e+00,6.470094106737175110e+00
-5.274789911506899465e+00,-6.351207436630702530e-01
1.416531376164598832e+01,-3.057418401706898603e+00
5.048620244206266428e+00,-2.561880772835760212e+00
6.716677073074875715e+00,6.246029122081067086e+00
4.684020283517721595e+00,4.917907084976264720e+00
5.043013206725104780e+00,-1.550789891563842460e+01
3.184195865949685622e+00,1.200780380432104799e+01
9.459797109100339441e+00,1.436645664339843620e+01
-2.928829764282320003e+00,-1.665195609036615920e+01
-4.655876170459305463e+00,4.199526737759712525e+00
-9.747636430507320426e+00,-4.943003424458107808e+00
1.488747309829397203e+01,3.250488703024785320e+00
-5.376183559720772109e+00,-2.439260679695912870e+00
-5.049159342441044807e+00,-9.016676582379838933e+00
-7.157933568747275821e+00,-1.240798624260416538e+01
-7.291573686831580581e+00,9.897534116857248376e-01
4.713431555848643484e+00,-7.965927554988986303e-01
7.667404344683527162e-01,-5.114531866819695516e+00
4.997458668844958929e+00,6.978505461546849808e+00
-1.476087533337826940e+01,8.413312899510687615e+00
-1.755059983374214871e+00,-6.248499663676740923e+00
-6.298762638527900748e+00,-5.722596775409102499e+00
1.486665384875155205e+00,-6.753587522948485855e+00
1.149958623730810281e+01,-8.676657523704588426e-01
8.452542665737489358e+00,5.726247878665812863e+00
6.436797924324533682e+00,4.479405552603562768e+00
-9.826082439201396568e+00,-6.742893743184194655e+00
-1.182740129022234932e+01,1.042298031890672583e+01
7.642248952888693658e+00,1.422900270672371192e+01
-8.836019353100601492e+00,-1.308423062430900341e+00
3.420513349486508758e+00,3.382339594810515493e+00
-8.972079628224055581e-01,-1.675408950397519137e+00
-4.411003271135997217e+00,1.596219484473479966e+01
8.636011535556393781e+00,-6.157543818075555286e+00
5.716475601597027278e+00,-5.954203863601364333e+00
-1.403692258023801287e+01,2.533202799880554523e-01
1.193294465403769955e+01,5.009714800828703574e+00
1.314807706837506807e+01,8.145694169114493732e+00
8.924777289032748584e+00,-1.595982698746531625e+01
-7.512507677393141847e+00,3.857586931385447393e+00
4.061109726301467049e+00,1.523156766851839272e+01
7.281960844651262477e+00,-4.987062127717983628e+00
-1.361005630370818054e+01,-3.282621271873911173e+00
1.037628017727854335e+01,1.162189506923400728e+00
-1.547648254037944859e+01,1.013583240310960853e+01
1.291306636667872354e+01,-4.449604871453486155e+00
1.244920301990851108e+01,-1.102884389528043130e+01
8.618065413965934951e+00,1.691662230525161448e+01
7.937444064549973533e+00,-4.104968931172470366e-04
1.007721415759782246e+01,6.837490804645086406e+00
-1.981250791768417008e+00,6.679641976610438903e+00
-1.889583714134523307e+00,-1.048209629695406875e+01
1.318468295843455174e+01,-1.363305720777366759e+01
1.794972232972769532e+00,1.091544934526094401e+01
6.730608308136856621e+00,-7.468707628873511695e+00
1.484191664467840077e+01,-8.374271001090757949e+00
9.855528470677796804e+00,-2.773524484812482704e+00
-7.718658272285896516e+00,-2.810339409927261389e+00
1.305623299905141366e+00,-3.457280252436130130e-01
-1.406959428962863079e+01,-1.570036891102605692e+00
-2.032672921457280957e+00,-8.069564664484138561e+00
8.631135233993113332e+00,1.627292198516014032e+00
3.873121020128275749e+00,-6.071834025507241606e+00
1.653920855982524785e+01,-3.346571753092874690e+00
1.536235643634237391e+01,9.025835213409678204e+00
-1.390289529524599610e+00,-1.292035947321262768e+01
-6.837101664976603210e+00,-8.575860779597249461e+00
-6.036437632820883969e+00,-1.617053525189558627e+01
-2.651876232201941797e+00,1.719190408708687778e+00
4.364809976944155956e+00,8.728618087313869012e+00
-2.376918127707630113e+00,1.346448315344222202e+01
-7.990840714204840545e+00,-5.001604256512433899e+00
-6.312404393757164556e+00,-3.937194346936474965e+00
7.162215702326988342e+00,-1.266385294623102276e+01
1.367344772016710452e+00,8.223348108949162238e+00
-7.209740351092935873e-01,-4.147847012519384258e+00
3.424320359201197400e-02,1.046418169619044214e+01
5.385919705304544003e+00,1.653753548524949224e+01
-1.755571220237428776e+01,-1.803769325290963232e+00
-4.748303143104468660e+00,-1.275936530747169506e+01
-2.917058672882710368e+00,1.696693659712809676e+01
-5.490708819017927844e+00,1.144642250048858001e+00
6.166342279833444628e+00,2.749664184074329110e-01
-6.580398892335896921e-01,1.411278371346400640e+01
1.033040682048385328e+01,-6.722336332899066846e+00
9.681652834980754463e+00,-6.018147767228430034e-01
-9.045264782390603386e+00,1.547224644907687363e+01
-3.010842321938264732e+00,-1.186250761498525819e+01
-9.918427453634015123e+00,1.121513749268610738e+01
-7.050027165081925062e+00,-1.118631925823197593e+00
-9.167295473923881000e-01,3.613148137763583012e+00
3.386343333522434218e+00,-3.224875402998951035e+00
1.541404473036952183e+01,-1.116535610245169424e-01
-8.230800940219757944e-01,1.823821599234267232e+00
2.899424653184806466e+00,1.383108460704932341e+01
