-2.654011896622743283e+00,4.377099934091880584e+00
1.213369636817395580e+01,-1.439600137016187453e+01
-6.930379670649743140e+00,-1.233870259314035600e+01
1.416426778308532342e+01,-5.823802636616624895e+00
1.258408143661405987e+01,-4.673670492981198521e+00
-8.545318410124707498e+00,7.632334222619501674e+00
-1.291541091765905946e+01,-1.349306092164860305e+00
2.728682890102934966e+00,-1.026765321887989302e+01
1.114519915330669697e+01,-2.265156330260218454e+00
1.053233204651437482e+01,1.025276600376607306e+01
8.158638729274654722e+00,1.317278230395821659e+01
3.036235701133734644e+00,6.635289309934261581e+00
-6.702842705907777088e+00,1.518540320571259272e+01
4.670917567856994523e+00,-6.228070020072846713e-01
1.385466029926898157e+00,-1.249571712903447462e+01
1.129944083808113930e+01,1.410182292799131654e+00
1.036544182563083716e+01,-4.725738656778842639e+00
1.569908368604512550e+00,1.628090914316690885e+01
-1.686063681462680819e+01,5.298756751843352042e+00
-1.874640465957236435e+00,-8.308303214934650072e+00
2.488123735420561644e+00,1.409865989714503165e+01
5.567477036881533614e+00,1.235541674980084714e+01
-2.412026063867185321e+00,1.004279079359279159e+01
-3.066265277813653989e-01,5.422765250649142388e+00
-3.055258893065004422e+00,-1.323723333841414496e+00
5.559341727906762287e+00,-1.324099976439494952e+01
-5.059175123379533900e+00,-2.718484233675480422e+00
-6.359956231196128407e+00,-1.012114363811068074e+01
-1.576114237376710925e+01,-3.699155155330012268e-01
-1.184095474459519970e+01,3.704268630130653772e+00
-1.329083887194869895e+01,5.116802572955769790e+00
1.155821930228734251e+00,6.409596520648649154e+00
1.170242828653121769e+01,-7.747953362921966125e+00
-1.075529929450195787e+01,-7.868798609460123217e+00
3.991279453618079565e+00,-1.652670175148902132e+01
5.649778284648598436e+00,-1.585976297310941163e+01
9.542278339156434086e+00,8.449597123934013965e-01
-1.607582203633114304e+01,3.512288161077172788e+00
-3.063703367051128224e-01,1.640182237784181751e+01
-1.709141238995298906e+01,1.199453685251876234e+00
1.188051373897019314e+00,-4.062998483479690393e+00
-1.018183613063553672e+01,9.539924164261229578e+00
-3.353825662656670481e+00,2.687032410687448358e+00
1.484054105060935136e+01,-7.447758094106101900e+00
-1.155905358107364833e+01,5.530232486793045688e+00
2.635539187944490269e+00,-1.529148394625788221e+01
-1.046432772889472318e+01,1.049249984087324977e-01
4.843747266722300826e-01,8.133976530236747493e+00
-2.459876641481454129e+00,-1.557344088905681367e+01
3.018111367326469896e+00,4.847753783346492540e+00
-4.231036718402452657e+00,1.074686340797961037e+01
7.053665205906006541e+00,-1.209475108174957114e+01
1.012217830590895140e+01,6.171669920881652338e+00
8.606535280011099687e+00,-1.510309091389069813e+01
-1.002587860561606981e+01,-1.101262393625943581e+01
-1.014251421649490226e+00,-8.927623594225964077e-01
1.499447023192814932e+01,1.905753436742356755e+00
-1.346732932125222071e+01,-4.199466777501648984e+00
3.987761283759277742e+00,-2.312433309255167657e+00
9.433830131158829957e+00,-1.206707328646688504e+00
1.878585042717557940e-02,1.410844234916968309e+00
-9.707045394535359861e+00,-1.621925865469345807e+00
7.216525946800795843e+00,1.152489665073760428e+01
-1.023626317604929703e+01,-1.390188577869607123e+01
-5.964303948306137748e+00,8.115059435557530065e-01
1.053972854930394387e+00,-8.279742814948627405e-01
3.607929217165978475e+00,1.864046434508281536e+01
-1.425433418944995267e+01,8.343984373732125093e+00
6.818066534430613501e+00,-5.873544437334888180e+00
2.105076021570122968e+00,-2.495301952652738020e+00
-5.570581710679435972e+00,-1.771304519503639696e+01
-7.234996815319236774e+00,-8.587281126914067642e+00
6.419407398430394984e+00,-9.049457957428923560e-01
8.677627608129132142e+00,5.028701419249050453e+00
-1.885986899256602456e+00,-1.387792259959588748e+01
-1.042012074559419510e+01,-1.574433419747252216e+01
-2.540317924767198754e+00,-4.772373747803408506e+00
-4.317689706674605610e+00,5.774958720752367825e+00
4.205715747936690896e+00,2.508987367396638746e+00
3.934364243369180780e+00,1.146296604931751695e+01
1.479404715587336128e+01,1.155519834966159465e+01
-2.848480278869433668e+00,1.411598372199637197e+01
7.822162495011774297e+00,8.510719887703027453e+00
-2.090767477224042895e-02,-1.404916937700875756e+01
-1.240188189960316301e+01,1.438679222564093330e+01
-7.494450312672931602e+00,-6.826443157521831784e-02
-1.569058536142257410e+01,-5.389310061318377976e+00
-1.015166423079178060e+01,-3.562762142960274936e+00
1.129614182686856161e+01,3.213266484961121439e+00
8.881973632325015799e+00,1.093770477830212684e+01
4.203738266074262597e+00,-9.193761851830371867e+00
-2.497075987771053995e+00,-1.211884924443429412e+01
1.122090609707997899e+01,1.304193565006199407e+01
2.493332230761584889e-01,-2.495042591124576159e+00
5.733094820657417046e+00,-2.530347068261439070e+00
-1.111443008675947652e+01,-9.597252532093339283e+00
-5.967156099926402391e+00,-6.050079674298889820e+00
3.479406706687098172e+00,8.122644660415109241e-01
-8.683145729112421662e+00,-1.286936584553319030e+01
4.529373892174688443e+00,7.664461227823277767e+00
1.403718001872223375e+01,-4.242728001214131628e-01
2.522603548194673362e+00,3.124867620790155343e+00
8.425571955793438761e+00,-1.330414976935159466e+01
2.885021868291000491e+00,-1.347096604025901456e+01
8.529746840233842775e+00,-4.514096747056699499e+00
1.652267187077979926e+01,-4.353407148240624025e+00
1.153919634560548602e+01,-9.545320173465272617e+00
-3.981764721883436220e+00,1.015408551600224252e+00
-1.570624199525928244e+00,-2.610366331061571898e+00
-1.036627560498967426e+01,-5.323146165738883440e+00
1.601364367439441549e+00,-8.911330848736215060e+00
7.988660816160837896e+00,-2.075232426496176688e-02
1.134876752726515825e+01,-4.670672319204878242e-01
7.323354327390076968e+00,3.685720164715781788e+00
1.475346210590885399e+01,-4.053029963948472592e+00
1.526443938769534547e+01,3.914833506185217527e+00
1.680494839948511565e+00,1.241908260678590281e+01
-1.557504256831525247e+01,-7.609092351964783951e+00
8.625872882177249679e+00,-6.335096117868334709e+00
1.024025552418458274e+00,-1.855723370499708125e+01
-1.538533537123294259e+01,1.872924452279058238e+00
-3.293987603439054723e+00,-3.177040997331877836e+00
-5.665043183029760954e-01,-1.571769750581595204e+01
1.344564659224817760e+01,3.133640520006961250e+00
-3.654205742185254735e+00,-1.385186161038000918e+01
-1.462683303771483878e+01,-9.136188431452486824e+00
-6.416418803789433412e+00,-1.573378307584948788e+00
7.055386306344819225e+00,1.494386446721924555e+00
1.386740378772316262e+01,-1.293202087376925036e+01
-2.832648002118860919e+00,1.191627281939075722e+01
-4.476136291327494021e+00,-7.127143187587731354e+00
-7.380196199777619981e+00,1.692740744704428479e+01
-6.029849949981259449e+00,-1.595024363139811463e+01
-1.085028086350655840e+01,1.164070304685249901e+01
5.813281434326066366e-01,1.478705972473003882e+01
3.225468543914726371e+00,1.691365755447870001e+01
-1.650613100690239698e-01,-9.303813631988996136e+00
-1.716319952585939035e+01,7.189314869074130421e+00
5.867962412162411212e+00,8.828529365722467048e+00
-9.484419853772690701e+00,6.098404663591616703e+00
-5.471959523239275924e+00,-8.578603124613147557e+00
-4.362642306872886344e+00,1.291199959537439312e+01
1.490462211529420600e+01,-2.051838303342415681e+00
-9.894980959217230421e+00,2.552635446379061257e+00
-6.088054129418550842e-01,-1.143186761501429238e+01
2.886658056328843092e+00,-8.877868863473205030e-01
-5.880159334243732161e+00,2.621738980396311813e+00
-1.511986490248986037e+01,-1.090746273705759961e+01
1.037180382277923485e+01,-6.502551935633787750e+00
7.301645382522318206e-01,-5.783164719878739035e+00
-1.091401960242769675e+01,7.208551948232889472e+00
-8.926322677427119601e+00,1.065417032494908156e+00
5.345711715932853103e+00,9.986140818985511647e-01
3.310270216977248658e+00,8.930693193493119963e+00
2.802466730678531359e+00,-1.786919175705439145e+01
6.561431694275283277e+00,-8.104987737604645304e+00
5.525237462830335566e+00,1.057847232558780348e+01
-1.081966503899927767e+00,-5.856845197015753790e+00
-1.163070929727999570e+01,1.876405347818511871e+00
3.666238770970061012e+00,-7.437314532251359189e+00
8.365609671924035595e+00,-8.140832145529898867e+00
5.973258649284372446e+00,1.535460307282824388e+01
-1.396682640586928770e+01,4.271293378074627611e-01
-2.572294686735319580e+00,6.167102736860859302e+00
7.637620875544796739e+00,-2.400426949142784316e+00
-1.508389339614703317e+01,5.059765314736855757e+00
5.328616756696249901e+00,-6.861903797484967704e+00
8.729623914239454052e+00,-1.145677580190380951e+01
-1.762511630939334850e+01,-6.216976428047428227e-01
5.196319053529469656e+00,5.915901160744047260e+00
-1.796193715908859900e+00,-1.009049493901067507e+01
-6.426003946644477161e+00,4.447555229873346505e+00
-7.711437616900123082e+00,5.860586168166342702e+00
-4.823690145531430495e+00,-6.055234224529238984e-01
1.044446920101525045e+01,-1.214800818589502995e+01
9.755790728749209606e-01,-1.064285503029354985e+01
-4.599388702714785282e+00,4.026589054117630795e+00
-7.893262903655137386e+00,1.242001156485224733e+01
-3.530686246624202607e+00,-1.056526007665468647e+01
-2.711478859801424335e+00,-6.716729505154408031e+00
-8.223600459394972972e+00,-1.113526295651260511e+01
-1.277746251000552391e+01,-8.865143530296457186e+00
1.220598036555101906e+01,-1.174979921512853132e+01
-1.528205914515861963e+01,6.852623134213875922e+00
-7.611849662146112472e+00,2.352832714553790172e+00
-4.122589130825728532e+00,7.645053003635594813e+00
-8.434454936850908524e+00,-3.041261738509034807e+00
-2.002774478177077599e-01,-7.541885712569832201e+00
-1.635516773851596284e+01,-2.044677841524538131e+00
2.368286644698431420e+00,1.065894119471835211e+01
1.235984325051284216e+01,4.630144088186572304e+00
6.555608166607542309e+00,7.132543858668059400e+00
-8.935130018315630807e+00,-6.696947395039387629e+00
4.773003816168185587e+00,4.190298752865785126e+00
9.435359428838875573e+00,-9.628981519408343459e+00
-7.400803938001684124e+00,9.700624181547235381e+00
9.503881957623445231e+00,-2.965301976354882019e+00
-9.899996194724485221e-01,3.707879385620303836e+00
-2.865527661452997421e+00,1.864426742372779700e+01
1.851345391570946797e+00,1.466689037934779449e+00
-4.234327568800870800e+00,-1.553092167749686325e+01
5.888753111257508444e+00,-9.763377560316030213e+00
-3.182668320810351670e+00,-1.720776131187514935e+01
-5.991966694151038553e+00,6.344794672187500595e+00
7.042910285731633913e-01,3.091162901734692436e+00
1.880117369343841549e+00,-7.157287026451236045e+00
-1.780865805445843719e+01,-3.146589467072193003e+00
-1.357559268767641214e+01,1.294664530087303689e+01
-6.789969007914342214e+00,7.932938323819826110e+00
-2.417176302976298707e+00,8.215027277632540148e+00
3.242592058194003535e+00,-3.958083986071104565e+00
-5.112600595244955137e+00,-1.154322775725327865e+01
1.030721933682308489e+01,1.557299950305006497e+01
-1.236873394520771363e+01,-6.591186405330148546e+00
-1.784071784415294459e+01,-5.203764631719704603e+00
8.655588127800724507e+00,2.363110150667196763e+00
-8.391134350448906432e+00,-1.495330080422567676e+01
6.818620914270595357e+00,-4.058621621350824604e+00
-1.220580394403066649e+01,-1.104684091602451979e+01
-1.274363234183553217e+01,7.336355280996944117e+00
9.491279780206480776e-01,-1.677610278795279442e+01
4.332788854259161937e+00,-1.463907446477086083e+01
-9.344796270555388862e-01,7.068640591860776645e+00
-3.687623579298330956e+00,1.651116072582938088e+01
-8.204746929139183464e+00,4.088301797834052564e+00
-3.695943390995594324e+00,-8.714628150510247195e+00
3.613918007330711557e+00,-1.185868767269245616e+01
4.991795520735690772e+00,-4.167676774217526692e+00
-1.286040169170224567e+00,1.320344409500664007e+01
-6.407239932115286196e-01,-4.132315679579652290e+00
-6.724718672561277311e-01,9.447904195734116328e+00
-7.573206107230577189e+00,-1.740350191857581663e+01
-8.608407480151912594e+00,-4.839414130939645453e+00
-2.007083492446649409e+00,1.707516614221186657e+01
5.971189405967575192e-01,1.069834451399603203e+01
-1.688194675462715955e+00,2.099239986517059009e+00
-9.036211958619567497e+00,-8.523580774953844141e+00
-1.363157563402337402e+01,2.190368113852274590e+00
-5.299523627540602355e+00,8.950931579798677262e+00
4.191613037123799401e+00,1.356662878075021794e+01
-6.880060849910115905e+00,-4.503021398940446396e+00
-4.467439605285821180e+00,-4.793037334761395485e+00
-5.497693504913145901e+00,1.657134945693895745e+01
-1.171847332008320564e+01,-2.644422708054500415e+00
-4.509361736015597977e+00,1.484494990716737561e+01
1.316941158794336708e+01,1.319264142416567198e+00
4.187805555904739130e+00,1.541290923832293025e+01
-2.229168225932155689e+00,4.003664612155248270e-01
4.013983155698809924e+00,-5.643287273900567058e+00
1.034109840130399860e+01,-1.394839225973476715e+01
1.340071618484492788e+01,-8.562962499244751058e+00
7.684296601001225469e+00,-1.000182801477187944e+01
-4.707732086450353570e+00,1.837622113131935464e+01
5.364964208843633564e+00,-1.145967568059487718e+01
1.302197986313197653e+01,-2.099960238325372597e+00
-1.016560584642129861e+01,4.389518404467530388e+00
