-2.528700110963011838e+00,-8.542213467219676559e+00
2.662423118471073824e+00,-6.356146824559314901e+00
-5.433349882349652660e+00,2.761745982161492030e-01
-1.469911377020652310e+01,1.111263957068944741e+01
1.681619711248737437e+00,-2.078005740084206965e-01
-8.084992386416065102e+00,-3.373122841705005648e+00
-8.077860259868067772e+00,1.340874834376089275e+01
-9.331497405978312898e+00,-1.465512472922789833e+01
-1.269906254496389053e+01,-7.358079708435309563e+00
-6.759469109365109363e-01,-1.146763781589060649e+01
5.434437901271140348e+00,5.297408029182853362e+00
4.309526633639135240e-01,1.061260767098199054e+01
-1.736970200195467484e+01,1.369025106367758093e+00
5.112491466904056203e+00,3.496972660375389008e+00
-7.597577578164949053e+00,-5.289320549819992223e+00
-5.233358228435951887e+00,8.278946355195353490e+00
9.384898907044817662e+00,-2.326438842262803064e+00
-2.231681526004718918e+00,1.727894870165019370e+01
6.106221050230471015e+00,-7.004208343845419460e-01
-1.122797292279876480e+01,2.279263854353672514e+00
-8.005518717617410296e-01,9.274476232598960479e+00
-1.323274113072250557e+01,-1.217910311623781539e+01
1.429685357512870247e+01,-1.281377499823084687e+00
3.580300292665685280e+00,9.089793157617306107e+00
-1.091066004175923032e+00,3.728211590416016019e+00
-7.350185551214329926e+00,-1.155674319458133859e+01
-4.767429131371185846e+00,2.019563882646949970e+00
-5.376627942242544478e-01,-1.260313807537719155e+00
1.529914994010619145e+00,4.015842429430582783e+00
-1.632480250839906333e+00,5.697476101687443339e+00
7.083513628499601644e+00,7.815087460343176362e-01
1.021291934259341261e+01,-1.322801113300072728e+01
-1.556307343118566600e+01,5.932119310612491425e+00
-9.322859663133710839e+00,-6.434865951798046879e+00
6.000540330987979232e+00,-1.790485260853455785e+01
-1.655706852525866069e+01,7.488640061934665582e+00
1.443789421563717212e+01,-7.202324518844585910e+00
1.036675448372250941e+01,4.894450488466775440e+00
-1.289299428598909714e+01,1.055872444187155423e+01
-9.790081300826456001e+00,1.471108758506487213e+01
-7.792509107700009707e+00,8.354517793156333028e+00
2.174079638684246196e-01,1.884539971342935871e+01
9.313044546213070873e+00,-4.083625375534869484e+00
-3.390510539236847976e+00,5.775374830216840394e+00
-1.471007150318111734e+01,-5.921190450052069565e+00
-1.299919391569160609e+01,-5.472220240130471147e+00
1.006296003305094944e+00,-2.217149384683420266e+00
-6.537714321063631928e+00,1.543093718454702667e+01
1.119385492804184068e+01,3.214148971535184529e+00
1.055211652754200458e+01,6.913851304593038982e+00
1.432043139701209888e+01,9.059792196483334337e+00
-4.328682987740225308e+00,9.935116426869733175e+00
8.765059432732545730e+00,6.519155988344389918e+00
4.285236351433204582e+00,-7.097802595001139636e+00
3.390882674177588818e+00,5.140240626789052136e-01
5.050307186355115219e-01,-3.914651266750317049e+00
3.558851061681429506e+00,1.121124415872742297e+01
5.228868980634891805e+00,-8.585289008976273450e+00
1.305547046055977489e+01,-1.082399465324574805e+01
-3.503097832269931100e+00,-3.244854623886335165e-01
-6.198562150857729769e+00,3.230630031544279301e+00
-8.143071175831941844e+00,1.018836620290631600e+01
3.690668607415123148e+00,5.670451696832825128e+00
-3.587150092478294194e+00,7.519496481254316578e+00
-4.936250618570990234e+00,-1.464906888642073302e+00
1.367464208017218041e+01,7.072994436780136951e+00
1.021720716111837213e+01,-1.598923732262452724e+01
1.829017433243945234e+01,3.923757040873922630e+00
1.824781758957933375e+00,5.961052829468451719e+00
-1.760648821676647824e+00,1.212949124032414311e-01
-9.415014671380808053e+00,7.473096012873809535e+00
-8.722188758153767152e-01,1.391773041057824223e+01
1.839742569758270108e+01,2.036683863538426564e+00
-1.608053280937873364e+00,-4.673552707535835182e+00
5.921820124173692967e+00,-2.526139016393412540e+00
3.583622560629931009e+00,-1.109462467710756250e+01
8.208314026349962100e-01,1.715556200756289940e+01
1.055314336505183270e+01,1.048943786770845854e+01
-4.559846140475463550e+00,-1.171679734764815173e+01
-1.658631387041061345e+01,-5.851172755451478302e+00
2.498124825834894924e+00,-3.694801387353009670e+00
2.635780158817656371e+00,1.376319966335466027e+01
3.837514186406896677e+00,-5.010194983841578242e+00
8.515983256158408565e+00,-1.662506490424183170e+01
-2.282451550779394989e+00,-1.596376290059699388e+00
7.900515599551432011e+00,1.274793665197422854e+01
-3.902172397128957027e+00,1.206643477126839414e+01
1.050331250455875320e+01,8.708849199459923085e+00
-1.251132523421407461e+00,1.942065623817842868e+00
-3.347069486260466853e+00,-5.106507691557464312e+00
1.226280857320729467e+01,-8.570859798113454886e+00
7.017191131029958839e+00,-8.034770296420212787e+00
-1.134664196833524930e+00,-9.735124001929841953e+00
1.547217959043726943e+01,-3.760645650869070877e+00
8.368808801445167589e+00,1.543466046570771688e+01
9.393834784352502965e+00,3.184038766154575484e+00
-9.724751675139486906e+00,9.375927569917868354e+00
-1.014594024286703977e+01,3.712164057144404783e+00
7.660960513017634810e+00,2.554216679772050025e+00
-1.331380075326755730e+00,7.551352268690284752e+00
3.396896404587647744e+00,3.882463302589143073e+00
6.980750359276047257e-02,5.070379307138042968e+00
-5.102446390267258991e+00,-5.032101881033120172e+00
1.132130230603343790e+01,-1.012343390654925912e+01
2.133252439315364235e+00,-9.952373127210506709e+00
-1.134870706195797219e+01,-1.904698762667261125e+00
-9.968562621667530266e+00,-6.543890172318741483e-01
4.325441427825199803e+00,1.299325443909899747e+01
1.577712102602363764e+01,-1.458763471234608977e-01
-4.233992610713123383e+00,-9.153311331152048425e+00
-8.351744880303757057e+00,4.226939788056807146e+00
-1.312284823706106174e+01,5.704268465251354669e+00
-2.650391103192513587e+00,-1.708711933657688320e+01
-1.032591343654117111e+01,1.296711086370111055e+01
-1.294449271232711141e+01,7.455645344006842201e+00
1.282804045597866605e+01,1.001906494194353314e+01
1.235478341421990223e+01,-1.333195494219922006e+00
1.508207736192188397e+00,-1.169129439743476695e+01
-6.119118896252468076e+00,-6.528334247857392469e+00
-1.504378995228422156e+01,-2.259330287129626580e+00
3.910656710734767838e+00,2.190296015357261261e+00
-1.842824770292517345e+00,1.551555966196014680e+01
-6.368452301956397221e+00,-3.780036814283120883e+00
9.501669565179872379e+00,1.365262100293679381e+01
1.233715310380431163e+01,-6.805284576194423174e+00
5.516024243376154601e+00,1.815818141853969792e+01
-8.404757284563562081e-01,-7.956299478788808166e+00
1.330556258112257062e+01,-5.262212478170315677e+00
-7.102161261228964184e-01,-6.192352401622052582e+00
4.069346888956478558e+00,1.484918876475383520e+01
-1.306983138358600804e+01,-1.327823241385331920e+00
-2.068353719938302415e+00,-1.255126519586114142e+01
1.047397739154435126e+00,-1.359837108607406009e+01
6.423544451622566598e+00,-9.946024714733699312e+00
6.261237800421878275e-01,-8.967713411188494632e+00
-1.470959754000116249e+01,7.558295912335045941e+00
-1.011766161701000399e+01,-1.304668866784073344e+01
-1.448385349960893720e+01,-7.667772739095711110e+00
-2.817064216733691673e+00,3.240922860180443177e+00
2.359174358873501021e+00,1.617261702074662466e+01
4.710989748737783422e+00,1.655263248462818737e+01
-1.605902817227939039e+01,-8.600856375627207839e+00
2.022707990157907698e+00,1.886050346135211342e+01
-8.252951289533426049e+00,-1.320408680262895373e+01
-1.127030859258793249e+01,8.364457330928349421e+00
-4.809136044780062846e+00,-1.758791917266118787e+01
-8.388402188759263467e+00,-1.570145789377640932e+00
-4.281560407653516087e+00,-6.673953537911517131e+00
8.741339487845729561e-01,1.374167457924441038e+01
-9.819260439203556956e+00,5.725298685192208303e+00
-6.465473968380627490e+00,9.640344612349732500e+00
1.255976221217036937e+01,1.177866984432653830e+01
2.760601293311230719e+00,-1.901143394426062061e+00
-1.683726601942466772e+01,-2.083768403398991165e+00
5.292327321635979409e+00,1.048109960324821843e+00
2.126841252401766358e+00,1.007737286352886663e+01
1.251425899532759800e+01,-1.425551654188771700e+01
-1.142606955762031973e+01,-1.168541777581504704e+01
3.616513050312440414e-01,6.942053174662440540e+00
8.399836949188113522e+00,-1.342243111910118358e+01
-1.120893355943680270e+01,-1.532878861855495067e+01
-1.442564716322621088e+01,4.390096364928543160e+00
-1.419504886324969384e+01,9.343274490837865542e+00
-1.816941394985300917e+01,-5.021239291642669578e+00
6.795623137849540640e+00,4.117883277688148880e+00
4.343634308002749300e+00,-1.069181866965075667e+00
8.831168929274577195e+00,1.124409563448324789e+01
1.079125859259227127e+01,1.228662822135934185e+01
9.903622006620260265e+00,-7.615315574128625364e+00
3.547232494147672277e+00,1.794959730667332565e+01
5.540159570533454314e+00,-5.817829376145243536e+00
8.942705310833966692e+00,1.001479832970502581e+00
1.368557009077909647e+01,3.475752562597130169e+00
9.524683645214393479e+00,-1.023289744374292987e+01
-2.534245298911604660e+00,1.083726486151114443e+01
6.804715767651175362e+00,-1.243082593268739977e+01
1.365098166759664267e+01,1.318098051602497378e+01
1.643634795513820634e+01,-2.256503000098230238e+00
-1.264473509572629517e+01,-1.411093434758679344e+01
-2.431347052423535882e+00,-6.750278314171244354e+00
1.536804060249410853e+01,4.564780506112955827e+00
-1.653703666646222459e+01,-2.719994829837042993e-01
-1.824922465023287899e+01,-8.327319496618391659e-01
9.922173548876661586e-01,-5.684603475665049643e+00
-9.930874103029990740e-01,-2.978960745949485567e+00
-1.460472192328152374e+01,-4.090894613509046707e+00
6.982324919849662415e+00,6.268361519447688046e+00
-6.652270200729044625e+00,1.144446297339323948e+01
-1.869504872184911548e+01,-3.241485340871593124e+00
-8.043658268358793606e+00,6.003028264124680824e+00
9.033532133515086437e-01,8.666999958621225630e+00
-7.408296259566095721e+00,-1.746313190162797468e+01
1.218448096834175409e+01,6.112695846455660664e+00
-1.791432864223676447e+01,6.246621978026302813e+00
1.989239443193225654e+00,1.692064633805294260e+00
-8.645040065757182646e+00,6.293656365761038929e-01
-7.130314543126087479e+00,-2.647100615281153813e-01
1.161000052993763099e+01,-4.524509313401426702e+00
1.372640647070332065e+01,1.179027202112290729e+00
-6.254846451374255878e+00,1.316909632654187767e+01
-8.414893137629086084e+00,1.592552434781865323e+01
1.889731101874879915e+00,1.197766629091310975e+01
-6.097067542025068398e+00,1.784193021770745702e+01
-9.812697898246160122e+00,-2.786783490147185738e+00
8.557677830024653431e+00,4.767561461258275735e+00
4.248398863894349731e+00,7.391676263926674650e+00
2.282980999607717276e+00,-8.201467514741766607e+00
-1.038564035895220616e+00,1.176410640692081877e+01
7.711146955432726990e+00,-4.962969252686783683e+00
6.113988980843299004e+00,1.272764861438319528e+01
4.221669815082610633e+00,-3.028214321550165788e+00
8.255651570584129573e+00,-6.707556940707940285e+00
-3.067488202204200043e+00,1.413313980736024655e+00
-1.305982279516813094e+01,2.525993504139726120e+00
-1.559260834712347110e+00,1.893458805237926157e+01
9.798480382396142829e+00,-5.788106021975531590e+00
-9.554791744771332418e+00,-1.641600508500120625e+01
1.792702161593227927e+01,5.704278081127705846e+00
7.843560862554300073e+00,-1.372531586673334969e+00
-9.362479172566267493e+00,-4.664006581443694621e+00
-6.666245426789812356e+00,1.521870901446965130e+00
-5.864828156311792107e+00,-8.280988351364847233e+00
-5.646584588971045093e+00,-1.478420245078257977e+01
1.481256326353965136e+01,-1.042888257814601438e+01
-2.574534577380641398e+00,8.981222904732641510e+00
-2.825448069377055393e+00,-1.032554707071309963e+01
-8.306193875603023358e+00,2.447873580501791047e+00
-1.098856210125672384e+01,-9.957715130846146678e+00
-1.644096083529445806e+01,-4.014268332064385270e+00
-8.197907377228970560e+00,-9.048252757180655692e+00
-1.379855044748941317e+01,8.215793061039312617e-01
-6.572566233742710651e+00,6.966222109362123938e+00
-4.134786773457328479e+00,-1.589382227545621262e+01
-4.558036353124786721e+00,3.858158422418044076e+00
6.798084378838799680e+00,1.438641975739357726e+01
1.233866733777610847e+01,8.239006115357387472e+00
-7.720483461479524578e+00,-7.330055609510899295e+00
-1.092630475289740488e+01,-5.600278828189255265e+00
4.145596419479348760e-01,2.656378619761006643e+00
2.429536361740234796e+00,7.674499284532258159e+00
-2.824467200398601108e+00,-3.321441638273557206e+00
7.641706745400269618e+00,-3.136592198289009481e+00
-1.819118135955699600e+01,2.976770202090180728e+00
5.084211042878697739e+00,1.009501209584013814e+01
7.389708257039947270e+00,8.110698772627289443e+00
-6.530428425136852510e+00,-9.944882609576154664e+00
1.364099713693201643e+01,-3.482831039699187059e+00
-1.166269428733019531e+01,-3.864662486822820320e+00
6.523136166367981659e+00,1.643535938682426334e+01
9.906472908612157013e+00,-5.848661563843787770e-01
-4.699850892864271934e+00,-3.211157428125238411e+00
7.886851229485143833e+00,-1.095292606105792643e+01
-6.611458751182502702e+00,4.955417781195780691e+00
-6.610733350374129458e+00,-2.022269689889584665e+00
-4.043365313167869957e+00,1.767783598902133235e+01
1.084491682811326463e+01,1.136008340501679426e+00
