5.549335178952091496e+00,-5.375311840517292161e+00
-4.022892973385640225e+00,1.682999780158572634e+01
-1.247643081758549854e+01,-1.387594515656286109e+00
-1.000649924371787236e+01,3.254376484851959184e+00
-8.299488674510310915e+00,2.511632242611404386e+00
8.342315917990118734e+00,6.653334243210667687e+00
4.259764532757645661e+00,4.535449004897633252e+00
1.614976576530066055e+01,5.743904775727068923e+00
-5.805779825788167869e+00,-1.273676720920819427e+01
1.830680360683563634e+01,2.734451690031544313e+00
1.212951786424681977e+01,-1.417533698201479986e+01
-5.284684410992754877e+00,-1.508212616286238017e+01
-8.437441371430512760e+00,-6.800698862378028231e+00
-1.373020407662651543e+01,-6.598772952050728335e+00
-9.051304033522070469e+00,-5.211096513547867556e-03
1.762030566166571610e+00,-1.240987107326406225e+01
5.005744876300994406e+00,8.161909505260492637e+00
6.567219892228839839e+00,8.978234657134740004e+00
1.608489767744705645e+01,4.084776253229897014e-01
1.624203793082727998e+01,-6.007896800365539747e+00
8.329371059603149163e+00,8.469042511095739911e+00
-3.887216715208485218e-01,1.615745371406415742e+01
-1.296900678949803432e+00,-9.127016593821755563e+00
6.614696441947078398e+00,6.975388191709121166e+00
4.150364513288949730e+00,-2.845641512886450730e+00
-5.590409654432638931e+00,1.594707348236248734e+01
-1.502053137219736811e+01,-7.807117118656067056e+00
-1.160236217456423624e+01,-1.471919910995159064e+01
-7.311308749129124429e+00,-1.472033561124225010e+01
9.831594279691152849e+00,1.388680490603003692e+00
-7.048693647090022552e+00,3.859790266227045130e+00
-1.473336190320544414e+00,1.032537965132132030e+01
-1.281907381187943074e+01,-3.107800219958490651e+00
1.900454692254242905e+00,1.013543247671935532e+01
-5.774166700640431138e+00,8.471999335613084270e+00
2.521633957726956421e+00,-1.697410859419103701e+01
-1.062306069692319221e+00,1.408229931686012826e+01
-1.077051420362911394e+01,-1.849924603843615900e+00
-2.636700472848084065e+00,1.714327218133590458e+00
1.483810925715821405e+01,1.955652707453623407e+00
-1.384992438688181338e+01,1.930370296025085919e+00
-3.076934757407737031e+00,-9.777128854861352636e+00
-2.756932024776658885e+00,-1.385882459045102344e+01
-1.433646811447253810e+01,1.116304849536666488e+01
1.432501989206520143e+01,5.989212278480535723e+00
-1.125726197209583468e+01,1.331477050404480700e+01
5.077932414157058538e+00,1.034367062529060188e+00
-2.074358290997096343e+00,-1.637237424780770922e+01
-1.156063278891145529e+01,4.065644364537170929e+00
-1.616514154165849959e+01,2.413969457833802679e+00
1.474957866482481172e+01,7.917193680104148257e+00
-7.478361242839392631e+00,7.912840808753252908e+00
1.416036779214519470e+01,-1.148784356977070509e+01
-6.866968347693433117e+00,9.878461468544866619e+00
-5.473664698983276011e+00,3.348022754009737922e-01
-1.292688650177966281e+01,1.390109694590676881e+01
-1.259090491746043927e+00,1.212719577675207816e+01
-7.912366002883871374e+00,-1.020375758350524542e+01
-1.192155367628710216e+01,-1.056177333704084909e+01
-3.976994035597449351e+00,-2.302423556609793476e+00
-1.344961533485502159e+01,6.403520796661476666e+00
-8.305655768977649345e+00,6.290953332746216375e+00
1.791621387070689764e+01,9.241254398743202758e-01
-4.850363622503854444e+00,-5.598585857337490701e+00
-7.488022837704566115e+00,8.939184617090339957e-01
6.651893060174231209e+00,2.318888837559664462e-01
6.533721936843042144e-01,-1.855105106212655741e+01
-1.600406608097446393e+00,6.670225774603510516e+00
1.796864642845798343e+01,-8.548043143204795413e-01
7.898523929542066391e+00,1.449537377679348182e+01
7.001495177083719712e-01,-1.385797676623046648e+01
1.806212641884815184e+01,5.831449739728685522e+00
1.149043951866584656e+01,8.994929960365784183e+00
5.457427134512266242e+00,-8.765681934327320235e+00
1.239385553449414701e+01,-1.016085934090934018e+01
-8.728390765853649924e+00,4.579497322466305143e+00
4.962136950281473835e-01,3.085043556504259321e+00
1.271747796208813419e+01,4.946631041096225090e+00
8.126371323199986563e+00,1.271544880317030746e+01
-9.577386969186529875e-01,-6.757116967240139438e+00
-4.363620196547369545e+00,-1.813311563786972158e+01
1.667069903174963486e+01,-2.128236153019789523e+00
-4.104787179928162999e+00,-7.325837952004531139e+00
9.801129375933482990e+00,9.795104018101765675e+00
1.680820688078191294e+00,-2.855305212875996479e-01
1.253890496155275969e+01,1.078366872898698858e+01
1.635032369624820348e+00,-1.006251937388588580e+01
6.027494748771479394e+00,3.922316247497269703e+00
-9.489439350568287246e-01,-1.475902695640546547e+01
-2.713521250045960898e+00,-6.219360865852510578e+00
-1.434626509982402487e+00,3.102726374017632960e+00
-3.400998520905159861e+00,3.387386632189400171e+00
-2.503625652986140260e+00,-1.313609248251852213e+00
-1.183090588375989149e+01,-1.287531000529240188e+01
9.093428142645159085e+00,1.667492190881705838e+01
1.072436192722646098e+01,-1.117882207706504616e+01
-5.093976633766327922e+00,-3.826959624621542044e+00
-1.528747729636039665e+01,6.683551181407673347e+00
2.453021564030580248e-01,-1.124967638732814734e+01
7.743339539881797684e+00,3.380562916483057734e+00
-1.700005256341975013e+01,6.095258561751204951e+00
-9.563857700334288836e+00,1.420949944174125079e+01
4.347448215346459754e+00,1.038809667560881778e+01
-1.330784063458073696e+01,4.581947281911766368e+00
1.307714572251815532e+01,1.321678171886581099e+00
1.385568486966843427e+00,1.523153552244761011e+00
-9.825708944482983043e+00,-3.533983833684728459e+00
-3.375951964793665994e+00,-1.163486340349577652e+01
7.111978141797393738e-01,-6.043813326680645304e+00
-4.951963149476747983e-01,1.546495167659875269e+00
-1.363972868688328566e+00,-4.803140857849617973e+00
9.588858458323139544e+00,1.153803483508844607e+01
-6.883408214627420918e+00,-8.188695082738909337e-01
-5.372546724393839623e-01,-1.231334915722716916e+00
1.100193716021379409e+01,4.212053949595790492e+00
-9.834115269333095100e+00,1.087677948790801530e+01
1.721129108400442931e+01,-7.571259225120624770e+00
2.485107976097952864e+00,4.156499572473814297e+00
-7.392281202461325584e+00,-1.190304801366917253e+01
2.101740749319929602e+00,6.002696183547961972e+00
-5.101138276982860376e+00,1.292287462845776247e+01
-1.133150386754160444e+01,2.096154014423898371e+00
-1.146261258938101379e+00,4.976715470594707647e+00
1.269188270272352170e+01,-4.736531651879800187e+00
-3.283435867464779001e+00,1.016268786641771804e+01
4.677560994844698783e+00,2.765709708046706350e+00
4.395513987346874707e+00,1.452767175122718157e+01
-8.694445174066396831e+00,9.491822671616345630e+00
-1.671590167416901096e+01,8.295999735466569547e+00
-3.961192278705852665e+00,8.545470158900323909e+00
8.031375446446229915e+00,1.039934552118258182e+01
-8.719070034644452960e+00,-5.039296245477696168e+00
-1.186282155010841066e+01,-7.433346366184382603e+00
-4.725262331613744315e+00,-9.066794826105910587e+00
6.470730408897104269e+00,2.176495200395509144e+00
3.907474997127027144e-02,-1.627028302872516363e+01
-1.025476486830140033e+01,5.587340580106771704e+00
-4.425260210245460790e+00,1.911190826897999795e+00
1.328207890798513979e+01,9.072732934432696794e+00
4.760947411289323306e+00,-8.050403304661468695e-01
1.244564395406743129e+00,-2.028753834925360433e+00
1.042283596638868270e-01,1.803266791389518531e+01
9.574130576967684547e+00,-3.939205682718603274e+00
6.389564146719343363e+00,-1.360922628537717216e+01
3.982141972821972242e+00,-1.522408236704208306e+01
-6.235593556072402066e+00,-8.048695500524672752e+00
-2.921222621793481355e+00,5.085133948090028611e+00
5.831044000117622694e+00,-1.542446602165044744e+01
1.494875228918874477e+01,-1.760329066374022755e+00
9.902680073416988193e+00,5.671890611714503372e+00
1.660968738350050344e+01,2.211304020190155928e+00
-6.743895381083050644e+00,-4.572462367412252426e+00
1.135252954736802167e+01,6.747228778705880892e+00
9.386608431945946407e-01,1.432327620600770679e+01
7.203169537206520978e+00,5.272219316929310118e+00
-6.239082308595326865e+00,-2.453014950081072953e+00
2.944169891833940511e+00,1.160234567098567915e+01
8.204336091002255582e-01,-4.265140969106096414e+00
1.442269009486445874e+01,-4.138085510867480110e+00
6.754358850579610163e+00,-9.959998256183608234e+00
9.527656977928220527e+00,3.167751041081047436e+00
-1.238868050948878086e+01,-4.816937762305689930e+00
-1.493449556665332700e+01,-9.626123926659767349e+00
3.140788031541967840e+00,-1.114211376351104654e+01
-6.371494139914131161e+00,1.423532388905051960e+01
-6.714591543413291674e+00,-6.338855141630189927e+00
-5.170405012378036957e+00,6.692110125381250718e+00
-4.872904479107372566e+00,1.113226432979207736e+01
1.634966873372771801e+01,3.951209368269434030e+00
-2.238733287033924935e+00,1.654525480290120498e+01
2.960010825100912957e+00,2.405258238767811196e+00
1.132380158256694713e+01,-1.538210745151643133e+00
1.614357509617991226e+01,9.016031843056106609e+00
1.005736857621516123e+01,1.510869852452080764e+01
1.654742736410385051e+00,8.185380261453428119e+00
-9.002131866610076472e+00,-1.798911393746181808e+00
-1.415464446480327965e+01,8.130774645424043712e+00
1.465204441595672868e+01,1.204691392879350254e+01
-1.647161158598585473e+00,2.205222366601173600e-01
-2.829214131959984169e+00,1.303714389606989776e+01
8.813018655713033667e+00,-1.110715792643788369e+01
8.491849247413981061e+00,-9.313529484340371312e+00
1.236993941261593477e+01,-1.195440891246324888e+01
1.688050260496512323e+01,7.421527584611991024e+00
1.016360154783360770e+01,-7.384939701623663311e+00
4.807203468795822054e+00,-7.020323374817351691e+00
-8.577322555456900588e+00,1.224673162368566182e+01
3.292844694981573728e+00,8.976380749598815711e+00
-1.412875811835947459e+00,8.555435899875389438e+00
2.998523919289454387e+00,-6.852533674832764987e+00
1.476658189234797369e+01,1.022683590497197414e+01
8.087875589063957094e+00,-6.235430500169255374e+00
3.635090593575420304e+00,-8.843152822132811508e+00
-1.392965365598648253e+00,-1.270635774609332280e+01
-4.939652439203670475e+00,4.287984905406640124e+00
4.192490796476700865e+00,-1.341281795777691599e+01
1.163178938665159023e+01,-3.288863508878613562e+00
-1.446642383210487637e+01,-1.867985505977648897e+00
-1.083439655133873991e+01,3.616619033450337306e-01
6.142220449962419337e+00,1.073966447436176708e+01
3.406530854360098726e+00,7.182212507880406882e+00
8.314282617341160753e-02,7.195452914117466570e+00
1.311558359669055562e+01,7.271833284960431243e+00
1.130442138033175681e+01,1.213712156686113985e+01
-3.579547004972592816e+00,1.577701381865955488e-01
8.004929759282658708e+00,-2.959060476728323952e+00
1.455204920918576228e+01,4.184549426417762064e+00
1.555843316329258208e+01,-8.393762697341138335e+00
1.625231504997668708e+01,-4.139171219057281803e+00
-1.902766903065684634e+00,-1.836519877793183753e+01
-9.307224975950958878e+00,7.786120836388510824e+00
-3.382930355760017438e+00,6.852985200962686818e+00
-3.502866483708183765e+00,1.470406348046343226e+01
6.842448988080075400e-01,4.874283298173040180e+00
1.305523186855000972e+01,3.124968324443242906e+00
1.089240798009417510e+01,-5.158451989838060747e+00
-3.619348922066333074e+00,1.859085248650887223e+01
1.313549559755669982e+01,-1.304768627819040461e+00
4.423975307370004550e+00,-1.815903723024678840e+01
1.404480343685519905e+01,-9.414126066269007609e+00
-6.264211935103580764e+00,2.222593219389897179e+00
3.067925645456879291e+00,-1.436116749349053645e+00
-1.560042026322044784e+01,6.230041345927513907e-01
7.590839094843270018e+00,-1.505936710304895421e+01
-1.661582143182656734e+00,-1.092842807527333804e+01
5.820305337224807474e+00,-3.606512188687045928e+00
-1.270183288571909941e+01,1.024531444359989329e+01
8.302544064097583387e+00,-1.287825211366117273e+01
1.837374923451656539e+00,-8.242706865885317313e+00
7.257347968053741383e+00,-4.636316261932313054e+00
-3.431318871131882275e+00,-4.490794190046266010e+00
3.292433419880336221e+00,5.704790463923202770e-01
-1.710173477323934677e+01,-4.090763258633494992e+00
1.007713125269837739e+01,7.954488424659712287e+00
2.393782873130872346e+00,-3.421346507318490104e+00
-1.886246091369545042e+01,-4.340630232223725016e-01
-4.160859473015602883e-01,-3.004830261243561562e+00
1.033791372300618150e+01,-9.389513242132279558e+00
-6.863556963215630802e+00,1.163321887626683626e+01
-1.228257473898787744e+01,8.301505286110741011e+00
6.553535294088987051e+00,-7.283971229548562576e+00
1.389807801319300040e+00,1.247015665288221697e+01
-7.961077836665630514e+00,-3.274044221511075214e+00
6.319020417477667628e+00,1.253941482968671295e+01
1.051494421540460422e+01,-1.528047357816404528e+01
1.133282751964676471e+01,3.550107091909259216e-01
1.136269834390057376e+01,2.476233312399730657e+00
4.961727674878480876e+00,6.152706333650320047e+00
9.519656871962439482e+00,-3.503157056546530868e-01
-1.102188389214789588e+01,9.528439482937759664e+00
-1.470617180985240147e+01,3.467621217412449663e+00
-6.623313044871722788e+00,5.570838562649619519e+00
2.342244121403949997e+00,-5.194556210919809125e+00
8.063276769355805840e+00,1.284658727615669349e+00
-2.237362426513874070e+00,-3.089437239607223606e+00
7.873974557073909253e+00,-1.150946041051786217e+00
