8.931972950671156042e+00,1.676799024784730818e+01
-6.674694536491251107e+00,1.215921437252165482e+01
1.011927629414903507e+01,-6.470493447059222802e+00
-3.298359079638547797e+00,-1.826154189085031732e+01
-8.617264008420526977e+00,-3.209567926176561503e+00
-1.111566102547218726e+01,-1.538133627360123512e+01
1.056473151759052209e+00,1.164823720856040801e+01
2.913554850572748212e+00,-7.479321548755237359e+00
-1.796249971057017802e+01,5.800129691342502447e+00
-2.119643370942862148e+00,9.924142970949121789e+00
7.545716831443246342e+00,-2.377703880088052113e+00
-5.557002201644451134e+00,9.957501049982374397e+00
-1.001137304129806971e+01,-8.490541442584540466e-01
7.387071923721062028e+00,-4.365244565863805604e-01
-7.276315807481061881e+00,-1.133815900892053108e+01
-5.877286450555784469e+00,-2.551431734537780827e+00
-1.036794982004920662e+01,1.182467303417224080e+01
1.528232682606910586e+01,4.121992288917324387e+00
3.430536499618758395e+00,5.540863628403696950e+00
-6.073735589011576508e+00,-9.988182806380798695e+00
-1.274523749493840785e-01,4.669393777574414095e+00
7.054729749708616104e+00,-9.561286713447035623e+00
4.157436703131978106e+00,-1.160605335707612706e+00
-1.583657350608891612e+01,-4.759770705669903457e+00
1.884503830292260673e+01,-2.234118727506519075e+00
-2.231266628467843738e+00,-2.726455274797075390e+00
-5.147150196832538604e+00,1.173696636560826567e+00
-6.556024985376863512e+00,5.891293726632317040e-02
1.867285772593105264e+01,3.474581395307181797e+00
7.572477571040282740e+00,-4.133922975101569364e+00
-1.019010827789457707e+01,-1.144361286256546784e+01
-6.540981171560786400e+00,-1.459486940132286747e+01
-3.315346254572543394e+00,-1.064622927276630548e+01
5.980220353435185210e+00,-3.305772211454274245e+00
-1.181032917317886799e+01,-3.760395404574094602e+00
-2.580405759429527546e+00,4.350741627839803449e+00
3.780178415734250841e+00,-5.944055170040082992e+00
9.694129587511423063e-01,-1.753827431675875559e+01
9.680658675321225815e+00,1.366173028058574879e+01
1.282241859677704277e+01,-3.663540861021520545e+00
-1.355489684852713772e+01,-4.336741420994504992e+00
5.354486646202985867e+00,8.534463240405404605e+00
-1.483680651915182303e+01,1.057610875742341250e+01
-1.536496149203785144e+01,-1.278961838698018605e+00
-1.016412157435657271e+01,-1.323596141620050659e+01
-8.383324798117385512e+00,-7.840621984036937775e+00
-1.955990019117860079e+00,-1.239806104029505995e+01
-1.189050038433100198e+01,4.706998717032972124e+00
-4.698349796847421378e-01,1.485454213287463432e+01
1.100895266729185629e+01,1.541574231284934449e+01
-1.294137133759951652e+00,3.110727305467880566e+00
-7.262678224239751401e+00,-6.417562454583197074e+00
-1.031795643107665228e+01,-2.706516977609325192e+00
-1.271687062663491963e+00,-1.076255419234387389e+01
-7.946517297712577310e+00,-1.608761688045517246e+01
1.459105719617125452e+01,2.437754821078862211e+00
-1.409361214697694376e+00,-8.813952421431433537e-01
-6.805968216549053151e-01,8.259281402145013828e+00
-4.386331284005416720e+00,-9.210024817017430365e+00
-1.789039205666654908e+01,-6.335944096660567126e+00
1.349352699715916870e+00,-1.447134851090906560e-01
-9.547856505383553127e+00,-6.465720519814718514e+00
-1.202380185359467291e+01,1.013493654310797965e+01
5.166942911607732114e+00,5.087375819874250027e+00
-1.867057831285115835e-02,-7.333058629879773527e+00
2.107319694600888305e+00,3.830441152679301631e+00
1.300780311411605439e+00,-1.214342468758051119e+01
1.718414661028154100e+01,2.596142527216514437e-02
8.545669813392873237e+00,1.503319699249257368e+01
-5.051027622328028599e+00,1.691303221596221817e+01
9.105872333004471741e+00,-3.270399504351191311e+00
1.414760551879326300e+01,-1.319244082108774085e+00
-1.632676381677418576e+01,5.084245761141508169e+00
1.065693650333374487e+00,8.982166468940208759e+00
4.690627488037309334e+00,-1.025486430007049599e+01
-7.607376381458551329e+00,3.797788002462564094e+00
-3.394151886171804522e-01,1.019527206853599566e+01
-1.134975352060776110e+01,3.839921048137978632e-01
-6.938283726114174987e-01,-3.588804397691586878e+00
9.554639126626170764e+00,2.316507132373513134e+00
-7.251855110401809412e+00,9.391910566368601110e+00
1.208015036827729816e+01,7.279760485966782824e+00
-1.833032099564746176e+01,6.171437919692654983e-01
1.156724221782691853e+00,1.571980546275569779e+01
1.898220639445719726e+01,-4.675447369520122076e-01
-8.328119216523290902e+00,-2.140499773501656489e-01
1.849437171882518882e+00,-1.393780132291866636e+01
-5.199136047822243700e-01,-1.863118330591327521e+01
-1.354509005095648533e+01,-1.059109234701481439e+00
-5.080487596170473630e+00,-4.325696263767222938e+00
1.136804341077229630e+01,1.310542492956454907e+01
-4.661880270717481345e+00,-1.515749394276400430e+01
-9.670056872956321214e+00,-9.680377262421943740e+00
1.318037486826464288e+01,1.291034108430228367e+00
8.097584733821554082e+00,1.034653211035175957e+01
-1.529585698133930904e+01,-1.117506204237024647e+01
-1.015930582982836938e+01,9.841136891701269818e+00
-7.465089910438069687e+00,-1.791285048425124593e+00
-1.195938724351571736e+01,-1.374905122471225560e+01
-1.181768628381175823e+01,2.076763897068734988e+00
6.316538412143198222e+00,-1.345675678548081322e+01
6.371582510544686606e+00,1.675687212528666592e+01
9.571557001955484978e+00,-1.346368520611869357e+01
8.930218782772202601e+00,-1.281517027045218526e+00
2.318802394618464824e+00,-4.752332344691161836e+00
-4.913307205089819441e+00,6.722857279393972263e+00
-2.439537206809231584e+00,8.161884753167040429e+00
-1.486880756066482512e+01,3.918389891602260366e+00
1.157849165942045033e+01,-1.039079927239516543e+01
3.466297164591981339e+00,1.173773419213896574e+01
6.511225290213089600e-01,-1.035132769882470072e+01
-1.660844369760999228e+01,1.067119309852765374e-01
-1.320251601132166641e+01,8.288984072381273549e+00
4.149228787249566786e+00,1.458611474296157517e+01
-6.958626614156821155e+00,1.397132333558863770e+01
1.115634120746861768e+01,-5.008189892098419804e+00
8.512797271856351600e+00,5.585715353911079539e+00
1.087482555065639289e+01,-1.470414898031253159e+01
3.172307396750906783e+00,-9.236887501650192789e+00
-2.473515913690592427e+00,-9.106919878926658996e+00
-1.009000427767377239e+01,-4.481605855473683064e+00
-3.403369984462681241e+00,1.606862010667773433e+01
1.223756465880230593e+01,-8.114705411398471568e+00
-9.050549877049361314e+00,2.689683758648494294e+00
7.613858691027505010e+00,1.347512721942562841e+01
4.908772657465084954e+00,5.365771373838460478e-01
9.985876956531981596e-01,-1.570203152510866751e+01
2.501038798513016026e+00,1.859485161232708350e+01
1.537957819349617949e+01,1.962237607282412422e-01
-3.943024304478376152e+00,-5.865061744658969900e+00
1.088402361117026196e+01,3.485871841936672766e+00
1.432375380563482636e+01,6.562464301770278396e+00
-3.998263064483097207e+00,-2.744783373578064012e+00
1.421107662265706217e+01,-9.150453598497779950e+00
-1.612239539461719318e+01,-6.564570158456734639e+00
4.343628973755401468e+00,1.004309919638594017e+01
1.779690937876885926e+00,1.622450308794030294e+00
1.101713665907849560e+01,-3.182086067607139857e+00
-1.110773355820008135e+01,-8.506621137834478930e+00
-7.735855970569316398e+00,1.488738802586938359e+00
-1.791324273000487466e+01,2.428949858359921610e+00
-2.285365011025914939e+00,1.466910116845885170e+01
8.944877785068419129e+00,1.202009596136791281e+01
-1.698061901224754777e+01,-2.081460757619121527e+00
1.382280743225968322e+01,-7.288467083708499494e+00
-3.827648396118108032e+00,9.272079086524144032e+00
-3.184720920285332824e+00,-1.097027516051478191e+00
6.891102190135524330e-02,-1.985206349222183642e+00
-6.541009555160416156e+00,5.976759422376011877e+00
-6.372929659340496045e+00,7.759105073256010066e+00
-1.387182013750185661e+01,-9.293954929130419984e+00
3.908551258387739313e+00,-1.221342097405869254e+01
6.263922074829983089e+00,1.702991006808793450e+00
-1.114210766716324130e+00,-5.716471369083814480e+00
-8.729786926757258314e+00,5.209767450120997623e+00
1.479204829619356154e+01,9.000379960428153581e+00
6.042088133494879720e+00,-5.201607744046391701e+00
-1.130266692703850495e+01,7.804682925034693852e+00
-3.331986433188241392e+00,7.114203565498250503e-01
-1.564910132691488043e+00,-1.426091243544684062e+01
5.993060719155985261e+00,-1.500408508022946341e+00
-2.711822703355385666e+00,1.870753798535421808e+01
-6.295332259741907244e+00,-1.775646372839159781e+01
3.046170626660399172e+00,3.330420105431551314e-01
2.323358812657354111e+00,1.028516021253297552e+01
1.074261029130509826e+01,-1.315329206091038872e+00
-8.151507919051531603e-01,-1.622475171483246115e+01
-1.319194998487584414e+01,3.326521880479909488e+00
-9.691013585688404319e+00,9.742323202770303281e-01
-8.400327115341669426e+00,-4.995936103551384733e+00
1.853494792512456968e+01,-4.103735591288725004e+00
-6.587187664702049972e+00,-8.264521716517903016e+00
-1.849362661642609496e+01,-4.137047166588456726e+00
-6.551783840581692608e+00,1.783463283912210784e+01
-9.390449616585204495e+00,-1.482197939678374254e+01
-3.402372357686861637e+00,1.316242956239283224e+01
6.654140154726852607e+00,1.193482379655497994e+01
-1.022018612196874443e+01,4.092161579731802945e+00
-7.823246266839278817e+00,-9.618930686265057872e+00
-2.993818203627319097e+00,6.418070319227513032e+00
-9.452410838280272287e+00,8.088863585741899342e+00
1.577117283803637982e+01,-2.232007733662517257e+00
-4.546117077505378745e+00,3.056315994709291051e+00
-5.837405934434382715e+00,4.339671472144011943e+00
8.834504111291506590e+00,-7.771872436251685556e+00
4.594790410128788416e+00,1.646336041200780542e+01
1.726372961720290888e+01,2.259974884811674301e+00
-4.661722641954337831e+00,-1.695506714098221934e+01
-3.330000915632918890e+00,1.137405236350879711e+01
7.205888559986264319e+00,-1.511052624409804679e+01
-5.157200889703735136e+00,-1.347137759028669635e+01
4.523756595470819875e+00,-4.300853356405657912e+00
-1.782500414204858386e+00,-7.387380616419948254e+00
-4.552796098951092496e+00,1.461161521384165241e+01
8.012273323166077432e+00,1.275637296537916798e+00
-1.049845173538582621e+01,6.121613038926836836e+00
1.280055118463193686e+01,-1.401290233007351738e+01
-1.283389852755816740e+01,-7.824730417821361250e+00
3.877583662024101763e+00,3.745438362863405146e+00
1.244337987282545654e+01,-1.807994022549727298e+00
1.571797056292548733e+00,5.646715693174239270e+00
2.631008418608131727e+00,-1.094855835078625184e+01
-1.192204641706956458e+01,-1.765331893039443267e+00
7.052318397629484537e+00,-7.511778256177864321e+00
1.303383827713309406e+00,-8.648361850989878974e+00
-6.400271681177630567e-01,-9.089060713622268750e+00
1.290169667648322749e+00,-3.251468186635531499e+00
-4.235824900974547447e+00,5.070218831720196384e+00
1.760706523818061342e+01,6.915470508730136245e+00
-1.312885605863482352e+00,8.901931485625131923e-01
1.587200831691651715e+01,7.482280051251688491e+00
-3.566246228653670691e+00,-7.624563959557050907e+00
3.333265208476083319e-01,1.733852961881206056e+01
5.432660382025497725e+00,-8.647079724722097183e+00
6.952889936016473094e+00,4.627635154831079234e+00
-8.580948239555807433e+00,1.189563457773567556e+01
2.416721248676704459e+00,-1.542699177583304548e+00
1.293310569798597420e+01,-1.166822912572398252e+01
4.853658920669626786e-01,3.011125891287797618e+00
5.669001366113280760e+00,-1.177109913415385378e+01
1.308399364985209168e+01,1.208910096438929749e+01
-3.803032936755256888e+00,-1.233793810815386571e+01
1.636830341093807595e-02,6.499755641878816270e+00
-1.349824560613617130e+01,-1.113784825735926809e+01
-7.709642157915813421e+00,1.639966544334164311e+01
1.296057691054838656e+01,9.105278569655499865e+00
-5.441967628128253409e+00,-6.885622090613650492e+00
1.856683621620338842e+00,7.406041723167523294e+00
-1.358525697856285630e+00,1.642233559249865138e+01
-2.911032831943094035e+00,2.417789081845911348e+00
6.188929072721180979e+00,1.452016723714590896e+01
3.490402594673693848e+00,-1.865057416810321911e+01
1.602166231123671380e+01,-8.495013874090306061e+00
-1.509727485109539025e+01,6.488240135087944616e+00
-6.299400912436562194e+00,2.611382140369615801e+00
-3.018501582084060608e+00,-4.296257977655988824e+00
1.134672453350454546e+01,1.134816119084853447e+01
-8.107309444327530201e+00,6.895232553298478173e+00
-1.517504102723715320e+01,-3.077202138403528853e+00
-1.328847556918802475e+01,6.430361395450228557e+00
-1.460590776384904288e+01,-7.536399224123097262e+00
9.491350655476556986e-01,1.367935085961231145e+01
1.503711504583816083e+00,-6.374608057938827343e+00
5.313097753702198389e+00,-6.868219568890507887e+00
-1.549072924016261510e+00,1.289260101923177260e+01
5.602115814235505198e+00,3.375442189826668660e+00
-1.164527707242242016e+01,-1.032953008354651026e+01
-4.977950194565589292e+00,-7.496421251140673592e-01
-5.465447474662910921e+00,-1.172296264858136006e+01
-1.022226483782482909e+01,1.439528105404783709e+01
1.048864975647194875e+01,-8.892693275225642680e+00
-6.842225459373119101e+00,-4.064001954085432189e+00
5.345405073978380939e-01,-4.858708413638422208e+00
3.125171028033106868e+00,-3.177297647718946738e+00
5.281104013286036292e+00,1.825129969073035952e+01
3.085168840651379085e+00,8.668516743950158698e+00
