4.732858018882416751e+00,4.829433021751605715e+00
1.667448210684110865e+00,4.453950889616047348e+00
1.637071233610153165e+00,-5.433886493416268948e-01
7.606597077368290272e+00,1.150385461666819786e+01
-4.476499323832912935e+00,4.182818618987047543e+00
5.273195138942611493e+00,-1.211632781304241036e+01
1.149841306363078131e+00,-1.526200409141393521e+01
1.465268033253325086e+01,8.883588429569000411e+00
1.044359010704721769e+01,-1.965318566292332925e+00
5.817571219801197735e+00,1.152105414228413416e+01
-6.506153891195570083e+00,-2.771928844605807019e+00
-2.843746919214289459e+00,-7.458421607888848115e+00
1.481894006275973119e+01,-8.736025836374611941e+00
1.369848277095959688e+01,5.694183278773127910e+00
7.778523482336861861e+00,4.369542519092305954e-01
4.669107084439367283e-01,-8.981491566870660748e+00
-6.398876139696542786e+00,7.326345868908964221e+00
-2.494003263559760430e+00,7.489197532259638912e+00
5.284177954331394922e+00,-1.450889575822663868e+00
8.477098014142724125e+00,-6.171654673824195747e+00
-5.482354961248169650e-02,-3.159450342909942755e+00
1.692479226264345371e+01,5.121831835853196679e+00
-1.240696207765979864e+01,6.858075545487292146e+00
-6.041431357163205895e+00,-6.351339744241914609e+00
-6.701832494788806383e-01,1.146729168521324560e+01
1.141513748899059166e+01,6.698108533288698041e+00
1.575566014731022202e+00,-2.368141328972086512e+00
-4.851627327889470459e-02,4.859483084243232831e+00
-1.651161713022397493e+01,-6.534059423059735749e+00
-2.591902445254392062e-01,-4.959843532986207393e+00
-1.716069387787013056e+01,-4.199617412856662568e+00
-3.346012076556115211e+00,1.600267560680738299e+01
1.046506277200847634e+01,-1.190150929730728713e+01
1.005999951750059473e+01,5.415470696393013261e-01
-6.113113761452089179e+00,5.506855992628824303e+00
1.143690026314985886e+01,-1.343511989298726306e+01
-1.074519020726582497e+01,-6.358693071334965197e+00
-1.009836521697974909e+01,9.965751295774184504e-01
6.920468305536939368e+00,-1.521916109436780218e+01
2.153738542647505749e+00,-1.754321702629846769e+01
3.773506156467542727e+00,-1.105719571431246173e+01
-8.428795894675882749e+00,-1.671372981024099857e+01
-2.086854340534998742e-01,-1.403085995467713154e+01
-1.531232242791107145e+00,-6.202420216894818594e+00
1.738576871877811403e+00,-4.121622015461836597e+00
1.533850853154996585e+01,-1.773613261443730271e-01
4.468569792629591836e-02,-7.163398184821254233e+00
-4.870673528179219502e+00,1.506608933468775824e+01
-1.174225299496793795e+01,1.778078892040402925e+00
-1.051260423440298730e+01,-2.028320235837269614e+00
-1.634644045692587255e+01,-1.748899508682251858e+00
-1.307795868271053541e+00,-8.340711809388221099e+00
-4.328021829286975430e-01,1.670234710838581194e+01
9.221984804598729824e+00,-8.474469638880922417e+00
1.279600431921938286e+00,8.623158153254063762e+00
-5.280337365440812114e+00,-4.079926052737482323e+00
-7.171896056115165230e+00,-8.889285961969962457e+00
-5.308000786818257710e-01,8.194845831096385425e+00
-6.726393472207670143e+00,1.498762071714723554e+01
1.204776190565076455e+01,-6.043524498338530115e+00
3.842564735785181096e+00,-4.329443633178281736e+00
-1.421743878083891310e+01,-1.042158398994675572e+01
-3.935385809160432125e+00,-1.556348709873568481e+01
1.281855622484615687e+01,1.141057856486371769e+01
6.851203447571334593e+00,-1.068319279456017767e+01
-1.489335646061515384e+01,-6.166397190739144607e-01
-2.431354972871509368e+00,1.880008170644678600e+01
-1.819827794156785572e+01,4.381178474944532830e+00
-1.848509811234669398e+00,-3.290606075656189233e+00
-1.067101798634685395e+01,1.442815437921160537e+01
-6.196470157827097758e+00,3.638961934122036279e+00
-5.516249708469601387e+00,-1.278518285929651910e+01
-1.750530228043918868e+01,6.048180603701474034e+00
-9.333414853597771232e-01,-1.683122106825055297e+01
1.252828253593680330e+01,4.305300014629147576e+00
1.089182678585547182e+00,1.123688473999282600e+01
-8.440572962321795103e+00,-1.494583310229911888e+01
1.174512940816108575e+01,1.036994513952703478e+00
8.980681415111957833e+00,8.362765343820354857e+00
-4.037522612110506337e+00,-3.439054392023611073e-01
7.339975321738682890e-03,2.990987026200185639e+00
9.858906670931483873e+00,-1.011378317132639815e+01
-3.183343836534730187e+00,2.935315714680835075e+00
-6.015679503153250618e-01,1.852621673938261182e+01
-1.483738553317771469e+01,5.565378983707880423e+00
-1.302206030903114709e+01,-7.615855747690385869e+00
-1.677988826418555179e+00,-1.186531692862438092e+01
-1.248076339044014382e+01,-3.055375094335122999e+00
-4.936364159085439240e+00,2.371375213103171564e+00
5.181653156290894735e+00,2.358741240032939501e+00
1.134226598159549049e+01,-9.135082534424151746e+00
-2.859623018075541534e+00,9.249492790435072109e+00
-8.006965898916059032e+00,1.366896056153377970e+01
-1.163850750636301079e+01,1.022503559824422403e+01
8.596301927423862566e+00,1.302698537076164875e+01
-9.312726319415363108e+00,-6.322325166415209141e-01
4.047532171434702064e-02,-1.369177882083010056e+00
7.436067213708042800e+00,-8.350552400165399902e+00
-7.728793038461969189e+00,3.867593241180752317e-01
5.471051843918345092e+00,9.672238422108080158e+00
-1.744936557636004526e+00,-1.486013135831765419e+00
-3.678208122156765292e+00,-3.147225267533043436e+00
-3.111584059638142552e+00,5.819953211087405265e+00
-6.009101576115116750e+00,1.300642512833330677e+01
2.583086552742757558e+00,7.341445066298852851e+00
1.301058623997022679e+01,9.590996541836069866e+00
1.649269561266126516e+01,-4.938267394219512774e+00
-8.973253214655221299e+00,-9.770628472716156310e+00
1.270004342819609056e+00,-5.861822247371174299e+00
6.277472562110012255e+00,5.829845510778128848e+00
6.844812228663513132e+00,-5.393559932016732006e+00
-2.009668291786916861e+00,-1.002634087895096471e+01
1.006652464819064186e+01,1.406274012490114700e+01
3.427451791413491211e+00,-1.622653898412036000e+01
8.819260551689097838e+00,-1.261986696310680323e+01
-1.552000850003295085e+01,-3.422220795737570320e+00
-1.430918811301459925e+01,-1.245683504903953498e+01
3.904827567120778387e+00,1.068994357649826199e+01
7.071274893227424307e+00,2.127962694283012102e+00
1.474952694813930520e+01,-5.196127212861129330e+00
4.433294468184560522e+00,6.823940813025229701e+00
-5.579081855433789094e+00,-1.462884313504410549e+01
6.034302777848374433e+00,1.449739279971337114e-01
-1.472425590518683158e+01,-7.027846013552327520e+00
-6.575308027966797475e+00,1.130731830409248850e+01
-1.272243539987409733e+01,-1.325443047110861450e+01
-1.221893574628039758e+01,-1.297476832739803632e+00
-8.647754154612512068e+00,1.073096694886118208e+01
7.134008402419528494e+00,-3.649989283763534154e+00
-9.579761340384170154e+00,-1.149890984271107897e+01
-1.632571883234495047e+01,4.605763582262980549e+00
7.267389820112522436e+00,9.034713771284913264e+00
-1.235414642886547565e+00,-1.860545203142990189e+01
-2.349876869103590948e+00,1.097013209583104576e+01
3.049178370039521635e+00,5.575189957824309595e+00
-8.590292769796526784e+00,2.078972319929263346e+00
1.480814981616167714e+01,7.084053008336384849e+00
1.055338378231957108e+01,-1.575017231142235019e+01
5.000344455697361745e+00,-5.675490902288257367e+00
-9.270225995895915005e+00,-1.335985328971632669e+01
-1.106644051144313678e+01,-1.258008264691310885e+01
-1.352955000737698699e+00,2.932546110282067686e-01
-1.026553465079519967e+01,-1.597411268682549768e+01
1.288508419595656918e+01,7.723367240610198081e+00
7.055863002643986803e+00,-1.248534490957871235e+01
1.175092680829714986e+01,1.310100374552027347e+01
7.058961441812725113e+00,-1.856108817096311370e+00
4.361072639023269915e+00,7.788999000060600197e-01
3.149733345224075887e+00,9.070069615843209476e+00
5.804123473406796130e+00,-9.194908302269938716e+00
1.920127158726666394e+00,-1.109350173096317604e+01
-1.524577523048088779e+01,-5.266330737306314624e+00
1.815289491150007484e+00,2.661313450682709636e+00
8.948791637741376093e+00,-4.447251338637098428e+00
2.883725036195749158e+00,-1.454941844987708066e+01
-4.603583050273989841e+00,-7.406011241845954274e+00
-4.870436140013101323e+00,1.830730594174938375e+01
5.853377509125470723e+00,-7.371877056645363524e+00
-2.731966885292916647e+00,-4.825255723704732880e+00
-1.613324328274440944e+00,1.527047600377049363e+01
1.689111246583000181e+01,8.694758052777366686e+00
3.356169812077453241e+00,-2.635068967388139338e+00
8.947361109970914939e+00,-1.491175804423709828e+01
1.828833811191429604e+01,-3.458824754290445558e+00
-6.534588740001774809e+00,-8.961674130657806270e-01
5.462866901261842489e-01,1.293414711861857080e+00
-1.225868772050949218e+01,-5.184242086712830044e+00
5.874496015537739702e+00,1.532985401136668102e+01
-5.111921218538382661e+00,1.006430734390025528e+01
-1.117741016971343626e+01,-1.444172685227691844e+01
-1.846991912573932471e+00,4.516832084329373664e+00
-6.838515901504777617e+00,1.985991774474086480e+00
-1.386496798506526140e+01,2.594130466544285696e+00
-4.190646692838067011e+00,1.336176714316368574e+01
-3.529081466261960287e+00,-1.103459440725561969e+01
5.733833658091741725e+00,-1.387713994002454676e+01
-1.813766145351842951e+01,-5.657813842924646508e+00
-8.004451979854936283e+00,-6.033333825999453559e+00
1.757283008068892016e+01,7.029377088942811547e+00
3.585530618524520818e+00,3.360438648222025204e+00
-1.570740976350422535e+01,2.769819783516783485e+00
1.369067046670687837e+01,-6.743204791585616142e+00
1.555262385694981297e+01,-7.101492688682326637e+00
-1.662933019039986604e+01,-8.384114063297044339e+00
-9.991867508608122117e-01,6.397699526566599459e+00
3.406100873996487088e+00,-1.285312636323020996e+01
-8.033664822780377079e+00,-1.900066340723393532e+00
1.383113542876000857e+00,-1.285712576859507372e+01
1.821255379609662128e+01,-5.400098033310085199e+00
4.063662993907097842e+00,-7.524922430584977562e+00
-4.325001947609800723e+00,-5.666055106164177069e+00
1.442623360746148187e+01,1.235634509195542563e+01
1.145346827140944512e+01,2.819810508012545736e+00
1.319356478728807680e+01,-1.366861895237953917e+01
1.044257843170880484e+01,1.175982493431514087e+01
-5.572514243685356305e+00,6.341337341826133178e-01
-2.068899426949388221e-01,-1.063184208800692154e+01
-8.466584800217447082e+00,8.887410079990916145e+00
1.080718797384833429e+01,8.702639558318534085e+00
-1.096880528689288425e+01,-3.956661227740126741e+00
4.470750178184893509e-01,-1.801016142705691436e+01
-5.392733001339037990e+00,-8.993694715612919666e+00
1.371115904005843689e+01,2.213417267462252980e+00
8.713607895792641500e+00,-2.628034582061853808e+00
-1.377714315852587568e+01,8.264365949471689232e-01
1.979304035745609314e+00,-7.590326039353495702e+00
8.422264186479293535e-01,6.624815723025213821e+00
-5.386527252285814527e+00,-1.076447279574846938e+01
-4.467228946738403650e+00,8.413618698945805718e+00
-1.022938826942377943e+01,-8.480327492274710721e+00
1.368748337041928842e+01,-1.194740500184518872e+01
-2.100942521850203804e+00,-1.550869252849384594e+01
2.180726786497588332e+00,1.466058516735911788e+01
1.023949668011805336e+01,-5.707901323883779021e+00
-6.764338703388843577e+00,-1.749562342810247983e+01
-6.626638869596245485e+00,9.070370930971376922e+00
1.588332765349829856e+01,1.025949148524187571e+01
9.560905156639481817e+00,6.292124814157242341e+00
4.021899133128733261e+00,-9.296320466264029747e+00
8.997071820895561345e+00,-8.835885631777288252e-01
5.380238465737273046e+00,-3.424773898915541626e+00
6.300275048558382274e+00,3.924479728546272916e+00
-1.634950613705992239e+01,5.217055197150537449e-01
-8.459085546365225028e+00,1.546923315133107124e+01
7.009282334818326632e+00,1.394932702862716312e+01
5.908106682671671273e+00,7.829034320336394792e+00
1.164304602282433621e+01,1.486561457250951257e+01
1.427567614536032892e+01,3.904795779316774684e+00
1.627055310046868897e+01,-3.035361015047125299e+00
1.083759974718562624e+01,5.038214427623410430e+00
7.615079856765531119e+00,7.052755927798912694e+00
2.218179357070621638e+00,-9.324475403163383191e+00
1.310827544036927073e+01,-3.031174524919461266e+00
-8.587104339929453545e+00,-7.705209270276584199e+00
-1.220255468127944809e+01,-9.311003500926545939e+00
-1.417984607078486547e+01,-2.263017413576881243e+00
8.880260541111569594e+00,1.935911037105197297e+00
-1.733540034383080908e+01,2.052747821296446507e+00
-4.092049843637055595e+00,1.158645172361588216e+01
-1.603045522086684116e+01,-1.016898103779440987e+01
2.595754857924769343e+00,9.862079077513103975e-01
-4.726290924330971421e+00,6.612571214356705696e+00
1.491362761919312518e+01,-1.055696320520809373e+01
-9.481368126164403165e+00,-5.036787736408412819e+00
-9.236576992033127098e+00,-3.285328554894300979e+00
-4.972755874869693393e+00,-1.885347302548996629e+00
-1.026158475287625116e+01,8.983524437525435502e+00
1.085326684845820644e+01,-3.787968487954821217e+00
-1.379697898492357133e+01,-4.273969299052766679e+00
-8.069588860842410227e+00,3.780736819262528137e+00
3.521792930192776172e+00,-8.217598943484868412e-01
1.302918179772280638e+01,-8.389394873436069489e+00
3.076803124617044194e+00,-5.960443729451370132e+00
-9.406485684139779480e+00,6.411806587369736299e+00
-4.925883672542065383e+00,-1.709092685843489434e+01
-1.021867877222070398e+01,2.915889246498493570e+00
