3.123630263556646636e+00,1.303791392535929461e+01
-4.031044898015008648e+00,1.219604561445766500e+01
-1.227260472809934733e+01,-6.308967201230299970e+00
-1.349896057763139368e+01,-2.943266464526803627e+00
-1.017536561300851261e+01,-1.799036826163108005e+00
-8.056477507983204889e-02,7.878009580118684241e+00
5.890296112512947602e+00,7.368830465222808712e+00
-5.026005568589202888e+00,1.780744932827336058e+01
-2.473588148354145255e-01,-1.553925584357460288e+01
4.210696410784504629e+00,-1.196472062125583946e+01
1.643190818150285537e+01,-1.088662082279539867e+00
1.715098174091778560e+01,3.833235202130483632e+00
-1.568838212857976266e+01,-6.940964768671812557e+00
-5.362984866122502137e-01,-6.203396621612839112e+00
-1.051459929483843680e+01,-6.017234778369427772e+00
4.385177473248564439e+00,4.950399267541891746e+00
-7.031066231273549683e+00,-1.141429926853685162e+00
3.806795845564468816e+00,1.140320975526565839e+01
1.560159878226812857e+01,7.024322711954572362e+00
6.721900300714881427e-01,-1.191060412121542456e+00
4.874342137436037170e+00,-1.033937573832920442e+01
1.228668508178692775e+00,-1.053923052554810447e+01
-1.200220129952205994e+01,1.234649125112476042e+01
-1.739813230547237666e+01,-1.318588812797186316e+00
-1.304474196248420093e+00,-7.866810422267954905e+00
1.395450234159766900e+01,2.295391836212304693e+00
1.723822941491367056e+00,-2.678154432637626314e+00
-5.588272343857308755e+00,-1.793560886465538573e+01
1.230528955860642526e+01,8.588242223906448203e+00
4.584602764560057331e+00,1.657326705937046230e+00
-1.140952484791507260e+01,-9.862951072130117680e+00
-1.229709337760903942e+01,-4.464001984535871159e+00
7.690357087839490013e+00,5.740853313336073960e-01
6.151431842504445635e-02,1.129824353626976041e+01
-9.398997708445685717e+00,6.668987226795079160e+00
-1.113385512925141008e+01,7.279612303785499172e+00
-6.456613227827637580e+00,1.442653905572724149e+01
1.403468483807730749e+01,5.898902322411882615e+00
-1.411488905675430239e+01,1.180005068188391348e+01
1.383917996978835063e+01,7.729719389326781709e+00
1.098447335324326701e+01,-6.177542459645511741e+00
-8.059914290943392956e-01,-1.380790250216572090e+01
-7.701051958616493387e+00,-1.383459601037471387e+01
-1.802231389437334030e+01,5.907210724710341587e+00
-7.063898925615476720e+00,-1.174922793459764492e+01
-1.637607133196716092e+01,9.204218124312038896e+00
5.423840059341351605e+00,3.415630346642284820e+00
-3.666085199142573359e+00,-5.665941718886150502e-01
9.580301870596018565e-01,6.460651801129750460e+00
2.784733311120640042e+00,1.613126680058367679e+00
-1.880793211511721408e+00,-1.018925901089074770e+00
-1.001807202453923296e+01,4.806116318628319561e+00
1.732189047211068456e+01,-6.000943449904072580e+00
-1.286300211670579863e+01,6.931311042620269092e+00
4.091144465827901477e+00,1.572511321862293698e+01
-1.735910070185861187e+01,7.584231074213267476e+00
-6.327433928572521182e+00,1.267486764297293966e+01
-5.264747651732149869e+00,3.746063656070084402e+00
-6.353567584878953234e+00,-9.838272724995844598e+00
-5.847416624131638763e+00,-6.179100289831051640e+00
-1.520344317544908286e+01,4.905443846242708017e-01
1.294695631916370715e+01,-3.337873376669661329e+00
-6.958707028083169766e-01,9.606926432151215778e+00
1.546984494112108699e+01,1.277173925376152930e+00
7.926187506187520881e-01,1.457750003303318387e+00
8.473057987971460037e+00,2.174889995405289156e+00
7.654772762354348004e+00,-1.650303522426570169e+01
-3.224030968691050880e+00,-6.360362526247949511e+00
8.197677156176120805e-01,4.572104619976173900e+00
1.796481685369499592e+00,1.680208564487633538e+01
-5.956727795304632700e+00,1.618142060703965512e+01
1.123776046126242489e+00,9.720844230432421185e+00
1.219939395729680598e+01,3.294372047760607991e+00
2.038257311103968572e+00,-1.227484921076961097e-02
1.516998947606925441e+01,-5.644050289276377974e+00
-1.022427153603277894e+01,2.489574293191306964e+00
8.998888281002740186e+00,5.137607220894215843e+00
1.659176357489538622e+00,-8.825423271200747877e+00
6.351586198600226219e+00,9.110309934549919220e+00
4.337417378702667747e+00,-8.534156835631190319e+00
-5.428849614602342832e+00,1.108670492039406241e+01
7.874382660497872166e+00,-8.722456722924139427e+00
-1.690767346890454492e+00,-9.881454016216565606e+00
-2.416006664105422086e+00,9.225091397385112302e+00
-4.500400102332792751e-01,-2.684886455746650302e+00
8.039979230639525909e+00,1.506421821765443170e+01
2.919262959783722078e+00,9.451907845921848406e+00
2.444466790934507916e+00,-5.985708061043128581e+00
-4.582577273918795768e+00,-7.484089639664516014e+00
-3.803080011808966376e-01,-1.133509510417132127e+01
-7.083072560416784569e+00,3.636182598439683833e+00
5.137963422718491380e+00,-1.265116288646668918e+00
-5.558314607924591755e+00,-4.419235895662962044e+00
-6.516921065793942702e+00,-1.629131472441061135e+01
2.562507110592796788e+00,1.878955324761448509e+01
9.483456094418173166e+00,-1.629293721286342489e+01
-4.577456789518384639e+00,-9.248629672243634303e+00
-1.896825577627267378e+01,9.089932544966239369e-01
-8.860054445264209377e+00,-1.245503014708930678e+01
7.950040431499198590e+00,8.322423636380044343e+00
6.661174705549087527e+00,2.088572617763682970e+00
-1.491617919294342265e+01,1.022147301174287115e+01
-1.371559092394470092e+01,-7.443576275012484977e+00
-2.557428616793701259e+00,5.594311769705429427e+00
-4.531522080138298492e+00,1.209632699336299355e+00
1.759620838686351885e+00,3.078802272961904674e+00
4.143793153656379680e+00,7.693824426271947736e+00
3.444861754645717866e+00,-2.038388083234125236e+00
-1.713039297310290721e+01,4.510092774439110053e-01
-7.178669364898864202e+00,6.357871435684770978e-01
4.108007214620707614e+00,-6.789398432044950304e+00
-1.856667932627565065e+01,-3.275562118192678618e+00
-7.932090138848332472e+00,-4.904494866658121843e+00
1.593449594581603179e+01,5.197003419815107605e+00
2.971012476828822191e+00,-1.865234094711374979e+01
-8.118444313445060345e+00,-1.024435666459169525e+01
1.897947061605690777e+01,-7.589418753627981129e-01
-6.969226905714041465e+00,1.016242198350424886e+01
-4.234072766232665153e+00,1.554400682802980427e+01
-5.185695437276748088e+00,-1.126977067688651957e+01
4.668934328658856714e+00,9.796149245724162569e+00
-1.230938263425877643e+01,8.747429425339232623e+00
-1.353502417870626395e+01,3.158445038421481943e+00
-6.328854138939983720e+00,-8.021723592365447075e+00
8.063296728163214411e+00,-4.907241112420791751e+00
4.775454699157565486e+00,1.396254577913677508e+01
-3.713534104071753994e-01,1.519720155760039937e+01
-1.473466001936695768e+01,6.930840295510627413e+00
-1.878387882752334193e+01,2.798716408701258818e+00
-7.609694616951790280e+00,6.718485381775732179e+00
5.376867922008573331e+00,1.226122356718491524e+01
-1.166172782938320296e+01,-2.776382668422305411e+00
-9.496451519179233358e+00,-1.412950541007018401e+01
-8.087170041599259784e-01,6.252272782348795133e+00
-1.347918819997650175e+01,1.129482663042150392e+00
6.193956489881465188e+00,-1.518390908773908876e+01
-4.340718145590629184e+00,5.943788086540910953e+00
-8.627793239590015872e+00,1.720641557327296400e+00
-3.514132183464055426e-01,-4.434131140445056296e+00
5.889996403525994850e+00,3.776429422855046014e-01
-1.471444285134789753e+00,1.676474518852760909e+01
-6.880430943474166838e+00,1.770037106924712589e+01
1.124817902281511905e+01,-2.651682824414739237e+00
-7.592117354581782607e+00,-6.698548859021445701e+00
-5.964224604820637765e+00,-1.318218036682440975e+01
-2.050697117120324098e+00,-1.186289163810172731e+01
1.296484784927628020e+01,-1.431593738137703742e+00
-3.714995622893241922e+00,-4.262791209947999427e+00
-8.875599249767262222e+00,-4.502698269621203675e-01
-9.660767538235222052e-01,9.989887362781871838e-01
1.523059916806069580e+01,8.832882030553617980e+00
-5.557442998001948631e+00,-2.313322398781132438e+00
3.327512753709042759e+00,-1.564370299371941186e+01
-2.452226217561672694e+00,1.530439929191633652e+01
3.630431674058232971e+00,3.190002840439166931e+00
-5.413227316106436149e+00,-3.457374311200044348e-01
1.788504982904581198e+01,-2.261978276072283744e+00
-2.184972998461386151e+00,-3.187024996662720433e+00
-1.006405751014247230e+01,-1.100320931664253621e+01
1.139465845766340024e+01,-7.977649110872351734e+00
4.768459877605592645e+00,-4.999941443424558152e+00
3.672654010397655711e+00,-1.368049766062837769e+01
-1.129016120434669901e+01,-1.417943072093492596e+01
3.838932423816326711e+00,-1.082191334652598744e-03
-3.798683370115782498e+00,-2.360528041154405177e+00
-3.402210845228561098e+00,-1.064925521265869968e+01
-8.239957004197801638e+00,4.994882565827136744e+00
-7.990561733563904312e+00,1.162440152808550131e+01
-9.535577822869463205e+00,-1.591247674101490794e+01
1.380711086747563243e+01,4.076850738560723997e+00
2.864990736732392573e+00,6.444884137395158419e+00
1.129433476216669519e+01,1.700229329227748831e+00
6.926155150718540376e+00,-1.243313803187213518e+00
3.980005788900898178e+00,1.764298083378260529e+01
-1.527006886062180158e+01,3.517062946125533163e+00
-3.763425873253331666e+00,1.037491275283314884e+01
7.597410798819867139e+00,-6.959207671120313243e+00
8.658738727838835914e+00,1.690817931735656288e+01
-8.386679417449107277e+00,-2.310470351066260530e+00
-5.031281406711080706e+00,-1.519154380759091083e+01
-1.954387200334698260e+00,1.105816087988275953e+01
2.047561646758877085e+00,1.130625731079627982e+01
-1.616053124773564775e+01,2.007330704052413761e+00
1.557545467788080895e+00,-1.596141559032974477e+01
1.157048222772893986e+01,-4.466015009062014762e+00
-2.711262983258500014e+00,1.349757663330206547e+01
-1.262150191043814296e+01,1.064005099660582587e+01
1.535325011554237395e+00,-4.460092625561296487e+00
-4.071436595306013650e+00,7.783212710355043029e+00
3.211724147344525715e+00,-3.923738362166315774e+00
-2.089483992168876370e+00,-4.953947917675889379e+00
9.753301951476199605e+00,-4.371414856017111994e+00
-4.764879482121076926e+00,1.386324712135647275e+01
5.460255693717827263e+00,-1.351671744098673678e+01
-2.658877684312713097e+00,-1.355281126546662129e+01
-2.737192262730479442e+00,1.006926667291530020e+00
1.407467529189738364e+01,-4.869189175234589495e-02
-6.963994155098530925e+00,8.360486394288100698e+00
6.343047472698261302e+00,-4.142706406493736893e+00
1.347632999831065881e+00,1.306096714777541479e+01
-8.928373754514908001e+00,1.499933573393272646e+01
-5.230443293881063660e+00,9.185308366934686219e+00
1.002697861663096646e+01,1.053310920561434116e+01
-4.233489934154133216e+00,-1.275251929124752337e+01
-9.438476829546877056e+00,-3.862015308640416755e+00
1.379481510798506605e+01,-8.692080685975321686e+00
1.180770971159904903e+01,1.036111009799445704e+01
-6.974200023777922475e+00,-3.382811621371666799e+00
-3.560314750081661206e+00,2.698467601949177563e+00
4.770673034725312789e+00,-1.836821666292330235e+01
-1.347748636628112351e+01,5.004824848802345016e+00
-6.998270149164376175e-02,3.045414197205891238e+00
8.891878945320093042e-01,-1.876071489743940290e+01
-9.648319351454897941e+00,-9.211147879031850394e+00
-1.672305914647730773e+01,-3.070358774185794282e+00
-7.933998458775237239e+00,1.341901808915811678e+01
1.045099694071606189e+00,-7.100774724734840504e+00
1.744841917533234588e+00,8.037228571268615340e+00
6.107026885756545731e+00,-8.292707987427018423e+00
-1.408088886305609400e+01,8.632149334386788553e+00
1.075612530991083382e+01,-8.664254763337193577e-01
9.361598210112804352e+00,-2.537447734267575861e+00
-6.131964931900601989e+00,2.088681622392435600e+00
1.224255654147641614e+01,-1.116291475689492962e+01
7.088782320683788996e+00,-1.176188765310139317e+01
-1.201856175586068609e+00,4.407473344598467513e+00
6.183388350430219838e+00,5.245132097090028367e+00
-1.795063173132420697e+00,2.569364877906143096e+00
5.889605103527488339e+00,-6.427448559770423842e+00
1.545074162208528890e+01,3.387098821989710462e+00
-2.974028645983896268e+00,-8.542077509820600767e+00
-3.293833080002265490e+00,1.720678878886906205e+01
-1.446727780466386193e+01,-9.895449525785044997e+00
-2.269041387798185205e+00,7.370636981659224318e+00
-6.297057939173283714e+00,5.223675709404007605e+00
-1.740509559484153002e+01,-7.533383247519692461e+00
4.908168852496579859e+00,-3.081108435862899508e+00
2.570376092848691840e+00,1.479219285843153919e+01
-1.167029238773280575e+01,5.492936332726272575e+00
-1.713840922983865767e+01,3.494493258263629443e+00
2.606293185569772852e+00,4.685084699592826141e+00
-1.082358396008165968e+01,1.095613921584406114e+01
-8.083856318016662712e+00,-8.396599596358838014e+00
1.008223228912731173e+01,3.175876405813280012e+00
1.548597492955132360e+01,-1.014190617521356863e+01
7.662690141345205319e+00,-1.346036066149686050e+01
1.035003133195406200e+01,6.354230712326228492e+00
-1.335797235174534237e+01,1.348618197512964123e+01
9.659424171680077720e+00,7.727433979048162760e-01
-1.559333818444981823e+01,5.309947725398931340e+00
-1.559541591828556406e+01,-1.694989238472204507e+00
-1.201249649541417419e+01,2.150429961767069020e+00
1.449714543553389845e+01,-1.171632080836197431e+01
7.548844441618983936e+00,6.362178166353496422e+00
7.288187749218152156e+00,3.753953128759864644e+00
8.818422562947542787e+00,-8.451202685336104414e-01
