3.218566983506151669e+00,-3.808335058157498842e+00
3.702897524907169835e+00,-5.571560399526687135e+00
-1.624147132552768014e+01,9.839238715551545056e+00
-2.341956293293495361e-01,1.890632303117887858e+01
1.126336680992550043e+01,2.652390796843076437e+00
-5.026059261221674568e+00,-9.666077663006523935e+00
-4.121460192938949163e+00,3.313093058141014957e+00
-6.619965947439125031e+00,-8.695630905472706118e+00
1.147272180525626695e+01,1.162605457111999918e+01
-9.866802249254742474e-01,1.418317341556060107e+01
-1.424949100418829939e+00,1.757350195629902956e+01
-8.326268732610877521e+00,9.479089503485608859e+00
-1.265683525426235256e+01,-6.154054238104880170e+00
2.752115715961796827e+00,1.250637894866568089e+01
1.057778594621451163e+01,4.406388808957688141e+00
-3.705220899055357009e+00,-1.087221138588557245e+01
4.449182552463879503e+00,1.558919606566201210e+01
9.050825448383282179e+00,1.397525786109788193e+01
-1.207930865821372457e+01,3.541919526793037676e+00
1.147895566439893322e+01,-2.837137843309172514e+00
1.249809911487755265e+01,-1.121922749027029376e+01
1.891871196554168577e+01,6.332031966069773254e-01
1.258096818204687040e+01,-1.382983472106583234e+00
-5.532928767413388904e+00,8.772307247472006797e-02
-1.438049763796023051e+01,9.870200304697076987e+00
7.927506828656938342e-01,1.381967079343002425e+01
1.279054764184326842e+01,5.999952703722643221e+00
-3.566946340287673767e+00,6.358234199768843631e+00
-2.661542708152432546e+00,2.216966330326335832e+00
-6.692842927208331183e-01,8.306032090888342267e+00
-3.706347312663692328e+00,-4.413872807797444509e+00
7.217118112648143402e+00,1.079777102487329543e+01
9.271655351692912106e+00,7.013631813798890668e+00
-1.283755842737386210e+01,1.337720653194775977e+01
1.655909962653392142e+01,2.565649419414616772e-01
-1.888719727942856608e+01,1.713507198062758974e+00
-2.429785345080248238e+00,7.847329756156077529e+00
-1.478011037202056244e+01,-3.491591108756253892e+00
1.631455287138096111e+01,-2.104482501620902557e+00
3.315111068659442939e+00,-1.739172023470856976e+00
-3.904895320616260435e+00,8.781085800501218230e-01
-1.709952780340491074e+01,8.254653907983493966e+00
-1.044642775662782341e+01,-2.762661909535096161e+00
-1.789403412968448492e+01,1.825670803913525819e-01
9.582278409582755785e+00,-1.003386915445378236e+01
-1.779918599142699343e+00,-2.013030179922343788e+00
5.456157453237318045e+00,-5.380596416875465415e+00
-1.198241743801123960e+01,9.451612859202413119e+00
1.825865033653288094e+01,4.816065227607534638e+00
-2.582578314577076206e+00,9.642862554185910540e+00
-4.605622045755649596e-01,5.008194631004967867e+00
1.065098332900433675e+01,1.494091478357480973e+01
1.468223957026961202e+01,9.426872496326824447e+00
-1.270636260251938321e+00,-7.073313740468173627e+00
5.847433471735411281e+00,7.690977690923820553e+00
1.616438348283595161e+01,8.015595615281837283e+00
9.134450234320217632e+00,1.094502567352325428e+00
9.694092489620642183e+00,-2.827341420159778185e+00
-1.311689668972781320e+01,-4.227132393675513633e+00
-1.412743829165700760e+01,-1.233392496921105241e+01
8.707594626887834366e+00,5.233916174561507262e+00
-5.485151078776147049e-01,-1.141837971154921227e+01
-1.136019415419112732e+01,4.939948196450944518e-01
1.789364728805398386e+01,-9.071953771852097059e-01
1.471286227702615790e+01,-1.065544088666501438e-01
4.524726763121877243e-02,-3.129949703090514124e+00
-4.794195058630515760e+00,5.002348703362319071e+00
3.897755347859031883e+00,-1.857663722912001703e+01
1.440337947963618426e+01,-6.396914229563622989e+00
-1.476576493910737575e+01,-2.863312697015131247e-01
1.114159209898461533e+01,-7.916274475881668771e+00
6.550720717562394491e+00,-1.414367688495713926e+00
-5.322742224668465028e+00,6.672386070243832457e+00
8.867907390294242020e+00,-6.792236337787350919e+00
-3.086361700906425920e+00,-7.098952964355582651e+00
-3.071588430296905425e+00,1.138744679734295850e+01
9.526220063501133595e+00,1.643761234597507581e+01
1.152053548133581629e+00,1.768431832054711350e+01
-7.749527940420388283e+00,-1.691179814509052548e+01
-1.725963448669907052e+01,-3.384794700714327753e+00
3.387835841413401994e+00,-1.190151382711543881e+01
-8.172487890078979689e+00,-1.080285198762056531e+01
-7.718358217223971529e+00,3.634252575178067879e+00
1.074625975779706089e+01,-1.066313711896771599e+00
1.504330151060265841e+01,1.758634360110246764e+00
1.855745108916135422e+01,3.029816745112917431e+00
8.960313452284424329e+00,-1.206299419989294242e+00
1.876930551150249871e-01,2.245707273814088634e+00
7.878357497070430426e+00,-2.606183052849261550e+00
7.848263664600242606e+00,-9.757026631526285243e+00
-1.583719355275563601e+01,3.217998242793155939e+00
9.522836015650208097e+00,2.953042189687875130e+00
4.094469735426200074e+00,-1.355354642204153670e+01
-9.608776849680618071e+00,3.461359295085051357e-01
-1.030363887560515401e+01,-4.798595191487962097e+00
1.107615011809776817e+01,6.932638609908429395e+00
1.336994459818234393e+00,8.600563673499045381e-01
4.187904130682475135e+00,3.277374574273624219e+00
1.419187013084929339e+00,-1.250203264002891501e+01
1.059209852458795886e+01,-1.149336117326394202e+01
4.795888096983417448e+00,-2.828507349268227333e+00
-1.134176360738393896e+00,1.064851955624558144e+01
5.154013468481948301e+00,1.110520079929517934e+01
-9.154479903867617452e+00,-1.418394365602657414e+00
6.004956589526670996e+00,-9.419729578752811250e+00
-2.022052744607710117e+00,-1.036144898786773894e+01
-2.363716269574562823e+00,-2.036283382582284862e-01
1.235614816439096231e+01,9.647580572899512319e+00
3.020605693119576607e+00,2.412666507490798529e-01
-1.209442240054566797e+00,1.145540576793246279e+00
6.634373212026968503e+00,-1.336947666755393094e+01
-8.877803897896408003e+00,1.998301435775220458e+00
-1.438093626203140474e+01,-5.463822664002065288e+00
-4.083879717273853238e+00,-9.068812143606963527e-01
-1.619355749773292175e+01,8.804778477859522834e-01
1.468836141884764501e+01,-1.151578222923441608e+01
-7.580733974839303890e+00,-1.303363661497318304e+01
-1.483777048325675985e+01,-7.336769492084910915e+00
-2.779563589600976048e+00,1.467930981179044636e+01
7.499062063246762833e+00,-1.638386322379355065e+01
-1.022837763785884846e+01,8.636603200768048438e+00
-1.770148242137286054e+00,6.178279280091618197e+00
8.069013900542438833e+00,1.246652190930042536e+01
1.654108525137980124e+01,3.868889780229610942e+00
-5.668672434055470610e-01,-4.820969769229721535e+00
1.439460360520687043e+00,-4.817322790220796236e+00
4.186543805408574848e+00,6.955719777369415269e+00
1.063756522042047337e+01,9.992474444422969171e+00
-8.396536518120386816e+00,5.485531726238387584e+00
1.743567661484481235e+01,-3.501765563467592823e+00
-1.175156907034824805e+01,-1.496103974228686351e+00
-7.416724537525349881e+00,-3.718549413483502458e-02
-1.169067314401561575e+01,7.640280929950005628e+00
4.230227083785555564e+00,-1.568173478609255156e+01
5.675846913304752661e+00,-7.678963557154745878e+00
8.757209372937658998e+00,-1.306782014999658514e+01
3.253351687123294811e-01,6.820251699807871937e+00
-9.968126882272210665e+00,1.425341815489250230e+01
1.770006483294219723e+00,-2.728335229444148524e+00
-8.562723494631699239e+00,-5.220680532897045367e+00
2.286385703682473736e+00,1.059715890408326722e+01
-2.248165397840324431e+00,-1.216995560007709720e+01
-1.380213734601845132e+01,3.196737571828332403e+00
5.900219116318349499e+00,2.571818558290512868e+00
-5.959355007427741491e+00,-1.409826280780515795e+01
-1.111510672559249002e+01,-8.598293814216312114e+00
-6.303315895912659172e+00,-6.874056373514098262e+00
-1.794550187318217382e+01,6.074575314419404570e+00
-2.903326760277677554e+00,4.723183743896686160e+00
-1.368827691074675279e+00,1.242510278116934153e+01
2.448427927612838673e+00,-1.531144180990446202e+01
-9.892967477265649734e+00,1.231346735425162997e+01
1.688970847925541108e+01,-7.280985348195974538e+00
2.922856665615388927e+00,-1.706941729585885881e+01
-2.921319729158267098e+00,1.643769229765261741e+01
-5.314231910451961305e+00,1.965878902981485599e+00
1.096409108139849842e+01,8.938127008103826654e-01
1.436233137035899965e+01,7.632257194808808265e+00
-8.200024941877959606e+00,-7.511936068176169101e+00
5.946880492176136457e+00,7.038120532850655753e-01
-7.085193151378925691e+00,1.879837709214141617e+00
4.003265495282812281e-01,-6.330790765492841921e+00
5.283554525347163633e+00,1.402645402221570059e+01
4.680988598306246473e+00,5.223314443796098772e+00
-1.149809090930094813e-01,-1.357904563258338637e+00
7.948393371214616643e+00,-1.464412972421440706e+01
1.685342145309023465e+01,2.131503793493587651e+00
-1.124856168880541318e+01,5.157764243808733440e+00
-1.240870490921845004e+01,1.156018983363224706e+01
1.616398596268597743e+01,-5.614829887622866167e+00
-4.964383422704832682e+00,-5.637272675989254189e+00
1.979644050676882872e+00,-1.081103732690111308e+01
-6.005218943942625121e-01,1.595650118592602773e+01
-3.494783664120879152e+00,-2.564675735309859483e+00
-6.589461709919048893e+00,4.997447092428371818e+00
1.136422389061491245e+01,-9.746232204537411903e+00
-3.212262180532816647e+00,-8.890552392718529262e+00
2.353894403892730303e+00,6.843075289839895881e+00
4.843931390974930196e+00,-7.167925062931114200e-01
-8.705219411292238973e+00,7.742652755298196077e+00
-1.084259352354482253e+01,-1.309403297768499108e+01
2.634169094545993683e+00,2.152186330558717664e+00
3.902150314807339537e+00,-7.356144364574326744e+00
7.632997751168592693e+00,9.736665654063131337e-02
-4.249811949071389705e+00,-1.337788729271299104e+01
-4.406920733664067669e+00,9.899625114512877744e+00
-4.216272457956474540e+00,8.112714269026746194e+00
4.855672047797003010e+00,-1.083083165669653880e+01
7.175551378155152982e+00,1.397910195119797550e+01
-1.105740370498245140e+00,-8.829828667710703627e+00
4.110029549477395849e-01,-9.949524268206170419e+00
-1.474302500641559099e+00,3.578970082112841400e+00
-6.776319358536278870e+00,-5.119691793753332831e+00
4.355417140593009329e+00,1.450899701222609472e+00
7.632280331781652549e+00,7.799105484252009113e+00
6.227613759083745038e+00,4.381795830161854255e+00
-2.570724933314549432e+00,-1.397455092427944301e+01
-3.731553846576836975e+00,1.303558985688183114e+01
-5.889811999868896919e+00,1.458464941154984906e+01
-6.619031241495170192e+00,1.104081920857485954e+01
-4.725179067359315255e+00,-7.913028991508401333e+00
-1.449327509467661024e+01,6.810095994509168804e+00
9.113143855424665318e+00,1.089155335764170651e+01
9.691321682392286530e-01,-1.426877695931047185e+01
7.490663846906375767e-01,1.151576694884702690e+01
6.764416589250759060e+00,-4.109738167664661823e+00
1.337086327771340066e+01,1.211023159457842002e+00
1.355671800787172820e+01,1.098828629978356375e+01
-1.505763338687202690e+01,1.150656768893115434e+01
-4.835208462558886033e+00,1.164687659921622576e+01
-6.584378931952988623e+00,9.242007631111855304e+00
-7.380115729625052801e+00,-1.991488539381581324e+00
6.998834575881502928e+00,5.990938790325696317e+00
1.543086054788539485e+01,1.108348256167217194e+01
1.477413047575414140e+00,3.520583067161925594e+00
-6.489497833379590297e+00,1.279855828735633594e+01
-7.098839465663773218e+00,6.726064607303055887e+00
5.066392732145836852e+00,9.272059645709564535e+00
2.215770649845087092e+00,-9.060816409080890921e+00
1.649094356607600176e+00,-9.722272444707033001e-01
-8.611897983001282064e-01,-1.449230655763232889e+01
8.660198472203852305e+00,-4.270761333554098371e+00
3.988828143114701574e-01,9.741637629600376158e+00
7.547513498241523067e+00,1.851648925067367557e+00
1.259328152644600962e+01,7.813438467480799510e+00
-6.562230810779836609e+00,1.682717165999324394e+01
1.309352166168187637e+01,-3.824703419500181667e+00
7.461890005028742223e+00,-7.929530065154207996e+00
1.404933905539589034e+01,-9.441149342520899879e+00
2.983416750512603688e+00,4.594883608112784401e+00
-9.913561664013791130e+00,6.386909761375885175e+00
-1.350384292957747512e+01,-1.684018002644056766e+00
4.061835528031401132e+00,-9.199176595090035491e+00
2.174236539992656425e+00,-6.633008182334640068e+00
1.346172034811267126e+00,5.343648454673067150e+00
-9.503005650587828868e+00,4.015839062944461801e+00
-1.409740897182401298e+01,4.996998491018689315e+00
7.647060373835696367e+00,-1.154496545837326416e+01
1.540320989661158890e+01,-8.223936308755495972e+00
-8.581859200118774345e-01,-1.784995609912408909e+01
1.291872788582802301e+01,-7.358433030972017619e+00
-1.766919702290084970e+01,-1.605748697925204027e+00
-2.222928384364143195e+00,-5.559682403359626157e+00
1.728431660595980857e+00,8.532488795178489127e+00
-1.439399504276375019e+01,1.484582655574303134e+00
8.862622067368393530e+00,9.145729082328069026e+00
7.889109449353679082e+00,3.674155320926473234e+00
-1.682024540960028958e+01,-6.223373933652585066e+00
-9.749760110118916856e+00,-6.618583567035950743e+00
-1.283008296239437485e+01,-8.030413741111495085e+00
6.528867189660865211e-01,-8.113751385877916888e+00
-5.625566224801729298e+00,-1.832476372368606388e+00
-1.058358891025462789e+01,2.429654564665137517e+00
2.664426357577386106e+00,1.523025461927711000e+01
-2.015058854581875725e+00,-3.778886818077095811e+00
-1.275983375596985070e+01,6.147221269970564173e+00
