116.76569580,-26.82616213
116.76384450,-26.82390208
116.76521990,-26.82526649
116.76310250,-26.82522621
116.76477730,-26.82462560
116.76423280,-26.82304955
116.76425880,-26.82409112
116.76437020,-26.82511158
116.76557430,-26.82412009
116.76293150,-26.82423299
116.76344960,-26.82421895
116.76608550,-26.82346334
116.76443400,-26.82567181
116.76482410,-26.82542327
116.76399770,-26.82458089
116.76235000,-26.82468264
116.76485350,-26.82389246
116.76603330,-26.82406202
116.76396920,-26.82518608
116.76497430,-26.82494359
116.76613020,-26.82456892
116.76640760,-26.82523076
116.76526570,-26.82572228
116.76394490,-26.82339374
116.76553910,-26.82334585
116.76350510,-26.82313511
116.76455750,-26.82352795
116.76474290,-26.82638203
116.76391940,-26.82581750
116.76516150,-26.82357469
116.76557960,-26.82548882
116.76517750,-26.82298720
116.76377410,-26.82626327
116.76648750,-26.82408735
116.76357330,-26.82539741
116.76295330,-26.82581548
116.76526220,-26.82465247
116.76319700,-26.82474328
116.76519910,-26.82641603
116.76236500,-26.82416395
116.76358210,-26.82456678
116.76659610,-26.82445806
116.76232780,-26.82532000
116.76504160,-26.82433315
116.76374930,-26.82664258
116.76263950,-26.82374404
116.76610770,-26.82590250
116.76260860,-26.82497718
116.76458250,-26.82273373
116.76646950,-26.82569579
116.76481890,-26.82323240
116.76421840,-26.82614823
116.76318680,-26.82369673
116.76566190,-26.82448298
116.76673130,-26.82487753
116.76273100,-26.82551227
116.76489790,-26.82592941
116.76341010,-26.82598422
116.76441410,-26.82444769
116.76586580,-26.82509463
116.76299850,-26.82624788
116.76334530,-26.82645840
116.76357480,-26.82499370
116.76307350,-26.82321344
116.76384400,-26.82278994
116.76435410,-26.82669943
116.76278850,-26.82464280
116.76558560,-26.82294070
116.76573000,-26.82369721
116.76419350,-26.82368476
116.76607190,-26.82551408
116.76640510,-26.82368991
116.76489150,-26.82674108
116.76253250,-26.82582826
116.76547350,-26.82497225
116.76667240,-26.82638330
116.76673230,-26.82676355
116.76229030,-26.82229899
116.76597200,-26.82683900
116.76122610,-26.82372357
116.76536020,-26.82771787
116.76293180,-26.82694292
116.76768740,-26.82328830
116.76256440,-26.82669250
116.76674640,-26.82291965
116.76347490,-26.82719424
116.76181190,-26.82557159
116.76507660,-26.82726871
116.76276410,-26.82259065
116.76111710,-26.82415185
116.76255610,-26.82717254
116.76136880,-26.82453504
116.76307820,-26.82180883
116.76765620,-26.82601497
116.76183420,-26.82409022
116.76150630,-26.82307080
116.76553180,-26.82243768
116.76748140,-26.82421677
116.76580670,-26.82737004
116.76577430,-26.82652234
116.76371540,-26.82186055
116.76327220,-26.82248305
116.76724430,-26.82577806
116.76637850,-26.82224380
116.76395720,-26.82233732
116.76178870,-26.82271557
116.76723220,-26.82373648
116.76195520,-26.82510197
116.76602500,-26.82206720
116.76506880,-26.82202390
116.76236180,-26.82616532
116.76456910,-26.82726582
116.76321170,-26.82754169
116.76193060,-26.82322368
116.76127220,-26.82592916
116.76259170,-26.82337129
116.76625420,-26.82643736
116.76421280,-26.82162727
116.76702380,-26.82321699
116.76689530,-26.82544013
116.76178770,-26.82359654
116.76459580,-26.82200787
116.76648470,-26.82324162
116.76767870,-26.82483275
116.76214270,-26.82679528
116.76727990,-26.82637699
116.76167010,-26.82676572
116.76198530,-26.82645224
116.76133180,-26.82551082
116.76398690,-26.82754237
116.76703610,-26.82407190
116.76639230,-26.82700720
116.76716160,-26.82270324
116.76550800,-26.82189009
116.76124250,-26.82512591
116.76795840,-26.82542389
116.76237440,-26.82276627
116.76474770,-26.82150613
116.76293290,-26.82224217
116.76196780,-26.82606404
116.76715850,-26.82679451
116.76421010,-26.82709931
116.76639790,-26.82737196
116.76784760,-26.82439530
116.76696990,-26.82607547
116.76643600,-26.82262021
116.76732290,-26.82462112
116.76440160,-26.82236807
116.76677640,-26.82242358
116.76681330,-26.82360229
116.76088940,-26.82448039
116.76077160,-26.82561331
116.76923640,-26.82537137
116.76004210,-26.82595094
116.76518750,-26.82067366
116.76544710,-26.82851033
116.76251490,-26.82829217
116.76397830,-26.82837847
116.76891870,-26.82619805
116.76050680,-26.82665012
116.76396550,-26.82042956
116.76150100,-26.82242644
116.76811930,-26.82704270
116.76684980,-26.82813455
116.76920760,-26.82456854
116.76548090,-26.82094253
116.76614310,-26.82772179
116.76060190,-26.82358528
116.76825250,-26.82609240
116.76046330,-26.82318797
116.76644290,-26.82796436
116.76601650,-26.82819704
116.76457280,-26.82905447
116.76753140,-26.82722930
116.76245860,-26.82102651
116.76088470,-26.82265242
116.76328650,-26.82846085
116.76073450,-26.82489910
116.76447690,-26.82087515
116.76816990,-26.82333822
116.76823010,-26.82405862
116.76094240,-26.82325877
116.76709370,-26.82111670
116.76201550,-26.82838396
116.76151410,-26.82714452
116.76067830,-26.82408580
116.76838880,-26.82562745
116.76877840,-26.82469982
116.76855740,-26.82320781
116.76908020,-26.82405775
116.76493540,-26.82816363
116.76105190,-26.82753365
116.76360560,-26.82064889
116.76198030,-26.82774132
116.76684100,-26.82140473
116.76743630,-26.82199447
116.76455580,-26.82803094
116.76879680,-26.82531354
116.76057670,-26.82227110
116.76732230,-26.82536054
116.76325790,-26.82895034
116.76360430,-26.82802598
116.75974970,-26.82468815
116.76541480,-26.82888176
116.76036870,-26.82456628
116.76550750,-26.82811287
116.76617610,-26.82039503
116.76570180,-26.82024789
116.76623700,-26.82094143
116.76583550,-26.82114907
116.76584480,-26.82066269
116.76658110,-26.82070712
116.75946370,-26.82551953
116.76027400,-26.82553978
116.75959950,-26.82505079
116.75940150,-26.82601535
116.75908580,-26.82572952
116.75995120,-26.82528522
116.76810850,-26.82825993
116.76769490,-26.82807375
116.76774150,-26.82757413
116.76732680,-26.82826665
116.76801770,-26.82785017
116.76722430,-26.82788292
116.76252610,-26.81952776
116.76214000,-26.81922881
116.76249510,-26.81905514
116.76180260,-26.81901179
116.76278760,-26.81875596
116.76212260,-26.81844456
116.75660030,-26.82053684
116.75609730,-26.82018844
116.75739220,-26.82004696
116.75671920,-26.82003458
116.75621800,-26.81971943
116.75703810,-26.81967130
116.75142230,-26.82589134
116.75183520,-26.82586032
116.75088350,-26.82549643
116.75174730,-26.82542676
116.75132820,-26.82539370
116.75143470,-26.82501364
116.75027480,-26.83568632
116.75073540,-26.83559327

