1.091669028110197459e+01,-3.628646382584341801e-01
-1.796163461231841296e+01,6.155189115207848616e+00
3.296636805941878801e-01,2.801884331474266077e+00
-1.250358349897121135e+00,-1.166688096004846820e+01
1.299349697877546461e+01,-4.484816797036190295e+00
1.791494445535694036e+00,-1.399499363972197408e+01
3.981242682638895580e+00,2.152449969574272703e+00
-8.014780929325906911e+00,8.474871372576989970e+00
-2.377473173446292609e+00,1.643228159015881218e+01
5.382223111846555774e+00,-1.198185744709702938e+01
-8.246323403355562132e-01,4.242255049282631418e+00
-1.430845008363451498e+01,2.661184783141804733e+00
6.493932104472320610e+00,-1.472712321393621338e+01
-8.988710458667636516e+00,1.333802120480634024e+01
-5.853546112074337060e+00,1.520976235992515591e+01
1.432361128744159018e+01,7.753619114711398197e+00
-5.269448076263572034e+00,-1.484224772298250983e+01
9.285737776791116005e+00,1.857971227088411892e+00
3.987887940095315997e+00,1.213326351624351318e+01
-3.477247674883590545e+00,-1.531870275158718897e+01
-4.518005537698359220e+00,7.761625690696298818e+00
-4.290627790182250045e+00,1.428000217649621639e+01
6.335215497412272079e+00,1.790753609220229947e+01
9.050012422099008802e+00,-6.388297358809456483e+00
-1.368893690376875227e+01,7.106815154261152401e+00
1.245578558082210918e+01,7.136883227172211797e+00
4.902396463507706414e+00,1.460211871503857850e+01
-8.029099864219549687e+00,1.261743665361497457e-01
-8.651710294238254662e+00,1.855368783230743057e+00
-1.463794866519231164e+01,-9.064834148367417299e+00
5.086532274154682121e+00,3.542684576521430095e+00
-3.153494545872562949e+00,1.290606052437672346e+01
1.279491903350067350e+00,-1.012258893378835722e+01
-1.323505658344508973e+01,9.123959100800037803e+00
3.265707163071682739e+00,7.371367337962348110e+00
-1.472599130803997092e+01,-1.198669255928192179e+01
-6.137766513095850307e+00,9.414065730628875528e+00
-4.276418437197871292e+00,9.587268207538899745e+00
5.777395754960597429e+00,1.616785184246094431e+01
-1.009838527954743626e+01,-2.145654585786614721e+00
-7.359622677864926743e+00,-5.717788371492225075e+00
1.792814485876982289e+01,3.606913661984525454e+00
7.440132840265661684e+00,1.779084452269148020e+00
1.487651296820368252e+01,-6.189550844235713889e+00
4.322061999566497170e-01,1.009070444648578224e+01
7.090892783035237734e+00,1.202265361511309827e+01
-3.335095783307922890e+00,6.299328885074523043e+00
-1.598246148526023980e+01,-1.108575345532947454e+00
-8.984790394060572893e+00,6.896909809696682991e+00
3.171100805336100503e+00,-1.001261060871449260e+01
-1.574453076003101692e+01,-1.051094871652506590e+01
-1.590872446687911790e+01,1.670471689350682576e+00
-5.754211335149632678e-01,-9.952414073283838647e+00
-9.487454414909036515e+00,-7.481753563038553878e+00
8.652671707054356842e-01,1.415180860971583066e+01
-1.176403672168889258e+01,-2.962639546310292360e+00
-4.079085141211142407e+00,3.091608068332209580e+00
1.391791877493788121e+01,6.013777671681991066e+00
2.437137956066159017e+00,1.298844496841741503e+01
-2.300549199723221694e+00,-1.388324992669008928e+01
1.346138030550092513e+00,7.083035331369888610e+00
8.678311232322922564e+00,-4.600917567981790413e+00
4.077520773319803560e+00,-1.430767769496175390e+01
1.748924197342147480e+01,-6.705839375138427982e+00
1.796296071071747491e+01,-3.903819417254141388e+00
7.252112114478421745e+00,-6.018080448587962650e+00
-1.595226167015141172e+01,-6.733658350255435465e+00
3.673253597577669782e-01,-8.416513087066853416e+00
1.476639528593989059e+00,4.269112147371161292e+00
-1.294514362178614419e+01,-8.545792817419394893e+00
1.591828576068238732e+01,2.834735321336944835e+00
1.098516955287775687e+01,1.396695281188473636e+00
-4.392512170544923933e+00,4.871499852836151945e+00
-6.881594621590625849e+00,1.967966225359231158e+00
1.148408486319102417e+00,-1.189702808597701633e+01
-1.015615374292601203e+01,8.532216345209088004e+00
3.435492569597438983e+00,4.550653249047679205e-01
-1.338443016993192103e+01,-1.075580251914796648e+01
7.961228036711823108e+00,4.895937901872861708e+00
4.672831769424598214e+00,-6.316347869417175964e+00
-6.131078114100368737e+00,-4.319935121988960347e+00
1.046280510621798943e+00,-1.564680149316004787e+01
-1.099682877224540078e+01,-5.546981556767740074e+00
1.418167812548651519e+01,3.519571102949998753e+00
-4.823997715834884126e+00,-3.129934807373842887e+00
6.400088581570064328e+00,-9.161419392259745109e+00
1.027484294411930144e+01,7.934343748226752702e+00
-6.390709891869532200e+00,7.596623736727938336e+00
9.524865229551696899e+00,5.920823312854063936e+00
1.532429190888636761e+01,-1.755287482986165992e+00
-5.030472668974551809e+00,-1.120835123828663527e+01
8.512215761631320987e+00,-1.177553142435386846e+01
3.899878927454676347e+00,1.620880215060855178e+01
3.213003099076630065e+00,-1.269742210448159092e+01
1.747400143705027276e+01,-1.924236536592582647e+00
2.758012836328783912e+00,1.480465296006300413e+01
8.641418229741720580e+00,-1.356793423224371331e+01
-1.245875562892002186e+00,9.507521240643727722e+00
6.905034499439306472e+00,-1.090070388011766234e+01
-9.759928882737463951e+00,-3.350675136236617169e-01
4.074568594461207560e+00,-2.766835259260954416e+00
-2.452928034666707724e+00,7.884030088322190544e+00
1.034681058785354146e+01,-1.284791884851373389e+01
-8.319326617018264258e+00,-9.004156187705628867e+00
-1.480188148178162066e+01,2.554308278761072692e-01
6.956616147380149329e+00,-1.276702305124615222e+01
-3.118212245816966544e+00,-2.682751774965132174e+00
-1.214153953576084533e+01,2.653106779640590496e+00
9.848211592609661835e+00,-3.284577254232979193e+00
3.001749873026197335e+00,-1.284713515232956293e+00
-5.885810126772003770e+00,5.908618662260530563e+00
8.796415070347379794e-01,-4.891312578233708130e+00
6.910435994189890074e+00,-4.176484927972762939e+00
-5.685279230976123976e+00,-8.415691746099465576e+00
-1.537397500877236034e+01,4.117392698045797772e+00
8.753457089859065121e+00,9.602619831414253682e+00
1.971637500509454632e+00,8.723903341310075277e+00
-4.433571162464152171e-01,-1.399085683744270447e+01
-1.147655308438464949e+01,-9.457005421293571690e-01
1.654733434490282562e+01,-8.243491175438073526e+00
6.856534231729119355e+00,3.454820049698304807e+00
-2.517302065446875403e+00,1.461059467406280099e+01
-4.430698906269740611e+00,-4.843479851384651091e+00
6.155537936936720023e+00,5.115065886761651193e+00
-7.252571150967753510e+00,4.700231779450194658e+00
2.890226505322268657e-01,5.646373439861366528e+00
-2.389694172852671716e+00,-7.106187958285536510e+00
7.582480907879378396e-02,8.319435428399362564e+00
-8.400427867672533466e+00,-1.614072611285473746e+00
-1.117845400898851338e+01,8.189897283549397722e-01
-1.228352763490788035e+00,1.331186582051382850e+01
-6.445391056240477923e+00,-1.624553561936337331e+01
1.545719621508142261e+01,4.829725458632245783e+00
-1.275475970530238179e+01,-5.182715716306248943e+00
1.280726272269305532e+01,1.389466653712339461e+00
8.442243924021148871e+00,-9.548538407500345215e+00
-7.270394037545790056e+00,-7.541732413094224263e+00
-1.809965386608205273e+00,-1.626875019596793237e+01
-6.009808062034203147e+00,1.119886291366551667e+01
-1.101315828780091088e+01,4.163653308867322878e+00
-7.700693035265882003e+00,1.024124048660682718e+01
-7.378152615500146005e+00,1.243366311198920116e+01
1.048282274508350476e+01,4.022822397400288352e+00
-1.195536306928612191e+01,7.793431556842469021e+00
4.774009021034865796e+00,-1.597979186532980478e+01
8.994175341112081057e+00,1.603443968769601824e+01
-3.514780890003693425e+00,6.295843665343819895e-01
-1.663624915735117327e+01,7.370079153682829620e+00
8.109948045356242474e+00,-1.569600108112439507e+01
-5.560207512691747178e-01,-1.518096688963491037e+00
1.329670071335807613e+01,-9.965084035092983683e+00
-2.504856695195519123e+00,2.209720814406010980e+00
-7.431969617000741657e+00,1.421030221371747082e+01
1.506884426547131639e+01,-1.153338500353649643e+01
8.546729739918594859e+00,3.905842383284503783e-02
-9.133844968984389467e+00,-5.609083655284383241e+00
9.498004815040214766e+00,-1.515904264281429992e+00
-2.681677046130296116e+00,4.195636412122044412e+00
4.374359050051002562e+00,8.741535828577021050e+00
-1.062449736657472776e+01,-1.294678291012255933e+01
3.061778801668667005e-01,-3.184010152016212292e+00
-4.110796825654205122e+00,-9.687036208368560608e+00
-1.571753621088996056e+01,5.835074879114269919e+00
1.274991711573697906e+01,4.612432433008983423e+00
4.943676725049590104e+00,-1.026400961105482779e+01
1.648494995633640769e+01,-5.147820885224755116e+00
-1.210206262621563411e+01,-7.004288955210681955e+00
-1.409880626416010685e+01,-6.410548266111844029e+00
-1.777600791351642329e+01,-6.833038682391264773e-01
1.199620523450519194e+01,2.955007564943414877e+00
2.976247159926147745e+00,-6.874558206292152640e+00
1.013767221010992614e+01,-1.098857992211644863e+01
2.566739920151016374e+00,5.683255465560070441e+00
-3.991377900280473678e+00,-7.839429455861859353e+00
-6.328076177356757315e-01,-6.891800282735465188e+00
1.657223417226523310e+01,-3.194902230985953162e-01
2.516070125537982261e+00,1.044597868804886787e+01
-5.604482280460507226e+00,-6.322149409903114581e+00
2.145690418624967677e+00,2.332929612700833655e+00
1.311931495662751246e+01,-6.709193733792172765e+00
-1.194098819330187311e+01,1.049559894148173100e+01
-1.032087154053430034e+01,2.451990853715892982e+00
-8.802416238581564301e+00,-1.305758411652638351e+01
1.238108218868540611e+01,-1.479504701416666013e+00
-5.625671960964295337e+00,1.300606829760899608e+01
-1.067412046331120834e+01,1.405286100641400360e+01
1.627147757432306818e+01,-3.355210908202712172e+00
7.881114446556912512e+00,-7.814364509450290264e+00
-8.424454638015982155e+00,-3.923025913734961012e+00
1.109128726267057274e+01,-9.437827776206308528e+00
-5.865731031992891253e+00,3.436193364475274237e+00
6.067591865398144435e+00,-7.421661340265541362e+00
-3.859665021039961341e-01,1.726765540162529433e+01
-1.474257962315510762e+00,-3.422846996637483041e+00
6.127880547402573264e+00,-2.555887177024832368e+00
1.167742070174996094e+01,-3.151106522385263453e+00
6.500806419032014283e+00,7.891593918379988359e+00
-1.387626494518434583e+01,-1.446086308631105322e+00
-1.504521757789910374e+01,8.282493996635329481e+00
1.251292931602097980e+01,-8.352495945435837399e+00
1.713305079457106572e+01,1.513258735586198833e+00
-4.192854875677756610e+00,1.605138872519841442e+01
3.206952712298246411e+00,3.825834499494524366e+00
-6.819809467602330422e+00,-1.374668105178287369e+01
1.456953998300687125e+01,1.655632990349162226e+00
-1.702085120338003676e+01,3.165823615577022743e+00
4.327888921368427511e+00,-8.392337800248704127e+00
2.178802245852264452e+00,-8.539126715427380887e+00
-1.709120161278380179e+00,-1.322057400780253522e-01
-1.293166552910705214e+01,5.396111891571061747e+00
-9.513508228083098928e+00,5.190798556611135872e+00
-1.239909734088355009e+01,1.230743462956392520e+01
1.064422081829743183e+00,1.175574995840205617e+01
1.474831404547001412e+01,-4.308769023428175693e+00
2.738044449530716129e+00,-5.115773273191627446e+00
-5.623886785321634552e-01,1.527824340287775406e+01
-1.328941356938356044e+01,1.235085925779340732e+00
-7.029146970190319088e+00,-2.792628564904233279e+00
-8.650487282061920524e+00,3.623333787506015646e+00
-7.984615997743466309e+00,-1.530352045731633481e+01
6.733739073888596494e+00,9.807104254838609758e-02
-4.037742867128474522e+00,-1.345231992407282107e+01
-1.836040051702226172e+00,1.118100183321566021e+01
-8.691490118987871272e-01,1.487845608721017454e+00
4.972141933474086173e+00,6.927190819863767501e+00
-1.661309672519687552e+01,9.219816549110555925e+00
1.794736347258149012e+00,-1.794111742474989413e+01
-6.197160653198292124e+00,1.405023948238890985e-01
1.185384807387968564e+01,8.870830627495688958e+00
1.377902822694774443e+01,-2.624454981677514454e+00
7.893174180976485488e+00,6.691824792114405618e+00
-9.616506485254591396e+00,-1.141922955952502505e+01
-8.911023585675600378e-01,-5.142817927270897371e+00
4.411132596003355388e+00,-4.550215232396960907e+00
2.099253178677602527e+00,-3.375162534173159479e+00
-8.306031798000697020e-01,1.897346372144929916e+01
1.213492393180558571e+00,-1.608678960208418385e+00
1.044765930985065872e+01,-5.104681315633661676e+00
5.265917764535585910e+00,-9.671779143266151513e-01
4.336141971297555742e+00,5.177307044466354036e+00
5.670437372073420690e+00,1.623117570788019215e+00
7.610779657451463898e+00,-1.532564321117821260e+00
-5.128503472983901190e+00,1.564333231570442351e+00
1.138433200057473549e+01,5.719959006657222567e+00
1.395832947112016242e+01,-5.977723576893265722e-01
1.037659142847139826e+01,1.055631750715515693e+01
-3.921456033913373940e+00,-1.099760480362488524e+00
-8.357561658895377832e+00,-1.703620790320745471e+01
1.201323302861119213e+00,-6.651257775516964621e+00
-1.602110590826886671e+00,5.903244425863926281e+00
9.667238609769773561e+00,-8.142685559868048983e+00
9.211480415767924201e-01,1.024095381915382408e+00
-5.684558234246247288e+00,-1.589648133494629523e+00
-2.686754345354032125e+00,-5.274656651797719142e+00
-2.396991209543815504e+00,-1.026726985797896852e+01
-1.532060901168643063e+01,-2.842739849069177094e+00
