1.188901329853448985e+01,1.480867876910923897e+01
-4.324802502198619614e+00,1.341863889095343865e+01
9.809249256377130521e+00,-8.521638292163574491e+00
-5.929363828557118410e+00,-1.758883931461160799e+01
1.390414762575494301e+01,-7.649192200033055222e+00
-1.441445563360997362e+01,-1.236364727592128432e+01
3.663319813414122272e+00,1.355437317247798212e+01
2.754926081298037843e+00,-9.482303436830296306e+00
-1.653926486919947436e+01,9.093788972371736889e+00
-1.087970359414105692e+00,9.707271773846654739e+00
6.578504158614136621e+00,-1.577240405582361049e+01
5.395880229736527589e+00,1.296020410399665224e+01
-1.133503969910501219e+01,7.776599651888241871e-01
-1.419675779948093641e+01,-7.840038463887580633e+00
-4.354058018641581707e-01,1.136567514041059646e+01
-8.203363123898299136e+00,-1.551837918504005209e+00
-7.980985210068595848e+00,1.317502695728105522e+01
6.997119543204755043e-01,1.561616309297886396e+01
6.106890792997234030e+00,5.683580591019019579e+00
-7.794485291878467059e+00,-8.930034776851783818e+00
1.867885825218828622e+00,5.536926699268921226e+00
5.914059486961690482e+00,-1.034428302081423645e+01
5.918129155101416572e+00,-1.771230257570554967e+00
-1.647135223543354954e+01,-1.666578817612600405e+00
3.608928582262035611e+00,-7.858562010328623337e+00
2.376170907915855363e-02,-3.055053079613453182e+00
-7.019934812742720354e+00,4.352407207390639243e+00
-7.245562047961752405e+00,1.439786337556468787e+00
1.898957409888738113e+01,-2.388207338464813090e-01
8.109725384581759400e+00,-6.232850365061490372e+00
1.485881652548342302e+01,-9.178150372310899030e+00
-9.117599958301182639e+00,-1.281522316259708916e+01
-5.170776570073685185e+00,-1.009322531426116676e+01
-4.422282611443572264e+00,-4.611329091964535110e+00
-1.253240336250894771e+01,-2.909936391556263935e+00
-9.042221780624794647e+00,-1.082465105330969912e+01
3.537216768154549662e+00,-5.983867056788668926e+00
-1.831780099459391353e+00,-1.772460426665760025e+01
1.178577312825647283e+01,1.169035735327344305e+01
1.227513579894311491e+01,-6.751759925964721631e+00
-1.438410705215247276e+01,-1.383713447369987470e+00
8.381258947128827685e+00,6.929638155249556064e+00
-1.259597205094786787e+01,1.344750752721583886e+01
-1.560649819493715995e+01,1.714082209232766774e+00
-1.271260080848288609e+01,-1.098934251998134215e+01
-1.006972829280814707e+01,-6.201210825024746853e+00
1.179938698964028987e+01,-1.202544902174220454e+01
4.276990846898275578e+00,1.588145534827725491e+01
2.537893585932431417e+00,1.551961745819915173e+01
8.980694588987310212e+00,-1.151677776727066504e+00
-2.461731694766692291e-01,6.688141146138190329e+00
-8.494621837732909242e+00,-5.224969746310972774e+00
3.968686848933440370e+00,-1.084991505999079386e+01
-1.263812117994006812e+01,-8.787074003112669729e+00
-1.087682828728624251e+01,-1.527748238781656553e+01
1.471468234621426596e+01,-6.255612854185864657e-01
-3.679414261279333243e+00,7.131617119159312512e-01
4.108364450174707971e-01,8.770136635929633329e+00
-1.503201419578290121e+00,3.661356712181990769e+00
-1.887531799313891412e+01,-2.054358649835806627e+00
5.038495014579433828e+00,2.245407033384719142e+00
-1.112123073486261760e+01,-4.713853882014654495e+00
-9.379496686132000605e+00,1.200598830767259884e+01
7.154821371757797976e+00,4.041486450933725827e+00
-3.242790914554231296e+00,-7.020111871288336580e+00
2.015538138091001574e+00,3.771697640120400319e+00
-2.701253241225813451e+00,-5.189394811847501288e+00
9.889304267359689149e+00,5.322514289649343588e+00
1.097139423142166592e+01,1.327472963721815624e+01
1.014754589737482116e+00,1.738342481720136590e+01
-8.929845971780927982e+00,-1.473484253858048731e+01
1.358410567525640111e+01,-3.778983828268121847e+00
-1.507878249103226587e+01,8.081128737388048933e+00
2.178057816403728975e+00,9.064929307150976001e+00
2.077122065553607122e+00,-1.118673832447386296e+01
3.199739820388840972e+00,6.820108930296437499e+00
1.079934356521160987e+00,1.045596286117560325e+01
1.143384226721081909e+01,-6.628227640336166182e-01
-9.188084675812896451e-01,-5.397149167561957839e+00
9.931980977465979521e+00,3.379061735723530302e-01
-4.614052625035339972e+00,1.031991179554106886e+01
-1.056461862663792495e+01,-9.630350724564117115e+00
-7.464737273562811470e-01,1.629648580941778224e+00
5.685502209780840310e+00,1.474949656386643859e+01
1.855413646921800108e+01,-4.059211315360040651e+00
-8.700124108465365325e+00,2.445855712087246836e+00
-5.696049083449752359e-01,-1.509640655347642380e+01
-1.542182252423390132e+01,-4.716017834446855517e+00
-1.076376392150296724e+01,-1.346890926556302936e+01
-1.819405156986838801e+00,-1.376596832866876774e+01
1.493282179289883338e+01,1.104866940845826662e+01
4.484058994328107062e+00,-2.811976030944897786e+00
-1.123165717828867649e+01,-7.672873767047881266e+00
5.086596013935217542e+00,1.092632777958033152e+01
-1.327732788271862141e+01,-5.585857939138979766e+00
-1.716718355796270856e+01,-8.076665050250870337e+00
-5.195142437291942805e+00,-6.267133564154374170e+00
3.131791193009179963e+00,3.189390602047462164e-02
-1.454880803873942163e+01,-1.061195011643688701e+01
-1.118434256701350371e+01,4.439918927287325623e+00
6.134641501986605405e+00,-3.596482430694971644e+00
9.751899550200457512e+00,1.558585441015550366e+01
-1.359930115943927653e+00,-5.258615954856307728e-02
9.383401245346380648e+00,-2.903187889020792944e+00
1.267470815943367946e+01,-2.050897603096156541e+00
-3.618230257234136271e+00,8.522524160433457396e+00
-1.489217457199665251e+00,7.973895059743068003e+00
1.165222638482746120e+01,5.205922618296097149e+00
9.360724050906714666e+00,-1.247365858514702452e+01
7.031046801211040531e+00,1.170833321306838748e+01
1.250550849333607495e+01,8.744976226401329100e+00
1.544825429232749769e+01,2.715119492621763886e+00
-1.152360803370555509e+01,1.019125866423031290e+01
7.081972233393664773e+00,1.353638957697483391e+01
-4.333057511627544933e+00,1.518041514115826374e+01
1.027068574338786888e+01,-6.727984402932095875e+00
-4.818839772227257456e-01,-8.665889455523535290e+00
8.237681291920823767e+00,-1.664769460416206925e+01
9.895852778089720969e-01,-9.707438755146061027e+00
-4.049057316318467770e+00,-8.678600912615548779e+00
-1.056105397853193750e+01,-2.266816335483491596e+00
-1.200971388271974583e+00,1.564697772871890713e+01
-1.108213618090822195e+01,1.245950408663097164e+01
1.089394355914735435e+00,-1.636187844431914895e+00
2.919191851931131954e+00,-1.758031113170891224e+00
7.264811065945442792e+00,-5.477728353267459216e-01
8.270691975613631897e+00,-4.356885078777872344e+00
6.371119964242524247e+00,1.780254320338978502e+01
1.315278232162539140e+01,1.052219235979277556e+01
6.821882335617144300e+00,7.872132296408793195e+00
1.179619497038750353e+01,1.371756042720192470e+00
1.517640877288210532e+01,4.546123403827601273e+00
-6.526529771249022893e+00,-2.111623063915779586e+00
-9.321353677893561285e-01,1.763338232165429531e+01
-1.692337042188592022e+01,-3.682143214683426091e+00
-1.595279002680937808e+00,-3.738494841581780026e+00
-1.434925032166147574e+01,-3.210372916540976007e+00
9.973939867364148171e+00,-4.987708900012793656e+00
4.149177045537301822e+00,5.319999480877689813e+00
1.548448049388751180e+01,-6.610947277466337368e+00
1.616951861451952910e+00,1.394855989777062000e+01
-1.580946163276321925e-01,1.405820460376831704e+01
-3.658794841006308030e+00,-1.700503021639660517e+01
7.695666189240100152e-01,-4.659036909042920449e+00
1.346911542210962098e+00,1.624965136588013559e-01
-2.841197863552487046e+00,1.016293323114889269e+01
-4.719102833325919732e+00,-1.068156353932260050e+00
8.803025908072649841e+00,1.221867578647145614e+01
-5.184710546227952577e+00,7.564489451251670715e+00
7.224547540046957650e+00,-1.169017411503842929e+01
-1.547893538196320762e+01,-6.511683945791403083e+00
1.383147433093069756e+00,-1.311002862167465999e+01
3.311197572561477287e+00,-1.254407354149577358e+01
1.093957527475059699e+01,2.924689740615229905e+00
-7.972896450310320127e+00,6.530843353009649910e+00
1.632737989716448013e+01,5.965131036272696363e+00
5.361692241382366220e+00,-7.029421463617994803e+00
-9.727431259414196063e+00,9.694978831979153000e+00
-4.104944154038927095e+00,3.007677554393235031e+00
5.401577466538132200e+00,4.063364242206532140e+00
7.578262874398956406e+00,-2.579522014948442798e+00
2.070878551544735657e+00,1.887156338970150316e+01
-9.524497377412121324e+00,-1.642676543858648941e+01
4.957959073746013523e+00,-2.783290885982126484e-01
5.589521792208451245e+00,9.150999846559006556e+00
9.314138554996484132e+00,2.040222005677955863e+00
3.225662468505178460e+00,1.071961014344962848e+01
2.729109098570205449e-01,1.899013660500745360e+01
-9.315068785219448699e+00,4.154407153685601983e+00
-9.525265727995806841e+00,-3.766667461523836469e+00
1.740493798272373738e+01,-7.572218314109713688e+00
-8.560703376643960638e+00,-7.251262142963883939e+00
-1.898850892627188713e+01,-2.350567063138342128e-01
-6.968659021544620913e+00,1.478078955898781643e+01
-1.111374703879704384e+01,-1.169894401550436491e+01
-1.952075203028929895e+00,1.361316042533361603e+01
8.235201790283127821e+00,1.038734543360296669e+01
-9.673159487873931539e+00,6.033243217197882480e+00
8.168901621279311964e-01,-1.627970325248396932e+01
-2.823395488576309731e+00,6.783824233344485144e+00
-8.186334151795165326e+00,1.059422581314160539e+01
-1.375521658015689219e+01,5.386359480488574825e+00
-8.506380593110854704e+00,8.417427041361968065e+00
-6.248018429360988613e+00,6.098003113808775133e+00
-2.928935064314228676e+00,-8.819578242933274748e-01
7.510235644318218107e+00,1.550529300816478262e+01
1.749097993517784833e+00,-6.155280601636061277e+00
-4.398351483356956138e+00,5.995469648148398001e+00
-2.268504638291362951e+00,1.185022130490482262e+01
3.226531349072594868e+00,-1.731708146447464003e+01
3.286670885553735655e+00,1.789717217769715374e+00
4.347334111148731139e+00,-1.518105646921865670e+01
1.523887985672685907e+00,1.938012493047783780e+00
-1.560863781818591978e+00,5.465162077733180190e+00
-2.481651543012509897e+00,2.183285940817745185e+00
6.655769915132145442e+00,-1.340882541318914889e+01
9.996641955462211016e+00,-1.615717719223915338e+01
-3.465530354585173445e+00,-1.516725356009433945e+01
-6.418724481692223094e+00,1.012430781504558297e+01
1.179338197980790426e+01,-4.810947703701527800e+00
-3.113816090111578561e+00,-2.648213395755624866e+00
2.329421839182010956e-01,-1.131026291758593594e+01
-5.515917255177339662e+00,9.328795566086744984e-01
6.261878289438302048e+00,-8.606553397494982605e+00
-1.250290619433403583e+00,-1.032788905770457610e+01
-2.269251381642688692e+00,-8.777571915975048711e+00
-1.316123094782520431e+00,-1.882589617182535591e+00
8.056535251907265049e+00,-8.036005345132545941e+00
1.860691478084126516e+01,3.375237128683690635e+00
-3.168536461972009555e+00,4.548556947012742491e+00
1.706762647473194150e+01,4.260997179179409677e+00
-5.690301601712555168e+00,-8.002718403171831696e+00
4.587060116679587018e+00,1.777673268427307818e+01
2.517882943655957995e-01,3.161619508016837887e+00
8.919079864257792423e+00,3.849415299768067733e+00
1.814938759528730017e-01,4.956854232211287403e+00
1.865878814993972235e+00,-3.267581617162375274e+00
1.048458826417318690e+01,-1.395899310459108555e+01
1.340574145097702896e+01,5.752833683784306373e+00
4.867604232283718524e+00,-1.338528320030949104e+01
1.459757200251481990e+01,9.042011028424552066e+00
-4.892195266246424978e+00,-2.864098293848928112e+00
1.423531684135199704e+00,7.267933749646913633e+00
-9.569443005432802352e+00,8.488263940399967122e-01
-4.757821871909264644e+00,1.730991098436607700e+01
1.482309744923866290e+01,6.887237164620626295e+00
-6.983305714289115507e+00,-6.219241187450431418e+00
3.924138413259213198e+00,8.549211018453455324e+00
2.869083172311317487e+00,1.730068878449433356e+01
-5.245274990680706573e+00,4.354331400895984139e+00
8.812901862533118802e+00,1.404967481977759469e+01
-3.708654102667771624e-02,-1.899188563728962009e+01
1.408663552783959894e+01,-1.137754215199911023e+01
-1.358603039748344443e+01,9.230570662332208798e+00
1.367211720649180151e+01,-5.631083530999623221e+00
-6.139747586938113955e+00,-4.166318811883926720e+00
-2.215257165441079312e+00,1.886379373749885602e+01
-6.749946817785348330e+00,8.386707939073733797e+00
9.982720381673766852e+00,9.983451481547088946e+00
-1.195968501114459848e+01,-1.172468710044624940e+00
-5.957146507010146586e+00,2.723895858930707625e+00
6.303911687435853395e+00,9.775017603485399720e-01
1.617529752416317246e+00,-8.003017771484147502e+00
1.629462756113908029e+01,9.691982678900853188e+00
1.977205602357885672e+00,1.209802585655028118e+01
7.502345542753475982e+00,2.304580341310979108e+00
3.385126157914097433e+00,-4.214659647971346068e+00
5.070249151954082656e+00,-1.682863480859635885e+01
-7.063121728968822843e+00,-1.062158675948578512e+01
-7.068385991243696154e+00,1.660671990979829715e+01
8.740239873581924002e+00,-1.079169005073376653e+01
-7.774092966299418705e+00,-3.391077003905661691e+00
6.635701628191567614e-02,-6.854720608755443756e+00
5.000999233688955492e+00,-5.011770632775518486e+00
2.744016817900353900e+00,-1.429036096677726064e+01
5.195836290922195566e+00,7.192869098313842358e+00
