1.497505346049923247e+01,-2.384103224217784422e+00
1.088466584350815669e+00,1.181453943333927370e+01
7.700755612716035259e+00,-1.736713575072901961e+01
8.759534848689288111e+00,-2.228437810087371851e+00
2.851110451546553293e+00,6.879240246339432652e+00
1.648750910598104369e+01,-9.413326382471341347e+00
-2.165050905691237482e+00,-1.845951641068796079e+01
1.026677145166969396e+01,9.163768150609922003e+00
-4.317237591782062900e+00,-7.341782180460828755e+00
7.768843132404992247e+00,-6.220446858264959467e+00
1.445145460131481663e+01,1.223214677489917257e+01
-1.449376723294340152e+01,7.473167696292126294e+00
6.288292032628555184e+00,-3.070142474246748687e+00
1.673425593342154016e+01,5.584452464713774766e+00
8.651736407728467526e+00,-9.723253388822106658e+00
6.722202104884795304e+00,5.002635718124091468e+00
-9.005109035107540905e+00,1.498662715286700475e+01
-5.023505559570681456e+00,-2.687580280208112793e+00
3.381679590725392703e+00,9.434057863237113040e+00
-1.309771855975389698e+01,-1.119185377397559655e+01
5.816143846529610251e+00,-7.712052800006000020e+00
-1.049603636511094784e+01,-2.819309393538288688e+00
-1.111052077381062375e+01,1.098356886062397031e+01
4.301060548324449062e-01,8.673107573866948528e+00
-1.458300844426703513e+01,2.347092195811138371e+00
-5.157927714833069999e+00,-4.838509999651903648e+00
-5.377774570897326356e+00,-1.285266891842999115e+01
-2.506259393169291361e+00,-1.093106445157999751e+01
-1.685849718198193958e+00,9.621159768374329957e+00
-1.229091094784225291e+01,-3.022918403330280501e+00
-6.897333633316152124e+00,2.481037323959703222e+00
5.034445780547310179e+00,-1.483466550105156401e+01
4.424269698854529587e+00,5.756038007415967606e+00
8.043676933577850741e-02,-1.587203826819589558e+01
9.143177616254858364e+00,-1.304917933184706236e+01
-3.477708387556134983e+00,9.854844535568345165e+00
6.670006530890171703e+00,1.066666951112479289e+01
1.859269141991983076e+01,2.144370048046177146e+00
1.171661950412272724e+01,8.057254393145866445e+00
3.796845294931615378e+00,1.352546989594204163e+01
2.148981698383845007e+00,7.492320118184923883e-02
6.938541901844268445e+00,8.337705999153200764e+00
9.374823711963930606e+00,-3.937893793486954674e+00
5.439221766707949435e+00,-1.276004179248447556e+01
-1.140404976806855863e+01,-1.448654915437163915e+01
1.482208216629499864e+00,-7.600171052856645737e+00
-1.678058978513916699e+01,7.010769031602772650e+00
-1.700523581142247309e+01,-7.730564413982784489e-01
1.241346894499005948e+01,-5.793632915994644250e+00
-1.183508603725010566e+01,7.654135561001094601e+00
-4.241013279000134695e+00,8.266500973391405438e+00
1.508184603685190339e+01,7.530967524270588243e+00
-1.296241147699466190e+01,1.081978287817561579e+01
-3.498232612631355654e+00,3.862310282889113155e-01
1.786191471999512004e+01,-6.316973607275120806e+00
-4.101109177615719581e+00,6.512334982500802560e+00
-6.533675325621026708e-01,5.971075854373381731e+00
-8.543069585128204579e+00,3.350479007410165355e+00
1.126673106067988073e+01,-3.731129707302838661e+00
7.611372080604938084e+00,6.603541738119151461e+00
-9.000418029548701071e+00,-1.484416397806863230e+01
5.730494344928295902e+00,-1.810948397424289524e+01
1.423516737407183541e+01,-6.011538318307274587e+00
-6.643309635635046284e+00,-3.465351136827348189e+00
-7.584197754641895273e+00,-1.132381174079831254e+01
-7.044380654796694508e+00,1.041775215251512421e+01
8.225885143564733326e+00,1.653816747513336405e-01
1.334323776892177982e+01,8.960259764577449104e+00
-1.597441967445618083e+01,8.695398172651826130e+00
-8.596330294699187746e+00,-5.915398326342622859e+00
1.714783737196314561e+01,-3.088211825432425783e+00
7.246186299904901595e+00,1.732192659371331445e+01
-5.366003951761828539e+00,9.796331370597535226e+00
-6.787809287411385561e+00,-1.491550099461804102e+01
2.353727674098341716e+00,-2.013976692617349240e+00
-1.025805785237694323e+01,1.537869845196815577e+00
-3.596959087970740043e+00,-3.860353602679961416e+00
-1.917241634278252782e+00,1.155116554404132856e+01
1.058148839626075244e+01,-2.017522206892392589e+00
3.943245169566907293e+00,-2.799972348415181056e+00
2.631131153036561088e+00,1.698087439834490198e+01
-4.140510342790447496e+00,-1.426080803150897225e+01
9.654453617009297162e+00,-5.745818508919264822e+00
-7.033370936923773797e+00,8.645342310945025588e+00
-8.112089384774854750e+00,-8.433099198881435221e-01
5.446923598271042444e+00,-1.469870537616863260e+00
1.425617593897410806e+01,3.107816865710691712e+00
1.330502133653077479e+01,7.160366916068199750e+00
-6.973305627985482147e+00,4.267980387082530136e+00
1.647833941917159484e+00,1.819434622354538345e+00
1.795959892036546934e+00,1.019230143190600302e+01
3.528110151547696027e+00,3.268499262023356611e+00
1.135470392690215036e+01,-3.909571654400603724e-01
8.307882716922133426e+00,-1.567841277842221182e+01
1.151326124604893586e+01,1.045458329195159308e+01
-1.708365863146496011e+01,1.858628168109743628e+00
-7.709892580997994571e+00,-7.540259974548216171e+00
8.004191605910631058e-01,-1.100283613260927940e+00
-2.458773230386687825e+00,5.685393574422476171e+00
1.066495442530133886e+01,2.466256271186441307e+00
1.686252702124003733e+01,7.509323040650550674e+00
-1.833103701092853299e+01,4.906744969436469539e+00
2.541926170901569026e+00,-9.047769370150211543e+00
-5.239244888696124036e+00,-4.223572183422335535e-01
-1.855573471058875157e+00,-3.635103695322238870e+00
-7.666360920923979971e-02,3.178406197261514965e+00
-1.208385233418459492e+01,-5.852357738775349816e+00
5.216133815274770491e+00,2.308208218389963040e+00
3.919417101053784158e+00,-1.080574019781367845e+01
-8.358725711448535378e+00,-3.971186530732210951e+00
-3.182042664265053222e+00,-1.626742844883479222e+01
5.878073451979370034e+00,-4.780415674416594207e+00
5.163597968843132158e+00,4.136141466931881894e+00
-1.003040437752574299e+01,6.643864769684562965e+00
5.560395372262012081e+00,1.582965512061150193e+01
-7.945681595758000149e-02,1.347276936553889248e+00
9.417191311812842969e+00,3.806144341076258542e+00
-1.256836665869586334e+01,3.925915656996032954e+00
-1.844746490785626802e+00,-1.218026345578150815e+00
6.855831972538418917e+00,-1.468466693813054569e+01
1.775563317199484681e+00,3.601958169320903735e+00
-1.486469352907265851e+01,-6.664292868730121278e+00
2.872104210697315807e+00,-6.386799087011509890e+00
-1.007041207365382829e-01,1.045547347390379045e+01
-6.966583977214541257e+00,-5.217551577979249622e+00
-5.544690580523027990e+00,1.617558436084432216e+01
-5.419999474029558506e+00,5.353531537485128666e+00
-1.889161096475534052e+01,1.982098561163607275e+00
-5.305292123304190532e+00,3.534836055520124365e+00
-7.484478164755627994e+00,1.357338397697297339e+01
-6.497234793142867559e+00,-1.671470963536634269e+00
-9.370779543894599328e+00,-1.162231718661251989e+01
6.728362245610006731e+00,-9.436645928196366384e+00
-9.212218491092404093e+00,1.316725780563479198e+01
9.918215020343065902e+00,1.142181471373708135e+01
1.461679994476089917e+01,-7.786547760757792425e+00
1.323999700486479547e+01,-1.145278385481740457e+01
-3.637813229389178726e+00,-1.458754461969316463e+00
-8.163836434640078465e+00,5.613547471299465741e+00
-1.101699658762864509e+01,-1.023443027790378768e+00
-1.532400371513773152e+01,-2.846401648972756160e+00
-2.617669548561754600e-01,-1.403570806708001051e+01
-1.485711202534581155e+01,-8.838834959902818200e-01
2.357495766496382039e+00,-4.635829637778736689e+00
1.448297443322224076e+01,1.210534202058070052e+00
7.473404862606360943e+00,-1.116687609134664427e+01
-7.387806326766294340e+00,1.574155578636156783e+01
-1.302011354366437779e+01,-7.470630268060559409e+00
-5.092829991604636009e-01,-2.457796314030937346e+00
8.795506759209910541e+00,2.099257902570713430e+00
-1.275488749440177649e+01,1.264011850354725475e+01
4.133163708051061924e-01,-1.023282883064166349e+01
-9.401590541178173055e-02,-8.542062124475817697e+00
-5.921603970453699795e+00,1.194973081693329142e+01
-6.076946380838164963e+00,-1.042949017500295739e+01
9.411736913213675226e-01,-5.846680997303248084e+00
2.793715619355665591e+00,5.049564874236414980e+00
-3.020276264071632966e+00,1.830774989787916951e+01
-1.003967202930847336e+01,-4.574968181263597167e+00
-6.033634749273548259e+00,-6.866379803369860646e+00
-1.818457709845318959e+00,-9.294344557354797587e+00
-6.791639724265189137e+00,4.692751990627906933e-01
1.836417792969760754e+01,-4.571287539007151679e+00
1.152960273792916768e+00,-3.308193913916497753e+00
-1.082258072973686325e+01,3.305829160519971666e+00
1.107963571461787389e+01,-6.938420786620602243e+00
-1.081643044366707684e+01,1.457354256698130612e+01
-1.842918697082843948e+01,-4.443170818632190766e+00
-2.357826277578741525e+00,-1.358905610280428000e+01
-1.300068182073872336e+01,-1.306522644240092212e+01
2.602828666084970433e+00,1.878084737799791526e+01
2.481545831938457347e+00,-1.638069654512939977e+01
5.844827811288626940e+00,6.869270204071943553e+00
5.150412044626400565e+00,4.496884311196704398e-01
2.049399221459917264e+00,-1.086335374028534950e+01
-1.565703195209707310e+01,7.512826300027324322e-01
-6.274321788419201518e+00,-8.684685428995999601e+00
-3.827083352897588497e+00,2.499840087865006222e+00
-1.438111634702581831e+01,-8.661000324718177268e+00
-8.379005286233699223e+00,7.386732546740689465e+00
7.211709619368832591e+00,-1.320366511666703602e+00
4.323618707058447086e+00,7.866222408875353622e+00
-1.974752203227857938e+00,2.316174106573606561e+00
-1.153402111962349785e+01,5.657810446666264426e+00
8.444513591865032254e+00,1.036082726933951648e+01
-7.252935877715573909e+00,-1.314975351177320562e+01
9.027797143220537279e+00,5.528286863842343024e+00
1.743598038227823110e+01,3.682854853933011263e+00
-6.325592784907897226e+00,-1.672738142476691436e+01
2.907070592052731328e+00,1.196577570547461633e+01
1.145668318325342661e+01,-1.197177606113404735e+01
1.570837175457482715e+01,9.262872981835220898e+00
-1.035060024434634407e+01,-6.396804917781707012e+00
-8.067059517615501107e+00,-1.633908195513954453e+01
4.949248172614731267e+00,-9.358064108344036569e+00
1.216507231826356339e+01,1.228810935065845023e+01
-1.671923828241282495e+00,4.072705058505177611e+00
-4.269839530028779251e+00,-1.064013616995632283e+01
4.782566586467113190e+00,-6.255553164197253935e+00
-1.132839007277008747e+01,-8.143816561336926441e+00
1.422930455144775230e+01,1.047732921685990881e+01
9.352634462305562391e-01,5.150005754609876973e+00
-3.547038643091501520e+00,-5.704498616899430274e+00
-1.265242177465576034e+01,2.043479392375809667e+00
-3.563758791633441003e+00,-8.934361394048794480e+00
3.747157591048018599e+00,-8.584891017385947176e-01
-2.246388196647809643e+00,-7.557280754526500388e+00
-9.727670737179215266e+00,4.766009958649348732e+00
-8.028458720506143065e-01,-1.153013344702578458e+01
7.304054629270305021e+00,-1.291341597012237941e+01
5.367286724228072181e+00,9.377052525868354138e+00
-1.670651421468736464e+00,5.278350681493800822e-01
7.632731386118851269e+00,-4.370069982777877726e+00
3.055126658256898331e+00,1.514692854813650058e+01
-1.126187420065945943e+01,-1.068961756345804837e+01
-1.055314793149521257e+01,9.008457957980480657e+00
9.605256435584609065e+00,-1.132339045225749707e+01
3.550129268361065016e+00,1.428442852533604590e+00
1.639180258921820865e+01,-1.334564146904030135e+00
1.071229379322293518e+01,-8.716481203367532515e+00
9.972646639586196571e+00,7.387125563733293321e-01
7.976092749600285359e+00,-8.092193419678686439e+00
7.030402282276220660e+00,2.154477417895705127e+00
-1.595722604824954871e+00,-1.526104437115180090e+01
-5.335218608961936226e+00,1.560365447861527866e+00
-1.060585434734133692e+00,7.686306094351242457e+00
4.018894548088248975e+00,-1.857009656979054313e+01
1.773072764391695921e+00,-1.376304088247011137e+01
-1.777932153119552661e+00,-5.403954545179236568e+00
-1.446280814688862648e+01,9.776348762432345296e+00
-6.251919051962655516e-01,-6.761951128736400918e+00
-1.834252937759244872e+01,-2.487299856421214983e+00
1.031710256777222057e+01,6.794547221074952681e+00
-8.494698112024616776e+00,1.269019175220378992e+00
1.081468853704032362e+01,-1.362297648216139834e+01
6.243796918398829554e+00,-1.635180690535288051e+01
-1.742657019158230725e+01,-7.369804593866423836e+00
-7.956120741265305440e+00,-9.518640716153877079e+00
4.390033696598027113e+00,-1.667176712099029245e+01
-9.529297894797714719e+00,-7.968738057581601808e+00
-3.640174412074097532e+00,-1.238370529385216656e+01
1.307518867832201792e+01,-2.958075292423921976e+00
-3.572395419777423697e+00,4.238697701624595915e+00
-1.447267878122358375e+01,1.188450556539719827e+01
-1.488684539386998473e+01,-4.601983408000454467e+00
-1.385321705282984617e+01,7.007226401955367612e-01
-1.127071437180994451e+01,-1.254467238090289172e+01
1.191012312917719562e+01,5.946759535093891991e+00
1.477330468136502439e+01,-4.189818709319169443e+00
3.883801038822666474e+00,-7.903225614597751303e+00
8.467718685760685204e+00,1.248235151579720892e+01
5.709277395801361621e+00,-1.099099387350262802e+01
4.120917249967209983e+00,-4.591780230026079934e+00
1.616356636691455906e+00,1.368247689736045380e+01
-9.259966965262886873e+00,1.024307337973420573e+01
9.721414027566893656e-01,6.973707568238262766e+00
