1.383240910092777831e+00,-1.094269295208745874e+01
1.115072209864733388e+01,-1.013445760663651551e+00
1.982832135403548302e+00,1.311786496470642938e+01
4.665070316848797027e+00,1.058899335988494705e+01
4.008498384365711154e+00,8.281870542984584915e+00
5.539177698963635876e+00,-1.075482142383915729e+01
3.355320571972132626e+00,-6.098533936317356741e+00
1.626795784086343177e+00,-1.720864847697407995e+01
-1.157036697596160479e+01,7.812428563000955783e+00
7.096691102081451596e+00,5.256804210781877984e+00
-1.006890235431316682e+01,-1.305656989866170115e+01
-1.381533911085856836e+01,9.314820937068095219e+00
-5.983883802861560852e+00,1.072291147961025892e+01
-3.326713911897194453e+00,1.495567121418592649e+01
9.637044367744336260e-01,1.012256792237345238e+01
-1.268419205657334814e+01,1.379270794080797780e+00
-2.663275077958309645e+00,-1.174042091548291289e+01
7.458437571008804667e+00,-8.566012796179371946e+00
-3.492745620906170245e+00,-1.584970045632752189e+01
-9.529338153000527001e+00,-1.485726148207565700e+01
-8.488294047434431278e+00,2.079012610581773224e+00
1.577057138959279570e+01,-3.418416618459263479e+00
1.591627953992392541e+01,2.868701663147436243e+00
5.644229819446907825e+00,-8.922885299678481985e+00
-5.038386648006920154e+00,-4.364420402153034395e+00
1.706224251576225726e+01,1.390579521567847587e+00
1.671816892505405150e+01,-6.166956648178251399e+00
-1.161681614805159946e+01,1.471838096242619542e+01
-1.258161573665759292e+01,1.066642206500514867e+01
-1.383059656144635663e-01,-9.962460582358996675e+00
5.150294637739306403e+00,6.828612158214242278e+00
3.065153119815964278e+00,9.781617626609813598e+00
3.179899863191707476e-01,1.404078305105693225e+01
1.021732575164432433e+01,-4.262616092055562689e+00
1.020369368017043499e+01,3.442853335910844415e+00
-1.701255347429705367e+01,1.402631398187211165e+00
1.477836261236301318e+01,-1.765087562555077483e+00
-2.096916718413235348e+00,-9.851557219219246875e+00
3.453767103024050655e+00,1.939104874664949962e+00
-1.779773714483452451e+00,-1.539337891314827722e+01
4.464744625540011391e+00,1.260468816622584676e+01
-9.015966675883408499e+00,5.219916688856598874e+00
-1.282283374521368380e+01,5.734041801511830627e+00
1.426986294553239532e+01,1.130425331907544262e+01
-4.180087439480297817e+00,1.045815691617364074e+01
1.556957328430007337e+01,7.826222394630184098e+00
-6.347463128388509679e-01,-6.061019944662315417e+00
-1.484118603571665496e+01,6.225161866157231216e+00
6.817281921945997247e+00,1.204563015666282411e+01
6.027424731244886758e+00,1.561193148284863774e+01
3.413718057495060521e+00,-1.688009163789746481e+01
1.033919674825036417e+01,5.455135377542791986e+00
-1.446804426619208073e+01,-1.105372367139623258e+01
1.174457774893189210e+01,4.309562448639689514e+00
9.708744282553817939e+00,-1.200570300350143604e+01
1.650207689450602544e+01,9.329707808032202010e+00
1.289102194058312989e+01,-1.588632309597147296e+00
-8.392527622294567280e+00,1.107211040737918850e+01
-3.631026566821035306e+00,8.682908751491753563e+00
-9.227132753344493565e-01,6.064210519337627225e+00
9.602847846377406071e+00,1.135447326458566053e+01
8.850880415267097234e+00,6.459888448303749087e+00
-3.365678646168784649e+00,-1.777512958427757539e+01
5.802504909871406547e+00,8.503216577445542157e+00
2.769936534442081211e+00,6.972099741141397189e+00
-2.204361129828784627e+00,-7.081146204105435160e+00
-1.795801338667681790e+01,3.016048815874122990e+00
-3.100463090731163884e+00,3.295091597120333837e+00
1.631995797217562494e+00,-2.787927475853885007e+00
1.284875322652448659e+01,-1.102954999881412590e+01
-1.003901922276225633e+01,-5.155085619162949051e+00
1.376800559848607275e+00,-1.894921091409456793e+01
-3.870285970900317007e+00,-1.045963970403471244e+01
-1.059776884072237735e+01,-3.450766539771053409e+00
-1.274086010931139157e+01,-9.610789594258228874e+00
7.146758674789305488e+00,7.076659877392550868e+00
5.298495743517452006e+00,-2.990189403466887441e+00
1.004330047959407501e+01,-2.398591730105104070e+00
-2.116131548398223969e-02,1.355994842141871715e+00
-6.757088003537576881e+00,2.527456534221774298e+00
-9.593175216724723953e+00,8.577742752177416108e+00
2.064940923574338782e+00,2.751141586466494537e-01
-6.398153563224029838e+00,6.020008436100094507e+00
6.687507131951750949e+00,-1.216024092001090473e+01
-1.984981003013406964e+00,-2.678422421563931621e+00
8.086634958000081141e+00,-1.522698066929168625e+01
4.479373782323871289e+00,-4.647868364608914504e+00
2.427428099104906423e+00,-7.620669953752297943e+00
-1.425486064917737572e+01,4.460676719082742991e+00
-6.391142372959613738e+00,4.260457684461177230e+00
5.286372372583429069e+00,2.201696033014946874e+00
4.075171490234261285e+00,3.669954833228723512e+00
2.190627460078743427e-01,3.201280170718276974e+00
-9.757716905598829982e+00,1.453253494855031214e+01
1.404511851528699573e+01,-1.276760915088058468e+01
-1.342131568892486904e+01,-7.763579727580639300e+00
-3.553427083535988018e+00,6.758393076921739961e+00
1.012824031003117220e+01,1.327096660633601033e+01
-1.096715012057835459e+01,2.878911022233152650e+00
1.481491530866339890e+00,-9.097579016877871183e+00
9.859322931079352870e+00,1.510287343706100849e+01
1.654063843475546847e+01,6.165704688484074936e+00
-9.963152576638742985e+00,-1.754212483827343405e+00
5.909585638414871944e+00,1.377383185154612910e+01
-6.974617446438959867e+00,-8.857687212404778521e+00
8.948211554687079961e-01,-1.113400173360911349e+00
-2.009695226832680870e+00,1.206181307447036843e+01
-1.091132847624882718e+00,-8.221334938320881136e-01
-7.338712115883700982e+00,6.542992955321217385e-01
-2.861992233303497279e+00,-1.148300441215948320e+00
-5.004220335001497766e+00,3.116139198979152258e+00
-1.357578431168243727e-01,-2.617828342288079480e+00
8.719443725105915366e-01,6.811481102102679763e+00
-7.025902793416859415e-01,1.075679584744251827e+01
2.590321968619998749e+00,-1.223292263429579485e+01
1.356066370788894559e+01,7.465258638736762542e+00
-1.136830821498669053e+01,-1.493379877468871797e+01
5.581117125383199706e+00,4.207075996567409826e-01
-1.018564346170082402e+01,1.129776345608943799e+01
6.358477465509907667e+00,-4.638013076898178433e+00
4.483070932757901694e+00,-7.574533221264878158e+00
2.976981037139546427e+00,1.160519147311222810e+01
7.314054978319378009e+00,-1.581487308269721725e-01
-1.776244507238723003e+01,-4.752063569884029448e+00
-6.189159263499578678e+00,-2.998406112104590626e+00
1.591260880206934347e+00,-5.824142811237547512e+00
1.285399647126324041e+01,-7.958908380521092951e+00
1.218384151019388995e+01,6.146339113509632135e+00
1.205174825221225987e+01,1.431020211722998248e+01
9.749659682220030987e+00,1.667682047844458948e+00
8.133206507324377554e+00,-1.109173138039605533e+01
8.716015850278994392e+00,-1.349414220716414547e+01
-4.739057044809721120e+00,1.386450767847374799e+01
-8.257936369253647158e+00,6.899317473442693860e+00
6.494368510474103351e-01,-7.336746635842056996e+00
-1.593088407675394258e+01,3.598162473194403521e+00
7.566001739468366516e+00,8.875921439275323621e+00
3.012470138123450880e+00,5.230630459126391685e+00
-1.568732084738974075e+00,2.293736568401050668e+00
-2.647505129419846615e+00,-5.325746828820983048e+00
-4.359677475169533523e+00,-2.134337924233125072e+00
1.751863374080828706e+01,-4.339859092308666177e+00
-7.182372735476611147e+00,-7.099146881866055914e+00
-1.506250356184042107e-02,8.402554009939349200e+00
-3.889784098374013066e+00,1.600907233783722239e+00
-6.928417220076904748e+00,8.123388563064080969e+00
6.979929495856673327e+00,-2.390244305160498239e+00
-1.638809515060875199e+01,-1.984206388769379714e+00
1.347324289010985510e+01,4.871206531183130295e+00
3.736945623207755585e+00,-1.088509996695173676e+01
-1.658327540301264502e+00,-1.717120386184842218e+01
-1.895312317976213690e+00,7.596836564968007188e+00
4.444615422584668352e+00,-1.257567320229898833e+01
1.399069618746740851e+01,-5.050442644264972358e+00
3.534383561606849078e+00,-9.130401720462124615e+00
1.934244231071280851e+00,3.777646404275490699e+00
1.116171971664091167e+01,-5.781062342273296295e+00
-5.631078919590184029e+00,1.097145253281105237e+00
-8.183411769402734848e+00,-1.336842963342344426e+01
-1.197432828667470517e+01,-4.708788856065353023e+00
-4.369544462016794917e+00,-2.325704017054149308e-01
-1.818132671209430562e+00,1.389121941878827649e+01
-5.884031882705986760e+00,1.678224238961793802e+01
-1.145405829524283980e+01,-6.519466747134672335e-01
1.823348309236739295e+00,8.493866342258876045e+00
-5.247996078544652221e+00,7.467850528479572425e+00
8.350159948792871489e+00,2.845330006531664235e+00
1.179494378928840348e+01,2.474683340819822774e+00
4.331363767187997205e+00,-1.523946210421587288e+01
-3.792530123695259991e+00,-1.314136494158833912e+01
2.636902492665801123e+00,-4.350599746456251360e+00
-5.589036767992122456e+00,-1.006069161835897141e+01
3.870806574600959227e+00,-1.857648793842815138e+01
1.231251215526699383e+01,-1.334255089899307656e+01
7.996716847337354217e+00,-3.888677515249202798e+00
8.754754307748639164e+00,4.601809975323027935e+00
1.136781336239645590e+01,1.190540711208850233e+01
8.549707009133282298e+00,-1.695891760676324367e+01
-1.238354552755834170e+00,4.215468493566485009e+00
1.407603660730045547e+01,1.839062633450036857e-02
-1.325845472415239712e+01,-6.002214331478398002e+00
-1.140745984446626871e+01,-6.448415674964082633e+00
-1.456356279868137804e+01,-9.188601649756066081e+00
-1.339118283401649911e+01,7.519970173029888905e+00
-9.622707993214421052e+00,-6.994821621503867881e+00
-7.977505438646017133e+00,-2.920665327096194197e+00
1.531716915927009204e+01,4.798766492404183737e+00
-2.433601113205837052e+00,6.025302928721950613e-01
-1.115741905441330495e+01,9.617451333102017941e+00
-7.811868067621587031e+00,-1.121076589539404811e+00
6.763551256103860432e+00,-1.649977015417930915e+01
-8.313541448685237256e+00,-5.728880271961353188e+00
1.365648614083180590e+01,-3.255724157768963067e+00
-1.272113234202315901e+01,3.469835579829064542e+00
6.488107200448754774e+00,3.583848542258485370e+00
-1.401846059315475301e+01,-9.032711286598742451e-01
-6.977088391469752793e+00,-1.192435790566012699e+01
-5.121171708767226605e+00,-1.191425482601603214e+01
1.818799664034925456e+01,-2.382526113430998738e+00
9.200208614939572982e+00,-8.831470143073778090e+00
7.685762841025567838e+00,-5.851044897038774728e+00
8.522432138432634474e+00,-1.480222007995980249e+00
2.988508131120514832e+00,-1.400470035677154357e+01
1.028565902148688238e+01,-1.452709596916332124e+01
5.778569569857289201e-01,4.938444034908586744e+00
-5.661946185036471846e+00,-6.116825482321021745e+00
1.176710847321703612e+00,-1.543693137833265183e+01
-1.194637877147443206e+01,-1.314281632209537953e+01
-7.683871284672056490e+00,-1.512716480773066863e+01
-1.783481502303619237e+01,6.499244505953612361e+00
9.347543730522630767e+00,9.457959024209300125e+00
6.431689656125596954e+00,1.027722274483787324e+01
1.586811359932852383e+01,7.800588057276879039e-02
4.961721213161962574e+00,-1.226444952647707920e+00
-2.467515307367277588e-01,-1.424890164822722838e+01
-9.343820304094755613e+00,-9.275917752320603782e+00
1.897082765274292981e+01,-6.162485464391517231e-01
3.487530495934325625e+00,-2.773097495804360602e+00
5.260763073081198726e+00,-1.747312559959999589e+01
-1.248490584129605807e+01,-1.146846876850580799e+01
-5.341966374926149008e+00,-8.011399113073389699e+00
-3.425755182451925673e+00,-3.686004806053904570e+00
1.642799579198859883e+00,2.035054284495088073e+00
-1.620280196554346119e+01,-3.730918266034511710e+00
-1.069295694102464722e+01,1.011958668357985758e+00
-6.796964730223860052e+00,-4.691221082385185426e+00
1.298356202044216445e+01,1.006301163516277875e+01
-1.644910359077999829e+01,5.409416278438452075e+00
-9.035395120794410317e+00,1.927158843895930285e-01
-5.965618009105646991e+00,-1.358805373188404531e+01
-4.750622570611445994e+00,5.185830355101456846e+00
-1.141395275582082647e+00,-4.244030333137348343e+00
5.603349638152686774e-02,1.749134727231732356e+01
3.834785165555362862e+00,1.878649931717122912e-01
7.000288169319500042e+00,1.654800552501086486e+00
4.032444902489888960e+00,1.842793012204993985e+01
2.440676893002894143e+00,1.651263524381250747e+01
1.029463371794771653e+01,-1.026164838381426669e+01
1.073278160358221989e+01,7.198150909417992516e+00
1.105469089365757718e+01,1.001408543665753825e+01
6.295795733367687275e-01,-4.312716060081154268e+00
1.178883525995060566e+01,-3.138414770975609613e+00
-1.947042031207696589e+00,9.357669165149987478e+00
1.105004310339461071e+01,-8.587909624316393931e+00
-1.730595807033847677e+01,-6.622204979675783143e+00
-1.914681405933042146e+00,-1.355975525453374431e+01
-8.732185647438526210e-01,-1.158249838238469742e+01
-7.976673521694169544e+00,-1.042616617497504272e+01
-3.544358405434983261e+00,-8.698803450507158530e+00
1.210305787003401612e+01,8.528139360602988717e+00
7.702452247338123392e+00,1.377028786856791065e+01
5.300633614396486948e+00,4.958482771506462328e+00
-5.926367780379216299e+00,-1.169659800438461295e+00
-8.432514200512152280e-01,-8.288457855093550819e+00
-2.891456187994914107e+00,5.058072815129579958e+00
-3.999446304966617571e+00,-6.771603901968029859e+00
