5.891719118737793970e+00,-9.194573874252411017e+00
-5.121636641541397417e+00,1.827656790516316576e+01
-1.374754050595297450e+01,1.310008530501749213e+01
-1.011156658213906034e+01,-5.556344282871306106e+00
4.133440837375689014e+00,-1.374538877940029025e+01
-1.055087888582244737e+01,-9.406337158447323432e+00
3.781818080718784447e+00,-1.863411273565734216e+00
2.383518984841090038e+00,1.131490909267155054e+01
1.207421206698307969e+01,1.119634243077798708e+01
-6.395210847574996471e+00,-1.104497619315537449e+01
2.000776054875095245e+00,1.723198755346752709e+00
-6.264439424338544171e+00,1.271647061906003451e+01
-8.462110604717521412e+00,-1.368324795439006181e+01
5.943471869352965342e+00,1.492608170158019121e+01
9.101368408399647336e+00,1.316819201407047224e+01
1.416166661776159863e+01,-7.507109278438824695e+00
-1.540808964896972810e+01,-4.069343597422777847e+00
6.676692483495754615e+00,-6.802931423772575315e+00
1.202857042377717889e+01,4.261246003075774169e+00
-1.445370229804650641e+01,-5.840874263040078063e+00
4.569330570775870015e+00,8.349605153374414002e+00
9.199260073952604699e+00,1.141013898036916885e+01
1.834343343309347318e+01,4.947426922372386571e+00
-6.977173124604779675e-02,-1.062192103808994759e+01
-1.891212189018247170e+00,1.528115498141958817e+01
1.286210010719681129e+01,-6.250838399711404314e+00
1.482246235561267689e+01,4.234801834744193805e+00
-4.284385101553939812e+00,6.568065426063363077e+00
-3.321888978803403170e+00,8.107461336289022213e+00
-1.577629940309343048e+01,6.930477008842337305e+00
5.569109513442978887e+00,-1.892945321318327601e+00
8.878264500482496047e+00,9.662692750308144340e+00
-7.672215581429932207e+00,-7.037030156990707219e+00
-2.743957774819717494e-03,1.606273523164113115e+01
7.423418512162333727e+00,1.375961901321422598e+00
-1.824356859258274000e+01,5.303778957334214894e+00
4.397210833628769855e+00,1.023165537803603264e+01
-1.777662251016545980e+01,-4.757088914517186573e-02
1.666194976294158536e+01,4.430562923671202746e+00
-7.295343499728577541e+00,7.108052691354870944e+00
-8.673301321837373123e+00,2.795371653691042457e+00
1.311144677424584515e+01,-1.271352781900488971e+01
5.764321166794470486e+00,-5.060271440823203015e+00
3.577716634596419087e+00,-1.545297835023392530e+01
9.258389509846313814e+00,5.648506593431890543e+00
1.394736947080505729e+01,9.710589796474052848e-01
3.186296910387331316e+00,6.131681017473897377e+00
-9.808372153798506687e+00,1.254198817678187972e+01
5.880837563254137645e-01,1.130122226885233871e+01
-5.831082998742950885e+00,-8.416515466051441408e+00
-1.759299788819791743e+01,7.015611685726748092e+00
-7.299446073231191434e+00,1.439687807235437766e+01
-8.327566662933186592e+00,-5.408712497834409660e+00
-1.154756250185866762e+01,3.552481041041855914e+00
1.209913572310453134e+01,7.233349909158876656e+00
-9.115437694979979355e+00,8.015072990736172187e+00
4.572016425355842073e-01,4.652212712672309181e+00
1.237552929118667677e+01,-7.979179231119578830e+00
1.104754393562757997e+01,5.752736255994463477e+00
-1.254892109205020567e+01,-6.255789763247623370e+00
6.360851312347356235e+00,2.904620874518456297e+00
9.919908966018263774e-01,-8.942398509740399959e+00
-9.433986703619265057e+00,-1.146935767488835545e+01
-8.994321533654836998e+00,1.494582694726443606e+01
6.587035951126149591e+00,-1.642484984137415083e+01
-1.237577773928203007e+00,-9.253696783917879642e+00
-1.454628858329715513e+01,9.266845977028777881e+00
-6.570089013584291315e+00,-4.845103155792081395e+00
3.792175109615165240e+00,1.387667677798146926e+00
-1.437299554572744320e+01,5.849250821533438227e+00
1.100359653515133118e+01,-1.100365332797634288e+01
7.550351947619370563e+00,-8.436959315909874135e+00
1.413709814730626180e+00,6.198291929633390041e+00
-2.283377560903002923e+00,6.620661472749789667e+00
-9.089443613923030796e+00,-8.126547621236770880e+00
1.275588895916757393e+00,1.318627455631677137e+01
2.136011460269930495e+00,-2.712398078072852492e+00
-1.645255153196819364e+01,4.918125069911411629e+00
8.273969070894874989e+00,-3.615783818687189566e+00
-1.535964483845988937e+00,1.492029211111154607e+00
-6.894151288494295038e+00,2.623501397610433994e+00
-1.229617708190730774e+01,-9.717000364350464992e+00
-1.072503369545773921e+01,5.716268336153429885e+00
1.096307351996110668e+01,-9.175006901514294100e+00
-5.134128348521091567e+00,1.966390600737794703e+00
1.887619087674201879e+01,-1.127046239079485312e+00
1.236968585283920774e+01,-3.958752351904110345e+00
2.515766407157672191e+00,9.527493757354585924e+00
1.042995995498009520e+01,-4.790065357485244313e+00
6.973184871793930206e+00,-1.395158587467643940e+01
-1.180476883368856278e+01,-2.185828688622704075e+00
-4.853348126262525319e+00,-1.347990783171172069e+01
1.541830945895544325e+01,5.985438598667582433e+00
-8.625217531292021178e+00,-9.843165878868296303e+00
8.112281869667635092e+00,-1.543922371751991029e+01
1.343417541064577492e+01,5.959038580125679552e+00
-6.182353479254735440e+00,-1.465481351630070606e+01
7.561848985423303304e+00,6.295655166000652336e+00
-4.701087562651392382e+00,-1.170242181321406072e+01
-5.599033336291659779e+00,7.798716268768697724e+00
-7.798147164430933032e-01,-5.070936985327302082e+00
4.938530022270244402e+00,6.523015550178370425e+00
-4.653893439192104964e+00,-1.575644324857110767e+01
-1.206825697504575245e+01,1.735573245223103189e+00
-8.054235702868290048e+00,1.268558969775555134e+01
-6.577685618890033226e+00,-1.282171983552454719e+01
-8.036427825422423510e+00,-3.588246963467810691e+00
-5.155609036485832242e+00,1.128417226272997809e+01
2.603356032248694163e+00,-9.831104119984923173e+00
4.105256271335167018e-01,-3.266853867279639001e+00
1.469608066217602982e+00,7.992669511797125814e+00
-3.647637425588900584e+00,-3.340229682997776006e+00
1.739779705111831731e+01,-1.132087129220270411e-01
-9.926572263878945535e+00,-1.595806469071449907e-01
-5.564675126725058263e+00,1.501294440134929431e+01
1.286503990905620221e+01,-1.755203390341256053e+00
8.173802486153865843e+00,3.111353264083856374e+00
-1.069346803475292695e+01,-7.244447817255792899e+00
-7.378478672214869860e+00,8.970542347027214092e+00
3.427442674123859945e+00,-1.798614911256921189e+01
6.470900867758561326e+00,-3.398506793457061192e+00
1.064281158322255294e+01,1.000534158354653869e+01
-6.454629563097713962e+00,7.862290858370076796e-01
7.450740521270748040e+00,-1.868697199001482234e+00
-3.308978914758389234e-01,8.067894934385771322e+00
4.587957682592658237e+00,3.018246895998435875e+00
7.104298543576655689e+00,9.290699759003324232e+00
6.958263292204417638e+00,4.623753484680349857e+00
-6.098410906126833453e+00,5.798693796500259623e+00
-5.713421371169314256e+00,9.575544603444491543e+00
1.025264932385222494e+01,7.388735481242261649e+00
1.457865156800309414e+01,-6.928992737390490264e-01
1.260025124490345760e+01,-9.974331849217453083e+00
-1.144471095545073425e+01,7.418364838793923610e+00
7.431175490176182841e+00,-1.024661594974934253e+01
-3.037697896085819860e+00,-1.232269916700231072e+01
-1.029427507044093915e+01,1.656861396670670894e+00
-1.443852055005982038e+01,-7.731089649700959576e+00
5.829331793704627174e+00,1.132849997123691921e+01
-2.950269899871864610e+00,1.125574154248818282e+01
4.079299067816306135e+00,1.208250118759374026e+01
6.055927205196525165e+00,1.311948483383261532e+01
9.236542858066522754e+00,-6.420144023155567758e+00
-3.674616020014593865e-01,1.428331093149904873e+01
-1.045942071439014320e+01,-1.299638260009842305e+01
1.832236587343751921e+01,1.672803813588812361e+00
-3.383926202488928503e+00,1.572122440068089100e+00
-3.363963160477352332e+00,1.779581848217865314e+01
-8.333990370562252892e+00,-1.558024255326062857e+01
-1.646777895472717468e+00,-3.195544243027466647e-01
-6.694894582946615547e-01,-1.659137811590636247e+01
-2.178376060854851914e-01,3.029845149617679478e+00
7.550081196660073601e+00,1.415945210169424229e+01
-9.887175527887149817e-01,-1.894956820532624420e+01
4.902899578042912765e+00,-7.141867584138537062e+00
-9.388563204687207175e+00,4.511170465273734997e+00
4.182081078085124304e+00,-8.779167339802947723e+00
1.794909702679549746e+00,3.511232066000889329e+00
9.190349561142996393e+00,1.375164320608784463e+00
-1.669340131780385406e+01,1.422558265349697093e+00
-2.510595592530471265e+00,-1.893990844881775493e+00
-1.004857260118173912e+01,-2.022384136106213592e+00
-4.179934479542035675e+00,1.621569755003309510e+01
1.264143197584456813e+00,-1.120363306384015489e+00
-4.730662666900524727e+00,-9.814538325258141072e+00
4.838825886286911349e+00,-1.687504891311968080e+01
-1.249577322209273333e+01,5.991817647006769221e+00
-1.330368681368083195e+01,8.015725347689123481e+00
-1.060117703342105244e+01,1.419424764724393029e+01
9.402298406134793396e+00,-8.366160516937791058e+00
-4.111251769492081820e+00,-6.579884861974472976e+00
-3.336595989765673842e+00,-1.455449273241752373e+01
5.633831523461309665e+00,1.302485505547577471e+00
-8.190504885030927440e+00,-1.766099775203598732e+00
-6.336547432892319698e+00,-2.861199242694217659e+00
9.008125316344903766e+00,-1.386966353285463782e+01
9.910960567339506255e+00,3.830488704130216693e+00
-8.203177357560022642e+00,1.099551382853645620e+00
2.800647506507829121e+00,-2.192229475962976792e-01
1.972817532781754757e+00,-1.470416335602663516e+01
1.868015354349420676e+00,1.580860703181035731e+01
-3.911775384745007855e+00,9.769705993766388374e+00
-1.573812553585836227e+01,-1.808351926938920051e-01
5.742448692874347671e+00,-1.100000211454813481e+01
7.520545093024927574e+00,1.202891183187487556e+01
5.532701950398303481e+00,1.676356795847043557e+01
-1.370185471300664837e+01,2.907467232133169599e+00
-2.499957740290971842e+00,-1.055747930921926958e+01
-7.532081920786063201e+00,4.427123361281250169e+00
-1.570424947558120676e+00,-1.452264250063792339e+01
-5.126999758259478401e-01,6.245331762904937634e+00
-2.921648198990486112e+00,-7.988742340117779506e+00
1.438243274228005752e+01,1.050100879855770586e+01
-3.499097560541234220e+00,-2.949310172042123868e-01
1.244920460599271639e+00,-7.099255166899665070e+00
3.961430988117613516e+00,-1.123236547257060636e+01
9.945007677719292616e+00,-9.104433463203576160e-01
-8.858205865595298434e+00,9.999414367740293130e+00
-1.706012791443226373e+00,1.709565074181166366e+01
2.224869082195358172e-01,-1.503585148596124732e+01
1.101565067645247709e+01,-1.282219405876906215e+01
1.079515265157954751e+01,1.252450525883039667e+01
4.584797395586655000e+00,-3.105723606066878029e-01
-1.520028571353840618e+01,-2.172349820169104273e+00
9.253652759782323045e+00,-1.031971872753385888e+01
5.206835470283852629e+00,4.768575227526968163e+00
-4.666792754708052882e-01,-1.634281013190705067e+00
-5.881597755313477727e+00,-6.625523581968819187e+00
2.848207676604333494e-01,1.306169259508913383e+00
-2.894256593612981820e+00,1.370638284640640592e+01
-1.078981575466341436e+00,1.074980240740037019e+01
3.103625502089622845e+00,1.718404394953132552e+01
6.346686612503239289e+00,7.594137251695260105e+00
5.413645221153139175e+00,-1.507143842277660895e+01
-2.915215365438176942e+00,-5.051637329294090151e+00
1.225920555212736751e+01,9.050994411227874181e+00
-7.074860059339552976e+00,1.070133747517662925e+01
-5.788102461340408844e+00,4.068492351985440791e+00
-1.808776652458569334e+00,9.095198873921564342e+00
-1.709057208179792653e+01,-2.246824618070768498e+00
3.997193231431910743e+00,-5.433478085618531850e+00
-1.339458977979491472e+01,-4.372038133177420072e+00
8.515403391704778002e+00,7.920450649974414503e+00
1.343089143392146134e+01,3.131962067025929830e+00
8.256579306875405422e+00,-2.162583018927747014e-01
-1.884001516547776811e+00,1.889927285648669653e+01
-1.377706913222988128e+01,-1.163624460048336395e+01
-3.213059931576898176e+00,5.057272873839547600e+00
1.395390295732177144e+01,-4.818693176011788815e+00
5.610918100503798911e+00,-1.274882445574831458e+01
9.821247992773971092e+00,-2.676831518294801704e+00
-1.484876943446759689e+01,1.438991813355752214e+00
-4.502276119379804875e+00,-1.761490161460682602e+00
-1.806343128540528253e+00,-6.544878686783809130e+00
-1.817257168936825096e+00,-3.595278179971311605e+00
1.130584821134987195e+01,2.447109294802924662e-01
-1.761911976533700042e+01,-5.882040794732672495e+00
1.658520353695267735e+00,-1.135651456494409040e+01
2.137028440132400231e+00,-5.480073106074826228e+00
6.498955236715869610e+00,-2.853542970995546768e-01
4.608746158768760814e+00,-3.503231739188329197e+00
3.086051553775711387e+00,-7.059392212061526450e+00
-1.459875339689883367e+00,4.643543895947153111e+00
1.109821097235279019e+01,-6.713890879059266403e+00
7.384248083378559535e+00,-1.202391008834011465e+01
1.456572087844634922e+01,-2.571758936822859276e+00
-2.353935035487700222e+00,3.135210280806779437e+00
-1.877467459268275718e+01,-2.785934828708738209e+00
-4.710059435605183253e+00,-4.920849136258263812e+00
3.366101820875286421e+00,4.316638118908557864e+00
-1.255479114787391826e+00,-1.204125244192177568e+01
7.781066777382819488e+00,-5.320621127004252493e+00
-4.082305213168636371e+00,3.472475397417067899e+00
-6.194588940372808494e+00,-9.888951900774712866e-01
-9.829447284358941772e+00,-3.801473443956501885e+00
-1.100797380673281189e+01,1.106869255915414740e+01
