1.291559313314848367e+01,-5.281334589663657653e+00
7.238213076295306747e-01,-7.691674447292575323e+00
-7.701742072648452009e+00,1.284818387195030809e+01
6.787750266135965660e-01,3.872555436387455696e+00
4.356264012532948371e+00,3.100199255552883226e+00
-1.790754094810927510e+00,-1.437331440774683244e+01
-1.830936443803850722e+01,-4.091627692715468001e+00
1.555038353278256835e+01,8.430129701138548981e+00
-6.447747569065496620e+00,-1.446603894968125914e+01
3.560371125134618175e+00,-1.467101150879472193e+01
-9.118033139809301746e-01,7.133663547491530643e+00
-1.455437769193200914e+01,5.305285180987811877e+00
-3.814802528677244009e+00,4.997729116881365563e+00
6.958338896369943072e+00,1.052428131583531368e+01
-3.139184672513757324e+00,1.706872284664415318e+01
-1.750788725188971551e+00,-3.922873294223682805e+00
5.264883239332426967e+00,7.345207326339420639e+00
4.261554339419763693e+00,-1.646604242680542285e+01
1.736362528954169315e+00,-1.414698964641990564e+01
-6.144546354977357794e+00,-1.666450206785470911e+01
4.721683235203129492e+00,-6.112234416212844579e+00
9.713893666722601239e+00,1.013780798941904493e+01
-3.326606336507855310e+00,-1.132804099061951009e+00
1.046248981675146439e+01,-6.895598798911898974e+00
1.571807950549152677e+00,-2.507310211155543644e+00
1.505334607729033713e+01,5.983812188513933705e+00
-2.192091205371292872e+00,-5.819537599528850969e+00
1.077355679749594586e+01,6.581477403861791586e+00
-9.473788599536842270e+00,7.502135644488706845e+00
-1.629083821927095244e+01,-6.630862878230841417e+00
-1.188253317664474018e+01,5.967887703541702393e+00
-1.628620988844992068e+00,1.341311179138292964e+01
-2.726470998135351653e+00,7.766043110529999183e+00
5.885160914349590655e+00,-2.994742693050831850e+00
-2.339041526237279456e+00,4.001049936140799623e+00
-1.672198664260493217e+01,-3.205209569368465683e+00
-6.706703904664689020e+00,5.280527221025746343e+00
-3.744108622450106894e-02,-1.407343821312819188e+01
-1.045612243121825813e+01,3.902211093037745826e+00
5.354601032955891959e+00,-1.820774071151910078e+01
6.527587951803234922e+00,1.705487620524011261e+00
-6.586880810689812016e+00,2.426678632503452004e-01
-1.418994512876415826e+01,1.199761432750570123e+00
9.341327957377906444e+00,1.343452331525930354e+01
3.742988911640796612e+00,1.560318946046746547e+01
1.288770142309504330e+01,1.158638734430271455e+01
1.405613993926239047e+01,5.254645836386393487e-01
-1.629701413654809272e+01,1.159687794480854794e+00
-9.957403433976185880e+00,9.951403972041017454e+00
-3.230260333383360383e+00,-1.212199142954679765e+01
-1.077616826319007792e+01,1.387606885406394497e+01
-3.681452010381563333e+00,-6.776113467894839815e+00
-5.237187099121735301e+00,-3.995082809735540419e+00
1.349188348868973097e+00,6.608404403128835369e+00
2.802767406689057772e+00,9.631693625269035053e+00
4.830759446516868394e+00,-1.538473312946256000e+00
1.089126538884027084e+01,3.010180015509481333e+00
-1.058898788425639204e+01,-1.375556936282610287e+01
1.377287257860843894e+01,8.146537200794677247e+00
-4.856606480318542474e+00,-1.536751876377502946e+01
4.842073956448739835e+00,9.322015032568197412e+00
2.152142773664032838e+00,4.873123565498526766e+00
2.524428714553782260e+00,-1.618383049271558605e+01
-2.490501850123628902e+00,1.425367239694773636e+00
8.064813783828332916e+00,-1.595344151293179102e+01
-1.225453476691864552e+01,1.019903145395243982e+01
9.805073641683351937e+00,-1.190255465188424999e+01
-1.520071641990492717e+00,-1.064749288151176820e+01
3.520282278867670644e+00,7.989930275862864306e+00
-1.014766724711553891e+01,-2.640432417310513813e+00
-9.335740415299264683e+00,-1.016865595222029350e+00
6.566702076648509134e+00,-1.688550476693705704e+01
-4.357665302481334102e+00,1.510600357143538908e+01
-6.825607203482955576e+00,-2.988644139257955690e+00
-9.200217194536440601e+00,7.682895310224910901e-01
8.213442418591222705e+00,-5.976157606121588195e+00
1.085750160972363787e+01,1.193730198430477341e+00
-6.308353257076166010e+00,7.055516177935578170e+00
7.516906141052795753e+00,-8.003053753661690806e+00
5.968718010474201918e+00,-4.775183443784678516e+00
-1.827686994609765847e+01,3.903272915425629375e+00
-1.579051161854627239e+00,-1.670959379762422614e+01
-1.319395782447651477e+01,-2.760796205834564532e+00
4.351334041081667436e+00,1.317568330081101635e+00
1.646726608348521692e+00,1.103311926833733381e+01
7.877146075321707741e+00,-1.140877832878067011e+01
-1.001209677025932798e+01,5.754580024028490115e+00
-2.594163436712269455e+00,1.013263951588927725e+01
1.256569564931788108e+01,6.765934867419225895e+00
-1.494862754968491281e+01,9.351574860643903975e+00
-6.331604615594811136e+00,1.164692632920454152e+01
7.185330768253119338e+00,-1.444119892933625593e+01
-6.477691190987925340e-01,1.174251127794411875e+00
1.462466695138227202e+01,1.211281560359957687e+01
-1.574767362739367016e+00,1.162466984517191548e+01
-1.022592224999608135e+01,-1.114331208822390096e+01
-1.669550707176188098e+01,9.069732279221312865e+00
1.352843270342363624e+00,-7.115427149439618182e-01
-4.920151089543550960e+00,-3.194375430068766009e-01
-1.237541427895908264e+01,1.358554547166757720e+00
-5.855916472109152338e+00,2.267800075667783855e+00
1.388806108517279192e+01,9.948132226448842985e+00
9.992928057075063819e+00,-1.614567686465471397e+01
1.861276771956945630e+00,1.381136919731406998e+01
-1.524542329654826389e+01,2.649922391627852925e+00
5.603813858989020957e+00,-1.528272201492192117e+01
-7.268785059057990772e+00,1.664169870106552906e+01
-4.279494421430463547e+00,1.405630339605402179e+00
-8.225526708609610438e+00,6.244325037371571518e+00
2.984090757187934706e+00,-5.882450596605964144e+00
-1.182871677138662481e+00,1.625459658880182445e+01
8.376805436430864171e-01,-9.735993030301578699e+00
6.497594941160628856e+00,-6.495972027323753117e+00
5.692743239588002879e+00,1.222491191779411374e-01
1.152975814359133189e+01,-1.380863357031597793e+01
8.685356679482774567e+00,7.838981731047606871e+00
-9.069627213440275781e+00,-1.255015984324965572e+01
-3.095725530195729824e+00,-1.575751948864803786e+01
-1.427858509222135908e+01,-6.262559382369696781e-01
-3.780691850659899655e-01,8.853920536081011150e+00
1.045468436940258528e+01,4.787642378322318315e+00
7.464401072543498383e-01,-1.568906532406597343e+01
-5.157124186934734844e+00,-1.058467937923588131e+01
-1.441426408200673581e+00,-1.264855148659830064e+01
-7.818023862251817668e+00,8.160954082445250890e+00
2.567728571748820521e+00,3.015385587076983676e+00
1.429481485225411674e+01,-4.119497559150836707e+00
6.135153684001534380e+00,5.536920291881516576e+00
-7.623530431836719856e+00,1.737338053628619150e+00
-1.206368511884022077e+01,3.170973209967122397e+00
-1.075852623383159035e+01,1.564983119075068352e+01
-9.349910888695013966e+00,-1.652383672397669301e+01
-4.153260482044044410e-01,-5.211961776166104343e+00
-1.493429803622178653e+01,-3.440911223421647680e+00
1.430452206705848894e+01,-2.307366932161592388e+00
-3.586974391452764088e+00,-4.667243717873666320e+00
-1.028894109977989224e+01,-6.245108509018278298e+00
-4.270833463652139450e+00,-1.711820614098910909e+01
5.359537464525238271e+00,-1.012071514785054127e+01
1.403257225424233035e+00,8.420643769874649465e+00
7.509798324045866558e+00,2.444714282069536393e-01
1.250145663364560100e+01,1.428149959080193732e+01
1.246471666216191920e+01,3.871922160161760829e+00
-1.189334628259977222e+01,-7.416068459298893245e+00
-1.346392013050196645e+01,-4.623822719677772142e+00
1.274055485581662772e+01,-1.388133516680107871e+00
-1.323049797725772692e+01,8.586477944585935163e+00
-1.534655414707385646e+01,1.119579270653535374e+01
-3.865562185259930672e+00,3.131845961879908380e+00
3.788524446540784130e+00,-7.662664192858732015e+00
3.036795443765178071e+00,-1.290031182772903229e+01
1.721389998062296556e+01,-6.610943748992032631e+00
-1.733822837934704708e+00,-3.287674091052059100e-01
-7.173001033270849369e+00,3.489506552017805685e+00
1.213293921438716261e+01,-3.116448213216892249e+00
-1.170355148146969526e+01,-3.771485329288402522e+00
-8.232437025649531392e+00,1.463571934990961410e+01
-8.877549589655703288e-01,2.960277316703284090e+00
1.143731259987670335e+01,1.052888759634556948e+01
-1.308972395188707338e+01,-1.098968231763800496e+01
1.193466920126813990e+00,-5.968145381094551283e+00
-6.819661754898588946e+00,-9.949509710594757195e+00
8.427375459142908198e+00,-1.307519057608918089e+01
-7.544236820393134479e+00,-1.340050227428319030e+00
1.083446771591223978e+01,1.489725746894493952e+01
3.316904297799046386e+00,6.211673675872510181e+00
1.154831714956076727e+00,1.946293147587855543e+00
9.177985393657145607e+00,3.553010226863549281e+00
3.451207195397516081e+00,-2.651800724447118007e+00
1.489441918513899488e+01,2.292847161328327221e+00
-3.584554602842720872e+00,1.162910508176136659e+01
-9.845975053697116897e-01,-7.186684778045189681e+00
-3.743776341778053407e+00,-8.580738989807970896e+00
1.437460459743840779e+01,-8.053389598104663705e+00
1.850512491003582838e+00,-1.128237721923721004e+01
-5.777824383327696545e+00,8.767815802120159319e+00
5.618979006703329837e+00,1.177680894354859653e+01
-8.868366956596634765e+00,-7.387251165742947379e+00
6.058977960999295753e+00,3.638370654445226560e+00
1.829857171329270571e+01,-4.714045506597596358e+00
-1.040817257354839320e+01,-9.318259574846740279e+00
-6.530461199330301447e+00,-5.440089915744414029e+00
-1.172619637144493687e+01,-1.231662494859284607e+01
-1.285023583812622761e+01,1.194024385056398074e+01
-5.441296495394029265e+00,-6.842329575390873053e+00
-7.724611460335491842e+00,-1.574436804293110370e+01
-5.374635316387078809e+00,-1.289831000185605347e+01
-7.125974566815751032e+00,-1.224853686378328277e+01
3.156881523833619863e+00,-8.605249389498461632e-01
-9.076439689798494470e+00,2.755770797164937669e+00
9.257426736927181210e+00,-8.368440070867738001e+00
-3.723532482456473502e+00,-2.883961840419685618e+00
2.805167990229131103e+00,1.781974477832910608e+01
1.303280017821217918e+01,2.090788181118301559e+00
9.775691687447691791e+00,-4.951308708418866722e+00
-8.541643540601503659e+00,-3.372996102036114774e+00
-7.050830750788443346e+00,-7.674052571477481877e+00
-5.155879242041067734e+00,1.298722993908812740e+01
-8.470742659753831560e+00,-1.084298190206710366e+01
7.645436136399012206e+00,-4.134215559398238149e+00
-5.321702143614190028e+00,-2.039432424505295049e+00
-7.079366570536264724e+00,9.960319297117985471e+00
8.584393089669489996e+00,1.813012489154238294e+00
9.906521358283731260e+00,-1.006304445266510506e+01
4.064453159092316525e+00,-4.331349921676204140e+00
-1.637497311319871329e+01,5.783989736208793531e+00
4.466947683685342341e+00,-1.165764041836068188e+01
-3.399076040235869678e-02,5.503511750758396381e+00
-4.558094273032941679e+00,7.324157137329818212e+00
2.595474281044345410e+00,8.654421207363853785e-01
4.501732759232820236e+00,4.893542032756980298e+00
-8.311521395900273390e+00,-5.236945350102383934e+00
2.938714673594170268e+00,1.236488781687691585e+01
9.671275445391152914e+00,-1.436739499520679075e+01
3.348505839932730765e+00,-1.026562610887295968e+01
-1.189340680035966713e+01,-1.526021490016741033e+00
-1.376023242272339786e+01,3.676135996200484257e+00
-1.003765876312841243e+01,-4.470698281176650468e+00
6.834679440021130148e+00,-1.378173045667568930e+00
-8.871024770190475195e+00,-1.429992119798294148e+01
-5.509787158627344361e+00,-8.707855989188892920e+00
-5.383547439074436447e+00,4.028985359198410166e+00
5.325835905146418872e-03,1.407533084952165225e+01
-1.431429733782373681e+01,-6.503321781081184305e+00
-1.189394764692869799e+01,-5.524020772954854941e+00
1.728580053758362922e+01,7.886054368872163600e+00
7.652096903711828269e+00,1.249785520407501771e+01
7.069673178598878671e+00,-9.719361718805597405e+00
2.082237049354428660e+00,-4.283061653656263346e+00
1.463135393398629702e+01,-6.191568590469950450e+00
9.045562912311210013e+00,5.999017659411088665e+00
-1.227097651358484498e+01,-9.431154453081163069e+00
-3.996990981473653726e+00,9.045745017459578818e+00
5.517939675781924791e+00,-8.305267802021667478e+00
-3.389073807833260954e+00,1.348981303455696157e+01
-8.195121447742096388e-01,-9.032338158757108104e+00
-1.820493784194380238e+00,-2.113185486169359528e+00
9.143705298350134569e+00,-3.186265118590592582e+00
7.777375063086116924e+00,4.729675390150402059e+00
7.018085326938924062e+00,7.115962107249614199e+00
9.390291580379638958e+00,2.004663911600469972e-01
8.613512270047912978e+00,-1.458633082570720552e+00
-8.735799261582664954e+00,4.528897892145259618e+00
-4.974991523001444982e+00,1.052763981690638495e+01
-1.033862029234641627e-01,1.062576702970227949e+01
1.209369930880055399e+01,8.786760624350412385e+00
2.332386778312024678e+00,-8.705135511594537689e+00
-1.090374717828926165e+01,-1.550240339327070416e+01
1.106209231437405727e+01,-6.283312150552931019e-01
7.156410242033406810e+00,1.422981157435437360e+01
4.031120210132316473e+00,1.097731876655989147e+01
-2.261043434492965520e+00,5.911118839675875591e+00
-6.851421161520371284e-02,-1.810702935286897963e+00
-1.064202907184467861e+01,1.792704285591647517e+00
-3.280764843627912875e+00,-1.028475358081725766e+01
-1.605889542902559342e+01,-7.127124827969180121e-01
