-7.393054280830804181e+00,-1.395919616547861608e+01
1.584424313408917762e+01,9.388892822594065990e+00
7.511328275422409995e+00,3.709481366036905925e+00
-1.241028275508591250e+01,6.314997815786968616e+00
-2.054386105677325602e+00,3.897644230247941266e+00
1.369808547048923231e+01,2.086958346921500507e+00
-5.327285903885401463e-01,-1.602825868881419424e+01
-6.427630783158676309e+00,-3.509863505144131146e+00
-6.276175557078172318e+00,9.960704405719855714e+00
-1.159816655278778974e+01,1.025996777556160211e+01
-2.206771312107668859e+00,-9.863606646011122692e+00
-2.723562659795189855e+00,-3.151873810229048001e+00
-6.216820798311719187e+00,-1.243337949620151583e+01
6.389199901290710137e+00,-9.084933589128009856e+00
-2.089997546131997730e+00,1.365215610168632843e+01
-3.048516028324808502e+00,7.245874434688382770e+00
-1.333313077505901134e+01,-1.677606996485003110e+00
-7.072786935280494625e+00,-8.651338129931881227e+00
-1.701354624812457805e+00,-6.097222303564008961e+00
1.636158195447705310e+01,5.926185973965129250e+00
6.712617192044227465e+00,-1.088906735707761086e+01
-5.204436193016625190e+00,1.826663648623871339e+01
1.738994902533138598e+00,4.491642006131501219e+00
9.690919657285414601e+00,9.243179527922848138e+00
3.575725326570390328e-01,-1.784044814201957863e+01
5.400036735751603700e+00,1.306201696092088138e+00
-1.466903680967474699e+01,5.963121591818049794e+00
-1.534071742481210476e+00,1.194966465463401839e+01
-2.072479903270782131e+00,-1.316444533657150373e+01
7.525412251352380899e+00,-6.886319692477367305e+00
6.722128965257679667e+00,-4.963546621525353864e+00
3.054730906071387420e+00,1.339968827563860643e+01
5.616480805440564161e+00,3.434244596168987140e+00
-4.703951218644804477e+00,-1.147117291727577637e+01
-7.129118025995831331e+00,1.161810309245726636e+01
-2.275585198723592217e+00,-1.657314537996075998e+01
-2.945330364666672640e+00,1.716319270044079914e+01
7.055862457888275152e+00,1.959873212665582676e+00
-1.616434025806876562e+01,-9.188879095921661744e+00
-7.119335813977810901e+00,-5.356822130089744505e+00
-4.072053266357706924e+00,-9.649081312892336726e+00
-7.859671676124123429e+00,-7.052597780919367843e+00
4.055257003488278222e+00,-6.757402497766555882e+00
5.898145348213630346e-01,1.563230223678340280e+01
9.520035956294771395e+00,4.247008515015626706e+00
5.585925390422132431e+00,1.131712455513986093e+01
1.266273197820171426e+01,-1.349315655999625996e+01
2.278590559269426219e+00,-4.964430930889785820e+00
-6.360658119344471118e+00,5.922582270485089451e-01
8.884307129081424392e+00,-1.071406742547455515e+01
1.686498976430123165e+01,1.428786127209094925e+00
9.161850455139770588e+00,6.949484176741529851e+00
8.040635055647742391e+00,8.522282821947426257e+00
-3.194650578387974171e+00,-1.437778590047608995e+00
-1.393270611460441977e+01,1.283099294952139502e+01
-1.072249076511250365e+01,5.646970674441200266e+00
-9.205490445598186966e+00,1.580218536637034887e+01
4.591486206792087188e+00,-3.036352577241301365e-01
8.160192321092059053e-01,-8.092871075537786396e+00
-1.052650182327284334e+01,-5.481977257342317777e+00
1.053791670410590164e+01,-3.006153329149598985e+00
-4.104810551844976452e+00,-1.317623201214745166e+01
7.106968691462389742e+00,1.221692193495545631e+01
1.677329817676543655e+01,3.972454905406210379e+00
2.663477931666288878e+00,-7.934558032868221922e+00
1.059786966146576193e+00,-1.523522627421771958e+01
5.759985230827028069e+00,-7.318417469700596811e+00
1.869987892354735948e+01,9.770209314405312595e-01
-1.252415840922227686e+00,5.393191877549239344e-01
-4.043942326438111579e+00,5.568103983302947313e+00
-1.152281692544528058e+00,2.317485918219017282e+00
-2.730608496432958887e+00,-1.484543347642054023e+01
-3.047351078522156698e+00,3.508377177661085033e-01
1.130826833669115139e+01,-2.542219011025167452e-01
-8.877226524611128156e+00,5.601146354943296046e+00
3.497080574177436674e+00,4.146985128200321391e+00
8.130920027534061845e+00,5.378350154379632819e+00
-8.149191787241226947e+00,1.083203688406381593e+00
1.046334723258201471e+01,1.373147616996947562e+01
-2.866665567711097040e+00,1.071481241517399674e+01
9.700447912980363352e-01,6.180537627671803591e+00
-1.713492055236886102e+01,2.580570003614770513e-01
-1.058115928303167053e+01,-9.180176565104309461e+00
2.862361995569877138e+00,-1.383615597621066584e+01
1.328260949370051414e+01,-4.318836176860177289e+00
7.248240343580288902e-01,9.628232513978542073e+00
-1.342492785600065019e+00,-4.336904556812440248e+00
-1.564125294433518576e+01,-1.113101275455528949e+00
-9.715503362537367238e+00,3.992615536581417324e+00
2.313251738618895104e+00,-2.762369724178963981e+00
-1.789905241697256955e+01,-6.372571161502969872e+00
3.054447386718968538e+00,-9.701433049718440671e+00
8.782387725431807013e+00,2.389475212159938078e+00
-1.395138112308771161e+00,1.882489612868718254e+01
1.501558077899925792e+01,-9.925221051233016567e+00
-8.044029613711945359e+00,8.880414247451046350e+00
-8.997926933075273137e-01,-7.730002973438351965e+00
4.480752223005624590e-01,7.877731308902399476e+00
-3.780467254534800037e-01,-2.776036861989850113e+00
1.827207738332259135e+00,-1.683550604993453703e+01
-5.715936727574454146e+00,1.513598192901984696e+01
-4.735123080896797454e+00,1.090605451546434956e+01
5.141486525358705428e+00,1.307361850310968521e+01
-7.561393549733294250e+00,-1.600383626236705226e+01
6.103303679061735210e+00,5.258425707286562556e+00
4.745420046391171986e+00,1.586570317566020449e+01
1.593514766804006477e+01,-1.289524212193135178e+00
1.450086766467716437e+01,-2.357247443174994128e+00
1.393684039574731592e+01,1.046163272651165776e+01
1.390606494475300359e+01,-6.479530058096198974e-01
1.094238240059669920e+01,5.297882897559692772e+00
1.978640417542983476e+00,1.184646920223258171e+01
3.593277023304316753e+00,-1.143180820504868045e+01
5.890930671529290841e+00,-1.253370354912720153e+01
-1.628512445062125025e+01,-5.569249700347076448e+00
-1.212009324486734307e+01,8.072119665772792274e+00
-4.862445394657378017e+00,7.263522166214367637e+00
6.627268309139122238e+00,-1.734097923328882018e+01
-1.405093556361638463e+01,6.987935767548756998e-03
1.055508503485713945e+01,2.830340122532368330e+00
-1.233155636026932811e+01,-6.001306937877455283e+00
8.086860126314649122e+00,-1.547297574835303102e+01
4.634454684928487112e+00,-1.380957436887597289e+01
-4.621800894153847317e+00,1.656372863357898595e+01
5.693320466145155301e-01,-4.315636438048548129e+00
-1.093118163451079994e+01,-1.315651881800330614e+01
-7.221164204338021086e+00,2.659268592163782419e+00
-7.855938751465769698e-01,-1.118768236816577577e+01
-1.157514206251837940e+01,4.105658744973434970e+00
-9.618059974346978791e+00,-3.136376729881646064e+00
-9.785064370588946403e+00,3.959165502006662951e-01
-1.344652758380861002e+01,-4.599447909336579876e+00
-3.456341332992373339e+00,-6.519782486683147305e+00
3.968715171059903568e+00,-1.551338484635745552e+01
-1.406700087667377730e+01,-6.380204139014079345e+00
1.543754945214170782e+01,7.462079195807863385e+00
-1.715086732240851930e+01,-2.308683355185329411e+00
-7.133168621172102597e+00,5.440126783024440194e+00
7.933540465329290470e+00,-1.225515626857329998e+01
1.279175760652394978e+01,-6.051852972306291711e+00
1.535222485743927479e+01,-4.067066695863935877e+00
2.174069860196901960e+00,1.657682671831959809e+01
-1.385298497078503610e+00,-1.272505873275081134e+00
1.410344218065264221e-01,1.128548364685360639e+01
-7.924937512453150923e+00,-2.516594942492822895e+00
-1.258826333114666873e+01,-9.929857834062916666e+00
-4.588115809509183407e+00,-7.926110365026801219e+00
1.541200781953959087e+01,2.646921014901769453e+00
4.699638652941609429e+00,-1.823563450634067706e+01
1.540070868431156814e+00,6.363401237582916314e-02
-6.222276066506716496e+00,-1.680740668690292816e+00
-1.164023203905380122e+01,-7.666588612222294152e+00
7.119346824733440826e+00,6.921541866067437709e+00
3.874544082882374951e+00,8.159536780470149964e+00
-5.351896644438054906e+00,-5.056858768919716418e+00
3.766888499298626236e+00,1.172312001092680411e+01
-8.907635313525748444e+00,-4.802350278757955948e+00
1.135034843775278413e+00,-1.345884433659342427e+01
3.733305339041961712e+00,-3.887033766747844954e+00
1.131450594635654205e+01,7.088049008052729860e+00
2.250886787703631209e-01,-6.129177272666950671e+00
5.995452070800891597e+00,-1.464664789489731334e+00
4.963196518996521256e+00,-5.240696093914649190e+00
2.110995411533648891e+00,8.451189505272417080e+00
9.845003037123934320e+00,-9.177645225156052078e+00
-5.527642658698506573e+00,4.600915792548012639e+00
-7.716411151563947080e+00,-7.228821348144605086e-01
-2.736654314911981967e+00,-8.147330020665828343e+00
5.571673226349186381e-01,1.585317970639419149e+00
-1.572611558605777660e+01,-3.814655337002926139e+00
-1.328618056729077601e+01,4.659818407773832050e+00
4.470482201322518279e+00,-8.528882082713060697e+00
-9.559970176217834847e+00,2.159957810772291431e+00
3.017421080041843950e+00,1.011609822679705672e+01
2.650729748339344827e+00,6.743415706484981342e+00
7.235828462617207357e+00,-2.807873541189670696e+00
-6.749107453555835967e-01,-1.424390983203463890e+01
8.125003178829464545e+00,-8.634529506457496950e+00
3.987413156791811630e+00,2.385750833768707668e+00
1.267137106109168343e+01,5.777772093624663263e+00
5.338126033257657888e+00,7.134517444770794192e+00
-2.935492698261418010e+00,2.166180531920648189e+00
8.865327815138385859e+00,-3.547038872666493869e+00
-1.105894848692430710e+00,1.706521488235194894e+01
-5.909014568147981983e+00,-6.773796188170759791e+00
-1.231688639481370373e+01,2.491977709796741269e+00
1.719236284971501050e+01,8.059377455436974813e+00
-9.373842313869177545e+00,-1.370672597767802259e+00
4.974422426636009753e+00,-1.034333854181831214e+01
-8.406134765297801792e+00,-1.197609084238133015e+01
1.810476331468576205e+01,2.710981839437245799e+00
-1.895260222588658650e+01,-1.166259707239095000e+00
9.909780947541809937e+00,9.592791866428765912e-01
5.581017651116991551e+00,-3.543329332286799804e+00
-4.742921619485432672e+00,-5.974901668580571146e-01
1.703266776129504168e+00,-1.166227534011618516e+01
1.197878052502339941e+01,-1.959118873551805251e+00
-1.136510642763130630e+00,1.005598649038200953e+01
-5.967647907368529125e+00,-1.518334427914862061e+01
1.227310752308246045e+00,-9.941146737019035839e+00
-1.789946958659586684e+01,-4.245029879028551889e+00
-8.885707780001308009e+00,-8.522679795369661804e+00
-3.802519527328693361e+00,3.765159691856202695e+00
-5.410789609882612261e+00,2.822439138225114164e+00
1.121737378135167340e+01,1.019194931032112805e+01
1.503678138791010177e+01,4.422783921211140168e+00
-6.300627177633379539e+00,-1.738097256719013828e+01
3.097769409934243434e-01,3.433568066246960093e+00
4.169364947593664716e+00,5.794781385795745088e+00
-1.167452245741852357e+00,1.524969408106099955e+01
1.098157490484299537e+01,-5.862520328046695539e+00
-4.584827075943179731e-01,5.043264650291385820e+00
-1.003169391210476391e+01,1.129314373809994976e+01
-9.226372098806825406e+00,-1.371166491177406321e+01
2.256934051460906421e+00,1.860581586709846746e+01
7.106140125691269738e+00,-1.386838137615498567e+01
-7.488994840744878978e+00,1.514233741669805511e+01
-7.595958642603855004e+00,-1.038494956550623805e+01
-9.636363112795852004e+00,7.285945964889877224e+00
-6.408999342261961552e+00,8.194943987859181433e+00
-4.508315262774261534e+00,9.032306288249365878e+00
-4.906905504136953589e+00,1.351694041220551235e+01
1.525156052351169755e+01,5.317119014458097093e-01
-4.269171468770348810e+00,-1.583800094011289161e+01
-2.506063957954792976e+00,8.955292610561057742e+00
-2.928017872218222628e+00,-1.153031967953668868e+01
9.521447308358013117e-01,-1.592594962979125173e+00
2.099804563184581863e+00,2.682394580139884965e+00
6.273028966292909736e+00,8.696310225037489516e+00
2.905665756682516587e+00,-1.045700158730973994e+00
1.222025378550189423e+01,8.692130028715196133e+00
-1.460431619309112472e+00,-1.819633302612459147e+01
-1.159285306867602827e+01,8.675929422101812394e-01
-1.277430788301400000e+00,7.162687886431673867e+00
-2.199362813585633347e+00,5.649883973914704427e+00
-3.560571106836494248e+00,-4.712301534801862424e+00
-4.674136433322664708e+00,1.205693141517634404e+00
-1.554524482406848485e+01,1.033623937102203572e+00
1.398454041888563992e+01,8.611989135549615426e+00
1.289752791139027011e+01,3.996553178057475453e+00
4.791352681999009100e+00,9.684843938195298207e+00
3.160118114327667094e+00,7.474567003014213062e-01
-3.493704279707112725e+00,1.238388952425313860e+01
8.218973729138495443e+00,3.761160473089861234e-01
1.672025966722461021e+01,-2.948228964344822955e+00
8.454284924717594407e+00,-1.433642390666840294e+00
-7.861898045013393066e+00,7.058355682734401171e+00
4.351073675732303414e+00,-2.201618320685307495e+00
-4.735998759469791652e-01,-9.452550495429230537e+00
-9.778008298548742872e+00,9.534653477172188474e+00
-1.335076634189407230e+01,-8.279431975070673744e+00
8.495068022244440797e+00,-5.275055733759645094e+00
-4.583526723171321926e+00,-2.933235708953890963e+00
1.164015395515313678e+01,-8.722496815637523326e+00
-5.824968004898845031e+00,-1.006543235264194536e+01
-3.265319268104436734e+00,1.511144576393560435e+01
