-5.406968323340328730e+00,-1.357984860128583904e+01
7.173003060652730412e+00,1.758509540950083760e+01
1.461038570609993670e+01,-5.599412667170948765e-01
1.023739993212078581e+01,-4.944771905152355096e+00
-3.147095882339904449e+00,1.187514351708480964e+00
-3.246684732936872209e+00,-1.184525861185407791e+01
3.017725404815103651e-01,-1.098140528749751077e+01
9.928202961251402670e+00,1.160461449225332764e+01
-3.259219816546915283e+00,1.172073073175380387e+01
4.338166763033319384e+00,-1.471564487430912394e+01
5.855848515091112816e+00,-1.765212700031197102e+01
-5.036398643105121309e+00,1.341696685122906851e+00
2.389144052234458471e+00,1.583991520754143068e+01
-3.763171762781075902e+00,9.553134415035160032e+00
3.271371886582628896e+00,-3.621170254420926771e+00
-8.429009580544457592e+00,1.072089885830793854e+01
3.988478849357322886e+00,8.066606359278651439e+00
-1.559938718930792589e+01,-6.797146606778092348e+00
2.728053048634621280e+00,1.452310296751183838e+00
1.043675044718630396e+01,-8.794519234615119530e+00
-1.585765357073472259e+01,-5.040090441952635558e+00
-8.824935698190895295e+00,-1.087372730281862099e+00
1.975963759239593331e+00,-1.378574894969223585e+01
-7.027941715552923796e+00,-6.185852840576693268e+00
7.750270313768884201e+00,-3.792506692474227226e+00
-3.524457711950833794e+00,4.615973242052108461e+00
-4.290057367050990500e+00,-3.950187969539667332e+00
-7.074918940037108861e+00,-7.978325791072224504e+00
8.046532551113484644e+00,-1.478723585460411094e+01
-1.073669625902653468e+00,7.177940180456334751e+00
6.018835435554600544e+00,-1.243456389656332917e+01
-1.200384486999304912e+01,-4.973265712174111286e+00
1.055238375069910006e+01,-1.139508100708670746e+01
1.496060525522467266e+00,-4.095818113061705290e+00
2.166931939143132091e+00,-7.895895984898018582e+00
8.263059393357869098e+00,8.010257871961902865e+00
-1.328112708603240266e+00,1.975594384118861235e+00
2.240405251226433414e+00,7.838058804130138668e+00
1.242070658154242224e+01,8.965076114462693369e+00
7.040591613498579093e+00,-1.633824531389749524e+01
-1.280258034110458887e+01,-6.652998496741435730e+00
-4.312790166833899264e+00,-1.512811169594963800e+01
9.743835940153357245e-02,8.733953659936382508e+00
1.282851472649813918e+00,-6.382572551216004086e+00
-9.382678000236712279e+00,-2.882829465701053806e+00
-2.376457816091578579e+00,1.448546575757905686e+01
3.920169230938534533e+00,-1.105877477183701174e+01
-1.049095065775575542e+01,-6.261915797982642751e+00
1.540749428646218533e+01,6.335334859239330818e+00
-1.020941858671521274e+01,2.741852245937418608e+00
-1.344875764536735741e+00,8.002207103323853710e-02
-1.723711367083016910e+01,-5.863478955159032724e-01
-4.585168753698085631e+00,3.102559650321064399e+00
3.746985651729062630e-03,1.554530792697357278e+01
-1.439575510050635820e+01,-2.197096824315070585e+00
1.110115171417956859e+01,-1.509356779684916550e+00
2.946299700477579719e+00,-6.222910607542390116e-01
2.801783738121932377e+00,6.129448845709936755e+00
-2.301762870802332550e+00,8.493120155045456698e+00
4.157168370644384048e+00,-1.971490138709940165e+00
-2.939754388750377423e+00,-5.145825686239665409e+00
1.445900108426033981e+01,7.905875611686409954e+00
-1.595885353979992871e+01,1.031029848848674879e+00
9.083732309559440665e+00,-1.001940694269135612e+01
-1.248510823028949801e+01,1.189556812687247600e+01
1.101599387596916735e+01,-6.541269286239957736e+00
-1.823256274309771996e+01,-5.329270266565576009e+00
-1.794754187023716474e+00,-1.821752222901364959e+01
4.058221718755121721e+00,9.900230398273954791e+00
-1.293134320324709563e+01,-1.207229957355143846e+01
-7.353190715124920729e+00,-4.272405921967738607e+00
1.267277575735103134e+01,-3.206974647160742986e+00
-2.992721645593693580e+00,-5.793114196271319516e-01
-1.114661107508769256e+01,7.501255374117240748e+00
1.375897056157985432e+01,5.593125829695790863e+00
6.218997012236199495e+00,-1.041522964441431043e+01
1.326260258787176838e+01,-4.923788249285604657e+00
-1.160343691535962662e+01,3.832843606337951847e+00
-6.408819837335221870e+00,3.174954700277254016e+00
1.776830950719968882e+01,-6.502375651290392966e+00
-8.361757273249775579e+00,2.368259082380876013e+00
-6.928896379216264556e+00,5.766564636789999199e+00
8.090736725878839408e+00,1.131097158898017341e+01
5.569345088458571347e+00,8.898988862840157665e+00
9.262394524396468043e+00,-7.081879847500988312e+00
7.725835311476304312e+00,-8.825357635388661137e+00
1.186411741976512557e+00,-6.330938675287076656e-01
7.425150538308319170e+00,-6.931485323883849858e+00
2.237058599241501078e+00,9.650992941790411450e+00
-1.478936111933276720e+01,2.387064354589082615e+00
1.647883916731370801e+00,4.710562845412768596e+00
1.249803343441248948e+01,4.185618187038036453e+00
-1.788030067480290697e+01,4.251630878944901326e+00
-3.532644051771597349e-01,1.043586692642233160e+01
1.124877331971222461e+01,6.308699523148063371e+00
1.932330489177924993e-01,-2.094612669600549815e+00
1.091557382336148230e+01,-3.300704678276764614e+00
-1.367139927147874445e+01,1.318901027679817695e+01
5.589010929585457532e+00,-6.430959026859691008e+00
1.132863960349767218e+01,2.816954543717274384e-01
6.240132676474874351e+00,7.335710409222776507e-01
-6.610067318252864865e+00,-2.116060169923404399e-01
4.664843450309593464e+00,1.943180560871516027e+00
8.479580039688222826e+00,-5.445097883178664055e+00
-1.042998134183214454e+01,-9.309138044740084439e+00
-5.265336646932776254e+00,6.613587625539144810e+00
2.232018494304917500e+00,1.764499162819194567e+01
6.304092063409995284e+00,-4.792583992210080801e+00
-9.072114145888758863e-01,-3.500127235021726513e+00
7.462519683409643001e+00,1.301432893060954932e+01
1.545597273508683855e+01,2.069164664923186514e+00
5.421090247300660359e+00,-3.272151645299466338e+00
-5.561014579057525609e+00,1.012323672626310156e+01
-5.779408676537623357e+00,8.295548373337631176e+00
-3.429736998686557570e+00,1.605387769327319702e+01
-1.104892957083733762e+01,1.300679720432055753e+01
-1.326553950142185556e+01,-3.657987512333461311e+00
-2.109816931276900842e+00,1.032146974093724801e+01
1.182492511513329525e+01,-9.986869066973019571e+00
1.117158351083192613e+01,2.750238961143581129e+00
4.364046086136856850e+00,-1.654982478218471798e+01
1.003898135445442819e+01,9.766217897268226977e+00
-1.025445635643182563e+01,-4.430499699501479149e+00
-9.291507212046200337e+00,1.230118298512647002e+01
1.554546821907674392e+01,4.510052587244618216e+00
-3.884226303210395415e+00,1.348276675570292049e+01
-1.412125202763402587e+00,1.202627978996609848e+01
-7.454656236456274065e+00,7.442933433439686830e+00
1.365987714727049829e+00,1.297694687788910883e+01
-1.101628029449645041e+01,5.652233973152166691e+00
-2.603437177427515792e+00,-1.595127393962364337e+01
-1.133529272464368276e+01,-1.511831334249168357e+01
1.713349258327404456e+01,1.441942983763574437e+00
-7.626806433860248369e+00,1.299517839905174199e+01
-1.403342607008447018e+01,-5.241938905679159433e+00
-6.998407253467563427e-01,1.387582631030434577e+01
1.070469876470658122e+01,4.477244103604357761e+00
1.912855073287649033e+00,-1.889209231146965351e+01
-1.142625150095762798e+01,-7.807141149419521753e+00
9.302530924663283685e+00,-2.337146065882906854e+00
6.198519893638677836e+00,-1.464314930241332213e+01
-8.216343437803741878e+00,5.997166091882621952e-01
4.701520886059523008e+00,4.469183341773203644e+00
-7.864461361148840091e+00,4.214070744945661140e+00
1.315548243739581125e+01,-6.724126623532392877e+00
-1.328333173664261579e+01,1.022159738031384002e+01
1.217939311119776935e+00,-9.418184318418774126e+00
1.279810226769417625e+01,7.160430628977687562e+00
1.321911234690658743e+00,1.122667555421734065e+01
-1.577100333404352028e+01,7.125033847382933772e+00
-2.839552641662326682e+00,-1.399397354919969594e+01
-2.810129409710959258e+00,2.952291659254567158e+00
-4.113228230123264773e+00,-8.458402184036945215e+00
-3.909075040240463483e+00,7.738688790965819742e+00
-1.165975671461119667e+01,1.543554772369910566e+00
-2.601032340472606563e+00,6.144814739731719655e+00
-1.274419310262055305e+01,-1.382420798086202884e+00
1.333479899597747576e+01,-1.097117859666447082e+01
4.218208114904498984e+00,-1.289649476696564356e+01
8.731607621147324139e+00,4.802079585454860577e+00
-1.295000271938029357e+00,-9.852712829601902200e+00
-3.541495288127422203e+00,-1.759642643158907305e+01
-5.959310676106713167e+00,-9.360254496066408691e+00
2.946976712172696633e+00,1.201481737264432681e+01
-2.714966205622264983e+00,-3.184028229166598667e+00
1.950834638974134005e+00,-1.676830681368194220e+01
-1.298403400769533711e+01,2.710719118210154654e+00
1.809868960850171127e-01,-7.895643175160732774e+00
-1.555034042783930648e+00,-1.721911014691702269e+00
1.477822718657479939e+01,-9.810189751512201184e+00
9.827140521682716567e+00,1.344984774350672430e+00
-1.439795550157740411e+00,-1.160608356877808411e+01
8.210241823491676527e+00,1.607335651112926556e+01
4.153761211748019377e+00,-7.592298082838747852e+00
6.392996061224839544e+00,1.560373640298320908e+01
1.079444251746089556e+01,8.127390885263841014e+00
8.775427600768061609e+00,-1.682455214243449149e+01
-7.914480572143772763e-01,-1.661850337482730566e+01
-1.589061713171310153e+01,-3.179465405973231906e+00
9.467950771852148506e+00,6.447728175499872982e+00
3.064243208540853747e+00,-6.210975402891236286e+00
5.665921375461048903e+00,1.074128125318464733e+01
4.792763019162331162e+00,1.639269578794873894e+01
3.336297943119191367e-01,-1.806579858517902437e+01
1.956275320603999779e+00,-2.266170171655564225e+00
6.771855536335189552e-01,6.771170475089504315e+00
-5.873441415162928614e+00,-1.846062818679470530e+00
9.213317522558124750e+00,2.987238917077974065e+00
9.372757421384385168e+00,-1.358321503033711863e+01
-9.560806754513337391e-02,5.137367967252719936e+00
-1.268076590653600277e+01,8.447925101071719567e+00
-6.793764741725869527e+00,1.141081794306127151e+01
4.630866047520389550e+00,6.363641157542440752e+00
-9.668044317176059721e+00,4.449510026995700862e+00
3.864801063364162736e+00,1.480270135399172915e+01
-7.380339143231337218e+00,9.272105652221501515e+00
-1.622275263106385168e+01,3.519589702587892166e+00
-4.933003735677291779e+00,-6.595493928892781632e+00
-7.639502179209691768e+00,-2.423528502521678618e+00
-5.716892494913061284e+00,-4.980382193205352692e+00
1.694646427098960828e+01,3.272139930725878276e+00
3.407436289626476267e+00,3.199283417828957088e+00
1.706519274177495049e+01,5.537641194152022273e+00
4.556071462805268979e+00,1.904331812376948430e-01
-1.118340016501924872e+01,-3.468682230450591542e-01
6.154150698342533587e+00,7.237379877909062564e+00
1.103157299499529920e+01,-1.453085613236013707e+01
5.894610821241059284e+00,-1.363299126366419367e+00
-4.739478018377574209e+00,-1.075909704571026460e+01
4.389770276230128054e+00,-5.047286034472204364e+00
5.969506996344623673e+00,3.185132899008749963e+00
1.287202371510520393e+01,-1.395340225230621289e+00
-1.149633489623655791e+01,-3.070176259745970970e+00
-9.969546174819740258e+00,9.330625364249403031e-01
1.279143091896845519e+01,-1.404365990758561011e+01
-1.002364277855634889e+01,9.845612972974070232e+00
1.339071419298905852e+01,1.058757863207860694e+01
-1.173597379937156848e+00,-1.341091003743955490e+01
7.428914968089865845e+00,2.089079024327332057e+00
-2.391570159401237849e-01,-1.491472951875432074e+01
4.618177204712751838e+00,-9.351751180995224288e+00
1.165967235078690223e+01,1.115038675050673334e+01
-5.879837151068210588e+00,1.364955294012090548e+01
-1.377191057917725914e+01,-1.028113084367981145e+01
1.432835377359606355e+01,-2.394914426083447179e+00
9.603955248923014665e+00,-4.935724199023778236e-01
-1.660427399975564100e+01,8.742844915660505478e+00
-5.113409302168624215e+00,1.199775671439214797e+01
-4.825259491935417699e+00,-4.231522648372805784e-01
-5.333180536523631332e+00,4.691471365573175234e+00
-8.974500123026302845e+00,-7.304467963865261204e+00
1.664514751262442971e+00,2.951586639831961012e+00
1.417051525416015068e+01,3.315855859569691866e+00
-2.482763297904689095e-02,-5.167850352853266216e+00
-3.087605146787408383e+00,-9.989286032243757774e+00
-3.155567594547290522e+00,-6.952710172364952257e+00
1.494035245004030266e+01,-4.113141457502153209e+00
1.891202876816663547e+01,1.826244198358357940e+00
-8.768460468886662085e+00,-5.480228932420291521e+00
7.676620032560931506e+00,6.228043084908479798e+00
-1.514023414070916618e-01,3.372836347816377423e+00
7.554129528889049539e+00,-1.964386574181990586e+00
7.797070195433806639e+00,-1.567479353198041880e-01
5.964492330252581631e+00,-8.206199581961861611e+00
-1.115156526302567563e+01,-1.134090449927300703e+01
-8.396287867118333637e+00,1.459547868468644261e+01
-1.550491941811730667e+00,-6.246763190709977209e+00
-1.626813953750969821e+00,-8.108292843618810863e+00
7.269094081715941513e+00,9.464847485935354854e+00
-4.076876643909678855e+00,-2.067717308796884090e+00
-8.700033538952061107e+00,5.986409723803110872e+00
5.911091094610418928e+00,1.383678795062649769e+01
6.486749477420959309e+00,4.897536913308900175e+00
-1.631744518709091807e+01,5.426440164655697451e+00
-1.755759258911219645e+00,4.435768743346976350e+00
5.167601259661125379e-01,1.510673443895315549e+00
