-5.071480980040043995e-01,-6.062361670835533900e+00
9.431485387755735417e+00,1.004074402210578576e+01
-5.473730439545096971e+00,1.000909366576223469e+01
-1.087629626272978101e+00,9.462902794380612548e+00
-1.894061770959754654e+01,1.500999926342391211e+00
7.328532987973443547e+00,-3.408900470097024016e+00
4.905830570295158566e+00,7.444893354193768076e+00
1.171260054969643782e+01,-1.058032484517868355e+01
1.488189924108615969e+01,-2.317592272185665880e+00
1.078878710645479089e+01,-1.361696724151229354e+01
-6.237746334084464550e+00,-1.752167448695725227e+01
-1.588178395702535894e+01,-2.523929105469993939e+00
-8.259135225795757762e+00,4.463018678485580537e+00
9.379912373057859298e+00,1.882236362670782537e+00
-1.042581133719714792e+01,1.387912849982730989e+01
-1.087975646529568685e+00,-8.314551576119670884e+00
7.736556957641296250e+00,-9.675116990822486551e-01
-6.493080362889707136e-01,1.116290076544761689e+01
8.648217396870423457e+00,-1.307860705859337891e+01
2.118901776078058408e+00,-1.779277849160624925e+01
1.018042257928908079e+01,-3.513215688075541188e+00
-6.566413967541678609e+00,-1.552801581622907889e+01
-4.411061690562165793e+00,-6.299471687480314941e+00
6.258493218733365282e+00,-1.953807899028352280e+00
1.137614050111534070e+01,3.893914150502900018e+00
1.118201444885829154e+01,1.226516994445341169e+01
-1.366329144336209467e+01,9.198988935123178834e+00
3.255484968550838687e+00,-5.646976816025317092e+00
-1.646261393040184728e+01,-6.649427547818959061e-01
7.996751455133103370e+00,-6.516469896757497438e+00
-6.816966741089093951e+00,3.304473937267547345e+00
-7.801397567459722460e+00,1.185171509098585751e+01
-6.603332338020055481e+00,8.554794616238742933e+00
7.548630271011959714e+00,1.016153412333471229e+00
3.379823442948500123e+00,8.393998945845938309e+00
-1.384370601140884283e+01,-1.047483347580821622e+01
-1.163289702397964653e+01,2.471010676784160864e+00
5.599997474153854959e+00,-8.516658252571314591e+00
1.367333228304774773e+00,1.071750310436288434e+00
8.778945579078284212e+00,-1.120228809140416715e+01
-4.407332015320303498e+00,1.150759106801760012e+01
-9.219820859889775733e+00,-6.228971850756666484e+00
-1.307153517447006763e+01,-4.864789366683537786e+00
2.657700667107862902e+00,1.689699822126038242e+01
2.794336503940057170e+00,6.599249443427621209e+00
6.398876570725507307e+00,1.637597852491643025e+01
1.338596640839291219e+01,6.959236440929551293e+00
-1.534156723946835577e+01,-5.999032143898203273e+00
-3.033409537284006863e+00,-5.737090371798864163e-01
-3.136325066285445828e+00,-2.772758043935783512e+00
1.241732848416085311e+01,-8.923984003221974604e+00
1.536203193892947960e-01,-1.129965612259953822e+01
-3.315617668368198157e+00,-1.783411735154983901e+01
-7.087046181170382209e-01,7.677917573232270421e+00
-2.705767108681256250e+00,1.191678954599595386e+01
6.462823997438317036e+00,2.422858603883469630e+00
8.570067330939764361e+00,7.519181071427200713e+00
-1.214764766573215660e+01,8.292101849490814303e+00
-1.496864412238500108e+01,5.486722663400289690e+00
-1.342669708017208308e+00,6.709437964383620223e-02
-1.310946478475010002e+00,1.305820799250544617e+01
9.718729201203980539e-01,6.864805047606298949e+00
9.344591824356896836e+00,-1.469137106983305507e+01
-5.340836555758031956e+00,3.924593021847106455e-01
-1.365881850420227750e-01,5.290455604390199795e+00
1.367903307184183959e+01,-1.125567039359252064e+01
-1.600184477647114178e+01,-9.477066106862064743e+00
3.037808182093513665e+00,1.958400314868226966e+00
8.386580180983853605e-01,1.009257339219776206e+01
1.638398863680035689e+01,-1.068078661544357849e-01
-1.077917507004929654e+01,-5.268045098847249363e+00
1.378238351043539822e+01,-1.307210289156588878e+01
2.675660721916859885e-01,-4.423352812475268792e+00
-5.402631390502969921e+00,-7.935938582743697012e+00
-3.090399312379493946e+00,-1.576565026364010436e+01
1.019674895110946089e+01,-1.295277845850481890e+00
-1.340307699839628830e+00,3.505417965168358130e+00
-1.162741902832102880e+01,4.397081016276953136e+00
1.355338157396433907e+01,-1.106929990648126472e+00
-4.659154075294868136e+00,-1.298623985155748173e+00
-1.806699741498014689e+01,-4.707223622019573561e+00
6.148818573657434783e+00,-1.563706770617229935e+01
-5.706242106296847361e+00,-4.720203270399808027e+00
1.216418592905064422e+01,-3.713802408913953634e+00
-1.470752763264199814e+01,-1.095979402868130670e+00
1.474665362800716473e+01,-6.144926153397240576e+00
-1.174418472972232408e+01,1.007908759603264848e+01
3.539246403401131946e+00,2.492482092247020886e-01
8.014629505028922907e+00,1.242327363563233789e+01
-1.698226414253799277e+01,2.748375132446416291e+00
-1.018044274211279188e+01,8.455510691158970360e+00
1.414005170109169107e+01,-9.549554685891383343e+00
2.663217219067777197e+00,1.003448190906502191e+01
7.936361231217529344e+00,1.724322855506757435e+01
1.894983871197320013e+01,-1.019111970916636717e-01
-4.576037476530116166e+00,-1.463414985618894271e+01
-3.720866379521715395e+00,1.985440309200801945e+00
-1.319850145332737590e+00,1.485379734542121000e+01
-7.752046212641024781e+00,-5.222678709582589285e+00
5.554306133290507930e+00,-3.614820792214477496e+00
-2.184558770576987552e+00,1.700461141474220739e+01
8.060923595079430015e+00,1.517072931513721379e+01
9.138915211067352828e+00,1.360534755948947239e-01
-1.136308679339870409e+01,5.116236020600614109e-01
7.347858300015507105e+00,-8.183781401148458201e+00
1.216209900650815356e+01,-1.233521769796431045e+01
1.188796656124286777e+01,-1.934716293406479659e+00
-9.970346363945273183e+00,-2.529227507929566965e+00
-1.307541573743174190e+01,1.451254188487954400e+00
8.898238434897066895e+00,-4.740158881414570757e+00
-9.906741461155556649e+00,1.575703062381301756e+00
7.428617746861394089e+00,-1.004953786943292471e+01
-4.454328779925107895e+00,5.210081135282549347e+00
6.026560109747101102e+00,4.142655355507139703e+00
6.846322062669514708e+00,-5.151360797808388625e+00
4.194646844652075934e+00,1.318558243960097087e+01
-1.518221811153865675e+00,-1.491348821230488042e+01
-4.889872085130559931e+00,-3.038881890689562937e+00
-1.198118336897384850e+01,-7.310192043029763553e+00
-7.618482302007531182e+00,1.009577432330814517e+01
7.667869779883318415e+00,1.069232987625632347e+01
-2.414135947745341682e+00,8.134233572624955499e+00
-1.007084859109024855e+01,3.385797620491090232e+00
2.649402276973360948e+00,-1.218683824898011991e+01
5.047802131521621050e+00,5.605427082310787235e+00
1.699129106492625052e+00,5.183464233873090521e+00
1.470780754715824834e+01,2.844756811546302888e+00
4.586306775019916238e+00,9.741754158079238834e+00
-5.473976763060609763e+00,2.172147437132166292e+00
2.745216608053554719e+00,3.751112307729744799e+00
-8.360821264026354172e+00,-1.531897178615095223e+00
-6.727789200575053918e+00,6.755562025404649340e+00
5.259125224078219363e-01,-7.547605512478920531e+00
-6.982584876961930753e+00,-4.255157560009397710e-01
3.074230560399864753e+00,-2.084956266761023969e+00
-2.491776038222953460e+00,-9.383894044095054454e+00
-2.097964834942403822e+00,-5.088760213696284396e+00
4.031947139443144756e+00,-1.723417772327398723e+01
1.252233702251407621e+01,-6.121706231889000982e+00
-2.778383900144492102e+00,1.009578468327406497e+01
-1.072126723905491019e+01,6.754759050709960633e+00
4.810063106153685375e+00,1.836831523028552482e+01
1.949015767637054974e+00,-8.625615012542963811e+00
-7.720932644475452022e+00,-1.252364400797185340e+01
-1.020713852832748003e+01,-1.027652972537656950e+01
-8.441951373127988489e+00,2.628519319761803086e+00
1.826634932760299757e+00,-1.048099753460302175e+01
-1.865780657942948650e+01,3.406144858748216819e+00
-1.286689254080863209e+00,-3.496554672281141585e+00
9.833329358799044684e+00,-6.433350221788997736e+00
1.043358404103684833e+01,-1.184382060185619423e+01
1.829275202253364441e+01,1.882080426783681704e+00
-6.352482600790216871e+00,-2.072296001004521049e+00
-1.008057469889215696e+01,-7.294126100868644214e-01
4.589436818633354065e+00,-1.199853374707377851e+00
-3.402750435633426385e+00,3.738519537124725733e+00
-1.181080511269266253e+01,-1.274970019613380146e+01
-1.957639092180127660e+00,5.293708858583999977e+00
3.230159371337313345e+00,-1.449412657517771663e+01
-4.536025309645117964e+00,-9.621382523020528765e+00
5.068379293797078411e+00,-5.429046345654412242e+00
-1.366146442107386605e+01,-6.575359136514416392e+00
-1.560725824314749133e+01,8.467358873946682962e+00
-7.915225286970635210e+00,-7.456911458662258241e+00
7.085933280419899560e+00,-1.403971357717546375e+01
-1.913110320067233694e+00,1.788081337887109212e+00
6.648398427086753548e-01,3.679715035605591211e+00
6.709889727367932544e+00,7.646309699489192369e+00
1.171795778579620695e+01,7.708718857096771515e+00
1.288679428930968918e+01,9.108362461995460180e+00
-9.941431291006551874e+00,1.019904416714225626e+01
3.823871722457993005e+00,-8.784929232751267136e+00
1.366413741004353533e+01,-7.632091402024593130e+00
1.663986515822456269e+01,-1.919129630491873018e+00
4.956384568462337548e+00,1.283663291262154171e+00
-4.921146385741745455e+00,7.142371905273253496e+00
5.266919497788463689e-01,1.411055709767639676e+01
1.586858168916741540e+01,-7.630090696793864424e+00
6.892773661710172028e+00,5.825494228276587805e+00
1.852087318773545732e+01,4.036725170590978351e+00
-5.326658462121116600e+00,-1.303429835953851246e+01
-4.536868787334017661e+00,-1.140484939080212889e+01
-4.776556910766997177e+00,-1.642976468846460492e+01
1.280698820808707694e+01,1.322510314719332847e+01
-2.776570053997717835e+00,-1.116837379711459199e+01
2.636461793104361018e-01,-1.740986582855173026e+01
-1.013026553307728506e+01,-7.755001282568366072e+00
6.063396774676078849e+00,-1.016748849567644525e-01
4.462915606502845023e+00,3.188677867347883499e+00
-1.161694923879985275e+01,-1.888190872388358921e+00
-7.100819861843997494e+00,1.398435459710650974e+00
-2.193925924234665814e+00,-6.898221367197443499e+00
-6.384516116635148286e+00,-6.369035731898935460e+00
-9.285150771328209984e+00,-4.172576046975923880e+00
1.288405229827171716e+01,1.361849574084269543e+00
-8.160607224961236028e+00,-9.201527747023138915e+00
3.638345833880163305e+00,-1.065896797880698799e+01
8.801494333000198012e+00,-2.388205620335937418e+00
-4.114281516578616404e+00,8.700295328665422545e+00
1.098471287104333172e+01,3.535116380398694025e-01
-1.608589670127949844e+01,-7.637367622482518215e+00
-1.346799640322773151e+01,4.513340042701371679e+00
1.123459040272006071e+01,-7.509965993940530993e+00
1.531586989327207071e+01,-4.127742691824345833e+00
-8.707313464945429238e-02,2.070477348492806069e+00
1.360056927704358376e+00,-5.994827709336595589e+00
1.056430127049110190e+01,-9.246954554803190618e+00
-6.350612659235554958e+00,-9.518494193363155276e+00
-9.877931099640020918e+00,5.164688705845138728e+00
6.980754386014831780e+00,-1.218504501847294641e+01
1.622800287488803894e+00,8.509681635631823227e+00
-6.329612640954606739e+00,-1.132932976321620266e+01
1.173618897708822573e+01,1.051188197760067666e+01
1.634971573548211765e+01,-9.391452911633230372e+00
9.164762570333152780e+00,-8.081681240051988624e+00
3.305084238553244180e-01,-9.413658505216393024e+00
1.442546179345911739e+01,1.225986576466017475e+01
5.434617291590286392e+00,-1.030147029088868571e+01
7.846329368798987680e+00,4.171434229581822528e+00
-1.488865886365870583e+00,-1.684828789194728316e+01
3.536488719139177506e-01,-1.400340616735362431e+01
-8.608724014735797070e+00,3.744546215936943589e-01
-6.552016950740306989e+00,1.407249901125454095e+01
-9.439641831029778274e+00,-1.293608262574875845e+01
-7.611236533536338555e+00,-3.391295395170681459e+00
-3.832698540387069031e+00,-4.607583735762160515e+00
1.947680135563338633e+00,1.513834766625027939e+01
1.361026185126993404e+01,-4.716717909674266629e+00
3.800146833668613944e+00,-3.730486143019646761e+00
1.615855711774091219e+01,1.729685700014586658e+00
-1.612840548144638175e+00,-1.695369359506899487e+00
1.917898107889780324e+00,-6.545260964702152018e-01
-8.433587827102529744e+00,6.259349246658797661e+00
1.105247508280841195e+01,-5.129981582367018511e+00
-9.575499326809318035e+00,1.198079274058152244e+01
-3.613206193438886604e+00,-7.971698061626651288e+00
-3.229558871052165880e+00,6.502421576601046915e+00
1.113156546097830280e+01,2.138641017343009487e+00
6.351290978438467683e+00,9.491020916335408231e+00
1.258995846547030339e+00,1.183447444503761936e+01
9.375362068424937689e+00,5.524459473316301050e+00
9.610391067703465851e+00,3.676253205732610052e+00
-6.222855973034124411e+00,5.035373214653870555e+00
-8.346348153980724049e+00,8.077170639554644538e+00
1.431468586553608924e-01,-1.332913650916732529e+00
4.355831983759433257e+00,-7.093074275795467898e+00
6.201641551594454960e+00,-6.842190693820606739e+00
-1.244558722611393087e+01,6.038542281808161327e+00
1.221461888184600575e+01,5.521971417352775191e+00
2.262885604896800018e+00,1.339673208435712581e+01
-2.952631919916790526e+00,1.376345870761560342e+01
2.056142236176900617e+00,-4.320645340137459378e+00
1.329002320730805042e+00,-2.693819117834896026e+00
-1.166862852613317614e+01,-3.654851626473472059e+00
5.038946847912772142e+00,1.158202450549696216e+01
-1.403768080308837263e+01,-8.342162380319839698e+00
