-4.305307681524676577e-01,4.715952431152019564e+00
-2.788857140369755072e+00,8.586533999977499221e+00
3.912201092623748266e+00,-1.062865945815871349e+01
3.763198440984898974e-01,-9.334963201911140374e+00
1.844342146103248936e+01,-4.489168192903986387e+00
-5.746948967267488051e+00,4.376850484050901713e+00
-6.360607980150009944e+00,-6.457123920563810238e+00
-1.238764412397184422e+01,-1.312518928164421084e+01
-1.423844666318074559e+01,5.100188510200456271e+00
-8.197643392679083263e+00,1.407702115341331073e+01
1.190860827585180193e+00,8.567188102831067908e+00
1.554010243088786147e+01,-8.883318551633674343e-01
5.606264772039029509e+00,-5.808892596479960702e+00
-9.019037555346004709e+00,4.777444619057091835e-01
7.982648157944634448e+00,-1.544043648059077611e+01
1.449531981276627413e+00,6.814306520413227375e+00
-5.964384801350892218e+00,2.604905311690222547e+00
-9.786585804846575920e-01,-1.052081863910023607e+01
-6.083490815732139900e+00,1.371666027934581855e+01
9.390191783030048533e-01,1.788371535436892046e+01
-8.868109620235712143e+00,4.836251577411981195e+00
3.375225588224172402e+00,-8.697434795019180598e+00
4.105710795359394538e+00,4.601892624258907105e+00
-4.312708946104619301e+00,3.231302126394636876e+00
-1.154702046032986473e+01,-1.623525206928845499e+00
-1.311136578888132576e+01,-1.027463294259711368e+01
1.162043624633555794e+01,-1.109031332112983392e+01
-9.398337592747892100e-02,-1.352355046775908676e+00
1.639335994856572043e+01,-2.955253088226852842e+00
-6.187812200299457110e+00,7.747736687346711726e+00
1.392380393898880087e+01,-2.783900820513101948e+00
5.746407581470231563e+00,-1.287422180215886058e+01
5.181868455535004969e+00,-9.089613797191891109e+00
-7.039190428740894845e+00,1.182915547232203490e+00
-4.679331265995653411e+00,-7.067654097557495518e+00
1.525179008063460273e+01,7.980991768091118210e+00
9.787132337252069547e+00,-3.405125399111323947e+00
-4.313933430284769166e+00,1.368656710745923633e+01
1.279204636349601465e+01,-1.364675225235479017e+00
-6.128446228571002408e+00,1.127573104599760612e+01
-7.971089293902472228e+00,-3.248172368643093222e+00
8.992771171876050573e+00,3.958975260006997399e+00
1.360407772890717482e+01,2.682543439147337061e+00
-5.144098850840258308e+00,-1.584879180929124765e+01
1.078004427532896603e+00,-1.607013214476260288e+01
-9.017610108872680996e+00,-1.507218161985277760e+01
-1.395878212091322723e+01,-4.306779814677651252e+00
1.610345353874442154e+01,3.392237064226891086e+00
1.363157085038978922e+00,-2.822671298528602879e-01
-7.513733682109439149e-01,1.416446306939904254e+01
-9.789672337256559942e+00,1.092114804183463583e+01
1.217361994158464022e-01,9.996613866423176731e+00
3.802606680077844192e+00,2.287646859714619563e+00
4.643087866737104219e-02,-7.072756826612478953e+00
5.932001399379210893e-01,-1.142652547623368875e+01
-5.506436945274829853e+00,7.820561614619367385e-02
-1.074646587405288400e+01,-6.413804474920344667e+00
6.144485455385196637e+00,1.673278293520650806e+01
1.388976726183711996e+01,-7.907727742060012943e+00
1.209036739091041840e-01,1.623082853500465106e+01
-1.635244629810275407e+00,-1.224800423758429702e+01
-1.535803674015771447e+00,-6.248443654558659688e+00
-6.953965432934317903e+00,1.538236665288907368e+01
4.404078251314121673e+00,-8.951240161045312949e-01
6.345497234018680766e-02,-4.688088049370588983e+00
-1.101835404785071582e+01,1.340726806635231760e+01
1.085634243721071179e+01,-1.544739298116841297e+01
-1.373636868853133297e+00,-1.674934510111893149e-02
-2.503106735168616481e+00,-9.635134746335525691e+00
-1.537263603317185279e+01,2.763533975240478835e+00
1.079940982093993185e+01,4.123474984706030355e+00
-1.151847499697628763e+01,1.509835698742604571e+01
7.765048358206163570e-01,3.315845259995820804e+00
6.576561173904424962e+00,6.603647312219133703e+00
5.741801193673285120e+00,1.497036603625316431e+01
-9.882955165613982018e+00,3.409447655883645290e+00
-1.108530950387480374e+01,-4.263830828409478357e+00
9.892220330163159048e+00,-5.452223969665140224e+00
-1.118925480508186787e+01,4.621067602920578388e+00
-7.415124909670482545e+00,3.718478804270905158e+00
1.860839206548020641e+01,1.667479347296440872e+00
-3.486754940627984301e+00,1.641829267089506317e+01
5.358265558060198330e+00,3.228794111090411700e+00
-4.966038941040782362e+00,-3.149130784864214050e+00
2.391409688885667073e+00,-1.167315263887518206e+01
-1.226572220209846265e+01,8.166729285691074480e+00
9.736408915218563109e+00,-1.138398326625186030e+01
-2.491909783982812598e+00,1.354328466783849994e+00
-9.793223545840012534e+00,-1.039677770795326239e+01
1.669729132235094582e+01,-4.851274913212489714e+00
9.079247206191190855e+00,-9.643740725986768680e+00
-1.145970311554717114e+01,1.166154594972989322e+01
-4.092339336349595236e+00,-8.810205190960219923e+00
-1.069587734704199811e+01,-1.569140223665100109e+01
-1.864265709366375390e+01,3.292200885148075074e+00
7.000547280127197070e+00,1.350764557091689788e+01
1.878037167840614785e+01,-2.765675069083209259e+00
-4.837481383653587486e+00,-1.051337379952542683e+01
7.136699743337003632e+00,3.447596843778575337e+00
-3.949233147732780669e+00,4.974321321398814888e+00
-7.291672992537991949e-01,-1.705897233233164201e+01
-1.042717093825657138e+01,-1.360355092130653532e+01
-8.489776419443307631e+00,2.229944531360521065e+00
2.383965180726382638e+00,9.909109300336302439e+00
1.545154528068919930e+01,1.690745629483724866e+00
-9.347934411298036039e+00,1.265351158747730942e+01
1.238949014165113205e+01,-1.374688332523392731e+01
9.350920214640883188e+00,6.618665122256288669e-01
1.140498761329077482e+01,-4.306173679067710758e+00
-7.266040548608594385e+00,5.850965023053554148e+00
5.937721425163976718e+00,-1.512785718213877040e+01
-3.600443996859395757e+00,1.019302025459981031e+01
3.979287075958910957e+00,-4.850003471288997225e+00
-6.480391127133493079e+00,-1.993618059877223958e+00
-5.371638328667992290e+00,6.124411866703304064e+00
-6.295018777551645961e+00,-1.228416392441801186e+01
3.987205521426437915e+00,1.446869298639794188e+01
-1.762084126819619678e+00,1.588400863309066757e+01
1.285920665978979116e+01,5.135098461882605214e+00
6.284382540425727193e+00,-1.055865108493009430e+01
-1.001227937310325977e+01,-8.145950514323081038e+00
-2.140568242992528791e+00,6.922271854035794370e+00
8.386250893627085645e+00,-4.463540564630238627e+00
-1.104064153483581556e+01,9.529271792620269466e+00
-5.938104656441564266e+00,-4.664365810912324939e+00
-1.677218112597589350e+00,-4.455553787545750488e+00
-1.504266111233353342e+01,-3.010408220429613424e-01
-5.921596255281127874e+00,-8.552041170165695760e+00
2.676952955464113604e+00,-1.519160122135434055e+00
-2.314610669789426201e+00,-2.086642246350792096e+00
8.138179261598034842e+00,-7.025565085937270915e-01
4.211232573929702738e+00,-6.999981948637334028e+00
-2.905596270669596470e-01,6.586104205490030061e+00
1.341556373216513975e+01,7.997698753069569122e+00
-7.505811497139223576e+00,-5.050157355485951349e-01
2.871091478043564127e+00,7.912773455850506288e+00
2.578619030454965877e+00,3.639972562915775978e+00
-1.116663368760108632e+00,1.768732259501650717e+01
-1.046639977598271720e+01,7.826370025482170867e+00
2.072671510323212285e+00,-9.871470468574134571e+00
-3.152439450583465863e+00,-3.364385187020682566e-01
-7.772767912512621002e+00,-1.730466669862706652e+01
1.201481496976033458e+00,-2.557869305725208875e+00
9.159270337753984137e+00,1.062071226401321766e+01
1.162914819981577885e+01,8.331629412547947311e+00
6.769261031946508744e+00,-3.705042550933775214e+00
1.500886456935106494e+01,-4.300574680401989092e+00
1.789897087429985945e+01,-6.298216183796216505e+00
6.469369346003074561e+00,-1.063589761745111495e-01
-7.930087921314074251e+00,7.960093677067170859e+00
-7.400673598969645717e+00,1.247752386105213773e+01
-1.834706636122850298e+01,1.192156379613954931e+00
4.916508791808601231e+00,8.485341362992704362e-01
9.769779041073761050e+00,-1.455702345505106354e+00
-2.502947017935474250e+00,3.385080608799615920e+00
3.255319083763618337e+00,-3.241872938662208714e+00
1.053679102060459627e+01,-1.358904429096255839e+01
1.782433104837626736e+00,-4.289357593699778093e+00
-7.267672573182549556e+00,-1.449236995494226221e+01
9.244586656224598187e+00,1.445981007936865126e+01
-3.885319583563750179e+00,7.138810358663667088e+00
1.450453279536137075e+01,4.232055784809434229e+00
-1.270248943159562671e+01,1.031278799964562509e+01
7.674242954217108448e+00,5.214181718412034705e+00
-5.910110977991970493e+00,-1.754929557522270400e+01
-1.206143636820646181e+00,-8.338855511762734096e+00
-6.985501689940062375e-01,-2.994225249384436349e+00
-8.996063605194878576e+00,-6.529048195138183353e+00
-1.285044138575563188e+01,-5.717507971982962012e+00
-1.425366621617573060e+01,-6.853409482163321798e+00
7.980833848623735349e+00,-1.108890656661101737e+01
-9.351179529636156618e-01,8.306412004555648210e+00
2.048858295371488669e+00,1.916761216240466359e+00
-1.682852272276632632e+01,3.895559055020495265e+00
-3.954107776623227988e+00,1.196540924651998949e+01
2.524649434217722810e+00,-5.924535500031142377e+00
-2.387589468389526015e+00,-1.386709909618235237e+01
5.898552394469826154e+00,4.968009609165310536e+00
-7.804558779815874203e+00,-5.109676646836098790e+00
-1.893135917393394863e+01,-9.354181414319552301e-01
7.309648910566909130e+00,1.170989895789719526e+01
5.258656591797417512e+00,7.928842391704310266e+00
7.635655643454105856e+00,1.522330520179229119e+01
-1.481068112969271766e+01,-1.092231715604191322e+01
4.055906136336753676e+00,9.292333719628683042e+00
2.652143705002870000e+00,1.729839326179793701e+01
2.301115509247754876e+00,1.344740651645774321e+01
-4.283716019723327051e+00,1.359461575529681276e+00
-4.574607753847319991e+00,-1.409565658522998977e+00
1.101029730446752808e+01,-6.850471729308153790e-02
5.992192887607246554e+00,-1.813306137353384528e+00
3.119827012849804238e+00,6.117699865241461588e+00
2.692250206806692692e+00,-1.784029420514722375e+01
8.378091859093050431e+00,2.195456021363186405e+00
-1.228601937832410407e+01,2.062949112424609321e+00
8.392560866511450612e+00,6.843384179332162809e+00
5.460934164521664691e+00,1.055673352628917883e+01
9.581925152459825901e-01,1.464934759538529718e+01
1.792397196460479458e+00,-7.556114451348377337e+00
-1.031656268753611272e+01,1.672466771375457739e+00
1.714022727971664040e+01,4.949859509093800902e+00
1.157529611238349432e+01,-6.964764140265640613e+00
-9.234621746888505456e+00,9.167076385770544178e+00
-1.343151402329015909e+01,6.725178452384740879e+00
3.134172941800556167e+00,4.622029168991345083e-01
1.738976854942776740e+01,-7.563042754996535111e-01
-8.030473468014852401e+00,1.048573247476050163e+01
-8.922352145712201255e-01,1.159712202102347156e+01
7.355215670156651342e+00,-5.956637391683254457e+00
-3.269838556512312699e+00,-3.628657695928283022e+00
-2.855766932084834231e+00,-7.497907796560519422e+00
7.241264119263753685e+00,8.356976928868780519e+00
-1.334832861020507444e+01,-8.429285379860971261e+00
-1.430796078560671525e+01,1.106764400823024808e+01
-6.474828490666834746e+00,9.480154304230282492e+00
-1.368878913987637347e+01,9.554860497134781694e-01
1.428152327292466417e+01,3.746041481450391730e-01
9.770032385948795195e+00,7.945609250300085691e+00
-1.363126629523896760e+01,3.197188113975496737e+00
4.288504003946401966e+00,1.637101846600906896e+01
2.045116829325188235e+00,1.170922769227691695e+01
8.188258822233605017e+00,-2.576006294420812637e+00
4.014030405018176317e+00,-1.446465671368281392e+01
1.145959403186821568e+01,1.115824165573858195e+01
6.545299179904431774e+00,1.703702432559266677e+00
-1.416827290346984825e+01,-1.265201920240671463e+01
-4.137456928008643509e+00,-1.437035159997647327e+01
-1.165707164046910371e+01,6.444990824544555963e+00
-2.144809733558803444e+00,5.145919242392327675e+00
-1.612147113275670307e+01,1.174758236223774954e+00
3.646691084020787232e-01,1.308105782996536348e+00
8.909257248717015187e+00,1.260771143225395186e+01
6.427510833731892248e+00,-7.520922534172633789e+00
-9.124239482536770751e+00,6.646042982412935451e+00
7.551930240295095409e+00,-1.281980951587055984e+01
-1.806379495196281493e+00,1.006332372048026791e+01
1.369162348966765252e+00,5.002144393971041936e+00
-1.130059471585746067e+01,1.745237304488733709e-01
-7.584686517522746030e+00,-7.759000779378918189e+00
-3.204565200746976927e+00,-1.131908307972736338e+01
-9.794697322659164485e+00,-2.956904614591974401e+00
-9.855133515283219126e+00,-1.122015611236090615e+00
1.138840720820068420e+01,-2.541971619125409809e+00
7.279761800827131424e+00,-9.054932732478894408e+00
3.972804165289236966e+00,-1.264739483458069635e+01
-9.293606181221738538e+00,-1.216639578088395801e+01
-4.722162883243594678e+00,8.759552237876210512e+00
1.006548214133693975e+01,-7.968467452056333222e+00
-1.248165594296920133e+01,-3.173000069360263353e+00
-4.535890100779742085e+00,-1.250623055529312921e+01
-5.401278364968945533e-01,-1.397988381675008007e+01
-8.705014466156658637e-01,2.620963482219017759e+00
5.002120024101841977e+00,-3.425524373645406850e+00
1.186267203129797032e+01,2.088450749488322877e+00
-6.706539022740742872e+00,-1.054854523918535847e+01
1.518035898585683618e+01,5.866029740359531175e+00
