-1.240989250593815285e+01,1.372375822875179452e+01
-1.146841929537977034e+00,-1.192560379647876978e+01
7.299689624320691905e+00,5.144683941749979006e+00
1.597104445122270988e+01,-8.912574282517725877e+00
-2.965024038471545872e-02,-6.571902985227042748e+00
9.537874037635138080e+00,-1.585426695387931950e+01
-1.113334239950027360e+01,-8.415476167970371790e+00
6.989481995291896510e+00,1.508397984258520230e+00
-1.281622990407621998e+01,-9.021114271614489866e+00
2.182086871691466090e+00,1.700128079292596439e+01
-6.067132782274289760e+00,-5.682975437827660237e+00
-1.096912276563826794e+01,-3.700256976107425100e+00
2.563948785946419950e-01,3.714450342054922416e+00
2.142709138119438084e+00,4.173959374540594069e+00
8.575518766992212605e+00,-8.364837934677497699e+00
1.533785504653511822e+00,2.428270482425127330e+00
-1.447839401741165233e+01,-6.204461197129137240e+00
-9.287401088320768494e+00,-8.522090867680431003e+00
-1.066818412116752945e+01,1.292988315019614376e+01
5.478611062121284903e+00,-7.691539189678080035e+00
9.977545055328739920e+00,1.890612426052046047e+00
8.363286317809297543e+00,2.746218617662755435e+00
1.221101811965341355e+01,2.196911747390344338e+00
1.400735145363251455e+01,2.412865158086550554e+00
7.608745501606548167e+00,1.740526329159215280e+01
-5.785829785611651399e-01,-3.229879457905772355e+00
1.060062489994792401e+01,5.830214598017200878e+00
-1.619013017289118395e+01,-3.242197959108356065e-01
-2.002693342160501988e+00,7.666682112753073319e+00
4.053552490122547702e+00,2.985411297554467769e+00
7.747535778302291121e+00,-1.309034466449161549e+01
1.449920509258091172e+01,-1.221467620570413892e+01
7.668306394857342667e+00,-3.284009369718521310e+00
-1.488791974084770375e+00,1.393022010661617749e+01
-4.266132969347597559e+00,1.001211624317329729e+01
-6.081494200955316565e+00,9.561316993940289777e+00
1.200658816102508242e+00,6.259231834896961111e-01
1.709504313047925805e+01,-4.708546664715371755e+00
-1.233598549277245660e+00,-1.395534162973055459e+01
4.474767393527331549e+00,8.648664861192010278e+00
-2.357815598419525094e-01,1.603480862771597160e+01
1.042854850219284479e+01,8.302800713457173742e+00
-1.455721885605007238e+01,-1.082644097467404976e+01
-3.910079381220493921e+00,9.154164857638156239e-01
1.014345727591336122e+01,-1.414936657856155477e+01
4.941803244922402527e+00,-9.503441094022090141e+00
9.036946333724451108e+00,-5.239140710200363316e+00
5.525532047260491630e+00,5.269351555650235497e+00
-1.455461210948254624e+01,3.339760045345434580e+00
-1.132732664538112211e+01,1.525287261116897675e+01
-1.770198153680821562e+01,1.547499730543060448e+00
3.049277293575613168e+00,-4.577661549939285202e+00
-8.220656596709432495e-01,-8.332480962793546553e+00
1.437806849035809620e+01,5.997257636621206034e-01
1.269102141328201405e+01,-1.270394417447202429e+01
-1.195493588099122206e+01,-1.146243551380102232e+01
-1.024230313891101751e+01,1.909695780512862706e+00
-5.251294912248051894e+00,2.153354094191572088e+00
-1.337645126007492102e+01,2.019825301168580722e+00
1.106985852877612198e+00,-1.838262219012626986e+01
2.730548043613046705e+00,1.178024469508415528e+01
2.352378030928356623e+00,-9.428171216957064615e+00
-3.018965013542397990e+00,1.518268945371719703e+01
-3.029221129559102721e+00,-1.820217141657745064e+00
4.211835103637725730e+00,7.213167952419225447e-03
9.246174295782051189e+00,4.418003993003249974e+00
1.076902150043183148e+01,-4.322080219192352857e+00
-6.172065026752716399e+00,-1.607342690453104073e+00
7.253445058496882147e+00,-5.103385050791612088e+00
2.668852930470248630e+00,-2.445116742177329439e+00
7.917964620514782226e+00,1.321664889577927937e+01
6.257027638270426628e+00,1.143121171007751435e+01
1.412685714551671445e+01,8.353808769381773303e+00
-1.466638656442488253e+00,3.169538094816731544e+00
-1.131861835675843508e+01,3.308945452734705306e+00
-3.103992011695517306e+00,-8.031082905115068726e+00
-7.663332517210356798e+00,2.145729393315417344e+00
-1.610510867062023266e+01,2.390962193386561907e+00
1.549425759902177191e+01,9.902124904728715649e+00
1.255447899942709666e+00,7.324894053352443812e+00
-9.273259412641980504e+00,-5.329889480035423510e+00
-3.129951877137461036e+00,1.312336193908880055e+01
-5.968327276229834055e+00,-1.699963871341283905e+01
-1.427674354780544164e+01,6.345937568920318128e+00
6.149058817804114341e+00,1.640790491605292445e+01
-7.455500689761895394e+00,-2.879683514029891978e+00
1.277581733448015910e+01,-1.363251540154721830e+00
-6.247725327948778329e+00,-9.780208664027352228e+00
-2.190984483009824846e+00,1.556154811602540766e+00
-1.736198304251823288e+01,4.189254257701199080e+00
-6.540968788230264508e+00,-1.298674073458797551e+01
1.271766422431631938e+01,-9.092618645702204461e+00
-1.543986233149496456e+01,4.907601332653170445e+00
3.795981421590196359e+00,1.034179918383190433e+01
-7.530936630993110725e+00,1.063898721094364319e+01
6.216567070677321283e+00,-1.794375971589479235e+01
-1.242743211164014383e+01,-7.132024908676768860e+00
-1.359156488465215196e+00,-5.049795285125657784e+00
-1.343849933735553215e+01,-1.261763010057192780e+01
2.633029113620940276e+00,1.398085199917785459e+01
8.905343710785171396e+00,1.470121613405349059e+01
-1.403928584257153389e+01,1.107756675396194801e+01
-7.870951615465752838e+00,3.968668662861073226e+00
-1.673103033694684072e+01,8.973288841153157946e+00
1.669796761403453189e+01,5.422726710981342180e+00
-5.950200713688705179e+00,-3.871547575079513415e+00
1.706657640450539049e+01,2.038529686152991349e+00
-7.723961258007530084e+00,-1.165273588061110210e+01
7.981668269570357133e+00,-1.676113888889658554e+01
-1.074212436347749033e+01,6.004067026137862584e+00
8.658339695026633365e+00,-1.764707493650937709e+00
-3.700537015549278941e+00,-1.516200029854941178e+01
-1.064994595017933143e+01,-1.017659980015404919e+01
-1.189933963997724753e+01,8.288363549382712137e+00
-6.599760642783195408e+00,5.559226546322216578e+00
6.521906945447165427e+00,8.676311491283609456e+00
-2.607585570004343101e+00,9.361924521953877587e+00
-1.395281272401204120e+01,-5.032068733579710962e-01
8.611582430596358861e+00,8.052426312536777431e+00
-4.079740015808982712e+00,-4.739255478865978866e+00
7.586785250674005221e-01,5.419374991139613407e+00
1.620012359038464211e+01,-1.180072773584860402e+00
-2.643480535260357644e+00,-6.284212741149879378e+00
-5.000028276620489542e+00,1.306097282177915275e+01
-1.137540941136647810e+01,-5.562626068696649995e+00
8.012730421696746319e+00,9.741398203658807375e+00
1.514381312431537019e+01,-3.670087247957754428e+00
3.011640150412548067e+00,7.619788820024443687e+00
-2.001966553886692424e+00,1.175721974270897086e+01
-1.216802989888744335e+01,-1.448507312453336482e+01
-1.416415426860928584e-01,8.516515668149448715e+00
-5.923685319834723018e+00,4.257818439557454759e-01
-3.288739755643523277e-01,1.101513138385234392e+01
1.256417223366075220e+01,1.099671214607287695e+01
5.435178561862372248e+00,-1.266565000853960576e+01
3.545995511562965774e+00,-8.117019167562787629e+00
-2.100838498570152257e+00,-2.149810715313116571e-01
5.333599033212374607e+00,7.058386644688066980e+00
5.516083936748983341e+00,-1.448615950734680879e+01
-1.708276446192031273e+01,-8.317400936503686282e+00
-7.696473796154908342e+00,-1.632446401462875585e+01
-2.826574305484694349e+00,4.475691313153319584e+00
-9.052197750663689035e+00,1.169995264042116823e+01
-3.613149456463879972e+00,6.940107158213376870e+00
1.097134051578896852e+01,1.004978957047489629e+01
-8.761868489791567072e+00,-1.685752970084043234e+00
-5.506083727980231046e+00,-1.146276885065753959e+01
-3.133730901712862504e+00,-1.341016292814238930e+01
1.597103216110661528e+00,-1.652969045389830072e+01
-9.087690357970222621e+00,-3.546417485870849706e+00
7.371333804128025413e+00,-7.073913132121684377e+00
1.135627736780920927e+01,6.216633443510906076e-01
-3.816856426588954299e-01,1.564737949691027419e+00
2.462698997335864171e+00,-6.572619487798168070e-01
-4.423682534592597193e+00,-2.896108485809850475e+00
-3.575138063182106141e+00,1.691954207253131415e+01
-4.488408494253992131e+00,-6.485385748003583473e+00
-1.015357733419399189e+01,-6.945394149732449840e+00
-5.113029867949069107e+00,1.829756824601112797e+01
1.243787294216188855e+01,-6.237548385877699886e+00
6.700210815064065351e+00,3.486362106695862995e+00
6.507054895746184897e-01,-1.003204365412557308e+01
-5.168503169373472872e-01,6.714588893128779823e+00
1.079507370331794824e+01,3.479289834954885308e+00
-6.070663579958574196e+00,3.798660470969200453e+00
3.842319919377426896e+00,4.757419254715648194e+00
1.522004486887072794e+01,-5.464019072412567013e+00
-4.729944197650502780e+00,-8.852297776674543428e+00
1.375652217503764874e+00,-5.305583823850977154e+00
2.667868188061960577e+00,1.880301076898944146e+01
9.305351696825445273e+00,1.654678810630084485e+01
3.176855006164451378e+00,-6.383578017975402474e+00
-1.624612000236508758e+00,-1.891113192526658437e+01
-1.866963795342989485e+01,-4.356746920486094243e-01
-3.566950938192134490e+00,2.806398342047836003e+00
-1.488553705857995091e+01,1.077648578726166706e+00
-9.325733581445046383e+00,9.853852132767405791e+00
7.058911090520497700e-01,-1.459885944714079820e+01
-1.177228328530782075e+00,-1.009320135945155528e+01
3.043121599703845437e+00,1.475179160323246474e+00
-7.680896847828492469e+00,-6.613767444340043156e+00
6.046864831389375361e+00,1.327859196700260114e+01
-1.636221162821867026e+00,1.715503850101411842e+01
-1.059560840359484502e+01,-1.885094616126164135e+00
-8.088669966318636773e-01,-1.412777757540267354e+00
-1.426998908592095283e+01,8.207268715593961872e+00
1.564901624111131007e+01,6.936475279065738242e+00
-1.397103166469812052e+01,1.285018598783479504e+01
-4.915001062348815175e+00,8.148723253034262370e+00
1.559846544925837186e+01,-1.082230934655015986e+01
1.096404159430600167e+01,-8.601310646427004158e+00
1.392884101744350644e+01,6.526241137426382011e+00
5.071858527203709777e+00,-1.586851107001425509e+00
1.245331941044242896e+01,5.498984876773326036e+00
2.430406309986076874e+00,5.942307895721874900e+00
-6.623831054094573290e+00,-1.481984247525222287e+01
1.723767715530908262e+01,7.894936594266144247e+00
-1.540485358279277506e+01,-7.690871544028627049e+00
-5.993017524885397407e+00,-7.533129170141608100e+00
1.244203830458833870e+01,8.843992651785326231e+00
-9.703660785393259047e+00,4.319944499897585999e+00
8.607225613483180382e+00,7.264801235717343042e-01
-3.052451275612300563e+00,-9.835831856752617952e+00
1.234304400638023935e+01,-1.089170015027558946e+01
6.043781382761236110e+00,3.054653736995332006e-02
6.849391795161961838e+00,-1.641320605698258328e+00
-1.578990874965548485e+01,7.276290560917620276e+00
-4.497037567851338125e+00,-8.221349300997710108e-01
-1.578915551889434665e+00,1.893246454802691403e+01
1.455241513446599733e+01,-1.995168093056161052e+00
1.027255295097843968e+00,-8.045181518092274331e+00
1.013786331692692499e+00,-1.675934271265601350e+00
-4.583180625610180137e+00,4.758526581232527697e+00
1.117837423368177419e+01,1.410621026190352012e+01
-1.048553932679762379e+00,4.992796515461670026e+00
-1.322465478722405585e+01,-4.806179276985244719e+00
-2.905082473158314027e+00,-1.159827718113796635e+01
-8.855478318077276256e+00,7.650241453721301488e-01
-8.584963888631932605e+00,7.323955238597983808e+00
-7.527763018960630603e+00,-3.986202310476411048e-01
-7.335901198792478262e+00,1.583151265425063059e+01
1.066079287005724474e+01,-6.129094705704623891e+00
-5.564556648992072141e+00,1.134097919227653151e+01
5.432666218798440028e+00,-1.624667495322739441e+01
-1.748934224587206998e+01,6.621519973124854630e+00
-4.896584685493844624e+00,1.496098555316240741e+01
-1.851318938752279664e+01,-2.795981657494007067e+00
5.672213853358691438e+00,-5.942801646006564908e+00
-5.697508119242437274e+00,1.652854489207271627e+01
-3.401333488601802291e+00,1.869119203644305927e+01
-1.078958011263751438e+01,1.102643028279411475e+01
1.879393360616138864e+01,-2.432711000761502262e+00
4.290828409936771948e+00,1.332134860854738889e+01
-9.577998037238520723e+00,-1.161768545517028883e+01
-2.351060221905184378e+00,-3.559095070141972350e+00
1.376666747898380727e+01,4.210117746421066620e+00
-8.117064925990749913e+00,1.328242462998323070e+01
1.001056491598328613e+01,-5.215924911367190164e-01
3.227627084237146171e+00,-1.096262114512993868e+01
7.015374904917070609e+00,1.481235485527903784e+01
5.181995764026220641e+00,1.572496287316255570e+00
-1.321538973622831570e+01,4.809673268404143442e+00
3.845369037311880955e+00,-1.525247423138374181e+01
-1.250547119191185708e+01,6.570452930065584063e+00
-1.185919409655920020e+01,1.123423335224259523e+00
-7.616316009447749558e+00,-4.669272643557722091e+00
7.280253666503056387e+00,-1.479548457447736354e+01
8.526237744582102707e+00,1.149327398251503318e+01
-1.048166314061342952e+01,-6.978000923831766122e-02
4.287258783120592831e+00,-3.252100003167933018e+00
8.824183457940691255e+00,6.221203124870284817e+00
1.252132268714106322e+00,-3.481707411371945948e+00
7.199032729275001152e+00,6.922361284487768884e+00
-9.648082781728820834e+00,1.472020640647717826e+01
-1.580448451074775207e+01,1.054515859065239525e+01
-9.871672105501094308e+00,-1.453295812834813816e+01
