-1.257246310201486317e+01,6.250499471780077698e+00
4.398194744020019614e-02,7.269664555668702732e+00
7.008165520513835567e+00,-1.306859023361541183e+01
1.649138074770776785e-01,-2.311067226614976988e+00
-2.968075389875487247e+00,-3.881088361656593655e+00
2.649841638799399490e+00,1.429441360789377846e+01
1.846149777632463795e+01,2.718756206720667201e+00
8.254449703307791708e+00,-1.177580420763102076e+01
7.417749313034924796e+00,1.396098192115547931e+01
-2.614208050015067730e+00,1.457096931552910490e+01
6.157839619861451563e-01,-6.672677715567005841e+00
1.404435760036478342e+01,-6.211445560837872470e+00
-3.289126707089530033e+00,3.184076594370102153e+00
-7.713778729127051648e+00,-9.817074453776736931e+00
1.896557849620666536e+00,-1.722980281000299030e+01
1.365590562735748970e+00,2.563632835855486292e+00
-5.090725078039727514e+00,-6.220110931502528473e+00
-3.277263961475425091e+00,1.642765409008237398e+01
-8.061922344028451537e-01,1.408089176498490680e+01
7.457266264032084813e+00,1.604907224126677789e+01
-3.945036256315326284e+00,6.886425808810475502e+00
-9.318831031897540029e+00,-8.834099370486459435e+00
1.315857036126088841e+00,-9.191035479680621512e-01
-9.920794678639325070e+00,7.651766926439670158e+00
-1.393084572802703702e+00,2.468009736617672534e+00
-1.546577066498602626e+01,-4.838144082994551454e+00
2.746002279937721280e+00,5.037833480130587738e+00
-1.142779279811938942e+01,-5.407298757422162261e+00
8.163328256864629040e+00,-8.172958443173921950e+00
1.670720884464721578e+01,5.382001911112430648e+00
1.040310239559169858e+01,-6.475020810732605270e+00
1.332018484976727812e+00,-1.303195456834217580e+01
2.748153231529659291e+00,-6.961706670501823346e+00
-5.094630935580553022e+00,3.602083791639173249e+00
-1.379082492697445872e+01,-4.287162994875051147e+00
1.681316629545337449e+01,2.082660006133629782e+00
5.729621044857402978e+00,-5.098951542099168677e+00
9.578959437382049691e-01,1.370366660780826251e+01
1.029487126667886798e+01,-4.512006684266205880e+00
-4.158299643684337354e+00,1.853486525440687416e+01
-5.502552007356597663e+00,-4.218294190793213105e-01
5.034578850419580753e+00,-1.039887311906236622e+00
1.356516995621489841e+01,-2.242002888425564056e+00
-9.785934916076104884e+00,-1.243081294658865055e+01
-4.901017796129983672e+00,-1.527143262814576552e+01
-9.412993347917682385e+00,-1.064014170818284555e+01
-1.400143536904965735e+01,5.634159279774517692e-01
1.614446156887673922e+01,-2.347239413299643473e+00
8.650217001718312204e+00,-9.969871992569389718e+00
3.945942713096422416e+00,1.172981569242652000e+01
9.740844911139159734e+00,-1.482186544740276446e+01
4.978273842293188700e+00,8.085408535129403607e-01
4.816099349451692824e+00,2.680389495772293795e+00
-1.675564853495615347e+00,-5.362887152542683111e+00
-4.820308092379709919e+00,-1.318426677994864704e+01
2.576885923646394794e+00,8.110954291509045788e+00
6.167944400365353630e+00,3.852541245445658902e+00
1.160122784586238787e+01,1.285721267803713630e+01
-1.472648636783840104e+01,-7.053505338889010545e+00
5.984194539025329718e+00,1.500967111780098229e+01
-5.072928900981914957e+00,-8.623115752100726894e+00
-1.126848125590270033e+00,-3.656976450322703798e+00
-1.489524851736788280e+00,1.603675323145006004e+01
-1.551444032963899922e+01,1.065308544704171112e+01
-6.811530060922523333e+00,1.644055958440017662e+01
-8.577496649084338287e+00,8.834475282298420495e+00
-8.635733938483406646e+00,1.211311704622761276e+01
2.125579806125634352e+00,1.027783434108069827e+01
-3.683563028009676277e+00,-7.507299854097927216e+00
9.712859265853204249e+00,1.781999468596644931e+00
8.774007703078842368e+00,2.763407949889861159e-01
-4.984811003913404370e+00,1.693862618869080805e+01
3.010084053086472977e+00,-1.486602396939472825e+01
6.409571789674288311e+00,1.867575558058098384e+00
8.623862367555014785e+00,-1.621194615712976406e+00
-7.760173763417652637e+00,7.117951131383649432e+00
-1.077150890695634189e+01,-7.962872904662292584e-01
4.672686004585551167e+00,-7.219650524300259775e+00
-6.685762101890674991e+00,9.030686153990465925e+00
-5.034259551177863834e+00,5.384247179456966848e+00
1.789657254223581262e+01,-5.225002380506833966e+00
2.804815788126857612e+00,1.651246103623727279e+01
1.317378216472117103e+01,1.448175378272617886e+00
1.336146039879814396e+01,1.344784667776572107e+01
-2.379450193991905049e+00,-1.043678803452212556e+01
-5.950948221763314727e+00,1.191935228259569968e+01
8.842774447028784124e+00,-5.579014958584677331e+00
2.473840048081656029e+00,-1.007537198208808782e+01
-1.304138882573242242e+01,-6.190390006831750114e+00
1.408792291756304316e+01,-1.036310907645396107e+01
5.797275013815154310e+00,-1.172691187078483921e+01
-6.203167960739607523e+00,1.469040674084276610e+01
-7.617087650104560126e+00,-1.536778689224418848e+01
-1.514458936278278678e+01,-1.116492254808927420e+01
8.573420319212381457e-01,-1.083425276417846739e+01
1.097961885904832968e+01,9.652640861157134822e+00
1.583325894985952864e+01,-1.046296416411826513e+01
-9.357175908866049996e-01,-1.162936482301390662e+01
-4.591400935392307758e+00,1.321761519600425139e+01
1.194098323608447387e+01,-1.391270951421921032e+00
4.327091415108209382e+00,-2.660936529296322295e+00
-1.452231653070874273e+01,-8.861441702625429073e+00
-8.614648335217422570e+00,1.651798428696623944e+01
6.746973391233475337e-02,1.365966728085945991e+00
1.478987839179042574e+01,-3.533094187132252539e+00
-4.389566147963881448e+00,1.497655201815932990e+01
7.091910010033629419e+00,-1.691364423087265223e+01
1.139311313253218394e+01,1.258781619667096896e+00
7.065516131216603490e+00,-6.240560580806834956e+00
-3.195203548691990303e+00,5.291067336342556438e+00
-7.304161344107072684e-02,-1.633404208312640193e+01
-9.144760689309833213e-01,8.764180581875651299e+00
-5.819904219343029261e+00,7.414066065297697961e+00
7.690383862677475868e+00,7.175242998352488577e+00
-1.043929580810141644e+01,1.462999585876025144e+01
-9.368677522695353588e+00,-7.036949320767759808e+00
9.746174399072645045e+00,1.116267589975179142e+01
4.118735965107483743e+00,1.528009544761520822e+01
1.398648437375342368e+01,-4.301943263784903659e-01
-4.369311792159244479e-01,-8.097734555731525674e+00
-1.056550649375403239e+01,-3.778039413072611374e+00
3.323167880074133773e-01,1.567712592656958925e+01
5.742961241307127374e+00,1.009067274895435062e+01
2.328705586162984620e+00,1.242525913566404228e+01
6.385059631069291974e+00,-7.904835588071099650e+00
-2.213485865659659879e+00,-2.207812640857983233e+00
-1.390983613836882427e+01,5.040558467678370569e+00
1.040096620962618523e+01,-9.544480304362030765e+00
6.811730763148339918e+00,-1.695191121000100942e+00
1.167768194601334031e+01,-3.373602756770390787e+00
9.062262405636811735e+00,-1.658432824486209256e+01
1.054325065649255677e+01,1.579741015391156367e+01
9.860176791627291992e-01,4.373270051283964399e+00
1.487721265052413600e+01,2.179336696629261549e+00
-1.368956258607735066e+01,3.226972149339991436e+00
3.100480240614797989e+00,3.280474732366083668e+00
1.075516446934811476e+01,5.294997745440926273e+00
5.489733717871490448e+00,1.677979721418915204e+01
-5.290554344650433727e+00,1.028418388954894880e+01
-1.974667720423371353e+00,-7.105696271047999169e+00
-7.135361678518126638e+00,4.496190044800000285e-01
-1.330428656672725829e+01,-1.353932763932785122e+01
-1.164146495601014664e+01,-2.372295009533402332e+00
9.959791428935140800e+00,-1.127948616297588913e+01
1.363664710006657366e+01,3.498551859952428345e+00
-1.252957605061249957e+01,1.759018705728958132e+00
1.221339435483249325e+01,-1.049238847616309833e+01
1.449279087668525001e+01,-1.225269731563988174e+01
2.579046565449914397e+00,-2.237424488797562283e+00
-2.611391221782333183e+00,8.271551409606624716e+00
-2.720437197128496631e+00,1.278140726401255023e+01
-1.664890498777515049e+01,7.849161056952445037e+00
1.574383575034120319e+01,3.838917867710833765e+00
5.998174074700591163e+00,-3.324074906063735124e+00
-1.193935672161192763e+01,3.574869999556125055e+00
1.190272011710214883e+01,3.796609273779512961e+00
-1.036067463036078173e+01,4.917552430814943421e+00
-6.907005713303907335e+00,3.768152766922352015e+00
-1.113958872269474121e+01,-8.971056439297230511e+00
1.380929326972796645e+01,9.941043475075012736e+00
-3.839210921973125745e-01,5.482550639920203750e+00
7.393915673937462962e+00,9.344178370406984513e+00
-7.214766969564928800e+00,1.317257843376800608e+01
6.925535605125062055e+00,1.430273438293908350e-01
-1.759089211659554053e+01,5.512969800461923420e+00
-3.436963479716568237e+00,-5.645320795733247188e+00
4.031430611936063002e+00,-5.571175797756176884e+00
-7.805261538849285863e+00,-4.778635715855457988e+00
1.764545982025801507e+01,-3.429018644083517309e+00
-1.487582798315846411e+01,-1.160032078219681573e+00
2.658113435305073935e+00,-1.186151787380604361e+01
1.700243341854078993e+00,6.542969401481932401e+00
4.427631598758937415e+00,8.227525182547630322e+00
-1.376433395975904617e+01,9.033882418550676974e+00
-8.081035080601318699e-01,1.060123258732246043e+01
5.104049510215210361e+00,-9.220636334814255264e+00
-4.959615278147735395e+00,-1.040457946971438830e+01
9.137018036619849681e+00,6.006650876750891932e+00
-4.729189820512117670e+00,-4.104041809136290908e+00
-1.143029116152409230e+01,9.478863533782361017e+00
1.035075545899395522e+01,7.927625905892780267e+00
7.092373722184914797e+00,5.387812050985738566e+00
1.215811080825162271e+01,1.109145987116357546e+01
1.152305541573472070e+01,-1.224099223611666787e+01
5.521210684633050647e+00,6.303562621044829228e+00
8.933036976886027603e+00,1.503391054622392708e+01
6.324117088780883300e+00,1.254377816899343934e+01
7.990749281359377676e+00,1.169753879030649912e+01
-2.409867618280940871e+00,2.493275508144901786e-01
8.877570756173046362e+00,-3.406058729576357358e+00
-1.032041919430246857e+01,2.878288889640885806e+00
1.774275334101637513e+00,7.765240511665361112e-01
-4.127456960431790556e+00,-1.755555363189793638e+01
-1.309774804028842254e+01,-1.346176159241697867e+00
-8.633293548970412346e+00,5.483730311176535643e+00
8.059438393695963043e+00,2.504688760590744412e+00
7.323491088410605254e-01,1.150662918072842444e+01
3.869482378869930184e+00,-1.324833167341827256e+01
9.203635052479121725e+00,9.366884842971813896e+00
-6.791098978534697572e+00,5.608336399390617899e+00
3.313436960281104682e+00,-4.341990646510521246e-01
6.917175772904796460e+00,-9.714685837917963696e+00
-8.967331724155318540e+00,-1.390278018989961284e+00
-7.957354103775466925e+00,1.049259905447187080e+01
-1.533326691657681273e+01,2.455942937987355634e+00
1.588561304375924266e+01,-6.983549777197088027e+00
-3.888036219556394890e+00,1.139893120124524373e+01
1.001772786385000946e-01,-4.981891949571289224e+00
-4.011666320989752066e+00,-2.243014363284358215e+00
-9.727558382543051163e-01,-9.137677289427709182e-01
1.384432717808738111e+00,-3.657729900280098700e+00
8.488094916881930629e+00,4.293857519991778560e+00
-2.881413115444590556e+00,-1.225450673378576028e+01
-8.110909520995917887e+00,1.474765813799361069e+01
-2.569536184357152919e+00,1.008573141514357907e+01
-3.067829639340764469e+00,-1.603084778079076855e+01
1.324355195847881639e+01,-4.611288171799817981e+00
1.012164446555287078e+01,3.551670186332863910e+00
-6.341345581672897858e+00,2.073104384215416207e+00
9.840825110949939614e+00,1.342166491776899662e+01
6.174788632724099280e+00,8.075496781619989406e+00
3.111600305984805637e+00,-3.991846885756745955e+00
-1.051928279899688068e+00,-1.358530513865533962e+01
1.485240652213122914e+01,5.387376674973697099e+00
-6.839619012924839758e+00,-8.256955734735491603e+00
3.688534142548875572e+00,6.571172068622784579e+00
2.340308547137198492e+00,1.824241102730784903e+01
1.045894155993502395e+01,-3.510929372947337312e-01
-1.723873670000790836e+00,4.256810022687487205e+00
-1.402295502979489328e+01,7.297015199886705439e+00
-9.561524111595350206e+00,-5.266289254452554580e+00
1.251136761872563063e+01,8.562248405151361652e+00
3.432624590253187780e+00,-8.583082671224728344e+00
-4.425786545039417597e+00,8.688583748305410026e+00
-1.758001704787837793e+00,6.655284622818041562e+00
9.236170613023539921e-01,8.932035928026934357e+00
3.369247972659038748e+00,1.524490168068838747e+00
-8.701968050553217537e+00,3.695725881908202837e+00
-8.796099035618901496e+00,-3.278930321526369429e+00
-6.971386501822629533e+00,-6.435348528621227082e+00
-9.276339574896102391e+00,3.413565151759473948e-01
-8.236766536334089395e+00,1.927534448774768316e+00
7.430939541266445403e+00,-4.475043825005106335e+00
4.242547569241917671e+00,-1.082400770193499007e+01
-6.297581641516459827e-01,-9.847073671389557248e+00
-1.265808522154819293e+01,-8.044588616546644033e+00
-6.852553161909558099e+00,-3.140388632957623383e+00
1.203640418755946229e+01,1.466879163457110558e+01
-1.084195474034238948e+01,1.180995716287774222e+00
-8.298758634951514779e+00,-1.337716667368447077e+01
-9.850659368350120459e+00,1.029391202405835237e+01
1.876250674298167942e+00,-5.347250221373750279e+00
5.445062610947003279e+00,-1.403805001126827889e+01
1.031974842048090579e+01,-2.135170493912035283e+00
3.860580401553450169e+00,9.905018753483288307e+00
1.589274281369451103e+01,-5.390220562580799735e-01
