4.387395549971013331e+00,4.325367835752675916e+00
4.813236044610317843e-01,1.373888224659764790e+00
-4.452523926206974458e+00,-1.345487615106786983e+01
-2.656894273635701076e+00,1.127123562018569913e+01
1.024352403473597128e+01,-9.649229792400380035e+00
3.144862849162658680e+00,-1.235036580765980929e+01
4.485852601180707611e-01,-1.398103456620578022e+01
1.544344338381205617e+01,7.291210880234617164e+00
-8.728021183789291371e+00,-5.227667713501836566e+00
-1.675769907783402957e+01,-9.382435863934981413e-01
7.814135241973865220e+00,5.304004574049448806e+00
-2.588567708000166778e+00,-6.386561766088167502e+00
1.282973481747077704e+00,7.974886205917193216e+00
1.407013247287518709e+01,4.731045443041780096e+00
-1.293618657107052172e+01,-3.734812955014968239e+00
-2.326518392472205765e-01,-8.573066909443117112e+00
-5.515873166200316646e+00,7.006266835587982911e+00
-2.528038305262911400e+00,5.875417925837059130e+00
-1.034960774527792005e+01,1.208466752333103145e+01
6.879467053199181947e+00,-5.611378801371992076e+00
3.229849437452370520e+00,-1.387410692042825744e+00
-1.049237456527755263e+01,3.973704519481249808e-01
4.940214063038141923e+00,-4.906633034672400751e-01
3.578266731925499933e+00,-7.031486379356670646e+00
-4.878991212728647775e-01,1.087011907573718617e+01
1.114901496523781788e+01,4.544751920299797909e+00
3.985716191475642933e+00,-5.160335363107056317e+00
-2.607557341454613820e-01,3.009247490646934420e+00
-1.655128364799779561e+01,-4.558827204794339671e+00
8.927833272803567866e+00,-3.001699120576088120e+00
-1.637201418769022965e+01,-2.756238962335124221e+00
-2.099781540876823893e+00,1.603600391793117197e+01
-8.558917854167910733e+00,-1.173591056320197268e+01
9.736612615782270552e+00,-5.217382061807445126e-01
-3.291284336098200924e+00,4.238304400312226328e+00
1.062932853933315513e+01,-1.397879236635781197e+01
-1.105947910225831698e+01,-4.744164183625660058e+00
-9.618838222698437690e+00,2.018685364346955780e+00
5.761658070848027613e+00,-1.550939626412561623e+01
9.012546015718362336e-01,-1.723880639456413277e+01
3.729279314152496916e+00,-9.809492867790268633e+00
-1.727882002220822999e+00,1.426366569089031167e+01
-1.361914380352291065e+00,-1.231087913014904700e+01
1.290388645554480895e+01,-5.447511159343293663e+00
-1.380717192144415018e+00,1.248204923920312304e+01
1.562477405671038255e+01,-2.110692875178762140e+00
-5.727208940508201618e-01,-4.206194387056779505e+00
-4.358689825637900306e+00,1.521536299987032770e+01
-1.198436532195050397e+01,1.445278026540159466e+00
1.597414577227350918e+01,5.416582127619485654e+00
-1.401464467826424354e+01,2.524972733467864550e-01
5.220676630130604678e+00,1.389827770024853315e+01
6.832764351635091105e-01,1.706766944756918036e+01
-2.322403881234082590e+00,-4.641472291331488975e+00
1.549068586378765655e+00,6.216288616711110215e+00
5.601938792572028092e+00,8.174938145685388236e+00
-7.164486872062404643e+00,-7.447625449704483813e+00
3.944396126507911493e+00,2.624147959211122760e+00
1.395873816780127719e+01,-1.033386269116998157e+00
-8.029713268110562296e+00,5.233530100263297236e+00
1.431673639811716692e+00,-1.200954407312394556e+00
-1.505093670906720504e+01,-8.571208839208541264e+00
-4.900041743668049676e+00,-1.520579455724413620e+01
1.376317712140665250e+01,1.026441818710223330e+01
5.072737174916190028e+00,-1.093874063438352273e+01
-1.192873874900778119e+01,-1.024326582201950409e+01
-7.794790926487126237e-01,1.894772347642216559e+01
-1.773835137725926003e+01,6.002742892264067542e+00
-2.218489305063988670e+00,-7.663851013273418333e-01
-9.442077784206116320e+00,1.524788025466225960e+01
-5.095465975735780084e+00,3.854342994451688043e+00
-6.406840070937266596e+00,-1.224103663520313390e+01
1.570399277715358721e+01,-2.652455366513489787e-01
-5.282940540002941665e-01,-1.231510093300692832e+00
1.203445034748062348e+01,2.963708936747019518e+00
-1.426936152005640335e-01,-1.100352419334174492e+01
-1.012861083775763760e+01,-1.397565845025083142e+01
1.150143955985936728e+01,-7.628811833941223641e-01
6.903891793199951721e+00,6.870156146086212168e+00
-3.019824343069552608e+00,9.017737350676032770e-01
-1.030684795542331145e+01,4.696341719609645082e+00
8.311038859362909648e+00,-1.163724281227302448e+01
-1.197713721993798108e+00,7.866318998443048160e-01
3.896674488801541436e+00,-1.528720537107812660e+01
-1.430838783810693471e+01,6.757570597365942788e+00
-1.359639977943834310e+01,-7.128651215905277283e+00
-1.558298537050231802e+00,-9.933464763180220203e+00
-1.213491958984652364e+01,-1.257254671924983525e+00
-1.265808536917436200e+01,-5.586918655830425351e+00
5.083205760369216009e+00,6.327285867706528677e+00
4.026107303681411009e-01,1.399020692153717249e+01
2.669178992998106015e+00,1.039413602896558508e+01
-6.284314947977496679e+00,1.434777477422959002e+01
2.788584875498990812e+00,1.670187885507702674e+01
-4.493703193867688572e-01,8.513433089781571539e+00
-7.316987098091937369e+00,6.961617770210188461e+00
-3.759218248176662502e+00,-8.640877972355841763e+00
5.391540094847994347e+00,-8.976547227854821287e+00
-6.805994751388375619e+00,5.397893848462582689e-01
6.300439760181959059e+00,9.813947833464395032e+00
1.006536922772610154e+01,1.285856086743309534e+00
-1.024479671922173907e+01,-6.328254029845642670e+00
-6.714116591197961448e+00,-1.051112289417531542e+01
8.775638731499460832e+00,7.271085351385909945e+00
9.931120489016762587e-01,9.752671512180114632e+00
1.375936427650007055e+01,7.806015467617282155e+00
-1.112530170798810403e+01,3.067220344626583106e+00
-8.379568549864536919e+00,-9.637972258478676224e+00
4.903291576314178779e-01,-2.725577809004280816e+00
6.125234281450607554e+00,4.817611681557739445e+00
5.543584696430072789e+00,-4.231475978305459407e+00
-2.054082779065847575e+00,-8.206192040171709223e+00
1.107071636795341796e+01,1.323857642393307543e+01
1.669499610840455617e+00,-1.559725619948705599e+01
-3.907288227044790396e+00,2.510930379194914241e+00
1.726859204194084541e+01,-3.068529590049582811e+00
-1.954532033163152827e+00,7.572442646493962926e+00
4.521234222659989754e+00,1.060789758360408186e+01
5.586615010377677493e+00,1.236786360438662413e+00
1.447831052208331393e+01,-6.375343850600958540e+00
3.243552030683356069e+00,5.709495062834917256e+00
-6.523373329743948901e+00,-1.412469999324307324e+01
3.771442921919269331e+00,8.541513197316605854e-01
-1.472497002112528719e+01,-5.263265506705785413e+00
-6.215111849152500589e+00,1.044036079264236250e+01
-1.310546035992980052e+01,-1.162935250209133287e+01
-8.822141891275670389e+00,3.614261022827830683e+00
-1.715816554923465276e+01,8.161004940314895428e-01
-3.274342757191341491e+00,-2.332616676836342329e+00
-1.010914447210469014e+01,-1.044235315257408381e+01
-1.590926593485709617e+01,5.883945674125999226e+00
7.696683576710858787e+00,8.717422405982995670e+00
-2.705806510350218019e+00,-1.842342927962159393e+01
-1.786994642325844929e+00,9.677188465933037165e+00
2.399219246957613461e+00,4.098451345791610301e+00
6.704947404185373827e+00,-1.884724910763870553e-01
-8.368859068790887035e-01,-6.854316482118438358e+00
9.120133839333947279e+00,-1.602463095777613944e+01
-5.222324379506960490e+00,-5.243573382608819777e+00
-1.055766773186803675e+01,-1.224430921283177831e+01
1.201370843237015329e+01,8.189198191803354732e+00
-6.818725778658257575e+00,1.772534975039699390e+01
-1.157141378243936813e+01,-1.503699607618032807e+01
1.292023215608370812e+01,6.095571130767461376e+00
6.655241555469897818e+00,-1.235557538463631033e+01
1.240309253239090026e+01,1.198469875977518839e+01
4.790642350568753649e+00,-2.366546116801826916e+00
2.008979884611120426e+00,4.700646843616012593e-01
3.971096364802365830e+00,8.933213223968536454e+00
-8.840142789171602900e+00,1.312017177912835741e+01
-5.681596880557572504e+00,-3.430224787534361219e+00
-1.472536669435303480e+01,-3.462202202921714544e+00
1.331821808567887455e+00,1.203840767709862014e+01
7.310898029122661512e+00,-3.890320232507908926e+00
-1.277357875751090077e+01,5.824641722200156302e+00
-4.307277948841761628e+00,-6.770554975415259413e+00
-1.227818023439745687e+01,1.123583278094605475e+01
-1.494195191896699271e+01,-1.124601310047159330e+01
-1.542547251985973089e+00,-2.687999669968693883e+00
-3.640489123076167677e-01,1.558574564296058540e+01
2.928800174588720218e+00,-1.689131752716210499e+01
1.166168974552242110e+00,-9.738135957859901382e+00
-6.135674744527642943e+00,5.278345927643118607e+00
1.764543553468847037e+01,-4.884437005866807624e+00
-5.784364853262056627e+00,-9.118725026009127932e-01
2.994948864965133239e+00,7.460279412756113615e+00
-1.136955059104958110e+01,-2.942415982435346855e+00
-6.979682842104161899e+00,-5.696533459230850305e+00
-3.510535898005666677e+00,9.084564068999748443e+00
-1.207468499161247877e+01,-1.324029182850764030e+01
-2.058852076020158961e+00,2.888871677029888563e+00
-5.942111060017264634e+00,2.306483903174298522e+00
8.322289469022187802e+00,2.403103760310421055e+00
1.056569234821289616e+00,-7.341450297913088008e+00
-3.311937360076058212e+00,-1.044734255144553003e+01
5.052008807638944887e+00,-1.335846937270673784e+01
-1.858007169980514917e+01,-3.940717175250268767e+00
-8.622477769117569579e+00,1.692275551300717495e+01
1.793726426874199475e+01,6.247931837222516549e+00
2.146635579054300358e+00,2.243810142449311318e+00
-1.409253384619139560e+01,2.058123868292528247e+00
1.228298258374875296e+01,-7.457252605040173954e+00
1.473076680316113674e+01,-8.570279244851446876e+00
1.079236788600887342e+00,1.893896610442506656e+01
-2.869226942337165798e-01,6.497157287205120646e+00
1.258019260325477795e+01,-2.874497046387424870e+00
-8.578844033818528558e+00,5.819639434880095052e-01
1.331169380429294780e+00,-1.217559023041945387e+01
1.768889927779334670e+01,-6.734946798245429633e+00
2.468592726297422768e+00,-8.481641994438282595e+00
-3.992961517548219152e+00,-3.943114126704904354e+00
1.537124226541757288e+01,1.116546320858088848e+01
6.866338557736197501e+00,-9.945411914441082857e+00
-7.029783752661635354e+00,-2.237351607152284760e+00
1.000391596688169038e+01,3.038562278292412877e+00
-4.974290054461357968e+00,8.317054654838634820e-01
8.167319857552170603e+00,-1.305180661797568087e+00
-7.124701274715161681e+00,8.844370376900046793e+00
8.771141676797602926e+00,-7.054206174945730545e+00
-1.027110022824060565e+01,-1.416845322192073375e+00
-8.756520983256147472e-01,-1.780493205853769823e+01
1.659267390053391855e+00,1.530499669816339114e+01
1.332351075805801521e+01,1.219257881580048775e+00
6.604944907107491048e+00,-2.226360181952283579e+00
-3.562607097792591215e+00,1.717889712358473986e+01
4.913363870845600112e-01,-5.652208127053914843e+00
2.242531803047971284e+00,-5.847741292565619808e+00
-5.532219455078398518e+00,-8.227854362263203214e+00
-3.774723796487634342e+00,7.227945169765405353e+00
-8.923595401576163155e+00,-7.686578212067349369e+00
1.234295965958311925e+01,-1.351757729935170005e+01
-3.106420414718490619e+00,-1.525201538318891537e+01
3.361960147982734348e+00,1.447361358279919230e+01
8.655915128997953900e+00,-5.232137773499933253e+00
-5.015758810565134951e+00,-9.928618439403939178e+00
-5.332801108742770246e+00,8.795104289162399169e+00
-3.406209694232222862e+00,1.364021690421776078e+01
9.571844173217394669e+00,5.531514876517332979e+00
7.197950621707819074e+00,-1.449065072421859313e+01
1.043760871044328375e+01,-7.809359230187513212e+00
3.327271722462346926e+00,-3.437095304312194788e+00
5.257861986955826517e+00,-6.403225769971599313e+00
6.412767931871566907e-01,4.593928635743428579e+00
-7.112273859671878640e+00,1.591806563270757024e+01
-7.745690601865592662e+00,-1.538509547423696233e+01
6.758789811198002262e+00,1.651694627615120226e+01
1.286721135284299500e+01,1.387215595640883059e+01
1.392883597668424756e+01,2.957026307782254726e+00
1.514199759159744119e+01,-4.455026602950856507e+00
1.052884082701201862e+01,1.008018057176921545e+01
-8.080491882168621132e+00,1.143967489739604204e+01
8.469530835820934911e+00,1.053112157245366731e+01
-1.378592046050442299e+01,-9.799333649614329289e+00
-1.047003657549035793e+01,-8.534044121410882866e+00
-1.232762785355733648e+01,-8.399999666628904293e+00
-5.343603323094902713e+00,1.676132855215672635e+01
8.341658815854966491e+00,6.115997560629835572e-01
-1.592000572074357123e+01,2.203650673246377423e+00
-4.385840438165924837e+00,1.091898198262290798e+01
-1.695929712901674691e+01,-8.434513087557206745e+00
1.076463843108802720e+01,-2.397515745106476359e+00
5.942213054394984262e+00,2.963571601209699757e+00
1.346639528647082784e+01,-1.090172712127916910e+01
-7.420853165827546505e+00,-3.958946209245424175e+00
-8.469996784650827948e+00,-1.219937945339514052e+00
-4.014515107858704468e+00,-6.484796772702046130e-01
-8.742515055193690543e+00,7.995207145455363928e+00
1.068024252560082488e+01,-4.187941958555498445e+00
-1.376714947165576142e+01,-1.996023784813263591e+00
-7.038076778328277605e+00,3.737799401940422150e+00
1.066241209393985301e+01,6.942265420755604488e+00
1.276860565293944738e+01,-9.255631907212281462e+00
1.673455856418029297e+00,-4.128796467296315775e+00
-9.478866149558463405e+00,6.319430322118448906e+00
-6.253355087858138539e+00,-1.643819404906966142e+01
-1.172253803251171123e+00,4.670403433757625677e+00
