-4.401476479599923053e+00,-5.336910482495974550e-01
-6.309482206625007805e+00,-4.452496279533710855e-01
1.648157525726876571e+01,9.417947870808795585e+00
1.661392930728834827e+01,-8.949261820744544238e+00
-3.261726234906245470e+00,-1.107594456101131541e+01
-6.225408420998131298e+00,8.754914828939677207e+00
4.192482535193403415e+00,1.186146784360362805e+00
-4.553876941859594574e+00,9.896373496203736408e+00
4.478882686592435824e+00,-1.561640099741157073e+01
1.260397443333359568e+01,-6.039445634775720606e+00
1.585657235796833042e+01,-7.291505381286476961e+00
1.198419626700384200e+01,2.836119759874883073e+00
7.774581538401276193e-01,1.403826070474238286e+01
9.788582641364348191e+00,-8.216578872998052674e+00
-1.371263284571124119e+00,-1.129202901378958224e+01
-7.740687053339222246e+00,7.687714807510259263e+00
1.148765166875496035e+01,-1.148782453335927833e+01
7.742948217335904992e+00,-1.480263561786494364e+01
9.111499808064662531e+00,8.706542913957655117e+00
-7.785298041631556032e+00,-8.857527106012712537e+00
-1.589966682842394086e+01,-5.482980069445579474e+00
-8.642374464149618518e+00,-1.681925213306578470e+01
-5.913503359468090359e+00,-1.072955337585488600e+01
2.965855596338093481e+00,4.093080461258356451e+00
1.560665310537773642e+01,7.756100508041987140e+00
1.124943540950873810e+01,-7.212177774247959583e+00
-8.895595586210210959e-01,-1.413384594619986778e+01
6.076764331224906890e+00,1.042720853430213340e-01
2.591508200461944966e+00,4.456312885831650306e-01
7.302886321904109579e+00,-3.374358062965472360e+00
-2.054133927427126860e+00,4.864575030908387276e+00
5.600717049704439177e+00,-1.180895017348785991e+01
2.140048824114650028e+00,-1.160371470466301957e+01
1.793532759483794692e+01,4.698577944117757532e+00
-7.819329269016726869e+00,-1.456027959639284042e+01
1.070399844445740989e+01,1.569681898835651168e+01
7.520639234905273973e+00,-1.385553411359684794e+00
4.128333380048526458e+00,1.461238972653436186e+01
-9.783369199197329280e+00,-1.321320052669135414e+01
-2.216035406503015892e+00,-2.241544080979283038e+00
2.560468786724379608e+00,2.331121507341678889e+00
1.554245201458673264e+01,1.092717968236598125e+01
2.477556543789710464e+00,1.154967246708357465e+01
8.858810452281112191e+00,1.553499868132067085e+01
-1.325746604006886642e+01,-3.007694085743068069e+00
-8.325427311006362574e-01,1.208149360725576438e+00
-7.192585319516599185e+00,-2.076942560616194644e+00
-9.355357809804825564e+00,-1.141010705132335623e+01
-4.652025909102540879e+00,-1.830016571035778838e+01
8.999301254798007577e+00,-2.398720665346232739e+00
3.687306026789324065e+00,-2.915241183281218618e+00
-1.750528460977079348e+01,-2.871535006407070600e+00
1.163711813917990501e+00,-1.741325038219451216e+01
-5.449644827717333051e+00,5.174261667353790450e+00
3.726495612525860146e+00,-8.452871411562584925e+00
-6.702937941715920722e-01,-1.753149780994431239e+01
-3.294397475456875224e+00,-8.415989505129125803e+00
-6.817310056589778178e+00,-7.242376853811409276e+00
2.682627625118148007e+00,1.352491815533744379e+01
-3.861758574673823219e+00,1.833831906438244985e+01
9.481819608548394118e-01,-9.331813018195202147e+00
-9.140320583441340574e+00,6.619072910993208048e+00
5.943348607656188776e+00,1.031199324860799038e+01
-9.471526749140391388e+00,-1.516910240848731561e+01
-7.214797329418463079e+00,-1.281801901077182215e+01
-2.605921022502949658e+00,1.377573298515578637e+00
5.854234136926971921e+00,1.934914962198980737e+00
-1.809572387083083456e+01,5.790472698569183230e+00
-1.257326597622525988e+01,-9.468860445813874094e+00
6.942190029594685896e+00,1.296894841586711777e+01
-1.235094079244942300e+01,-5.897636940191749666e+00
-4.321621260802205100e+00,-5.099824045261274641e+00
7.547488222959293225e+00,1.168483832322746441e+00
-1.032983669985197217e+01,-4.088474590008498666e+00
1.450835012094472809e+01,4.313687495411199890e+00
1.119223816374004521e+01,-2.839560172361754731e+00
9.570174823942583231e+00,-1.640647163510104178e+01
1.491878819181817128e+01,-9.609252794818265997e+00
6.708087854517176041e+00,4.903415489047573850e+00
5.465574238241715399e+00,1.674244174459048651e+01
-1.167483544887989133e+01,2.232503088350128895e+00
-5.436559949828699168e+00,1.238012483885719917e+01
5.507296836906540705e+00,-7.155618239985741980e+00
-6.011049640516012538e+00,-8.815230878145964510e+00
-5.812630698122318584e+00,-1.394323589474685399e+01
-6.378894705484746908e+00,-1.769741554914477533e+01
-4.934234846257981921e+00,-7.356262935289125338e+00
-1.397061123762273382e+01,1.085363742691882827e+01
-6.052366669099572327e+00,-5.655291790523280682e+00
-3.927015870493693050e+00,6.274491538563213844e+00
1.051853627945576264e+01,1.226122130407649813e+01
-1.929907656948132821e+00,-9.521682965231503815e+00
-1.333262416906899084e+01,2.841331153007808474e+00
4.800941853395054970e+00,8.026588519322656268e+00
7.090545450277873085e-01,1.122722689735953416e+01
1.303253262748842234e+00,-1.319557604293821207e+01
1.053705346049181646e+00,-8.415880966291499066e-01
7.700361004981478574e-01,-4.286827108278449039e+00
-7.717912866823192886e+00,-1.062112621374612331e+01
-1.492652630006219816e+01,-3.589838552441293906e+00
-4.247491692799143514e+00,-2.367483763666008656e+00
9.700640302503646950e+00,-4.025095585065556314e+00
7.020434963410118634e+00,-9.897852895095351045e+00
3.036766017723388167e+00,8.385522272624827522e+00
-3.909663910833345746e+00,1.359156287829691756e+01
1.202138319950722867e+01,1.126137883476553192e+01
9.624560544126155026e-01,1.185951765854073470e+00
1.907589074680298369e+00,-1.486644790656326087e+01
-1.756211643780976717e+00,-1.891386170336091510e+01
-1.520494407322207664e+01,7.581116081560114850e+00
-1.491282942576997605e+01,6.920693565041836637e-01
5.785154483423702310e+00,6.469354960874712290e+00
2.233755451435393002e+00,1.527377952897812641e+01
9.073483789522107656e-01,3.060357353173932093e+00
8.675185050937550102e+00,1.372608534264288593e+01
-1.719967732104863956e+01,-7.224155388493652019e+00
-7.679346560730757609e+00,1.294729886024538779e+01
8.367144935248868043e-01,1.650997698475376296e+01
1.402045847885512764e+01,-4.785453592369345976e+00
-1.796513372660971442e+01,1.407923181682279035e+00
1.174999769886845868e+01,4.632423857797475897e+00
5.805283309031149308e+00,-1.803053104726773270e+00
6.578205628442667319e+00,-1.338954852276411600e+01
-4.665903162703520124e+00,-1.635264313516885082e+01
-3.828774762622806804e+00,2.634223361258006157e+00
-4.952037037097718475e+00,1.188713966056184956e+00
3.757346436177090077e+00,-6.678066491022776496e+00
3.488049376009246583e+00,-1.399807014631023883e+01
8.568319970078860592e+00,4.352172942442047443e+00
7.723052962710363012e+00,1.012075922570376818e+01
4.299274426780020697e+00,1.106040861777700357e+01
3.397612478750213771e+00,5.856327379866976379e+00
1.249629358199189433e+01,6.340107406178193905e+00
-1.566861712637913584e+01,4.029967968090523378e+00
-1.006992912904044957e+01,-8.066365473689663945e-01
-1.518133726994405031e+01,-1.213369116008512050e+00
5.366743466947906605e+00,-3.558559340069613164e+00
1.730659925521910480e+01,1.752889432298055938e+00
-2.570398158805354161e+00,-5.065944163688080870e-01
-3.365033576145276539e-01,9.782058166241055730e+00
8.433405786465414167e+00,-6.712209453509830226e+00
1.676696589321175601e+00,9.594282666306764185e+00
9.559227607933983961e+00,1.041679777215792768e+01
9.790062685147526977e-02,-5.930470290878586681e+00
-9.427382723099317019e+00,1.194559059279449365e+01
-2.076632969611635904e+00,1.389957306833161788e+01
-2.952701532074006430e+00,8.712217303658695400e+00
1.406627976545664183e+01,1.273400358374624552e+01
-1.111561190310206726e+01,-1.095667158851570555e+01
1.144720393092547006e+01,-4.593840830446111134e+00
1.422548369598686868e+01,-7.149724244892514680e-01
1.555189854353840140e+01,2.686738714767087810e+00
-1.456117816942164467e+01,-1.050210133953159186e+01
-1.633752183853263062e+01,5.687922840130655189e+00
1.575369630905483298e+01,-5.498017162410575587e+00
4.443886213469824042e+00,3.053668547361632513e+00
-4.474348144506063107e+00,-9.733145485882630510e+00
3.566124420577071463e-01,-1.570744627294518736e+01
-2.595697675338495714e+00,1.083425605799525471e+01
-1.602981156349738256e+00,-4.958865786762358674e+00
4.910731550232580567e+00,4.866896477684829136e+00
-5.592962527268269035e+00,3.007804129520162295e+00
9.613940055986979871e+00,-1.145493584124048070e+01
2.118668761231003561e+00,-6.033484128118745460e+00
1.003134738762360278e+01,1.197929459772632432e+00
-1.663391884658445719e+01,1.198942292551322120e-01
-6.319609798008900547e+00,-1.563541982757313953e+01
9.958597932013931953e+00,7.138677713593413188e+00
1.614194783433960367e+01,5.209367902534104644e+00
-1.291607930529370485e+01,-1.133118408325879578e+01
-2.153499668718592552e+00,6.692643792725318619e+00
-1.075214902715661758e+01,3.749340033598315802e+00
1.409600370863362251e+01,-7.024017239652097899e+00
-9.628108622149026630e+00,-5.695568799323504017e+00
7.131215611163686852e+00,3.173503661600254766e+00
-1.403928747575037761e+01,-5.192527678149171599e+00
-6.049761169382632531e+00,6.956522099958405647e+00
4.285806614846900509e+00,-4.968457716696801363e+00
-3.029083622895937022e+00,-3.795587151520669611e+00
1.029976762267041224e+01,3.565256992599677321e+00
-6.173015741576310944e+00,1.582113384010222568e+01
1.541932254958775284e+00,-2.714693271050075740e+00
-8.021295858628464615e+00,1.162814336424470157e-01
-3.305147165715343505e+00,-6.558869324355180552e+00
-9.723796588572520605e+00,1.021586952553182037e+01
1.031499125874948675e+01,-1.110427969831645711e+00
8.764674322941162998e+00,-1.018508975092462243e-01
-1.135329081240734794e+01,4.597153922407054560e-01
8.543203686345414383e+00,-1.312730478733951323e+01
-7.226705677223717039e+00,5.044220191730897085e+00
-9.060512740080293170e+00,4.810374169017721080e+00
4.415951103646000853e+00,-6.633509845246816639e-01
-1.223640013172713426e+00,8.206357689474746309e+00
-7.684586467406551158e-01,-3.355866078734977886e+00
2.674197952662798361e+00,-9.921788047192183768e+00
1.122690907424734652e+00,-7.521349252941595509e+00
-1.072185354520453870e+01,8.698962169161443825e+00
1.310434028198402423e+01,-3.264364390842905639e+00
1.555036287143470020e+01,-1.924555440969897280e+00
-3.007992231425963059e+00,-1.759006494415598709e+01
-4.590935189843367681e+00,8.047502726868057010e+00
1.295958500208566377e+01,9.307864169756717487e+00
-1.642330680637810758e+01,2.369674832262287367e+00
-1.274203880320927773e+01,5.911078363557807691e+00
1.001156134410387466e+01,-5.804266821624035622e+00
-6.873410581994782831e+00,-3.811649969263543269e+00
7.846439375790713378e+00,-1.150734080874965848e+01
2.824230624075750651e+00,-1.678585854142137634e+01
1.739184139413444896e+01,7.546125862343744828e+00
1.208257218240763642e+01,-1.263440745582083968e+00
1.179923597090602527e+01,1.081909666951291316e+00
1.966912875374178249e+00,6.953357203164724609e+00
-8.701772914632371680e+00,-7.195327821489351905e+00
2.149772436823324195e+00,-1.887073374066996578e+01
2.795934061412175708e+00,-1.375231451232619806e+00
3.829594048115962934e-01,-1.101461013218571594e+01
8.788039383649973502e+00,2.529432255472252145e+00
5.457485342484311275e+00,-8.929115541367163900e+00
-9.154236564754954841e+00,2.873226427902496383e+00
-8.119771965596334073e-01,-1.097043108602179018e+00
-1.216717427065526458e+01,7.639574032003730863e+00
-7.812231053085826105e+00,-5.522248386326895186e+00
8.177371235833174268e+00,-4.952150529776471188e+00
-1.548614002517765709e+00,-6.807611591356536707e+00
1.064272017176268648e+01,-1.319019292989512415e+01
1.788430656860747092e+01,-2.458989286200895297e+00
-9.478725464160904224e+00,-9.474836116876181435e+00
-1.096956458447990457e+01,-2.397022307332373980e+00
-1.486444914238967563e+01,-8.761031666565989084e+00
2.530239038716239897e+00,-4.280399616057304790e+00
1.012690510956081447e+01,5.369734331395800808e+00
5.187850989776848998e+00,1.263586390240900492e+01
-9.631428381489271828e+00,1.045825784401501979e+00
-6.794934542578443981e+00,1.380508193262066863e+00
-2.717589929936971238e+00,-1.521715626644396124e+01
8.158734164916063847e+00,6.118512064384481697e+00
1.115934747428797102e+01,9.647689965795299472e+00
-1.333560466634565955e+01,-1.198793723796303334e+00
1.766889683045050619e-01,7.120272204486052026e+00
-1.515376380986513283e+01,9.417314731874812495e+00
-1.270378324996597641e+01,-7.705724708815173685e+00
7.178713042421771107e+00,1.620053349054054337e+01
-3.772162713212204199e+00,4.521332932546481054e+00
6.253988169976548939e+00,-5.150726589422411017e+00
8.370090058314341164e+00,1.177660987725827368e+01
3.822624472997256717e+00,-1.222891726758252773e+01
-5.638909798421831709e-01,-8.329389071257857324e+00
2.740848367019901755e+00,1.772588951628377885e+01
-1.008171605534603721e+00,1.173008935479383830e+01
-7.809964966650192464e-01,1.509643336738133179e+01
-7.336028901796847634e+00,3.235885280394507735e+00
1.211534268793279301e+00,5.029106054082097543e+00
7.129995041579034520e+00,7.693041823988459704e+00
1.201840822502436801e+01,-9.738041517983113238e+00
-8.537835978148206051e-01,3.567153007892302163e+00
1.171386821682990131e+01,7.933499802537104628e+00
