1.131781713399842104e+01,2.372631374262786252e+00
1.451178790591620782e+01,9.216544566179135645e-01
-3.719674415206260853e+00,1.212954748736973265e+01
6.137692116227696282e+00,-5.633690276333002345e+00
2.636452687170721898e+00,-9.324806012111195308e-01
-4.080503601756155341e+00,2.063939227875052573e+00
-8.557154860047095468e+00,-1.523077829025770491e+01
-2.917570659196021765e+00,-5.823731162631406555e+00
1.383330566116827676e+01,-6.365914270734235103e+00
1.119428965283003485e+01,6.360165644985525724e+00
7.606034449437334644e+00,6.315270710543678057e+00
-1.287894941346773514e+01,-5.331113640716609758e+00
-2.023157306453436721e+00,5.220212833867644342e+00
-9.088746594332897999e+00,3.694150653867029899e+00
-6.885761731203046132e+00,4.575310407572259486e+00
6.940538360221911951e+00,4.641619175437092792e+00
-8.695936984807611125e+00,-9.907027524916124150e+00
1.136608677753573993e+01,8.248370426595077021e+00
-5.211612457472198479e+00,9.398113149924382625e+00
-4.648677003010886821e+00,-9.992357715513875860e+00
-1.994903223340566800e+00,1.161992478498516945e+01
8.971613523948283486e+00,2.921931089935667636e+00
-1.202688283101429967e+01,-1.299025302372729307e+01
7.350364439690798335e+00,-5.811793388217532108e-01
-5.414321282651561873e+00,-8.394476239916130567e+00
-3.129038523407313921e+00,-1.323189679903420853e-02
-8.264618047371838472e+00,-1.166916436840166327e+01
6.505011985695256627e+00,-2.722652021888463114e+00
-1.504310370928164176e+01,1.041860525636293566e+01
-6.813520461956380281e+00,-9.541689758864412951e+00
7.255799123094721637e+00,8.195870832761968927e+00
-2.178730298338213078e+00,1.516999579531750131e+00
-1.202851109888156778e+01,-8.203131629128236568e+00
1.266026589334416208e+01,-4.874433526645482573e+00
1.223536529700168352e+01,1.423519545962465394e+01
9.113928091007987842e-01,7.721320709091697765e+00
-1.473230985554364025e+01,-1.199706979827068842e+01
-1.183060700963165068e+01,7.667711922856836004e+00
-6.548624899459626114e+00,1.443014698964333142e+01
-4.214006247272853223e+00,-1.806210685705229935e+01
3.152903086163947766e+00,1.511710276141440268e+00
-1.658081902470939895e+01,-9.265941257052284996e+00
4.087482596546770708e+00,3.018147114316476198e+00
5.998960740992250962e+00,3.109022709652807137e+00
-3.910267978170025138e+00,-1.423655950860680441e+01
5.508909143742338754e-01,3.494878281446609947e+00
-8.741826338596867529e+00,9.779722424674107017e+00
-2.522349187576980789e+00,8.908487081233033678e+00
-1.018703056179565358e+01,8.621406964268315321e+00
2.314168973223477810e+00,3.516986020101785293e+00
-1.046286942207605364e+01,-2.687453778315088915e+00
-2.979936910834065422e+00,3.597194053582473572e+00
-1.241903514589333568e+01,4.782370873100614261e+00
6.229551725579895560e+00,9.894146742579467357e+00
1.323367724446518778e+01,1.097230529755893258e+01
-1.204461099186468331e+01,1.233890667877005409e+00
-6.507320242485206130e+00,-3.176041931970901899e+00
5.043248643920873242e+00,4.718416140980681739e+00
-1.137080564275245109e+01,-1.126921866018963669e+01
5.058112643595701563e+00,-9.141589509267664226e+00
1.337205380183562475e+01,7.190301199326708748e+00
-4.022130343890606419e-01,1.401584698912779814e+00
-1.126443995773905371e+01,-1.072942082619016135e+00
8.555131211233091282e-01,-1.059726821985656153e+00
-8.731891363040844567e+00,1.584740016858222633e+00
-1.443119907205908703e+01,8.674634032597301925e+00
1.294211397243320683e+01,9.212748269092008613e+00
1.461525219115938512e+01,1.211236561659292121e+01
-1.436184429740210433e+00,-3.762964608651063525e+00
7.482510553032597045e+00,1.159320492935299818e+01
2.339632776889846610e+00,6.596208099736442954e+00
1.353328151933517631e+01,-2.757062527442676103e+00
-1.124782228410964890e+01,1.531295183382636971e+01
-5.012469635182447369e+00,1.341464506887827746e+01
1.399909430932332333e+00,1.876815052344176893e+00
8.019497884299987334e+00,9.786494165955170743e+00
1.341600271177384052e+01,-8.134982411549355419e+00
-1.517877390513736735e+01,3.536285756651856182e+00
1.411196230953934361e+01,2.633431467453057895e+00
-9.674495724596507973e-01,-1.997089306272504805e+00
-1.487688963726986735e+01,-8.326237772597277598e+00
-5.559898779070670649e+00,5.897345048232546461e+00
5.393545908980325265e+00,8.309546026862570045e+00
-3.587363716843901873e+00,1.034597808217393045e+01
7.517014761577715198e+00,-6.813553616322304940e+00
9.872343442509665223e+00,-1.530579595789838621e+01
5.779442850437212620e+00,6.404894069074567042e+00
-1.643233698478423932e+01,-7.420771415476944632e+00
1.452156269835298907e+01,-4.274620345399108956e+00
1.175011606999756175e+01,-3.304447259869130793e+00
-4.728589173933017697e+00,-3.050514034941141261e+00
-6.640918876031545182e+00,-1.239670288833279699e+01
-1.170327039703531691e+00,-9.026332190168352199e+00
-5.569466314768018123e+00,1.603433791102667882e+01
-3.741221220890306842e+00,-7.586779354476273163e+00
1.270549125641934896e-01,-4.595657723089707325e+00
-2.583572420173335882e+00,-1.581697488384303796e+01
-3.988080448115991050e+00,1.520709745525167733e+01
-1.240474051187039173e+01,-2.580725507678643282e+00
-1.017100022273238835e+01,-7.280820596306094572e+00
-1.031450534015188936e+01,8.200970905859714666e-01
-1.156100316067239842e+00,-5.819297446790856476e+00
1.010834301485467179e+01,-2.386942927929581959e+00
3.399094469249498651e+00,1.545030213593467572e+01
-6.239168822096845091e+00,-8.496009919432143676e-01
4.123253261812899417e+00,9.316740702668116839e-03
-2.888546674381565094e+00,-2.216584786722595179e+00
-1.406990517699355259e+01,-3.239821349017290686e+00
-7.636097024229199448e+00,1.289146638926203536e+01
-1.228899212501203930e+00,3.030970148855993695e+00
2.709166908931963658e+00,-4.509906635528506236e+00
2.764253647613847953e+00,-1.853767209664837168e+01
1.657123531231992430e+01,6.939062667751930924e+00
-1.333657667516583167e+01,-9.421498839800582559e+00
2.889605088117881415e+00,-1.157235773035677795e+01
-8.589209902795388984e+00,-2.352752826402133124e+00
4.336080762073282635e+00,-1.297540734832902842e+01
9.364092672005774887e+00,6.886434279872329256e+00
3.803592889700559088e+00,-7.795290647374097048e+00
-9.470519123469097522e+00,-8.139079092085811373e-01
-7.347890525572457143e+00,6.302878977596074961e+00
3.893390622182122840e+00,-2.242230191201199485e+00
-1.265074030958813722e+01,1.128729054062103643e+01
-1.724441477881141793e+01,1.431589334820748682e+00
1.133581286832766821e+00,-6.095354073562468500e+00
-1.882270186781442334e+01,-2.582253166196216032e+00
2.032922118667400468e+00,-7.708967094848655499e+00
-3.000408255480418340e+00,1.373786998498222012e+01
4.310431355899067007e+00,-5.516855109005025959e+00
-1.623326952952906055e+01,-4.000170180481823046e+00
1.816035898102710533e+01,9.416323096925632852e-02
1.283474521104102806e+01,5.475676915722811344e+00
-3.679962164699399185e+00,5.999317534840502120e+00
1.012820026760366199e+00,1.457363977440406799e+01
-6.523959701904542108e+00,1.250773324664413266e+00
1.464298991831639363e+00,-1.692755848474651970e+01
1.692316855759672478e+01,-2.035561024017568332e+00
1.414369271060961708e+01,-9.815535642961840779e+00
-2.966670644418368585e+00,-9.217098615168911380e+00
6.268590552127959903e+00,1.323112075134269183e+01
8.112793885313196895e+00,-1.345552941937638813e+01
-3.944110671865066031e+00,7.788830967250657267e+00
1.029157037039856526e+01,-7.300572220460628259e+00
-8.932917580190000706e+00,5.483906982460280410e+00
8.251417641008207057e-03,-1.405038559429173972e+01
3.267357242611804047e+00,5.072400618665882988e+00
-5.337060959814344585e+00,1.121507757426981478e+01
-1.330215167777570595e-01,-1.055307650294891353e+01
-1.350065561957452154e+01,-7.009875583133359456e+00
2.019842759048933178e+00,-1.335400305593585735e+01
1.175440135709319023e+01,-1.472192297807748629e+00
8.745356932986094733e+00,4.689467483294250449e+00
-7.957152355493786189e-01,8.212186924162329760e+00
1.024277446764102706e+01,-1.345164240073074602e+01
-7.245668180865385111e+00,8.718975249034894404e+00
-5.619673236183816201e+00,3.010547280735679010e+00
2.788469098296491921e+00,1.716671055673876367e+01
1.616480582045188541e+01,-3.625015495044003444e+00
-8.325620213573714068e+00,-6.084550578727029091e+00
7.838027710637340384e+00,1.411499362210407149e+01
-1.334071723740834337e+01,1.350743198556011748e+01
-1.354981094446215062e+00,-1.906859298618507614e-01
7.334249159187788081e+00,-4.346909165968320110e+00
7.117726466682707809e+00,1.643834974077769573e+01
-1.065265365312958323e+01,4.584819177115715405e+00
-3.547649147023137051e+00,-1.145123741971445419e+01
7.788720040618581919e-01,-8.980096545396964558e+00
8.684510713156866402e+00,-8.134179166764996083e+00
-1.881698204070409020e+01,5.810101615204643632e-01
-1.734637731082271728e+01,-5.910836350543951845e+00
-1.223234529128664372e+00,1.334000350596799400e+01
1.246977551640337800e-01,-1.814995435179550753e+01
-5.802924539883874466e+00,7.712266993898458267e+00
2.673521978495648543e+00,1.371514403440135510e+01
-8.449533597305343591e+00,-4.137876385516439548e+00
-1.717108907556690545e+00,1.818499134134507855e+01
-1.831316304549493523e+01,5.034868317611810085e+00
-1.831519201898999682e+01,-4.366962379548854578e+00
1.576387737268586875e+01,-8.568432451032583330e+00
5.719920671182274763e-01,-2.852540139676393416e+00
5.527026939423289598e+00,-7.310932178007570670e+00
-6.901727959208710850e+00,-7.348471537070577320e+00
-1.987231455929689528e+00,-7.392362126817650037e+00
1.536940292744421832e+01,5.506941337917391266e+00
9.779064305766555165e+00,1.246528158986154322e+00
-1.713538378027692488e-01,-7.388578305720335138e+00
-1.248207429301487892e+01,3.018661454335308747e+00
-8.154697500748747885e+00,-1.347852614986688380e+01
-2.183140112187214488e+00,7.122359439183525431e+00
-1.369380100430183989e+00,-1.239937492378770756e+01
5.428789471501718644e+00,-1.263572247466976162e+00
1.882279541587208627e+01,2.527804343178274848e+00
-1.267790958561875136e+01,9.220186895104525604e+00
9.970918431938292414e+00,-9.943256577674999264e+00
-7.820629901843688891e+00,-4.637190365825107768e-02
6.425384552305272834e+00,-1.034182145838207134e+01
6.923797419943800158e+00,-8.553863930074950161e+00
-1.459386045929485931e+01,1.216631566640575102e+01
-9.634697508227446860e+00,1.260286303684672760e+01
-9.835771313092353196e+00,-1.252475290757512738e+01
1.064152006349876345e+01,-4.700671526186704696e+00
-1.000145550186991272e+01,-5.470404148627099339e+00
-1.183531036088525390e+01,-1.484878463178044683e+01
-5.054734366734199291e+00,-4.818547639529155546e+00
-1.022280063029534602e+01,6.798002734820595805e+00
-1.550168399033355726e+01,-2.226290334881725563e+00
3.486814537651653723e+00,-1.521650938850526735e+01
-4.529437685557829774e+00,4.429477460074853212e+00
5.164155762273836103e+00,-3.955557997596101494e+00
-1.417090419860939576e+01,-9.228035759569261920e-01
5.578027135616969723e-01,9.488344209722773925e+00
-1.367376466587752937e+01,6.084611070114754661e+00
-3.965907150645845980e-01,6.229930773630133700e+00
1.725874123183011832e+01,-7.529527401636431527e+00
-1.528368012531818820e+01,7.048979076424942036e+00
-2.064852829760436048e+00,1.537191205578718645e+01
9.090567974112270022e+00,-5.954366040915312297e+00
1.583411093504700995e+00,-1.510618825160227985e+01
1.390535169374472524e+00,1.246782144798370773e+01
1.689286423998560949e+01,-5.340499402805219731e+00
-1.316127329229656695e+01,-1.118805152905597566e+01
1.360066399256115410e+01,-1.001691517201136028e+00
9.026517732512473913e+00,-3.849283931771068090e+00
1.862115277503441968e+00,1.072494171833333709e+01
-1.045751525742750587e+01,-9.054591105432965747e+00
-7.472411418985799081e+00,2.837677939330726318e+00
8.091405951899039550e+00,-1.159983068275579932e+01
1.097692434277827145e+00,5.199539503177278199e+00
-4.949067977821099973e+00,4.631119531453355975e-01
1.536347136754668341e+01,-1.067112603808808347e+00
-8.538067515762808313e+00,-8.102208317273978722e+00
5.103709184754890771e+00,1.549142887778759414e+00
3.105269288627733104e+00,9.335033319886072434e+00
-1.058546764625522663e+01,2.638030543517627002e+00
1.163827694513569355e+01,1.196017954290873142e+01
1.041481492948155996e+01,3.992388624844086298e+00
1.202215460749743769e+01,-6.936573293337413126e+00
2.393228793300625767e+00,-9.820560042435067416e+00
-6.876125643616595617e+00,-4.967259070188397629e+00
-3.283514399323051780e+00,-4.101938229818447468e+00
8.246411224170437038e+00,-2.225542459321907973e+00
-1.147816770249002527e+00,1.003242184554936500e+01
6.699052656910017944e+00,-1.745910223335045330e+01
-5.270558871160162084e+00,-6.565892656023251561e+00
1.096027956883744103e+00,-1.181893752437236955e+01
1.566812129266972065e+01,-6.636313592325509880e+00
7.464380205223479336e+00,1.979450167794748472e+00
-1.499690909710560405e+01,-1.016124799600999040e+01
-1.727617415736056472e+01,-1.690370761458826809e+00
-4.479212722043445893e+00,-1.226405739771600611e+00
-1.131709826300160948e+01,-4.279050324997714760e+00
5.017790977735462121e+00,1.466220064214408758e+01
-2.133062535723094566e+00,-1.407733631776239669e+01
1.010745257661930729e+01,-4.914118792885879272e-01
-1.942528975408697622e+00,-1.071799145579760015e+01
-7.047825212243699511e+00,1.056283262665122535e+01
