-1.286960451200304778e+00,-2.517879517039661952e+00
-4.157577828787776930e+00,2.107425129520656970e+00
-1.227945923551183149e+00,1.328170933681528432e+01
5.683917758342358795e+00,-8.861057949963637270e+00
-1.213750671467816211e+01,3.997299160897966441e+00
4.009111733592638949e+00,7.246428209356952088e+00
-5.518467365671327229e+00,1.281422926075568114e+01
-1.211920730809612579e+01,-1.171202425903731381e+01
-1.560991330653899833e+00,-5.885650561608605003e+00
1.458235561855926221e+01,6.342986164072165423e+00
1.665877310951294987e+01,8.603368311584288719e+00
-4.060695587199671386e-01,-1.132674974263094114e+01
9.477403190829714053e-01,-5.064272398929689167e+00
8.142643960439639728e-02,-6.637036648661936766e+00
7.933549757854065021e+00,7.227011715443553364e+00
-1.049527954810198871e+01,-1.093954657025824595e+01
6.496791701234680971e+00,-3.296071638988729013e+00
1.028461756051813758e+01,6.681034141076252375e+00
-9.408587561660906928e+00,-3.871384322396464461e-01
-4.447499089705503117e+00,3.167988173850490030e-01
5.366575511936253484e+00,-7.091196349350344263e+00
7.373853577020861749e+00,2.683324220370988389e+00
-3.560771023911653899e+00,-1.550397450581626302e+01
-6.133506127856911405e+00,8.925893087843057572e+00
2.928277505156129390e+00,-9.948565892374549691e+00
-6.674397733395148080e+00,-6.578519428631704358e+00
7.166787727489737136e+00,-6.924954707818836042e+00
-8.032813377760852802e+00,-7.719395333252909275e+00
1.353976643466345919e+01,1.034897052129387340e+01
4.665805945236088381e-01,7.673425643478554825e+00
1.343570343023884384e+01,8.313333087080382100e+00
7.094765829066724372e+00,-1.344891006590428262e+01
-3.760149773581321408e+00,5.554178974332026009e+00
8.582192067108808331e+00,1.331370437990266442e+00
3.978073746623297602e+00,-8.373278280097290249e+00
-1.507469127181055413e+01,8.919651965034685048e+00
-7.910883845706242923e+00,-2.882607754897815511e+00
-1.115646000974336260e+01,1.450308828891462953e+00
-1.114636171676782439e+01,1.190196843397791859e+01
-7.325160968771480263e+00,1.539525187664313499e+01
-1.430344971823135047e+01,-6.113107261022604710e+00
1.111917062422373448e+01,-9.343005132080302033e+00
-3.691306642303697316e+00,1.131306503365789595e+01
-1.129019650357503757e+01,-5.635126485206284341e-01
5.015255201497824444e+00,-1.050081457401392804e+01
-1.511171415063166990e+01,-4.540709956335231112e+00
1.267660104015091527e+01,-4.724189837106130163e+00
9.366212271628622688e+00,-1.107661785739905369e+01
9.450821864426243835e+00,2.876948686009008771e+00
-1.239411675380968703e+01,-9.459083099739070022e+00
-1.343671015129392465e+00,-7.801982984897298579e+00
-3.304184207847958632e+00,3.783933966601074061e+00
5.562018608850619827e+00,-1.520959339848998582e+01
-3.589873230232242807e-01,1.594608937558939177e+00
4.992453241776989570e-01,-2.900020358540718046e+00
-1.930245563549725984e+00,1.142516701840076720e+01
2.200037418604918305e+00,7.309660968370663703e+00
3.180427869964195242e+00,-2.279617394881540360e+00
-1.315157357586607212e+01,-4.224182186981376930e+00
8.915535675253017933e-01,9.394623978317593327e+00
6.079293031072987574e+00,7.200672636037278806e+00
3.793228740672763277e-01,1.429545455081461824e+01
-1.005236916748316167e+00,1.539369200035512364e+01
-8.882505724336800412e+00,-1.475131779665415799e+01
-5.553094071311423185e+00,5.461088605262490958e+00
6.387888183056387170e+00,1.323541258479362526e+01
7.440673112660515010e+00,-1.742337035590860594e+01
1.871292121622841265e+01,1.144084181853186388e+00
1.377873720916210409e+01,-1.857247813467286290e+00
1.447177235901683900e+01,-1.067614308936061285e+01
1.312088596014236552e+00,7.252079976934162620e-01
3.914376930077722028e-01,1.133456552017930363e+01
3.750628436391710174e+00,3.897025355266677149e+00
-5.882747250342318601e+00,-1.413442354527311906e+01
-8.380363075221222147e+00,-5.945671706723249628e+00
-2.620924957223105256e+00,6.930142300122949628e+00
4.598978545302673027e+00,1.559246681339857687e+01
1.049048621154507543e+01,-5.593449186861427336e+00
-3.180124311000170678e+00,-7.763456721832492136e+00
-4.837741989006195453e+00,-7.059561520618346186e+00
9.622274874212106255e+00,-1.722742745917809626e-01
-1.214145875503369076e+01,7.577023620532795434e+00
-1.317461259566043275e+01,6.099501547099422716e+00
-9.458307019059311926e+00,1.265252876011105876e+01
1.558346421779969582e+01,-6.396761538985589191e-01
8.626743306814569578e+00,9.897021151469589384e+00
-8.802274234710556478e-01,6.532120057330490503e+00
-4.425978726033028110e+00,7.467083618784436716e+00
9.405655023625866917e+00,8.271334043976688477e+00
-2.511983647323663416e+00,-4.359392831530380263e+00
-2.157130678176270688e+00,-1.335133712068780554e+01
3.940633023715959249e-01,-8.435914817059716242e+00
1.120600311794694015e+01,-1.110166026917239712e+01
1.437074179354292269e+01,1.199357992896293901e+01
-8.190852046634663708e+00,1.132285825393002554e+01
8.826394577645256589e+00,-3.764569323001045742e+00
3.304509796069404981e+00,1.213948905517523436e+01
-6.875769379825955596e+00,4.308264969302141090e+00
3.631515779922947829e+00,2.019939918272042778e+00
-5.216678842887507273e+00,3.616426336846446876e+00
-8.485618708607415295e-01,9.977879844347626204e+00
7.195055905893658732e+00,8.865805533189126564e+00
2.062605057706803358e+00,1.074269136643068379e+01
-4.496623005289606567e+00,-9.051419753686039016e+00
2.144930063451110147e+00,-8.338314969504036611e+00
1.596611998680404021e+01,-9.524244526811928679e+00
1.691156884861022647e+01,-7.014115041694354957e+00
3.840991383041269636e+00,1.043244760190064468e+01
-2.994717401363401699e+00,1.315742381982066966e+01
-1.479038567473964072e+01,5.322895139682043641e+00
-2.590447554021586996e+00,1.119421055025973555e+00
2.683720788641049015e+00,9.080731815043474597e+00
-5.211599955494772729e+00,-1.652451691629831743e+01
-5.808146465237561173e+00,1.486898343377076825e+00
-1.579551469112671036e+01,-7.155768548207129598e+00
-1.714620042909350062e+01,-3.773965325501712265e+00
4.783062866773154731e+00,-1.355901722539704046e+01
1.098773411583692239e+00,-1.008112592128246199e+01
2.695198603735781351e+00,-5.443482799755899881e-01
-1.585257787464050594e+01,3.564481370665849580e-01
8.342332945764082908e+00,4.334893925788107616e+00
-4.495256042587771894e+00,1.428977707818901521e+01
4.928769682343245861e+00,5.294391956065373606e+00
1.171107242071620114e+01,1.002512270693996754e+01
8.855117048160376925e+00,-7.481537429840084741e+00
-1.242587839994290455e+01,-6.197195986903113685e+00
6.799768876724369804e+00,9.962278249136364838e-01
-6.169360161102977358e+00,-8.263660950238563174e+00
-1.403638245140473906e+01,2.072504583193840733e-01
5.049637945624859903e+00,1.180040062056017369e+01
1.695939883860364361e+01,5.087514940541489894e-01
-4.228289507130535974e+00,-1.081267393759915052e+01
-4.518867041637850690e+00,1.800137448729239509e+01
3.658179202071071945e+00,-6.586608635174970416e+00
8.810622637761817089e+00,-1.284227955739327598e+01
-1.301384167585431939e+01,-1.829309332214226647e+00
1.631032551996482027e+01,-3.996183877363657544e+00
-1.509741875916821741e+00,-1.543696281852226093e+01
3.201561798791884961e+00,5.643900617790936103e+00
4.514042737294550633e+00,1.350713179909886819e+01
-6.239647060734244022e+00,7.132317154925118530e+00
-4.199095307852713232e-01,-1.397135097125847558e+01
9.296654606511600250e+00,-9.270214463974497221e+00
-1.331085558974176131e+01,9.124796218257719360e+00
-1.085717440281949386e+01,8.867646808537609004e+00
-6.918377904779619669e+00,-1.572114997385820345e+01
3.198899492617198526e+00,-1.182104977943527579e+01
-2.750733669772145618e+00,-9.691513920804846194e+00
-8.173349390829143246e+00,5.877405310876269162e+00
1.304255955066721029e+01,-8.387396238243049140e+00
1.453699698928364192e+01,-3.478430176102014659e+00
1.154486133159345762e+01,8.192762515227874687e+00
1.218378880208495296e+01,-2.642181758823178850e+00
-3.022161599411646193e+00,-7.435631980418766496e-01
1.131817637082894024e+01,2.919739054977100734e-01
-9.436498303439304181e+00,-4.341294822015914434e+00
1.561873143946938214e+01,-5.744944953785961594e+00
8.922428263925729297e+00,1.593999622052001541e+01
2.775213420397037556e+00,1.526841369794429326e+01
5.928984846883658122e+00,-1.207392371154904254e+01
-8.813337059487331260e+00,1.433552030425732404e+01
-1.933162526863511310e+00,5.090538496734908769e+00
6.234910442571258038e+00,-1.091090036645633754e+00
-4.608358804775830819e+00,-1.627691183407458109e+00
7.025663976058143412e+00,-5.132061858990530467e+00
1.648505449197893924e+01,4.593246311231910184e+00
-9.293611552823398680e-01,-9.653609916961272575e+00
1.104818350476069178e+01,2.081343089446863193e+00
5.269153961753069382e+00,-5.339074129611220521e+00
7.111653790172453249e+00,1.633214188259162469e+01
1.102568646693464949e+01,1.524014230300911876e+01
-7.219862055418716507e-01,-4.329640842827115144e+00
-1.797911899989848905e+01,6.114919332933784091e+00
-6.012084873196465118e+00,-5.269818770566445654e-01
1.266140738327488080e+01,-6.524128856166919732e+00
-9.679979277817029271e+00,1.035984367940434936e+01
1.565625234090270546e+01,1.075597537880332411e+01
1.426754549744046585e+01,-1.254616554737424394e+01
-1.421117552170111509e+01,-1.255888657922181828e+01
-7.966754240534826614e+00,8.755350583303686207e+00
2.075116294774752124e+00,-3.686747258380464576e+00
-1.344447039755774576e+01,2.758758327914156094e+00
-1.715431909574281022e+01,1.754694758384792497e+00
7.139633890269321270e+00,5.637957362366292635e+00
7.374485944530537740e-01,-1.135255176389116549e+00
-1.805677516221706824e+01,-2.112647953860863126e+00
5.340269223141401511e+00,2.556833338428332159e+00
-4.512489913337563330e+00,9.750207601146218650e+00
1.133632211574680149e+01,1.182148789235797537e+01
2.157288843649761034e+00,1.356855164863253371e+01
-4.261211187046842319e+00,1.623851080850446849e+01
-1.002250734991586789e+01,-1.613147799698245421e+01
-1.024682145601202343e+01,5.149492504077192834e+00
1.649213093154504151e+00,2.472964280879188959e+00
-7.188169925858551856e+00,-4.482146788792675807e+00
1.754277861172402808e+01,2.657822438444477964e+00
-1.487322299227395028e+01,1.071954246799285748e+01
8.733341082695318391e+00,-5.666301554782267047e+00
-7.390349401495830861e+00,7.187182338637281287e-01
1.650013052006565317e+01,-2.224205515477733375e+00
-6.032043901614416725e+00,1.664064145552833907e+01
-8.673468431494097075e+00,4.117671727677254090e+00
-7.796331226123559333e+00,-1.103826987955636607e+00
-1.426382163221086241e+00,8.262217359289824259e+00
9.758048586347333853e+00,-1.446839698687059261e+01
1.545026542343724163e+00,-1.494643846202853510e+01
8.956062001090091262e-02,3.356884052459355949e+00
1.911830347212619019e+00,4.334025931288899791e+00
3.527365710532843313e+00,-4.759186733659896973e+00
4.791872038146099300e+00,8.850817915852845275e+00
-1.661293625035176902e+01,7.874775126390244573e+00
-2.827981310902929479e+00,1.502263044798252523e+01
2.550477059922536593e+00,-1.345058026005824914e+01
-7.313170996674209334e+00,2.507236769760758044e+00
1.244743841094918047e+01,3.290660506132798258e+00
-9.384678286012078985e+00,-1.272197311437235712e+01
7.579878334612669022e+00,-1.148468828415956011e+01
-3.379128056000110458e+00,-5.947159616627396339e+00
-7.602424675285942790e+00,-1.347409800663502111e+01
-1.002249179523434996e+01,2.905745938645063919e+00
-1.360164788583112738e+00,-1.404512595972722822e-01
-9.074232548037862500e+00,1.384082119909614939e+00
-1.535436917246319055e+01,-8.927653365235430627e+00
1.245785653804180804e+01,-1.250641056559047648e+01
8.890899048694885787e-01,1.605583567098406661e+01
-1.367842211617996817e+01,-8.137489853136480988e+00
-6.685532944291335156e+00,-1.776238740759601953e+01
-1.126125882828802283e+01,-7.564036980647756536e+00
-1.482625243268462967e+01,-1.619871103845575089e+00
4.461728188407517059e+00,-9.108597785999240637e-01
1.100965724309170923e+01,-7.464119397241726794e+00
-1.721407202972068839e+00,2.794305367782760730e+00
9.383308937471829481e+00,1.421971051694029775e+01
-4.314716620035571992e+00,-3.941424164929739682e+00
5.976670436160531175e+00,1.015068923151465086e+01
1.072130532596473351e+01,-1.282912344164143548e+01
-3.059554559448530497e+00,-2.576154938532911665e+00
1.430241646199070438e+01,4.602219524305907861e+00
7.500480250169722751e+00,-8.709250638598852845e+00
1.249848113778612202e+01,1.428138575876029570e+01
-7.139883308090094971e+00,-1.174867903361577071e+01
-1.139119193222266802e+01,-2.627911309858322664e+00
-1.664949016580753494e+01,4.963663034773567517e+00
-6.006521930725077674e+00,-2.821936639542840464e+00
6.272551083355942581e+00,4.088475436781173755e+00
-1.366163437057177532e+01,-1.075462237736083537e+01
1.070230082668523863e+01,-3.787098271019187834e+00
1.051875760793377346e+01,-1.806075921750567970e+00
-3.834723790791114695e+00,-1.256843943566399346e+01
4.923179634690725059e+00,8.268932924847366417e-01
-6.195479242015454524e+00,-1.014952577786317178e+01
-1.517234535930526462e+01,3.552607106489404032e+00
1.860363543236807526e+00,-6.577854572114868681e+00
7.864932762330096416e+00,-4.107604166952703584e-01
-5.545744164564332834e+00,-5.205852914004983845e+00
-9.586562679738845461e+00,-2.188980248541135154e+00
