6.050364529268954961e+00,-1.020300936155194238e+00
4.348005115944858723e+00,1.338946443909207495e+01
2.924712945029660727e+00,-1.352126422315563303e+01
-3.759313663107854087e+00,-2.351813277214047204e+00
6.937121671434698378e+00,-1.437125164915375741e+01
-1.890434138964087296e+01,-1.883568838012093405e+00
1.086312252517706334e+01,8.664386545883774104e+00
-3.049542345576913061e+00,-1.079958826429807495e+01
-8.200828416091745510e+00,1.710036544897247879e+01
5.209804242168376121e+00,9.195305191633549313e+00
-4.104502196111723400e+00,-1.684043840161660910e+01
1.201401937334780889e+01,7.241657180259558402e+00
-3.670960221669399726e+00,-5.571735445588398283e-01
-7.444564811304112517e+00,-1.519039017659777357e+01
6.556945993707520515e+00,1.051605334585052454e+01
-7.342014976555553574e+00,4.482323661078335242e+00
1.249859958063273879e+00,1.540974963147511545e+01
-1.558707095717587165e+01,3.276486754620913100e-01
1.266552772896140944e+01,8.895102207367244773e+00
-1.155294049749951313e+01,-3.187496718165771625e+00
5.556482192590761038e+00,3.515619825845568869e+00
-1.372638480100395686e+00,-1.137324148196091222e+01
-4.136760041708835267e+00,2.997008621323844935e+00
-1.414006980299875771e+01,8.026303931867259323e+00
-1.558255518284090702e+00,-9.534843900893612556e+00
-2.121247648169096500e+00,-3.133427437635281088e+00
-4.012046804975152092e+00,9.103443464646309380e+00
-5.520701113109772962e+00,4.753619843939910439e+00
1.528730122947427184e+01,-1.125407187715599200e+01
3.239476820435017057e+00,-1.040122212993560424e+01
6.672239062862544756e+00,-1.614628963048922472e+01
-1.443789739621890433e+01,-5.368621294990314929e+00
-1.083931336977079773e+01,1.602417440626601852e+00
-7.135406565918810173e+00,-1.401943559965276975e+00
-1.249802813318293992e+01,5.706882497739595550e+00
-1.357660419040663413e+01,-3.714696842669265919e+00
-2.826719618678724122e-01,-8.179514050265281000e+00
-1.209103628760324511e+01,-1.333006264310185784e+01
2.744285189096440369e+00,-4.737885160278885621e+00
5.687484712294622824e+00,-1.283988150336667289e+01
-1.237451418742388753e+01,7.546018736594628962e+00
1.084280200808771433e+01,6.558956909730470075e-01
-5.040419548963118501e+00,1.314358414624433813e+01
-8.402357103165529750e+00,-2.787769496251280010e+00
-1.683455429821277960e+01,-1.263177964634013550e+00
-1.267741848646576663e+01,1.379703152146674050e+00
2.717333816625425946e+00,-1.691164136188357858e+01
1.283653530090511552e+01,1.064282254665125294e+01
1.058726601242547183e+01,-9.641368938627865148e+00
5.957005843486665952e+00,-6.817722460676258756e+00
4.489138108335360755e+00,6.006818400102693190e+00
-1.057246528722388668e+01,-2.634206876923703144e-01
4.937110295037415497e+00,-1.448938057695544401e+01
-1.721888200801656055e+01,1.160204216144692380e+00
-1.794466954260936475e+01,-6.182260428834648103e+00
1.226996565995271027e+01,-8.861002814963384822e+00
-3.693740790233857929e+00,4.772098550531646666e+00
3.846191409978969578e+00,2.043278994475357546e+00
2.210092735637652961e+00,4.825888707893406959e+00
2.286689457424775362e+00,-6.442883039624684116e+00
-4.947117537790129305e+00,-7.896935009859421761e+00
-1.278485605427565197e+01,3.172452943058726937e+00
-5.218912962380100051e-01,1.588694553344626215e+01
8.831140204407981642e+00,-4.445762434813518849e-01
-2.382036339475346765e+00,3.513499738340591705e+00
5.895700539889403125e+00,1.767906310985940976e+00
-3.246558765049989970e-01,-1.322424224841836526e+00
1.547639465373632817e+01,-1.735766995725959827e+00
1.707740770685288112e+01,4.050242512828273078e+00
9.643584753420525457e-01,1.865086769563774949e+00
-1.550542705735669990e+01,-7.466362248345173924e+00
9.013059347811473998e+00,-1.103043548568637355e+01
-7.249198308939925006e+00,1.557905687259870753e+01
8.122708597992620128e+00,7.417949340007804260e+00
-4.949228857751616140e+00,-1.050762171675112633e+01
7.359098617890705185e+00,3.724400910180909907e+00
6.931202326735740549e+00,8.806014524275935784e+00
9.500474271683170713e+00,-7.432246737351189125e+00
-6.402547396452288986e+00,-4.823777292323662813e+00
8.102648061769230026e+00,-5.431758892553689932e+00
3.071090621876143345e+00,1.178676080534102510e+01
-4.929622636725212281e+00,1.063058962021724696e+01
-6.773810418081458451e-01,2.802467337189130880e+00
-1.446334213809793034e+01,-2.137758267036218296e+00
7.337544289014982235e-01,5.983867294234674006e+00
-6.075806502721734503e+00,6.559447368409122348e+00
-9.048142753781078795e+00,-1.166200459991883065e+01
-1.559739680130220485e+01,5.000727910510441632e+00
-1.703725016091485500e+01,-4.235272817548800361e+00
-9.793031016920570764e+00,-9.913036307528464874e+00
1.883391631738486538e+01,1.524622402513757247e-01
1.411295725698280545e+00,1.165341332511426325e-01
-1.023664863395103808e+01,-1.299558308757755043e+01
2.138819722033184156e+00,-1.519996892147391598e+01
-1.286467212729765830e+00,-1.315019010346187933e+01
-2.294081805675532770e+00,-1.659669186061922730e+01
7.741423530103549666e+00,-7.211664491908893027e+00
4.869511352720438779e+00,-2.706882221644150821e+00
-1.852871961336306939e+01,-8.653131584075041127e-02
1.403303954811035759e+01,1.534134014950835727e-02
5.778695596824159342e-01,4.132736375417340291e+00
1.735487736016051485e+01,7.043260167469790112e+00
-2.526645779544025583e+00,1.675336717111241436e+00
6.703784814950884297e+00,-8.703016412097751342e+00
8.821576301276643051e+00,-9.205727427191918721e+00
2.724700976992577406e+00,1.005194650096235343e+01
4.032154822774498548e+00,7.856832494633535724e+00
1.189338479677994265e+01,-2.250746249241508679e+00
3.568728920110880720e-01,-1.587399341283666132e+01
1.231127251092724606e+01,5.324471675019119665e+00
1.584145270126760430e+01,1.671636149910532276e-01
1.336432025437613191e+01,-7.440885065067565307e+00
1.007747047337687718e+01,5.210051128253968322e+00
1.377746157218454393e+01,6.790651623870292752e+00
5.326505417647874552e+00,1.489587433222314239e+01
8.641163337823697388e-01,-1.158795532246332627e+01
-6.317595691090298615e+00,-6.625306080224078187e+00
-3.005807980485440734e+00,-1.831542256552884140e+01
-6.206009778643992725e+00,-9.187429580315743749e+00
-9.019159860909324422e+00,1.580032905764131801e+00
-8.990170345001498475e+00,5.130234574638087963e+00
8.161724175288354033e+00,1.352185444988086438e+01
-2.037866524500710597e+00,1.683394397266688358e+01
1.374311845620570738e+00,-3.599152917201642321e+00
4.608839487610977059e+00,-4.573584565612571318e+00
6.382444265735314204e+00,-4.992687477179696742e+00
4.950369808922236992e+00,-8.341932733483618634e+00
1.560616502924902171e+01,1.074274927983618433e+01
-1.615667328867474950e+01,-5.778912986693375053e+00
-4.710415566875513882e+00,-5.635053584881960731e+00
1.489042140398149083e+00,-1.720118654561258120e+00
1.547009438453119401e+01,-4.983607636595381862e+00
-7.518465560489270949e+00,2.677907052223752693e+00
9.441828010339413879e+00,1.480563071909373818e+01
-1.060546683161164516e+01,-5.456755397756488435e+00
-5.728558154483298637e+00,-3.201881170067204962e+00
-1.427069354678671331e+01,6.231310679578814238e+00
5.026779920539173219e+00,-1.014843180225908981e+01
7.209787604162714025e+00,4.659931916621322667e-01
3.863261564739141729e+00,4.084001637280562313e+00
9.397383937424534039e+00,1.063687911313454570e+01
7.887548543585529259e+00,1.173179040658057026e+01
9.069534347475906699e+00,8.902428845009893621e+00
-2.767809074022432814e+00,-5.761111884565203844e+00
3.803181522296892769e+00,-1.144111378041369864e+00
-1.100238933356452975e+01,3.347972388107159691e+00
1.503998443307651378e+01,-6.723476120202216855e+00
1.410911943468406982e+01,4.734281147586774985e+00
8.922575665348846385e-01,9.481845437865144888e+00
-1.259590633648918212e+00,-1.503532719557451003e+01
-1.646258749030778645e+01,3.400330301210401363e+00
-6.806387335270571270e+00,-1.105888978542362366e+01
-5.439783055004696166e+00,-1.223221060392598325e+01
1.104145734447849847e+01,-3.875720610723287329e+00
-2.231431501028534381e+00,9.542529180095861818e+00
1.732520388404536504e+01,-4.834716883259759790e+00
-3.236505842858922399e+00,1.356547646732298062e+01
-2.147236922634897294e+00,1.498916657092644300e+01
-2.401369409802666333e+00,6.045367338859811923e+00
2.839055502853322199e+00,1.429693225588944649e+01
4.069284800420028603e+00,-6.785094668534525475e+00
1.266819524563804578e+01,1.414580696635002965e+01
-1.728883155196547605e+01,-7.875657069077635519e+00
1.172553019864177593e+00,1.347567339439568990e+01
1.121059237390315566e+01,3.765806312360701291e+00
9.270967213212095714e+00,-3.449616214095178712e+00
9.912783044111721509e+00,7.114128926491408045e+00
1.124057355239224343e+01,1.531556893668084030e+01
-6.633599331908833108e+00,9.751454180890647194e+00
-1.078617530827234994e+01,5.153598026806148091e+00
9.736696521839025564e+00,-1.629106153903654430e+01
-1.198411038620353963e+01,-1.317704867027687854e+00
-3.642334851016249542e-01,-3.101815043432990748e+00
3.421050417301358060e+00,1.607054749816643380e+01
-1.397537112232112833e+01,-4.273387576105878716e-01
6.105813880410946304e+00,1.226771351403436228e+01
1.340264716169887294e+01,3.052208669980995381e+00
-8.069591307253798362e+00,1.400741428586361259e+01
-8.631491928787655254e+00,-1.386748190718550866e+01
2.244971629023276627e+00,8.269824917155897737e+00
-7.449860907054003389e-01,1.383636700856439816e+01
-8.107546498276251512e+00,1.210381729764430858e+01
-2.099277171557734523e+00,1.137187431186003650e+01
-5.633953414691791117e+00,8.274535173394191645e+00
-4.258817761062923424e+00,1.193705078456378521e+00
1.498803291427071116e+01,8.854155034226819154e+00
-2.146774869652508855e+00,-7.727120540874791388e+00
3.734590147516159142e-01,7.742631306762106647e+00
2.956718006996087666e+00,-2.841128318767023764e+00
3.186141743069221821e+00,-8.640295047961858543e+00
4.830143090292992269e+00,3.351110523384318030e-01
-5.088293614886975291e+00,-1.518365424334791136e+01
1.000874266782417799e+01,-5.330281129940472873e+00
2.736305642966228024e+00,6.533063507432952832e+00
-5.817446170565080621e+00,2.225377900228564965e+00
-3.034488105513182710e+00,-1.496650850055836024e+01
1.155557355187526980e+01,-7.158145915078488741e+00
-1.162825046796415229e+01,-1.035113362412507065e+01
1.271902598471615020e+00,1.169779448265918376e+01
7.285899698676300495e+00,-1.157572007125680535e+01
-5.352263803895368710e+00,-1.431665835745625337e+00
-8.004351218978362326e+00,-9.671634294390834441e+00
-8.757413056374618865e-01,1.013517460258425817e+00
-1.518078455985118858e+01,9.580264959532399871e+00
-7.692409341542433943e+00,-7.828194246377511156e+00
-8.005296569121728822e+00,-5.609786735382142453e+00
-1.897727732525558597e+00,-4.974654218869133393e-01
8.110914471792000313e+00,2.056750663317100436e+00
1.705904391063587155e+01,-8.352314768054521110e+00
-8.462342486473992675e-01,5.208313971143714305e+00
1.688311489516365427e+01,-6.543963782873525759e+00
-9.841868911308321088e+00,-3.879459787008650906e+00
1.425160308288109512e+01,1.195063964793569156e+01
2.360720200772069788e+00,3.036287596657498700e+00
1.012160639417975894e+01,-1.853864816588753239e+00
1.366530111653101187e+01,-1.790027750369157955e+00
-1.236865592455620888e+00,-4.723623760889111622e+00
6.279696092418665110e+00,7.021514060591930395e+00
1.434424668760378729e+01,-3.458075451005091061e+00
-4.260065542127684957e+00,-1.355093886433247086e+01
-3.711587892863275950e+00,-4.144039105073791696e+00
-7.581734834444774584e+00,5.501523304190270025e-01
6.206149257942036535e+00,5.191559556187621105e+00
-7.908752842207558587e+00,6.562196182922107823e+00
6.373709118699871112e+00,1.679983047466777180e+01
1.627479172291762666e+01,-3.301166618328442048e+00
-1.012785892954468103e+01,-2.041880477185065601e+00
8.298509198976644186e+00,5.271984867613015879e+00
1.221753970568391345e+01,1.238833464853073529e+01
-2.844308389410776350e+00,7.788952109567820692e+00
1.556660024909226614e+01,7.160075722166482137e+00
1.491862645412474819e+00,-8.007876637924050911e+00
-7.949009071103045887e-01,-6.428514924046432988e+00
-5.500251909103411663e+00,1.537717990510820520e+01
8.377951286577642875e+00,-1.301462536137313819e+01
-8.866437523241883056e+00,-7.616829244069897031e-01
9.144494448426854660e+00,1.663118115103622330e+01
-3.300162978725211249e-01,1.081189672849339267e+01
1.459540689647407952e+01,1.759928902997507816e+00
-1.067714758419744925e+01,6.952877794902253328e+00
-4.258635311805197610e+00,6.470607972558588550e+00
6.603583880771178194e+00,-3.203186039398871809e+00
-3.612885750887657732e+00,-9.054765127542076186e+00
1.892123327994092818e+01,-1.676115598712399457e+00
1.309918505973429248e+01,-1.193304048865468836e+01
7.746971365587869585e+00,-1.839592507966084423e+00
6.703926156546236026e-01,-5.311326647268072243e+00
5.238046654056245366e+00,1.826216135645563199e+01
-1.240293407668540304e+01,-5.069858920912126088e+00
3.442247814860660782e+00,1.784797078804228576e+01
9.628568776468238166e-01,-1.385252683524479700e+01
-9.220643744459648516e+00,3.354946732794620079e+00
1.579619472296061744e+01,5.373036643512312693e+00
-5.778509897984148935e+00,2.918238979873220007e-01
-6.321564611966032032e+00,-1.377281537217748664e+01
9.923329287848721592e+00,2.543241096106067189e+00
