4.484188698091696068e+00,5.949812515558237536e+00
-9.633020581639504698e+00,1.023238100153828611e+01
-1.496563991482650557e+01,-9.716420500424725049e+00
4.778346814675688559e-01,-5.212651586581060315e+00
1.656452075285329073e+01,-1.198788692099262754e+00
-7.350029489991169562e+00,-1.747869560966401181e+01
-2.600049537473499317e+00,1.379412454567647295e+01
8.507943672790505119e+00,-7.827432145263325758e+00
-1.894389038165687467e+01,9.069252278896575703e-01
3.772262706527945930e+00,-1.848845348469416194e+01
1.316666595102699766e+01,-1.153175197573768607e+01
-8.469442609868849114e-01,1.443204544013634916e+01
-1.983419824727025160e+00,-3.989695161012591917e+00
9.809122610560008226e+00,-1.408408201551407402e+01
-5.598652555185544166e+00,1.100217331902425499e+01
-7.480435922892541889e+00,-4.732883912915031743e+00
-1.283391018354794788e+01,8.451647361211447773e+00
-7.724692113499922463e+00,-1.356986372654809081e+01
-1.786276389632271755e+00,1.598934847094661826e+01
-1.351361927029333820e+01,1.015849484578848205e+01
5.273528008465067529e+00,-4.144838258755027205e+00
9.614849567790811236e+00,-6.342714915183120361e+00
-5.519783072429483184e+00,-2.382400327748803726e+00
-1.357256082279032228e+01,-8.553019147702856984e+00
8.576685883285687373e-01,1.375181001960980964e+01
1.740128466724870648e+00,-3.952126038071585246e+00
-1.063550837773821200e+01,7.290466475206317520e-01
-6.791752679416561911e+00,-1.066922075138621473e+00
1.719689183769054353e+01,8.068376022973481554e+00
1.080637613726273827e+01,-2.461191688333141059e+00
1.731401560938644835e+00,3.719778100274771404e+00
-2.093320272449363806e+00,-1.520150235889591883e+01
-6.439291456022379734e+00,-8.952184144384894182e+00
-1.313441766975292690e+00,-7.443785737869343500e+00
-1.091363295481692752e+01,-8.326046058023768737e+00
-3.197933485549969923e+00,-1.378729110534514746e+01
8.123852490937812476e+00,-4.913704166616450486e+00
5.950572328115137033e+00,-1.704373620857391103e+01
6.746372319728820344e+00,1.723386884417161258e-01
1.372745178194115567e+01,-1.157279737998896163e+00
-1.235695989704600528e+01,-7.108257641370355984e+00
4.523619953299695240e+00,1.022529372263065994e+01
-2.848128500787980855e+00,-6.449895207868168612e+00
-9.506764142312079668e-01,-9.225995271776969986e+00
-6.882585897208160830e+00,-1.542410363907952053e+01
-7.283254649166783778e+00,-1.063741726653514164e+01
1.616974992410387557e+01,-5.653842056823518369e+00
-3.579608303217879151e+00,1.649177884283726314e+01
1.371234493325532711e+01,4.765084066601091628e+00
9.319985097099120708e+00,2.173473899612580418e+00
-4.067760618677896289e+00,7.421703061566315540e+00
-5.237083999349288810e+00,-1.045580468287020537e+01
1.510655643636958700e+01,-2.554420343036413410e+00
-9.297283095883239312e+00,-1.458190667647650685e+01
-3.087192082360916690e+00,-1.873781649495025192e+01
1.372039512679570628e+01,6.601379353602569111e+00
-7.201838667998659460e+00,-3.000972496516934207e+00
1.130529582368726249e+00,5.774515226885892361e+00
-3.788208693681557993e+00,4.842688040082312462e+00
7.609649518558035730e+00,-1.401690307429713123e+00
4.258466377163456329e+00,-7.981035885486291725e+00
-9.064805619511188794e+00,-1.010913673894248710e+01
-1.437097398138730142e+01,7.417725417868235915e+00
5.075693556640041848e+00,8.416254854031695487e+00
-5.321084247856225247e+00,1.033261484363247884e-01
1.751210414914553981e+00,7.481177561290960121e+00
2.363393623182014736e+00,-2.269297706752051447e+00
8.962528898171891356e+00,-9.643205457601473185e+00
4.593816360758857797e+00,1.693421436900620236e+01
-2.834400818994821325e+00,3.224909204209289726e+00
-7.973136727136491686e-01,-1.717974005971039375e+01
1.399025897563044474e+01,2.907952427009913965e+00
5.961561172674788800e+00,4.932926001794396775e+00
-3.144546453358053828e+00,1.068504550700219902e+01
7.259002321915648537e+00,-9.138722856160290675e+00
4.771701404587082029e-01,9.420631306297829966e+00
7.958317388506914725e+00,-1.307802687285444243e+01
1.093203797302238378e+01,5.087636018396106685e+00
1.073729357917763805e+00,-8.766265221897775461e+00
-1.503018463453436659e+01,-2.760150467179784073e+00
-9.155748680179787158e+00,8.480390258470897891e+00
-1.236689006472303021e+01,1.372151676196285308e+00
-3.491384327382506036e+00,4.829750532483070291e-01
-5.091247748442293997e+00,-1.378254932973667835e+01
-6.975211174402670800e+00,3.914371363768518020e+00
-8.577570193162962653e+00,-1.769372992728212468e+00
5.918535085075894209e+00,-1.344038388238010207e+01
-1.184055602972711974e+01,-1.147953974626506302e+01
-4.394960029949221969e+00,-1.702683359865252299e+01
4.006025094450943236e+00,-1.343820749632317479e+01
-7.088933635311458481e-01,6.377029064656261959e+00
1.295065225604560055e+00,2.016737734647482405e+00
6.349780410464935798e+00,-1.531676054446948676e+01
1.441697523855524565e+01,-5.302851006993916094e+00
1.103716786852392140e+01,-7.493424507389777389e+00
1.398192431584154605e+01,-9.860483089031978565e+00
-5.202582981608573576e+00,3.685575093120243562e+00
5.521500848445823451e+00,3.223938301635770554e+00
-8.710698560696100046e+00,-1.637058041799259556e+01
6.491805376429302221e+00,1.218781408773377350e+01
-4.250598919443016932e+00,2.164829934163998715e+00
2.038906945706310925e+00,1.869079508984441418e+01
-4.070747700153669157e+00,-1.184506266338050784e+00
1.311681477838903653e+01,-2.831961246264366405e+00
1.211961601527080745e+01,3.768970149373295442e+00
-7.706073509232970409e+00,7.362453399306039259e+00
-5.868478594621764799e+00,7.586358557834373073e+00
8.207982867412866312e+00,9.721495438582502757e+00
1.429616935311419290e+01,-7.163520821219909962e+00
2.671941416890983856e+00,1.370915640544455094e+01
7.396506401988900414e+00,1.388297160360743554e+01
-8.645573905518902924e-01,-1.941823587104568150e+00
6.428859143118199615e-01,1.128091727195838523e+01
7.077018993769944588e-01,1.559627916160804872e+01
-1.038629578046401569e+01,1.194757844774411737e+01
1.816326192832257824e+00,2.527940695403447791e-01
2.801429198446847124e+00,-9.087191866137613872e+00
1.505948245962958154e+01,-1.136378463085350710e+01
4.923061115270932930e+00,-1.109949835820986053e+01
-2.912401321689033207e+00,-8.342359870631064211e+00
-9.119328031949750724e+00,-5.519727020778454118e+00
-8.123361479437999577e+00,1.364781016357044408e+01
-1.578281861571295686e+01,6.189252311478864677e+00
5.056197364786080506e+00,-3.254714434022527580e-01
6.874900866554177092e+00,2.015661296780463907e+00
8.013457069585173898e+00,3.398462509472096826e+00
1.031596829827867801e+01,4.503218728965107109e-01
-2.021397310296144667e+00,1.884646069389547307e+01
-2.622275185766213657e+00,-1.703275155794673879e+01
1.169248207861404865e+01,1.010084243940752913e+01
3.276716531631670204e+00,-7.304189100496967235e-01
1.176056582636681824e+01,1.196578462768014894e+01
-6.071162618032571068e+00,-5.892074308176360908e+00
-8.528066085081501768e+00,1.541228031127358911e+01
-1.851183951416929541e-01,4.607971504932348417e+00
4.055992214612539337e-01,-7.084782044870935991e+00
-1.216997110576201813e+01,-9.636532847605911556e+00
1.153804371955711083e+01,-8.193997767852810865e-01
3.515880794223632755e+00,7.555864200260780983e+00
-2.480976188847267672e+00,6.606019994580483612e+00
-5.128096621109213160e+00,1.360690122790728651e+01
-6.637894572212525546e+00,1.259468737265403426e+01
-3.827458973134783005e+00,1.233923381592680890e+01
4.434992154170853240e+00,-6.159127822704646427e+00
3.647611390559863942e+00,3.119974924953329509e+00
-8.155144480858966816e+00,-8.445929633944899706e+00
1.354907201979822950e+01,9.789491234139086728e+00
3.424173483652553696e+00,1.532772754287775285e+01
-8.172347199784137928e+00,5.209353893762843413e+00
1.271852535667500206e+01,-8.029203135495091459e+00
-1.080654077906811139e+01,-1.295733795332679428e+01
3.285069893773634231e+00,1.366570662447282647e+00
8.167120363178502984e+00,-1.122710473242650409e+01
8.857626647013750798e+00,8.042701168323311833e+00
-9.554887779775146583e+00,2.805902274058523993e+00
1.516486616086120520e+01,-6.948419756831425431e-02
-1.308242338728707033e+01,3.326087526753005896e+00
-1.410807114157623943e+01,5.545017253287359615e+00
-7.847571972177808775e+00,2.303148640965583915e+00
-1.120093407888160186e+01,9.205710864553033446e+00
8.541361102928572535e+00,5.587829841893575678e-01
-2.059802450042109712e+00,1.631372593443362051e+00
-1.287134715101380111e+00,-1.893874099923781529e+01
-1.131877173929994207e+01,7.420302227633799319e+00
2.348137654443745781e+00,1.183252304292282631e+01
7.807866399663531354e+00,6.559036971570425756e+00
-1.575038674162065888e+00,1.161238258030113357e+01
-8.122324249708094968e+00,1.715954317028422693e+01
-1.181248789834155843e+01,-1.778677288477145568e+00
-9.494065597633673192e+00,-7.257565235412395843e+00
1.895849341311534531e+01,8.159163525856298893e-01
-1.407303429523265237e+01,-6.557339227673982585e+00
4.178196768238568559e+00,-2.353185902252568074e+00
-1.182503044771425849e+01,1.087887822613861566e+01
-6.231540385404296778e+00,-1.236910519278220022e+01
-8.191875359683075786e+00,1.129636037978334429e+01
4.154438987675180606e+00,1.271131974882234772e+01
-1.616146620090188790e+01,-4.303849622157839283e-01
8.055560101239013449e+00,-1.487280328935863238e+01
-3.348751306815092588e-01,1.326281351017893462e+00
-1.235682092548071509e+01,5.938212502720412012e+00
-1.434279905640566533e+01,-1.029923159141029609e+00
-1.122394045850900746e+01,3.544100132123740199e+00
-1.019777357269556184e+01,-1.015781153152457872e+00
-4.056569810546007737e+00,-3.466615525163563749e+00
-6.808120577124396888e-01,1.739873765698790464e+01
6.212770669005760915e+00,-5.752099381909201448e+00
-2.603664914095465743e+00,-2.286861125333103928e+00
5.049354987194845101e+00,1.444923504330560160e+00
9.409610516415519044e+00,-1.197592620176836320e+00
2.822693644330403817e+00,5.090945446676792052e+00
1.141406956068445488e+01,-1.208262793531342894e+01
9.546159619012248854e+00,6.231366630006095697e+00
-5.256201799606320613e+00,5.890155793905477388e+00
-5.723261108669194464e+00,-4.141422024401830271e+00
1.213272866116722426e+01,-9.858116213389653382e+00
1.193139763714169277e+01,6.718791615020802688e+00
3.576052607359007318e+00,-1.518090466067708988e+01
-9.626949747514135680e+00,6.665700774828718700e+00
1.368889888565815482e+01,1.033847467555753408e+00
-1.267189504078375828e+00,-5.621182851125039015e+00
5.412592934852900051e+00,-9.368417963100020174e+00
-1.787992020462168874e+00,-2.870070737712225872e-01
-1.686364988962915490e+01,-8.724210473175284974e+00
3.178943471707704749e+00,-1.094755575718021490e+01
1.428936926957288689e+00,-1.054019099697159589e+01
-6.770197414050931062e-02,-3.538445697502981435e+00
2.309495130539096053e+00,9.180703324450474767e+00
1.550942426370281346e+01,1.096283404717522103e+01
-6.036799343607651025e+00,2.076289236424490259e+00
1.377671584999443333e+01,1.170787761832910689e+01
-2.158856770461643926e+00,-1.071106026819594526e+01
-3.731147783225833514e+00,1.830355324657249128e+01
-1.961122883691225338e+00,4.818233646332307885e+00
6.919394529641961888e+00,8.443014796929313448e+00
8.151015259818278125e+00,1.156902651189775000e+01
3.504552426119741160e+00,-4.092768555889173321e+00
-8.914541693171674552e+00,-3.646390613768669464e+00
9.952244086911886001e+00,1.093110623209253873e+01
1.051140415961723384e+01,-1.056726285191759018e+01
2.389646282647218456e+00,-5.655447793624678532e+00
-4.582063513879528038e+00,-6.971412863961491624e+00
-7.114469493885327900e+00,6.907492387944814682e-01
-1.067040699454376451e+01,-4.104145873999134331e+00
-1.488134841658305696e+01,3.869857912059746941e+00
1.034939559528912234e+01,1.302597325400096118e+01
-1.528210180852185651e+01,-7.885070407600071718e+00
-1.368923697791928573e+00,9.758908380430533214e+00
-5.394445186351071619e+00,1.666676491716249231e+01
7.566794250760022322e+00,1.565882859728714926e+01
1.156027256697534966e+01,-1.427312894351384642e+01
8.754844552479879027e+00,-2.929113607739224800e+00
6.954194293822074435e+00,-3.499799801828872514e+00
-9.288956580255827156e-01,3.005408992641737331e+00
1.590275546372176230e+01,1.658718869000808560e+00
-4.664244807047736252e+00,-8.760512559448349279e+00
-1.028843088791061255e+01,1.596314780311886494e+01
-1.002430041912292502e+01,4.839510372554592266e+00
5.617572711290072185e+00,1.386217661316430316e+01
-1.102303289229983285e+01,-5.875955488763187518e+00
-8.885864636654044801e+00,4.616631531010965128e-01
-3.943687664840967999e-01,-1.094525886409041959e+01
6.295008567902681484e+00,-7.586743703852583565e+00
1.055230188110462031e+01,1.576442811016534051e+01
1.674257545060587304e+01,5.865889396558388924e+00
6.071061614177897248e+00,6.862414962866737689e+00
5.951107406166861402e+00,-1.989284623209333747e+00
-1.349819997534755522e+01,1.336295129872643450e+01
-1.425845108111885917e+00,-1.339509311801429092e+01
-1.443808282978087654e+01,1.179376258725330473e+01
1.261476672485991912e+01,-5.743506388704744836e+00
-7.679079495379610876e+00,-6.695852532791447764e+00
2.749445801442507609e+00,1.701414220805289190e+01
-4.164449751222272234e+00,-5.228108092935527473e+00
9.639565534366457911e+00,-1.219151062875724101e+01
8.365434232875311737e-01,-1.281937920302062661e+00
