-2.721919565022825616e+00,-1.995569364611644303e-01
3.551568101050291970e-01,4.466209041998100204e+00
1.142927352962182574e+01,6.019034062364482907e+00
-5.605267332636954869e+00,-8.695355251522771667e+00
-1.413404629854801975e+00,1.269545817949619604e+01
5.685606525259630395e+00,-1.235306631847679526e+01
8.911209428450119319e+00,9.066304813176913058e+00
-7.121345401168397427e-01,-1.171228344763208806e+00
-5.354756851686743424e+00,-2.664501147838622686e+00
1.181625307158973648e+01,-1.061917809270651780e+01
1.475368797976398483e+01,-1.160063369852974979e+01
-1.026473984247437876e+01,-4.712577988913668747e+00
-3.603396044154247857e+00,-3.170528906768509181e+00
-9.538115551363265610e+00,7.361319645215522733e+00
1.006867469994689479e+01,-4.342028054114445368e+00
-1.433092555333354134e+01,5.034145402214291742e+00
-5.999779410791157286e-01,-6.911301139953074824e+00
1.075373011921500499e+01,-5.969190874532537272e+00
-4.133755934127630205e+00,8.789577461488734755e+00
1.496356070513723147e+01,-1.684910173142266654e+00
-4.286099019396170995e+00,-7.358904553082957989e+00
5.562891525453114383e+00,-5.591979507168246322e+00
-1.559199435081949936e+01,-3.204729614859057385e+00
5.112656902758606847e+00,8.939729088897632181e+00
-7.747913037867466990e+00,-6.391920799803287423e+00
-8.378149400090572740e+00,3.087755352765508832e+00
-3.497285862987256966e+00,-9.123527374294523540e+00
-1.004426062787964824e+01,3.806361238130485880e+00
1.498537109502790798e+01,-7.979373438084991221e+00
7.166379849071200958e+00,2.574136959145238990e+00
1.305830089621850476e+01,-8.649074347421008113e+00
-9.207757714824204243e+00,-1.207994905623429283e+01
3.576341637699723464e+00,5.683341228406323609e+00
4.726236436074209735e+00,-7.195293178487908392e+00
-5.985166427975284975e+00,-6.879151938917670073e+00
1.904849642561022627e+00,1.743205357358882424e+01
-5.576557702907966707e+00,5.723189563670874946e+00
-3.015490719438772782e+00,1.021513836959413091e+01
6.221522621803349473e+00,1.506838710099530410e+01
1.097223399076048622e+01,1.306565275660885028e+01
7.428654712585617048e+00,-1.262673820852434758e+01
-4.131899722042478018e+00,-1.320371368387665179e+01
-1.241969443150581931e+01,1.435379091927336148e+01
8.199469514436451334e+00,-8.156033407091019427e+00
-7.396459519548956862e+00,-9.025004233710030022e+00
-1.083831006481309167e+01,1.092123530322162495e+01
8.209134648064720707e+00,-1.083475916247959248e+00
-5.953172162583370230e+00,-1.287290403827310392e+01
6.542524667136853544e+00,-7.406097843946702675e+00
-1.363617427427978157e+01,7.267069584195394505e+00
-7.089682058177341872e+00,-3.127052031882136873e+00
2.113780407672236628e+00,4.604724395423414052e+00
-1.149351549783028581e+01,-1.135849918071621190e+01
7.743011972588950131e-01,1.091725003288591012e+00
-2.308533820192385289e+00,-1.930049220286355505e+00
9.613378476137562245e+00,6.453214987966315874e+00
7.733136790422361351e+00,8.647709864844721483e-01
-1.652065353895043831e+00,-3.633647780168683283e+00
-9.294441625846436850e+00,9.557840427901297176e+00
8.937695961852353932e+00,3.014783719767769821e+00
9.104054593641484061e+00,-2.608096965646657939e+00
1.313871997129910163e+01,5.583841967731507872e+00
1.344312309910087855e+01,7.343661990289517938e+00
-1.706768299355145402e+01,1.974049467880264697e+00
2.799266993330484787e+00,7.641011304988660768e+00
1.407518200096114214e+01,-6.347011567870017301e-02
-1.277586807232266963e+01,-1.398665076421433007e+01
8.917017377029401004e+00,-1.628409421712618865e+01
4.018900805840623924e+00,-1.321385799393321037e+01
-3.732274980236881756e+00,-1.760448089917969128e+01
4.167307143908552725e+00,2.150923162398094224e+00
1.048648522663653537e+01,4.457332959418169871e+00
4.939939068859649396e+00,-1.406038798372684306e+00
-1.529519800544351682e+01,-5.026403045400125169e-01
-8.342922005546492770e+00,4.902316978336279440e+00
1.037637910699278265e+01,-7.741642549569072607e+00
1.594760440074656671e+01,2.441190400141294070e+00
-8.487457713746837662e-01,-1.156078645495179735e+01
-8.338551357886210269e+00,-5.730745172204749771e-01
-8.143301799477010050e+00,1.300443459437879756e+00
3.818811350902042712e+00,-8.880205651842688397e+00
1.863921427036756340e+00,1.417747261485456711e+01
8.962710546350162455e-02,1.453526785982730729e+01
7.610051552974475442e+00,1.387259107695823168e+01
5.876064921895756576e+00,-1.443172665120421350e+01
1.185794803574529865e+01,-4.390375916652631716e+00
5.533232466312080433e+00,3.333627173502166752e+00
4.563254482107168997e+00,7.231011528251714893e+00
5.600861436785511849e+00,5.591524504787217964e+00
-4.643665514223900281e+00,3.872524709395969711e-01
-1.282658438479858631e+01,-2.722947185293560501e+00
8.029383896827209099e+00,1.075938141185837260e+01
-5.316000577495501922e+00,-1.461765753120189792e+01
1.687584207655703494e+01,-8.109500070699779073e+00
6.920820922229244943e+00,1.213893222015551210e+01
2.256603215007710883e-01,-9.580937100160493713e+00
1.247684779059469129e+01,2.033237943924944169e+00
1.001321124598678169e+00,7.866662861532131679e+00
3.408486303303301046e+00,-2.450793672272132184e+00
1.148046252474510087e+00,6.108610192492064606e+00
8.746092598679839014e+00,4.806751950359188008e+00
1.094232122724202405e+01,-2.758607916552918926e+00
1.068457775421543587e+01,2.685250580378068186e+00
-1.000947135637679075e+01,2.240004701624875305e-01
-6.417115938479776460e+00,-5.108958401208973932e+00
-2.047380610895486175e+00,-1.847730152340823651e+01
6.342930487871709655e-01,-1.828455939206010683e+01
1.118653419363386092e+01,7.196540222859413305e-01
1.080245210377200138e+01,7.824334478612497534e+00
-1.250925582058191265e+00,1.567331672320817582e+01
1.130077991331446541e-01,2.721394413194201611e+00
9.475775017613479179e+00,1.275775253004037824e+00
-1.007038648629250410e+01,5.674242934858730436e+00
-7.961618847389343445e-01,5.854105584070744328e+00
-1.271830123030867021e+01,1.112888046961821686e+01
-1.049832276173983026e+01,1.408381691107507550e+01
-1.034121265732564865e+01,-1.002581898197161081e+01
-8.173266175591487936e+00,-4.630817807924143104e+00
-3.878647657341854210e-02,-2.835935930626721557e+00
-6.174300188280994028e+00,1.438061133158301530e+01
7.337683358258424882e+00,-5.783681974385048719e+00
1.063051540128405570e+01,9.572735656014000227e+00
6.810960546763817902e+00,-2.247159999152705812e+00
1.394949797718098061e+01,-6.547409347903093924e+00
-3.272476150397580774e+00,-1.108104548405173340e+01
-1.104044806837000969e+01,9.107480180852581597e+00
3.713208381330336039e+00,-5.762048238049329640e+00
-9.835736288196624599e+00,2.008701131131774620e+00
-5.605482628361205144e+00,1.266703049134651948e+01
-1.359441006196329660e+01,3.403202128868887399e+00
7.501758262817457279e+00,-1.520514417504312910e+01
-1.168837612104518797e+01,-1.007389931122078863e+00
1.451047121742551482e+01,1.160705936910712666e+01
-4.756196903970931089e+00,-4.516307885149267953e+00
-8.303482189164109073e+00,-1.358849153153837186e+01
-7.052004584310727964e+00,1.086553527680446507e+01
3.113231646640939765e+00,-1.645807564784716348e+01
-1.461904888958319404e+01,-5.053466605605258621e+00
6.508966920751496410e+00,-4.862325316624937499e-01
-1.734464744442645978e+00,4.261265531013137320e+00
-1.380411722033880118e+01,1.299686254204476121e+01
-1.212819181260246104e+01,-4.360126530275816314e+00
3.230534236988958252e+00,9.619991767970997643e+00
2.798251257152799543e+00,1.590300238763973795e+01
3.549431564424583740e+00,1.357108247920422528e+01
-1.717929623234129721e+01,-7.004437375774250629e-01
-9.159178664943066650e+00,-8.627360825413449064e+00
-9.955398491252109849e+00,-1.544307323167995349e+00
1.440192155084432324e+00,9.610104161964336811e+00
-2.001784528490838877e+00,-1.517532089872641343e+01
2.900382296389577341e+00,-1.467397869880935701e+01
1.220904778215884789e+01,-7.017781446563409631e+00
2.591953863699297589e+00,-1.214739707351003162e+01
-1.697810889546353730e+00,2.456827282586507621e+00
4.986454779961040806e+00,-1.026955544341917026e+01
-7.862828811419644737e+00,6.705536703198246684e+00
1.242201825250981440e+00,-1.659903268061212600e+01
1.819357283765384636e+01,-1.494646713763764012e+00
1.454409021282031667e+01,3.662444890070283954e+00
-8.543318633586338251e+00,-1.035353433278166158e+01
9.398372396382962179e+00,1.396322518849984995e+01
3.802366847386491333e+00,3.940787350229802311e+00
1.713795938991447665e+00,-5.911192929101956040e+00
-3.252010876941966888e+00,3.309866970212957504e+00
-1.889064799392139227e+00,-8.197193843683857395e+00
1.100696582452806105e+01,-1.310536640452134627e+01
-9.273525675184592032e+00,-3.244459572777063983e+00
6.396784911124136386e+00,-9.196598006473420739e+00
-2.688925986476454533e+00,-6.620485947002502591e+00
1.779686990829345206e+01,3.199904074187983616e-01
1.843534603829365537e+01,-3.706241521545642126e+00
-4.143429593881853279e+00,-1.349809830444897329e+00
-1.884997452537485074e+00,1.890439606430577868e+01
-3.309060189968161314e+00,5.114253224291887001e+00
-6.265110579718266015e-01,-1.405056809226774384e+01
5.347229914618990776e+00,1.311569206433262025e+01
1.626130061281622119e+01,-9.776565641200543055e+00
-5.515086150426017575e+00,-1.818196427104011192e+01
-1.724089654376398784e+01,7.707167373176195824e+00
4.755823534363119443e+00,1.069580980320082908e+01
9.053650096896950217e+00,-6.446834216398357853e+00
-3.044301456459466149e+00,1.338389555618481630e+01
-5.545967568119454683e+00,1.632241348666139658e+01
8.275789643886257707e+00,-4.295519313591347199e+00
5.737861263944954437e+00,1.226579169280157977e+00
-9.451827440383244294e+00,1.549587804451474327e+01
4.656562883137167042e+00,-3.874587741689169640e+00
6.828319336409341744e+00,8.306851418604745518e+00
1.540399129854580096e+01,-5.471298663679911911e+00
1.236863289169482982e+01,3.869444128502337765e+00
1.298619271724047408e+01,1.054675171546533896e+01
-1.883240400179194651e+01,2.438582503274072444e+00
3.543116680642736105e-01,1.101174711667171024e+01
2.095811684234567984e+00,-4.283363535135463751e-01
-6.611916604512323437e-01,-5.126087461534467593e+00
-1.175666762048822456e+01,4.305239561375057811e+00
-1.571093403409064670e+01,-6.518950949731097566e+00
-1.818280220707108485e+00,-9.996609160115321302e+00
-2.618828681421473625e+00,7.847306625740929853e+00
4.830561830485043728e+00,-1.593415281624537805e+01
1.265729836772909245e+01,1.236994053892783363e+01
-3.784918785691819276e-01,9.361862485374942366e+00
-4.065230389558076141e+00,6.804469227339500215e+00
6.941562761873537823e+00,4.416974233925900606e+00
-9.623355113984565889e+00,-6.467982254992460156e+00
-1.262715369820505629e+01,-7.621158163301708477e+00
2.557059575740678881e+00,1.329965953297409298e+00
3.805105193041926626e+00,6.775087996779068089e-02
-2.977637221388409472e+00,-4.864563642080518946e+00
9.951664411115000775e+00,-6.176483249558597510e-01
2.714174012147831383e-01,1.839853452973910919e+01
1.236688692654042399e+01,8.894132968944743922e+00
-1.079329730853176450e+01,-7.878036617743287451e+00
-7.639336032821026912e-01,7.618103628910951386e+00
8.013391867088014209e+00,-9.913341260535762700e+00
-1.547360252785488832e+01,3.249201166552178499e+00
-7.251949455941725020e+00,-1.167692717339416397e+01
-6.087858113838681362e+00,-8.785410097592596390e-01
-1.541439997356235025e+01,1.330467171000364601e+00
9.220503946969527576e+00,-1.270007408347679601e+01
-1.148649519938787833e+00,7.244713628763097546e-01
-1.164794148456936185e+01,1.271646461537641137e+01
-1.432507882760642381e+01,1.039765366799117352e+01
-6.205045610619510654e+00,-1.653132629166121603e+01
1.489280004732438378e+01,5.840084966907817865e+00
-1.308638252538841051e+01,9.028268925906816733e+00
-1.893900829951376963e+01,-1.285200226783854482e+00
-1.160921901407922441e+01,7.388165969107667763e+00
-7.549523174818937754e+00,1.261387423108450179e+01
1.011298537285149735e+00,-4.297164396159383948e+00
-2.298295056054919794e+00,-1.330359663617018029e+01
7.657059335707393721e+00,1.609046559280201905e+01
1.673115826472368184e+01,-2.626754204928911651e+00
-4.857610131785485841e+00,2.196712931527561086e+00
1.163989314832500277e+01,-1.101436768705124081e+00
-7.183610341320647130e+00,-1.501943060762577886e+01
-3.221013502078728052e+00,1.540639201255990187e+00
1.009103137383260318e+01,-1.117148617288244772e+01
-4.996794979230466005e+00,-1.042432027314012721e+01
1.818808088111444121e+01,-5.483401400496576983e+00
-1.365108658291254784e+01,1.611683746531388461e+00
-6.506292239460825577e+00,9.185026049222877020e+00
-2.316810762150113945e+00,1.713888582970255214e+01
-4.936987944493697711e+00,4.054008533700823591e+00
6.506518677515910731e+00,-4.020959190495820401e+00
-1.542414844602114776e+01,7.630499209879628708e+00
9.870591422124659342e-01,-1.134957879565008554e+01
2.746451572843930045e+00,-1.027368288468751700e+01
1.652300889301152598e+00,-2.127044541726707205e+00
2.771566715320111118e+00,-4.130860816875623343e+00
-1.167286165118089691e+01,1.493470494950132510e+00
-3.076909546339611889e+00,1.526101018079114624e+01
-6.354094515553614819e+00,1.198896875760071312e+00
2.870604083053095668e+00,-7.370821675779036575e+00
-6.709247855122225879e+00,3.795383714763369110e+00
-5.684523666587915081e+00,7.483780553865710061e+00
