-5.519360221968611313e+00,-9.481692854640414225e+00
1.337754590899745466e+01,1.347751385508832200e+01
2.169993655017940615e+00,-1.985310471927014042e+00
-9.944212542454708981e+00,6.582619898376700363e+00
-9.914716763517438025e+00,-9.512137348933435987e+00
-1.310500685952665378e+01,5.457073398259022490e+00
4.271235103812159872e-02,-4.850539337491731828e+00
1.118796801757781090e+01,3.264603334253924682e+00
1.601140931747015728e+01,-5.846139769879309611e+00
-1.358036098799570901e+01,1.030241975917111752e+00
4.577579307456885793e+00,-1.183232496019653412e+00
8.971436183007394760e+00,1.151860575550366406e+01
-1.606554620475712269e+01,9.424519068649881426e-01
1.616190724651633204e+01,2.089241922094176029e+00
1.638019153536663453e+01,-1.871699885201284719e+00
3.188233110537468384e-01,-1.699763723886691480e+01
-1.086401163866395692e+01,1.164363827039513843e+01
-2.492714667460233624e+00,-9.413510014425314765e+00
-1.364235170129074248e+01,3.764513294835914348e+00
-1.211959383371388377e+01,1.009609124518349255e+01
9.013298353010574360e+00,4.847650054054181146e-01
1.450291868074992685e+01,-2.541391394505957191e+00
1.304506192914317708e+01,-1.380599533866778650e+01
-9.810787117538477986e+00,-5.159818072277098544e+00
1.209091991465702876e+01,9.205858027891695272e+00
8.739509161400408344e-01,-1.519479677446512866e+01
1.075813986916465126e+01,-1.101072394767568596e+01
3.745942653397250854e+00,7.124259420883598537e+00
5.543503203809566848e+00,6.952147735154872166e+00
-1.371064751658433778e+00,1.722282917674805347e+01
9.963229148404501023e-01,-6.370457775921478216e+00
1.281230662461415726e+01,-3.048602803691584207e+00
-9.912959495825109713e+00,3.540169011431355983e+00
1.446849755032837415e+01,6.734470495685862979e+00
5.258420874892953734e+00,-6.372406829916125837e+00
-3.957489685525898970e+00,1.853625144959173809e+01
1.100215134357244828e+01,1.077021567079546438e+00
1.038889294641297312e+01,-6.343508132545446765e-01
1.177326285157667485e+01,-1.248694804942570791e+01
8.222688775968729047e+00,-8.526838050875142017e+00
-1.911087401989031820e+00,9.421066237572105706e+00
-4.950470788937707312e+00,-1.759249598729626385e+01
-1.907884202695544040e+00,-7.612014496816284392e+00
-1.231435121203006489e+01,-1.049133839985985794e+01
8.778395425039041911e+00,-4.986717675020432949e+00
7.499455579835157870e+00,-1.179862029247945188e+01
-3.712737645005119269e+00,-1.303647754545242599e+01
6.318637470325677796e+00,1.476658269556617320e+01
1.028555357752013499e+01,4.784062917918150859e+00
-1.069884492681934418e+01,1.870878539277735397e+00
-2.183962734813774009e+00,1.880825391138968783e+01
8.734045348275904175e+00,1.340824237556279996e+01
-8.746336803831685103e+00,5.208842254406185646e+00
-2.352561780242811817e+00,1.119534479632812030e+01
1.218109534028331176e+01,-7.233833275981845112e+00
2.783928631552084365e+00,1.188118105076642905e+01
4.972758956573430922e+00,2.535615794127223488e+00
-1.279373277800216258e+00,-1.561925575146780787e+01
1.045018357888482186e+01,-8.096528201856049378e+00
-1.126214585362508558e+01,8.512985758211451426e+00
5.770409055466969583e+00,-4.661273191155311579e+00
-8.008439219764250439e+00,-5.599720295854792695e+00
-1.483225021745734828e+01,2.414048352445614665e+00
-1.395756487974754734e+01,-1.250863002753889575e+01
9.285296376752167902e-01,5.753418821314076226e+00
-8.603412545696587088e+00,-3.728424466581241159e+00
1.287318146789963924e+00,1.726844277591780497e+01
-8.099164744144950134e+00,3.521379467315090217e+00
3.271514420410523094e+00,-3.450869713161769159e+00
-1.761485810560420751e+00,1.540090430544546507e+01
-4.715332933484289057e+00,-1.549665474897982520e+01
-3.959098510113391534e+00,-1.040140244793351165e+01
6.631393834752849159e+00,1.800759400432322632e+00
-3.636716630646481097e+00,2.247337395289719542e+00
-1.139672881956690986e+01,4.618773816843365410e+00
1.223678698643690765e+01,5.155947639147409056e+00
-8.782254987743195462e-01,-3.054932452284819799e+00
-3.477614567888486441e+00,1.680934768426116932e+01
7.060705297659088941e-01,-9.419511329574389080e+00
-7.729994363549952396e+00,-1.396054073619820146e+00
-1.003058042575374786e+00,7.845351452910073853e+00
-1.461481235557035596e+01,6.385549098104825738e+00
9.456162257786261405e-01,1.164828262826351235e+01
-9.106857867636476200e+00,1.502877905896830235e+01
-8.774437094798464010e-01,6.040998028857711866e+00
-1.110391171419986911e+01,-1.639388872848513534e+00
1.829498197058575970e+00,-1.363139498964050489e+01
9.612604134268904588e+00,2.318353769559560629e+00
9.215245809115566455e-01,-1.117526091633139806e+01
-8.563679878495836562e+00,-1.288891684448140396e+01
-6.834751099892287129e+00,9.829035146479675689e+00
-1.449269967217814070e+01,-2.286435899742643052e+00
1.264396558099881140e+01,-1.084352571627762885e+01
-1.239656136711357881e+01,2.369679785313445475e+00
-9.685667446078172205e+00,-1.469347479437249682e+01
1.190660762749427271e+01,-9.221841848951422449e+00
-1.613128932421122030e+01,-1.444304606639337463e+00
9.078330690508241929e+00,-3.202278593088426106e+00
-1.290891689038041967e+01,-1.357505548874383017e+00
4.214760720153689633e+00,8.953335311077223579e+00
-8.840794423289477066e+00,8.621231464510229259e+00
8.166614266280824097e+00,-1.545828317387943240e+00
-1.616788820530133108e+01,-3.353029837331969798e+00
-4.301326906530527516e+00,1.162277039536843048e+01
6.994672196507956130e+00,1.311087543514338627e+01
-1.460374549773064068e+01,-4.342405681002188267e-01
-1.270308763839123056e+00,4.279073921751886722e+00
7.905576055163924920e+00,9.630580312457114545e+00
-7.520452154649587939e+00,-7.282060960654660242e+00
-2.679917535232412273e+00,-2.736617306683340800e+00
1.541295521995660422e+01,-4.116025753787028840e+00
-5.243546294961887178e+00,1.418398611740633530e+00
-6.867146258526222624e+00,-4.236613425406889455e+00
-5.181801023338509005e+00,9.049122004824669219e+00
-1.660048844567820936e+01,-6.588519417117369770e+00
4.538912396257699378e+00,-1.217686727610089648e+01
-8.532749299431349854e+00,1.056353945832143459e+01
-1.216785234116797731e+01,6.984296036503814697e+00
4.395708259722812983e+00,1.071627998709053919e+01
-1.488434075927463418e+01,-1.097419148191772642e+01
-9.117370813418348985e-02,-7.749440912921924607e+00
1.370284456198471545e+01,-4.690609171315056614e+00
-2.713287551358840588e+00,6.436810272405836919e+00
1.764342044553049327e+00,-8.008866002248028693e+00
7.601434754736243526e+00,3.275548594617577969e+00
5.024043714245113534e+00,-2.946161745944174459e+00
1.423579323817269149e+01,-8.895960227513970864e+00
7.424380857912060705e+00,-3.841354216843772651e+00
2.470192650737266682e+00,8.409374084513800085e+00
5.875182068276995295e+00,9.584328990214876498e+00
1.193500957790578454e+01,-5.114167602354868336e+00
-1.201144742273591248e+01,1.303378494708772628e+01
-2.994111892133894948e+00,-1.607102378318869995e+01
1.330252251315847678e+00,1.375298361264661651e+01
-5.074285572350985873e+00,-1.182887963165876499e+01
-1.259603863052478445e+01,-3.902693229667618890e+00
-3.637396827434502544e+00,9.961176386650699044e+00
-1.366695897855275454e+01,9.030858748235816691e+00
1.206380522494413654e+01,-1.254286661648620793e+00
8.727478876601779234e+00,8.036885412584259925e+00
1.281034976741877962e+01,1.384252440455515876e+00
1.459608102941889030e+01,1.172444639809646638e+00
-8.539328915524465602e-01,-1.102809545359999177e+01
1.238812212601508023e+01,7.056124194935561533e+00
-1.658693295065670625e+01,3.121030751545834647e+00
1.016494459357588909e+01,-1.553543669181397391e+01
2.288206395518684211e+00,3.609593853458441526e+00
1.434623623044092611e+01,1.196749480167322588e+01
-1.766143173670069544e+01,-5.575627281728218892e-02
-9.089848590074022239e-01,1.032319956338745959e+00
-1.491813407444825756e+01,-7.322196170262551540e+00
4.030981556666592525e+00,1.003159663348948571e+00
1.577945145983277619e+01,-1.296046924620976315e-01
-1.702919098138778864e+01,-8.408834722080369417e+00
-3.867466086697611605e+00,-7.882548276183650060e+00
-5.454014639286551835e-01,1.070389449621199951e+01
-5.677348488154644990e+00,-7.707233494984898847e+00
5.655203269942682631e+00,2.718865131824394488e-01
5.846070815800902487e+00,-8.056198819265700806e+00
-6.683051867644102195e+00,1.534240731009373171e+01
-2.651603137618628647e+00,6.782385499141793117e-01
-6.743857243358487352e+00,8.049861108246096464e+00
1.236984999255099282e+01,1.132103871045737620e+01
-2.222320414920418319e+00,-1.399060233345444360e+01
-1.126657972283243758e+01,1.882995102922155328e-01
-1.208785412222794697e+01,-1.231453063700657680e+01
2.975642042893245520e+00,-4.062812670708094709e-01
7.113810006299535749e-01,1.553214272566838439e+01
7.508743874596220280e+00,1.612678278127455300e+01
-2.560844828215885549e+00,-1.156712386991599928e+01
-7.862100079023393917e+00,4.417277117397220842e-01
-1.445321150841171054e+01,-4.104531821214956189e+00
3.914214655212766569e+00,-5.091590246132198239e+00
-5.054531069822770561e+00,7.196445848560619751e+00
-6.422809501662166021e+00,4.268600668375650109e+00
-7.842655642285465412e+00,-1.457206532179755243e+01
8.204651991593431504e+00,-6.734797465573222119e+00
-3.281391966898654644e+00,8.191842401891536340e+00
8.714380555771208403e-01,-3.247293704719802943e+00
-1.185841421365645232e+01,-8.654537999617208044e+00
1.491215519087141494e+01,5.025157248080060590e+00
6.882319217328750405e+00,8.139262791058271773e+00
-7.626789690153411350e+00,1.378067542325900696e+01
1.367297992237831394e+01,8.348470109859244204e+00
1.407199619923440892e+01,-7.036720028597451826e-01
2.368535470463362103e+00,1.844088628325530665e+00
-1.040460358135794827e+01,-1.296242738001816619e+01
-1.058378228169915936e+01,-3.485738573427980214e+00
6.571859780308884069e-01,9.366651589540147427e+00
-1.341906423466025622e+01,-5.543345673980128119e+00
6.016442933054392483e+00,4.088414235559221233e+00
-9.402821407724811564e+00,-2.092503040811827031e+00
1.553186773500924645e+01,-7.604421631811219662e+00
-1.877649331429390278e+00,2.572814098901325952e+00
-5.057369284617887040e+00,-4.291770553112264075e+00
-8.141404256446120868e+00,-8.949555152145324044e+00
4.148777802672000803e+00,-9.534426314924260737e+00
5.033040268788708360e+00,1.300145079526320835e+01
1.411394935214612367e+01,1.011034132349541181e+01
-1.308675834194953147e+01,-7.310007890635706218e+00
-6.457970131638466782e+00,-1.592979414122448567e+01
1.707873445623964415e+01,-3.505121436852902672e+00
2.034905116048797424e+00,-4.768489987025723131e+00
-9.039249455714083226e+00,1.229694927023449580e+01
-5.293676966415833185e+00,-1.383193607556857430e+01
1.060787783531086248e+01,1.368233816613483000e+01
-9.521103902558650134e+00,-1.400065475046014529e-01
-8.888631018533981631e+00,1.884527249109853253e+00
5.475511350354220763e-01,2.221346112531808359e+00
1.023999512066408712e+01,9.049637514568644292e+00
9.375743052125141475e+00,6.338110466158173750e+00
1.676223919840321486e+01,5.407725612435232421e+00
9.960234559535058096e+00,-6.336901187130449919e+00
-1.058204624366917912e+01,-1.115491500102164402e+01
-6.263619796045473365e+00,-3.420755180997135381e-01
1.387205046001164810e+01,-6.477419848317111040e+00
7.026103147880372823e+00,1.127518189697671858e+01
7.786545788959011727e-01,7.578420224344304401e+00
7.303860814807839219e+00,6.346422675830266869e+00
-1.026365554045170647e+01,1.355152318150524238e+01
-3.140425721741449738e+00,-6.211175255665110306e+00
-1.017198493530135295e+01,9.891793768759479022e+00
-2.388411841463295993e+00,-4.513250396901390182e+00
1.306654099265687874e+00,3.205457086988249826e-01
3.992110432604498271e+00,-7.754338969256078684e+00
1.584222088860635935e+01,1.045677421976582089e+01
-1.678112928107485402e+01,6.610929520264767767e+00
2.942106940480618160e+00,5.522641457700744105e+00
2.672865505212563164e+00,-1.519357253940802366e+01
-8.640175708460622772e+00,-1.099327774225652554e+01
2.346843553762032464e+00,-1.012341962569199261e+01
-5.772130868048301444e+00,1.378050580018092752e+01
-4.738797557631404089e+00,3.665806021927650260e+00
-5.996682868816450629e+00,-2.229398446646969845e+00
-4.452261672998119479e+00,-2.411178497777742846e-01
1.727263538675867593e+01,-7.880574784594990057e+00
-1.291780726385686418e+00,-7.457259768539599154e-01
-9.302635920425116112e+00,-6.968493571948391363e+00
1.030870765127096078e+01,-1.365027679761841739e+01
2.779003891445726460e+00,-6.472647783792432996e+00
-1.359030240648130272e+00,-5.949105249321700484e+00
-4.909905743970051972e+00,-6.056694540827469275e+00
4.040758943998331354e+00,4.085273644492757761e+00
-4.293779257545044525e-01,-1.399276020288558442e+01
1.758172649824081191e+01,-6.511432424206528569e-02
4.676637451006051549e+00,-1.406926004351085346e+01
4.567626763311415372e-01,3.994025439661843091e+00
-1.137649363936812641e+01,1.521615114831257820e+01
-6.938640403747060148e+00,2.122347303456847634e+00
6.374931467681123287e+00,-1.523533092491032859e+00
-1.155674626445290620e+01,-5.322095660581791066e+00
3.903411406325948407e-01,-1.473394425627444937e+00
1.334142812639171005e+01,3.082756686498145715e+00
-3.319592326268912430e+00,4.720981394895702898e+00
-8.103530898372238056e+00,6.864039998315642599e+00
4.443719658068192579e+00,1.490462646193777019e+01
