9.461987599662704085e+00,-1.211359781559206894e+01
-1.187870759420833977e+00,-1.572471385897712626e+00
-1.824606233504449193e+01,-5.127317766372794239e+00
-6.398429868323249892e+00,1.338444481419499077e+01
3.580048589518016744e+00,9.821885684352361423e+00
4.029859540104907545e+00,-1.097396733804537616e+00
1.049785854580176014e+01,-1.057859387844419885e+01
-9.210365563861360627e+00,-1.286388217227773723e+01
6.692218507985438158e+00,1.416372842481714223e+01
5.628807033100314605e+00,-2.804389087310506512e-01
-9.284412074645732593e-01,-5.631171083410581701e+00
-8.922072935398619009e+00,1.347423387676374151e+00
-2.993766207890150799e+00,-1.179665059339632727e+01
8.764586628492587295e+00,-4.538022472883886493e+00
7.152436728788305054e+00,-6.577208534402332774e+00
-6.016581616787340714e+00,-6.803850240926995196e-01
-1.274135693663432889e+01,7.066040091299119474e+00
1.112236878439632015e+01,5.722354575907019347e-01
-1.054449116739901626e+01,-6.566926921352192359e+00
5.812540538061416129e+00,6.603344513921470593e+00
1.073378209999818544e+01,2.414592459895817278e+00
9.328889243333957637e+00,1.654587772391415967e+01
7.550181241510539820e+00,5.741258354300438960e+00
2.022881629102132539e+00,-1.496566762976986986e+01
-1.282157527333836811e+00,6.252079752353592035e+00
-5.555800051402417949e+00,1.125489546847245670e+01
-8.484840466034732742e+00,1.472673417520468675e+01
5.751627803661556015e+00,-8.597008732990303770e+00
1.543472151841352336e+01,-1.358140822059512809e+00
4.176396046584497590e+00,-1.211130574909556934e+01
6.903948423390482425e-01,-1.385668683570360882e+00
-3.365942731340435312e+00,1.155131957508642948e+01
-1.226284655546573354e+01,5.366317957360512203e+00
-2.587086727200127445e+00,7.591440472916969995e+00
1.064427887158741015e+01,1.198549040613351124e+01
-1.280748943305612997e+01,-1.186927655405749782e+01
-7.220716263199101759e-01,-3.853245487192621610e+00
-5.804716487878957665e+00,-9.619357511442691688e+00
1.205255045076144249e+01,9.849826281730830857e+00
-1.174555337492398444e+01,1.055954513014425888e+00
-9.788686193042448025e+00,1.149536675757967963e+01
7.201264425583219220e-01,1.663673933982482467e+01
-4.107623285253737322e+00,-1.035947147947039682e+01
6.235137426190783039e+00,1.243536043441135597e+01
1.338261258887478178e+01,-1.184269568433787390e+00
4.012729130196383664e+00,-5.196785434255823510e+00
1.298929325126964685e+00,-1.851955200390783673e+01
1.039183832737912283e+01,9.088503944837066584e+00
-1.627284887412023595e+00,-1.773647263860697620e+01
7.172286372031940971e+00,2.836797456605261392e+00
-5.817463021505464127e+00,3.134637380548594532e+00
2.265793451989855267e+00,6.899143438671353046e+00
2.779711455732073233e+00,1.677895489186959566e+01
-1.045040308444895771e+01,2.303369680263910535e+00
-2.125045442190984235e-01,1.816616668516632060e+01
1.738131071421243945e+01,1.737464325671497445e+00
1.962521391093778433e+00,1.054182398673594889e+01
5.565928816588401773e+00,2.053006238157268015e+00
-4.972634596313349142e+00,-1.204664126285972792e+01
9.919492222527264147e+00,-8.887879132425210216e+00
2.852965669215601352e-01,1.131311369944610590e+01
-1.372143796662429693e+01,-8.731624222147230441e+00
-7.729018412548604111e+00,-1.423834883716414623e+01
1.787791406166444885e-01,9.563660440496462911e+00
8.338798279870303531e+00,9.285340564240240013e+00
4.594183057863792108e+00,1.703802952619859212e+01
8.902997053475008471e+00,2.271518209954070500e+00
1.559533205948588552e+01,-1.081876634137110393e+01
-3.290614686251064569e+00,-7.991241949723491445e+00
2.618382693940112471e+00,1.726609459972112459e+00
-3.413494296151021068e+00,9.764139042748833930e+00
2.363656300037051849e+00,-2.135932960979598949e+00
4.148621139235468824e+00,1.532546706392935398e+01
-9.542023335067524314e+00,-1.088021537596693911e+01
-1.558036388543657225e+01,-1.069005466880319499e+00
-7.342317869431495225e+00,4.043819073685330778e+00
-5.455203007397046555e+00,1.801593373331150261e+01
-1.189308215558229342e+01,1.261348215928882865e+01
-6.722729030226901159e+00,1.527321947361440380e+01
1.335385725141744295e+01,5.267461591181718639e+00
5.370004300427482669e+00,-6.751500020052134232e+00
2.171966478691964575e+00,-1.304493287145431601e+01
4.048822653334341659e+00,6.231868082702481715e+00
-2.562914842220950451e+00,-6.373361474203288246e+00
2.736012210583037341e+00,-3.866858025280113242e+00
1.030419915375900786e+01,1.507674443723455049e+01
-2.699240308081220174e+00,1.571355444109926758e+01
-4.620256905344525045e+00,-1.793408036135612349e+01
-7.109728907904933948e+00,-5.552818954991689537e+00
-8.010471273558289695e+00,1.177664725233718102e+01
-3.779980141870860066e+00,1.726637642810446849e+01
-1.498693792356579557e+01,9.210070014088428181e+00
1.047538382368604992e+01,-4.929426049467881654e+00
-4.069377601604530881e+00,-5.322877061525204567e+00
1.447920307711778776e+01,1.980004020701856771e+00
1.840993859351893303e+00,1.522324594607593440e+01
-7.651721037013524018e+00,-9.073838971982853607e+00
7.052241520520292184e+00,7.995783815963662278e+00
-9.264334017749089156e+00,-4.183256611820509896e+00
-5.644585916376889223e+00,9.504425839894631522e+00
5.884244841759699973e+00,1.575065996007742797e+01
-5.783532916885249620e+00,4.948753467845698140e+00
-7.429239436030387722e+00,-3.796368983470431946e+00
-1.018867703887953269e+01,-9.147284756721653309e+00
5.869232697589495951e-01,-1.391241251411180890e+01
-1.384729315721949128e+01,-6.965534505538047760e+00
-1.208240949365787742e+01,-9.625403651010371320e+00
3.532576515253920579e+00,-1.021991997387109130e+01
6.267188889084089887e+00,1.793618690428782969e+01
1.352087462968266607e+01,-1.144930286525401542e+01
1.427409806578714857e+01,-2.746959826482213707e+00
-3.045505824546156592e+00,-2.724290761167564412e+00
-5.783783513289107781e+00,-1.364444776025195516e+01
1.571210930938280725e+01,6.312309566559874963e-01
-1.181580831915970542e+01,1.066710278704491266e+01
-4.474980215022025476e+00,1.523233189627809558e+01
6.162012965222677385e-01,1.392558598460294661e+01
-6.588117940405402884e+00,-1.765678568726118058e+01
-1.154040076640884038e+01,8.379986274857889939e+00
1.686098502244102448e+01,-5.697103131698773026e+00
4.152712450662580324e+00,6.836758808883579563e-01
-1.780509561969098087e+01,5.248822677138917925e+00
3.675914139887907162e+00,8.020893954576875373e+00
8.333213827619832870e+00,1.496261442111125461e+01
6.744382033581074465e-01,2.558978197852752601e+00
1.274157937949463104e+01,1.449932258618890302e+00
1.166830981063765593e+00,-1.011332534302918162e+01
-1.144644957490507764e+01,-1.385040098777062578e+00
2.985983069090294428e+00,1.383274537187470798e+01
-1.765065536276290104e+01,6.878537521026092394e-01
-9.981520868627500320e+00,6.359017566084049555e+00
-1.574936224281628938e+01,4.806102996659581628e+00
-1.256761827675454235e+01,-4.123273113305564230e+00
1.367567059103371818e+01,-8.144155970880911255e+00
-1.018041632536446350e+01,-2.662961818371472944e+00
1.819269392525969309e+01,-2.262119564049129394e+00
-1.467339663580659703e+01,7.369352378602989972e+00
5.980437968662780657e-01,-6.713022293713318156e+00
7.633046647642852456e+00,-1.171153687317235992e+01
-1.314411322936381632e+00,-7.751033011609078649e+00
1.349816843417854884e+01,-1.334614210422899916e+01
1.242009742813638162e+01,1.170892480314393680e+01
-1.558753369874108152e+01,-6.333596780084615574e+00
-8.830539444988694697e+00,-5.936999712823941344e+00
-2.045603825640745388e+00,-1.027173148560850890e+01
-1.518084957894953346e+00,-1.296075223155598799e+01
-9.048274487056776394e+00,-1.307505432841836512e+00
-1.721352178367413899e+01,-7.912667090635201461e+00
1.191289303862501470e+01,-2.343392079653137117e+00
-1.185214517941854773e+01,-7.750574964780454046e+00
-1.172586149557523072e+01,3.617586588943456860e+00
-1.520971498670774835e+01,1.828750916417273498e+00
3.774178053727852422e+00,-7.610040495040471420e+00
1.161180918885014179e+01,5.796092170414361533e+00
-1.315568729949805693e+01,9.401136611903842422e+00
-2.929396758046028282e+00,1.048794678447840134e+00
-1.305398363470186318e+01,2.288445633635886711e+00
-3.674288902189405959e-01,-1.112425915129944620e+01
2.632535296019201887e+00,5.158532546363749915e+00
6.431601965961415424e+00,-1.032734810067087849e+01
2.583253349673124699e+00,-6.286906776048563295e+00
1.083110489863923886e+00,8.356025325312769203e-01
1.457836088820738496e+01,3.856866944311065915e+00
1.062199862931400673e+01,7.259672571919564277e+00
-4.436753221533989766e+00,9.301744168429203208e-02
-4.418927089250402673e+00,2.055834628983616685e+00
9.364635959487360495e+00,1.078243909753836149e+01
-1.092055739204677778e+01,-4.837682095158062801e+00
-1.375459831138911149e+01,3.911718091060966351e+00
1.462612773033047020e+01,7.027627099992140636e+00
-1.654711061200459099e+01,8.303763690641554618e+00
7.196300003231976383e+00,-3.505064197438853668e+00
-1.026793560760183865e+01,9.786390380188379368e+00
2.418584400336146079e+00,-3.409914628711240847e-01
7.586984497908231262e+00,1.027428349900753490e+00
8.806685419183692076e+00,7.406155405796219782e+00
-5.854759873953342186e+00,-2.936340251494749420e+00
-2.902368886379303348e+00,-8.577243686646839338e-01
4.839397283554517593e+00,1.357364275601156045e+01
-7.659536212115909848e+00,1.010169518696720364e-01
4.250839024030776514e+00,4.230570280321635401e+00
-1.017511568602408545e+01,4.521892657254195313e+00
-5.963539093659005808e+00,1.135564524784171692e+00
-3.930957341284381013e+00,-1.571370933132989478e+01
-4.310115719632131359e+00,8.250066170910995922e+00
-7.355595892206404862e+00,2.272671853871318870e+00
-1.807780386843311859e+01,-1.571910530967944419e+00
1.003586057948592192e+01,-2.906359741892453830e+00
-8.882112672241894158e-01,-1.505941207856446695e+01
-1.598344498791811930e+01,-2.972818535689516484e+00
5.511435940806990175e+00,-4.195264165001908907e+00
-1.305103259022626583e+00,3.047733584452931854e-01
1.168963963746358026e+01,-8.392504171400371860e+00
-1.356017842668913254e+01,1.120670902354387088e+01
4.835578791988601188e-01,6.463444921219861250e+00
9.387878658234191098e-01,4.635915132175161268e+00
8.550886945281717999e+00,-1.013540629365595258e+01
-7.867109260118848368e+00,8.106085833698911003e+00
-1.409535980379632747e+01,5.665030792543382709e+00
7.503863881146894066e+00,1.653139982121553686e+01
1.290496580463651899e+00,-5.053302012231802642e+00
-1.408027496735254758e+01,-5.107681414441323398e+00
-6.780589364260944940e-01,3.881677919441692826e+00
8.419071057464707408e+00,-7.896176362980905417e+00
-5.094696004579279958e+00,6.600770057212102415e+00
-5.381063146586752000e-01,7.911508787297410805e+00
-1.606389025597459863e+01,-9.633310266825606760e+00
-2.834560629896607509e+00,2.914870397961389248e+00
-1.771928687748469500e+01,-3.349924551521030747e+00
-2.325103663424354927e+00,4.629635683986429662e+00
-8.893399629052922251e+00,3.190923993717689644e+00
-2.450480318248322131e+00,-4.383304019476900848e+00
-1.158276011254808280e+00,1.667849498911433770e+01
3.673967197806198293e+00,1.864140458842744863e+01
-8.824288871449455840e+00,-1.568611702265062746e+01
1.809257375624154562e+00,8.661998301443945891e+00
8.409188643291589216e+00,-2.122859920984390136e+00
-3.431480230355096417e+00,6.030493423899556227e+00
-8.419868721135928880e+00,5.493278997908617178e+00
-9.004196059038346300e-01,1.482434604682355506e+01
1.865777664456424567e+00,1.239450548187526024e+01
-9.645395431932335839e+00,8.090770252908971116e+00
-4.137757829380683816e+00,4.106254733513488908e+00
-1.405372266148624583e+01,-1.048297496335610646e+01
-1.619883351723782727e+00,9.371032761524334731e+00
-1.652942584642672230e+01,6.519406097726815119e+00
8.388322053493780572e+00,4.187593246807116643e+00
9.342005773993220075e+00,5.512565229391039878e-01
2.232157659524903082e+00,3.443653832816847782e+00
-6.883143434231405955e+00,6.473924265864415162e+00
-7.358404010226860414e+00,-1.990859565741812220e+00
1.042780563669221117e+01,-1.184334950023819610e+00
6.110869567975281136e+00,-2.018155436028542304e+00
6.328962160780510438e+00,9.650733209688194592e+00
4.819855187321893553e+00,1.118212847431216339e+01
-4.462951257680818351e+00,-1.681085738724657830e+00
-7.050199494340476214e+00,-7.355048494983942753e+00
-8.936684287155511441e+00,-7.855361233064817483e+00
1.529489252055495463e+01,-9.051458247916729150e+00
1.171370054802390293e+01,-1.271341910206555248e+01
1.198704830067922522e+01,3.821057192335325148e+00
5.966640624146262617e+00,4.834520251710905825e+00
9.659986787483000326e-01,-3.189808989969760145e+00
-1.217890328668104427e+00,2.128698122212628441e+00
1.063324781500913474e+01,-1.420181442436223662e+01
-1.014884328820950543e+01,8.053147682343124447e-02
-2.466632384978605597e+00,1.390318135239300013e+01
2.369338281667734858e+00,-8.712408034552693081e+00
1.023612177054961947e+01,4.156377551889826272e+00
-2.581955063930963412e+00,-1.436436306631352977e+01
4.323843321369237991e+00,-2.879325826875242633e+00
4.301345495509769079e-01,-8.455767130831366885e+00
-5.508879481136417233e+00,-6.415643277146316770e+00
2.470149023170554070e+00,-1.715972730872314500e+01
-1.416660829923309528e+01,-3.152764559797253341e+00
-1.231483346077076924e+01,-5.992504202752479969e+00
