-5.231259210253419667e+00,3.540878308922905671e+00
-2.665012138013650222e+00,-1.967583109879125491e-01
1.411604339397899111e+01,-1.240308139672666954e+00
-2.820323363665397043e+00,3.365594785022294921e+00
7.059061094614934362e+00,1.220240073376758794e+01
1.141470050757011556e+01,6.132521096429587537e+00
1.348278246775203115e+01,3.631753904252426945e+00
-1.067839650875921542e+01,1.336871191395718128e+01
2.504390884986467114e-01,9.602343317489317798e+00
4.731905000280085538e+00,-1.613130118732014395e+01
-7.087639168881362473e+00,6.593991478022509511e+00
7.863063164613653733e+00,-1.373926104859758635e+00
-9.011928709344513067e+00,-5.113775200381585062e-01
-7.825616353384156731e+00,1.263404594787067303e+01
-4.414211529039723025e+00,1.849852121503031965e-01
9.016749537482970922e+00,1.984086620584393890e+00
-5.708548329980051683e+00,-6.775739862719023066e+00
-5.446528344567806101e+00,-3.465189368976935747e+00
-9.778897771283521223e+00,-1.293278124567612153e+01
4.236557409223202342e+00,8.459343423295203834e+00
6.756990380747166514e-01,4.056916133106628131e+00
2.215409429149115539e+00,-1.066535831325334271e+01
-5.187379829274730847e-01,6.119120298927117396e+00
6.238844438081827093e+00,5.420688178680067359e+00
-1.071344927549072423e+01,-2.763759299399755509e+00
-7.383841807088703746e+00,1.009978417437184106e+01
4.300371449617197861e+00,5.338825991677714988e+00
-3.656871196504321908e+00,-1.719474054090774917e+00
8.212892338849995255e+00,-1.509060250990061114e+01
2.909332376691223576e+00,-1.241966631252820336e-01
6.412943146487198653e+00,-1.544762239422531280e+01
-1.517569356724078489e+01,-5.757527403100229257e+00
1.337730381391405743e+01,-5.634177646853456345e+00
-1.745582810748828262e+00,9.871416806586335468e+00
-4.359715944021141709e+00,-5.250845085090035447e+00
1.117740409571733018e+01,1.354777428670858441e+01
7.289613813175328083e+00,-9.534207018053699301e+00
7.005469054330415446e-01,-9.592071595272486206e+00
1.382597231104425184e+01,9.094157261364259170e+00
1.657982289176277035e+01,4.825622158542803852e+00
9.585539059803283024e+00,5.629981684808476494e+00
-1.349300236308424950e+01,-4.973313791146505736e+00
1.260301625655763935e+01,1.396694026293228141e+00
2.796266871851166069e+00,1.383148878656687586e+01
-1.185970378597796326e+01,-4.193635723033932727e+00
-2.026334030112430629e+00,1.540471931577951636e+01
4.691948232720754675e+00,4.017447426453855663e-01
-1.382390161297035469e+01,-7.753340233958278205e+00
1.767893730450272427e+00,-1.238509195381521089e+01
-2.904257659953697335e+00,-1.090147660325810719e+01
3.016531623630075210e+00,-1.381564128192626129e+01
-1.472682631381145058e+01,1.879585601503918513e+00
-1.676276438409877656e+01,-3.241831676453156508e+00
-1.099384492401688895e+00,3.726410011288146418e+00
-7.175336880373595072e+00,-5.353669124087089282e-01
3.837740243916363259e+00,-4.901505789020876414e+00
9.007867606909250924e+00,-5.335108596729926766e+00
6.310956366927317873e+00,-4.366712406371591748e-01
-4.251455191223821872e-01,1.625566979049495231e+01
-3.451244175438414441e+00,-9.192393368259887509e+00
2.017267987766038218e+00,2.891321714317016678e+00
1.180747900791888050e+01,-1.269215144340058821e+01
1.593002045569913783e+01,-1.301275254550072535e+00
-1.313016605980323526e+01,1.104270046705343056e+01
9.271346941273488795e+00,7.577956853867262588e+00
1.232679037021348734e+01,-9.269135651681081001e+00
-1.824990682825597688e+01,-5.112386545717836128e+00
-1.561253870034892577e+00,-1.868540307162157177e+01
2.029305526128391879e+00,-2.176818660510853043e+00
-1.268325776923685666e+01,-1.269597239018630574e+01
-2.731736250882852435e+00,-6.032741567610695022e+00
1.355976524969922004e+01,-3.453770791811414220e+00
-3.278515382895469177e+00,-1.824119087822017349e+01
1.215131386921976420e+00,-5.959294138057293910e-01
-6.030071790983216218e+00,1.126269428798449290e+01
1.126087430553984348e+01,2.565060167443485195e+00
1.601853585101263278e+01,-6.494139410570680226e+00
-2.227850461015223438e+00,1.158129355793426107e+01
-8.580670862611842864e+00,5.531014087018928826e+00
-3.473004941757998343e-01,-3.861818435205138567e+00
-1.443174221775089583e+00,-1.192892730001835133e+01
8.909484607873700668e+00,1.118651799943144987e+01
-1.950852099823505492e+00,-2.420918463430056455e+00
1.395129613402263935e+01,7.310609312268018023e+00
-3.288330463968758277e+00,-1.551620819816880648e+01
1.001165503950729097e+01,-1.183971166248321616e+01
1.054375771589439559e+01,9.463486245488023085e-01
3.748292457126622068e+00,-1.207418286544120178e+01
8.397884514774844433e+00,-1.101825946766469499e+01
-7.871874277863972758e+00,3.878112090024378844e+00
-1.371190509264287272e+01,-2.781064981996240526e+00
-1.076904505414645641e+01,3.017942362454704708e-01
-1.253590580834392121e+01,-9.405792735671665739e+00
-7.986221513464960786e+00,-1.256387906121283393e+01
-8.685114226463650056e+00,-2.273671973097532550e+00
-5.446297605221726457e+00,-8.535128666231710071e+00
9.562976196542512852e+00,-1.797705861202193445e+00
7.473849098716482509e+00,7.829588807700787356e+00
9.897493126117290485e-01,-7.245054797232155508e+00
-1.108627822437524024e+01,3.848153669706128266e+00
-3.644572045551881523e+00,9.624845801889367891e+00
3.542888484980802222e+00,-3.143564394195942580e+00
1.147050866254415347e+01,-4.500921254317906239e+00
-9.262561869938849668e+00,7.252156798556538497e+00
-6.093657741722358523e+00,8.732056302840301987e-01
-1.077575261730547496e+01,1.159435490956337844e+01
-6.521578621720854896e-01,-1.390594543694112240e+01
1.108874782638802081e+01,-6.306154806749794339e+00
3.344775085508035151e+00,1.625510795954925980e+00
-6.339442838398394287e+00,4.947956016740436169e+00
3.014066780377663513e+00,6.584846024920619101e+00
9.062117513376904299e+00,-4.642572385436741916e-02
-1.543190861479929943e+01,7.723494943305526661e+00
1.481045779233974891e+01,5.224627647237615413e+00
1.063476498951827232e+01,1.055899517471815230e+01
-1.129778489525774088e+00,1.790266697501638049e+01
-7.768402824654531358e+00,-3.921404635811926109e+00
-1.158981120715273860e+01,1.987690512583152325e+00
-3.342083597028361108e+00,6.539795272316354158e+00
3.047317433576133272e+00,1.565552935630158693e+01
-6.710513626180659053e+00,2.549431086778098265e+00
1.531568023692187097e+01,-2.978140598404209971e+00
-2.202707941685057680e+00,5.095814222102807101e+00
8.582695207773388901e+00,-1.308445666388215400e+01
-9.248084486868657805e+00,-7.716311767377767694e+00
1.478788198114081354e+01,-1.070552214119987333e+01
-1.614587095022627539e+00,-9.674713555325073600e+00
3.143165998622194035e+00,-1.691083145929393439e+01
1.009724348866381183e+00,1.378715508611392693e+00
1.251920834691248174e+01,-7.468721376341625806e+00
-2.077570399697106218e+00,-1.683019646579671047e+01
-1.043633731895906891e+01,5.634096281161948383e+00
1.856931379026887186e+01,1.579702890962258355e+00
-9.545018822639184108e+00,-4.122358939443319770e+00
-4.316880383022908774e+00,2.014079824787371020e+00
-5.107317540098856856e-01,-8.274796227524186421e+00
7.533294657284478113e+00,9.016020065301046937e-01
1.351574893452815651e+01,1.258083503600508557e+01
6.628224347166389308e+00,-4.190935187687686359e+00
1.432712623692654219e+01,-7.168930325029494455e+00
1.406866500137977560e+01,-8.959120947967020854e+00
1.815485794195089431e-01,-2.158058928263519860e+00
1.735944954635808202e+01,-7.714696534151614493e+00
-8.944593678222251043e+00,1.119084975021237582e+01
1.060800115026366619e+01,8.757216302388496132e+00
-1.450308018889662875e+01,9.358468037307673626e+00
1.315361698685099556e+00,5.834056698847586375e+00
-7.638897244968687605e-01,1.895076492072878871e+00
-9.739125081386271532e+00,1.850481744028581010e+00
-1.033430859035028071e+00,-8.570176848369709388e-01
5.527951394987719702e+00,-5.574621783969955224e+00
6.919824531875832463e+00,-1.370558471795967392e+01
-1.204427782056882279e+01,-1.438923945708919128e+00
2.483086607035806637e+00,8.437871166837597414e+00
-2.717420402640471355e+00,-1.372248433492136144e+01
8.145440148235939759e+00,-3.149962385111893415e+00
-8.106562262583187461e+00,-1.454560257303528736e+01
7.873026396449954945e+00,6.096141866923838748e+00
4.187374485853248451e+00,-1.398052925168397076e+00
-1.510623527385149600e+01,-3.952967822527485797e+00
-2.019704343508759603e+00,-4.406999574461925917e+00
9.887859560373112089e+00,3.731887419509089643e+00
-4.028767453227197315e+00,-7.328450509914505417e+00
7.280518819252039808e-01,1.832235968814449478e+01
2.286860868574994488e+00,-5.880509603518962791e+00
-4.929790052384807275e+00,-1.025968075254154144e+01
5.780635101183272617e+00,-1.044639650460012881e+01
7.316577933183008753e+00,-5.853101042325162595e+00
-8.296296657300146649e+00,-5.679891560604561462e+00
1.589191953325106788e+01,-8.711532228176105619e+00
-3.587664622703526707e+00,-3.526638651061225094e+00
-9.399003189066256203e-01,-6.501806373073305778e+00
-4.411484176724025374e+00,7.999835775017511530e+00
7.326097681687395280e+00,2.706834814720900262e+00
1.110222030204306343e+01,-7.845834773584972055e-01
1.217748277457152284e+01,7.729751063067419992e+00
8.068463324246286206e+00,-1.719594747145881186e+01
-1.450048236288916215e+01,-1.227130679650163003e+01
-1.022426770980807476e+01,1.599126167254613051e+01
-2.581694831040269644e+00,1.559190247115801897e+00
1.248898196136820404e+00,-1.421693367145131326e+01
4.611840932922581793e+00,1.372647686899195207e+01
4.992259518862875112e+00,1.628246208720736021e+01
8.862784147614444663e+00,9.310047345459988577e+00
-6.902725998680556252e+00,-2.323160662772163043e+00
-8.157316650857509011e-01,1.381171601381856995e+01
2.202982590739472002e+00,-8.531311920273216387e+00
1.168660664558045426e+01,4.310334461489072844e+00
2.495787117821524070e+00,1.876082723325226453e+01
8.190262874137150817e+00,4.294465100456360318e+00
5.345455634899455966e+00,-2.994182239711837834e+00
-1.439741074847900038e+01,1.238629312427740992e+01
-4.190800605999077000e+00,1.134627183920529170e+01
3.922492373760879225e+00,-6.663757910755392366e+00
-5.733936827971487737e+00,9.221041311001281215e+00
4.627485434919656471e-01,-5.420224893055535453e+00
-8.115656712770608072e-01,8.117660582261819968e+00
-7.180251874416848423e+00,-9.034030330299700040e+00
5.099887921002649094e+00,1.026998189050114085e+01
3.953865091112024555e+00,-1.025791003377156407e+01
1.756454281376829840e+01,3.242517193221452487e+00
-1.528399044668918805e+01,-1.917012499935076386e+00
-4.309866584302490367e+00,1.311452166668137487e+01
8.799913804397181405e-01,7.552907794505128614e+00
-1.587897821822688904e+01,-7.413320893968291969e+00
5.643523538037607423e+00,1.921289824911394550e+00
5.690968301279366592e+00,3.741082638439810371e+00
9.851690324918278563e+00,-3.775803201849141644e+00
-6.294742845249301944e+00,-5.117946588808688801e+00
9.445600845307957627e+00,-7.042041796298656564e+00
1.034473413456829149e+01,1.513373162180970333e+01
1.558880580618995282e+01,5.073495054986745245e-01
-1.484675744107596884e+01,-6.145663913328820727e-02
3.353808249384823803e+00,1.006660021515246761e+01
1.124269233916630029e+01,-2.679534603668830339e+00
-7.475442106272708109e+00,-7.284162949702118972e+00
-5.093390016668787545e+00,6.318342087898786374e+00
-7.822017252458277170e+00,8.260212684975066111e+00
1.250280355001208399e+01,1.039244719534510075e+01
5.223989308595782255e+00,1.205344067501870420e+01
2.648946737675497598e+00,4.574006194600987563e+00
5.297924618829401133e+00,6.912178809764492726e+00
-5.423212206870346108e+00,-1.251469184273621194e+00
-1.384447448549289028e+01,-1.058871915112166739e+01
1.681576483564029090e+01,-4.075028935878274972e+00
-1.761932722662900375e+01,2.795847922953725639e+00
-1.644520474143306998e+01,9.334043065395739802e+00
-6.099222183245145423e+00,1.312574117159826237e+01
1.241095272469014077e+00,1.560124567344550428e+01
-1.217000256802140257e+01,7.920329796043016124e+00
-9.256780638909548387e+00,-1.050383189184970334e+01
-1.224019928465624396e+01,5.840326821687987113e+00
1.042813200447694211e+00,1.358575414231759737e+01
1.073182809441567720e+01,-8.243548793558638010e+00
1.070509556612139512e+01,-1.015481253009623686e+01
-1.509375551163834217e+01,-9.042148465713051309e+00
-2.571293908928639738e+00,8.200890984244081139e+00
1.499445552931187420e+00,-1.604979784729180992e+01
-1.002848342817478766e+01,-6.077985778321128407e+00
1.207695748024364235e+01,-1.459353558407506135e+01
-4.045973413190425139e-01,1.135474874247510613e+01
-4.042229986603526726e+00,4.866475633084318630e+00
7.600680822083111465e+00,1.564657173800859269e+01
5.858148672420058212e+00,-7.367896896388676176e+00
3.979533181086629678e+00,-8.450298263813152744e+00
1.691887379388694157e+00,-3.997208441097372500e+00
-6.680147524217946220e+00,-1.074758117270073043e+01
1.622793234111350458e+00,1.135249930969352050e+01
5.215479087392147939e+00,-1.319816296117616794e+01
-2.257175518243963896e+00,-7.849839698711845060e+00
-1.046433615326199806e+01,8.690538109230976360e+00
6.186910321327798279e+00,1.458608623707172924e+01
3.965327240090235517e+00,3.401941556160580582e+00
-4.577246405809972885e+00,-1.200452530101078530e+01
1.745377846243422937e+01,-2.322564473101826898e+00
2.403981379595925005e-01,-1.131272924395392110e+01
