1.235881377293437211e+01,8.773920631555645500e+00
-8.238812418507180269e+00,8.736011199783824566e+00
1.772340173360808890e+01,-6.799859068774214421e+00
7.607997254752439709e+00,5.049883266111525160e+00
-2.817112732317371471e+00,6.765409439484782794e+00
1.835316355647595898e+01,4.813797372965751720e+00
1.136615224976230998e+01,-1.471238772943081585e+01
9.049747657315406757e-01,1.374813303944046439e+01
1.922511302125124555e+00,-7.966293718462919671e+00
1.001656086799751932e+01,8.899762912512387825e-01
1.792568759245586563e+00,1.889766724036092782e+01
-1.560038763411659879e+01,-4.816208835087638640e+00
6.381076102670722783e+00,2.186644238668399076e+00
8.032603287386381297e+00,1.571702822845855607e+01
1.302334178985488755e+01,-1.325550434717300607e+00
1.154184739095186707e+00,8.150116967750431485e+00
1.132042336978529073e+00,-1.636287135451603802e+01
-1.279229669868019892e+00,-4.655222757105397235e+00
-4.395269449147601648e+00,9.032405301882887372e+00
-1.537958870771260367e+00,-1.714075513794456995e+01
9.470890711725605371e+00,-1.399785082297865690e+00
-5.472487141213033368e+00,-9.235287092697625155e+00
-1.568865622996384879e+01,2.250828941022650076e-01
-5.899278001845275732e+00,5.977582161461333143e+00
-1.199368587070089376e+01,-8.565994582284002234e+00
-6.657699890316664572e-03,-6.749914195890210244e+00
5.358782983457557769e+00,-1.297210699708594284e+01
6.684606442892577327e+00,-9.075019407122930204e+00
-8.069865960773549673e+00,5.564785757235730657e+00
-6.546026829722484841e+00,-1.064225107619482458e+01
-6.455903347821559279e+00,-2.967791970725481399e+00
1.410151324160070807e+01,-6.982894368524813267e+00
-8.853787362708510633e-01,6.976752290305258342e+00
1.003360936461653274e+01,-1.084335872054625405e+01
1.506687052716791086e+01,-3.400185795732425742e+00
1.575644172247702635e+01,6.918771850413361513e+00
-2.714374931404347713e+00,1.214187383655217367e+01
1.178275052756758967e+01,1.457693104792843286e+01
2.729429267758462618e+00,1.391426146735089731e+01
-7.017478506126860971e+00,1.221133770673284857e+01
1.282006596426423961e+01,-8.214062416954623913e+00
-8.697245678535741042e-01,1.070814292843118842e+01
9.508252030704735347e+00,3.358306254743210317e+00
1.376193829249949196e+01,-4.812823773450020326e+00
1.967307848475026155e+00,-1.835563073138265011e+01
6.102285596175928362e+00,-4.152263716128590687e+00
-1.688284669829399576e+01,-6.750083931127208281e+00
-1.157575238143085627e+01,-1.249562070080290610e+01
1.293308549071877067e+01,4.525735055803349560e+00
-1.381276450243632148e+01,-2.211126892397799359e+00
-7.652461272721851060e+00,2.466948354416490741e+00
5.420018419955058953e+00,1.591549457883931318e+01
-1.680841944850556757e+01,-1.219711340662765764e+00
-2.284318676897878930e+00,-1.877905323521238845e+00
1.717407802232147773e+01,7.989788640548228571e+00
1.443634813461385136e+01,3.573688180780525858e+00
-4.137181296700467747e+00,2.443041316258619755e+00
-8.213436381936713104e+00,-3.420454765522838780e+00
1.008116964903581270e+01,5.555933160330578602e+00
8.105607129072610606e-01,9.931645093349679598e+00
4.010156858039228389e+00,-1.690521737953919867e+01
1.677462368032151829e+01,-8.730655414331375042e+00
1.431579914391551789e+01,5.696528942014158936e+00
-1.787362301217211513e+00,-6.421833188986832752e+00
2.566805961798257929e+00,-1.304582241479605464e+01
-1.255737144815913098e+01,2.464415332133864212e+00
5.843072935881634677e+00,5.889318273567217155e+00
3.295562814978477917e+00,1.565137569732933365e+01
-1.746771921292171115e+01,-4.961850381954381994e+00
-1.668883251796713374e+00,-9.921533728264707364e+00
1.439848094668688105e+01,9.784355724047523850e+00
-6.949055316066634624e+00,1.744864090723151051e+01
-1.078653470891550015e+01,3.128768801200516592e+00
5.423925073443087719e+00,-1.535072492973599800e+01
1.529985792154516355e+00,-1.308084228785675596e-01
-8.205489616270783770e+00,-5.568929107723432637e+00
9.165719041021299640e-01,-3.196452381412046240e+00
-9.359351235409066661e+00,6.778304620316562890e+00
8.554610219040498009e+00,6.623563856750632084e+00
3.361251156469432733e+00,1.598922515621896134e-01
-9.673880522484129330e+00,1.375408883760304590e+01
7.137101191691860080e+00,-1.262180199501878164e+01
1.123676930606187696e+01,2.788881948564939428e+00
-1.103731586149120503e+01,1.348456455724692971e+00
-4.931567315181184519e+00,-5.724904054152997190e+00
4.675798466755570537e+00,2.914976230741523011e+00
8.011571245357488991e+00,1.220036947438019581e+01
4.483049718152996910e+00,1.427805588562631556e+01
-7.948351733186780343e+00,-1.597225409881305236e+00
5.024647390369438860e-01,1.430123922167531925e+00
-6.138465255327396619e+00,8.633785083834672136e+00
4.996966327546418229e-01,4.563970981416421324e+00
8.229544596424181790e+00,8.517040738605185624e+00
-1.509674604346368554e+01,-6.542129848639102185e+00
9.130708954575007530e-01,1.556047259400953919e+01
-1.355715558939261811e+01,-1.081902578027519723e+01
-8.805546446995417276e-02,-1.072677327418425719e+01
-9.058340596608152495e+00,3.686713226205129423e+00
-5.880124634091718150e+00,2.107507239948308353e+00
5.843341858411982059e+00,9.245349772660350851e+00
6.734964152920088765e+00,1.713560186858106249e+01
-1.652856909842837396e+01,-9.349413901675429628e+00
8.002683369998054630e+00,-4.622899728038474265e+00
-3.254992104623708915e+00,-3.419927551411590105e+00
2.945781082917050542e-01,-1.494491412280323672e+00
-4.589762504513066332e+00,7.279279822251258913e+00
-4.739024084985327789e+00,-1.222164161350509026e+01
2.304244915150831741e+00,5.295829680992070188e+00
1.042664999864971165e+01,-5.233123025139420292e+00
-2.973082892093278584e+00,-8.653794360454552859e+00
8.997516580614645321e+00,-1.299354972728617952e+01
6.940679763567988658e+00,4.892291823878538448e-01
7.821114540700502271e-01,6.320954745150570098e+00
-1.157986712988331313e+01,-2.134961361940076685e+00
-7.103520883650622508e+00,1.516250884782778563e+01
-6.890992274338920254e+00,4.087981015622932368e+00
4.067073274253609760e+00,9.197141064302021718e+00
-1.167606730175509000e+01,-6.058306148632448540e+00
-9.978342219583513639e+00,-5.481615288780893103e+00
1.554026235187076921e+01,-5.418214297959999648e+00
-1.338656633992233447e+00,1.449683519276721455e+00
-5.965519517560289309e+00,-1.510000597479135820e+01
6.035897302301155065e+00,-2.309023171410227615e+00
-7.302750609152095507e+00,7.143118027570110939e+00
-1.283106881850136327e+00,-8.142992963035769804e+00
-1.550641589843557888e+01,7.290011423803820279e+00
-6.883391748429438906e+00,5.760377873201163457e-01
-1.440693680852487368e+01,-1.237237680095149450e+01
-6.255992547201657317e+00,-1.115137360521972765e+00
-1.510920011246109240e+01,4.286074020795857642e+00
-3.123319911078054734e+00,-5.203661092844764191e+00
1.667085167862320194e+00,-1.458025003895394534e+01
1.152497433497700463e+01,-2.330444166675520901e+00
-3.593985857721035959e+00,-6.997387739619938429e+00
-9.006133253469311706e-01,1.507381127957153311e+01
1.589019785754504355e+01,4.673927841474288414e+00
-8.630170622494302890e+00,5.135125512905944906e-02
-8.552884237067313045e-01,-2.935786149116131671e+00
-9.700785245340973972e+00,-1.772787219278548321e+00
-7.144165017253333971e+00,-8.455428651423281039e+00
-8.973738004151169179e+00,-1.277605261310425000e+01
-1.430974035005512413e+01,2.567118160437831698e+00
-1.000373470600887060e+01,-1.093218238788076846e+01
3.871692870248104157e+00,-1.583409593211055455e+00
9.486737133364799845e+00,1.100313295251401335e+01
1.332396103180551350e+01,-3.092335224662416948e+00
-1.631033630075073404e+01,5.607847263436306129e+00
-4.172680846578727731e+00,-1.403283008412967092e+01
-4.300252227305016106e+00,1.106665247828080645e+01
5.122068160899625688e+00,7.511497197955564253e+00
-1.743827422257982462e+01,4.853177482514822172e-01
7.894755005306569373e+00,-7.740093174360594297e+00
5.175035236458118248e+00,-6.203721897852006784e+00
-1.225663547075148685e+01,4.251239793006067025e+00
3.432882223514283737e+00,-1.101650849994075365e+01
4.470397539147810129e+00,-3.283216024437864089e+00
-2.175247247778739013e+00,5.081336474165071060e+00
-1.497512260247375870e+01,1.098206750307060098e+01
-3.903213298517402841e+00,-1.014446815541086799e+01
4.062470787464664279e-01,-8.872251606643215993e+00
5.210828081516165611e+00,-8.009087655547643791e+00
-4.949395576752115389e+00,-3.907600432818601366e+00
1.631582765232552745e+01,9.602755607465516263e+00
2.113008393998952794e+00,-1.834316699309157750e+00
-1.344545441116250473e+01,-5.746282970999630813e+00
-1.601859406340737380e+01,2.029868406864176134e+00
-1.688278249000199338e+01,3.637679334332621917e+00
-1.004814768797935010e+01,-1.606992864330019444e+01
8.317176016154887108e+00,-1.121219937635683905e+01
1.423976514369427460e-01,-1.790186765176411043e+01
-1.130498321852323862e+01,1.526030148311793333e+01
1.325782318000841009e+01,-9.973737900780001553e+00
-6.691429550995544595e-01,8.846541178160544305e+00
3.042448154835663665e+00,3.625629131284711537e+00
8.867739193374051254e+00,-6.282281505516623454e+00
-1.179487328176890237e+01,-1.036542652525946195e+01
-1.395086167896860019e+01,-4.033650995860385002e+00
-3.605541580595956308e+00,-6.688785083036814516e-01
-4.183482821315720024e+00,-1.583473324520556069e+01
-1.088617542080750056e+01,-4.266192147714227834e-01
6.092654537730851416e+00,4.021936382615513672e+00
-2.501550674047704703e+00,8.544741681538516431e+00
-1.320265739618732947e+00,-3.193591700630399322e-01
-1.213901046093582536e+01,-3.819655590682480728e+00
-1.222489214026383442e+00,1.329283276927123048e+01
4.052910663151346071e+00,-1.420744011950056596e+01
2.635306289865433360e+00,1.027723063213910493e+01
9.889260985696767037e+00,1.481969447931362360e+01
6.839731695260502953e+00,-1.660007381859402642e+01
-6.581479759776556193e+00,1.034371313335232578e+01
9.631034274918505167e-01,1.168308979896822919e+01
4.716067703766948505e+00,1.757584430230251726e+01
-3.055634986842013401e+00,-1.169723675209065306e+01
6.953646767379145999e+00,-6.113238079627350885e+00
1.003828395867516399e+01,-3.473760085343263082e+00
8.636818420556183207e-02,1.727147384399940222e+01
-3.063621042404128136e+00,1.018685181547538843e+00
4.893129067390681541e+00,-9.994561312663511998e+00
7.490012854310096557e+00,-1.220382352303534423e+00
-2.416336815322544851e+00,-1.366778132238204080e+01
2.827215199399048196e+00,1.746103179715924014e+01
-2.331743564503918176e+00,2.917131667230892234e+00
1.697796580015047407e+00,-6.211114859136376509e+00
-1.052273571743987723e+01,-7.410279769871232602e+00
3.552922480165654040e+00,-8.739229346049370406e+00
2.747891175018562837e+00,1.824366458750571240e+00
4.381103107226760329e+00,4.828620353592101289e+00
-1.007465658777439543e+01,-3.598216202107002992e+00
8.437645171769451835e+00,-9.456976893971113185e+00
2.038539255730236643e+00,-9.833410389621317194e+00
-2.684272922442699105e+00,1.028834206442730270e+01
4.882078116448276717e+00,1.124643785976441102e+00
8.195960681143318993e+00,2.029042380780960553e+00
-5.482928547807026654e+00,-7.446637432381888466e+00
-5.382429031949198528e-01,-1.550983188170306093e+01
-1.401377088561337736e+01,-4.341795465768282236e-01
1.489469194870475377e+01,-1.339595129090342063e+00
1.389960377534777747e+00,2.958281871611612601e+00
1.264657153818844826e+01,1.052273545509106079e+01
1.368677686422693007e+01,1.318464601742890485e+00
6.924173105785200732e+00,7.293563965178243791e+00
1.180761053437653629e+01,1.117037828542329470e+00
3.582153136214393907e+00,6.536596340755820300e+00
1.137234353516745067e+01,-6.786862382212521361e+00
-4.669515061225869346e+00,-2.135279028414402536e+00
-5.133418863507277941e+00,4.004067943788598427e+00
1.592233252626670925e+01,-1.031855235940794913e+01
1.090495752781263050e+01,-8.570154198246003219e+00
2.214366462718433848e+00,-4.454175183005552263e+00
-1.713011277463107618e+01,-3.036980193265628181e+00
3.930779482353535581e+00,-4.961844641065109585e+00
-1.139163788744484762e+01,-1.459653282471678892e+01
2.678418798438403137e+00,1.207506721978159092e+01
-6.557186099926094691e+00,-4.865685947653265231e+00
1.647427740481490588e+01,-2.257296043265053953e+00
1.593145177009164648e+01,-7.182145426462709814e+00
-7.270759546833298614e+00,-1.746835052983465886e+01
1.294467682106370310e+00,-1.181697511666692790e+01
1.481124071821438015e+01,-8.803590180919256269e+00
-1.306341280708694708e+00,-1.220034896027305393e+01
6.568315663735647014e+00,-1.082555816581440844e+01
1.140479386546061136e+01,7.059847459135342618e+00
-5.089441606651738503e+00,4.776288678648057395e-01
-1.865365578094750276e+01,-1.608645709183482264e+00
-7.417648325133027853e+00,-1.371414341283330351e+01
-1.000777308404687105e+01,-9.107287439564267117e+00
8.639628487091494335e+00,-1.674533216391674628e+01
4.495807918672311665e+00,1.246699337345051006e+01
1.352244016617504663e+01,7.306350379106770987e+00
8.345384040607759957e+00,-2.875066467228961198e+00
-2.705534459731202546e+00,1.485558431030163895e+01
1.196551119010362463e+01,-4.248585366344953762e+00
5.397127653882495046e+00,-5.945840152517554156e-01
-8.422465256411804546e+00,1.091350051092996942e+01
-9.305998705584766384e+00,1.704699964694478931e+00
-4.087450815125293069e+00,5.454061687643644518e+00
