1.512045072193345696e+01,-1.947397525838289178e+00
3.368497662110483848e+00,4.153663579857380661e+00
1.129898388381224450e+01,-3.360956227406030061e-01
-1.404657709079997296e+01,5.238801948609633996e+00
-4.208866575521834186e+00,9.483992359790534010e+00
1.667222560547499954e+00,1.373177056085682857e+00
1.324575579779966539e+00,-1.771038201543892043e+01
2.303876132636693885e+00,-1.561685020396472545e+01
-5.263275099822330994e+00,1.449909355874208039e+01
3.117379628034091521e+00,2.385878920555983829e+00
2.229091197132768265e+00,-4.935524881355445537e+00
-6.861583557718614834e+00,-5.320285536299696361e+00
6.814882764247111702e+00,-1.041994641771547769e+01
8.617375692260614173e+00,2.706308375104164998e+00
9.612088394122164203e+00,1.743810441660147981e-01
-4.030464680542993783e+00,-7.498060595013625651e+00
-1.400171930551699262e+01,-3.816040667350659277e+00
7.932167330887933687e+00,8.866296529988042963e+00
-3.047295908039195922e+00,-1.163990059500265417e+01
-6.216737882040996865e-01,8.861511412300403734e+00
5.720299298008104216e+00,8.816586314072793584e+00
-5.773220450619463762e+00,1.806753943735315460e+01
1.650651542144362605e+00,7.666605009892181855e+00
1.179893312150631957e+01,-9.228522154739348338e+00
-5.377614015284417626e+00,3.822116256920206734e+00
1.366380039814460190e+01,3.002380390561315338e+00
-1.632989808729989178e+01,4.701462174949273987e+00
1.018079567426062759e+01,-1.801662473570591505e+00
1.203497214584258224e+01,9.746488813158538989e+00
1.133614100449825379e+01,-6.030270702365561064e+00
-1.142835297831279640e+01,9.562916014040498958e-01
-9.060328514735783045e+00,5.902072302220630284e+00
-1.180628016767587418e+01,-4.260192163200198223e+00
-7.069924338483960291e+00,3.070661208216758808e+00
-6.749184498721881864e-01,1.558277915076422282e+01
-1.107224692033756508e+00,-1.738262489665961397e+01
1.864271914447384493e+00,-2.482165343725287521e+00
2.199243964999571421e+00,-1.076834963760125952e+01
1.791964874973498212e+00,1.536740850879510667e+01
-9.367232338607454523e+00,-8.298214311791324960e+00
-1.473388693465446586e+01,1.430893454583679114e+00
-1.074924784585114779e+01,1.235774332206200121e+01
4.995608344047603566e+00,-1.050241749141215486e+01
-4.264134510800672295e+00,1.303204484707499056e+01
1.045585186800475164e+01,8.492280826869992083e+00
4.888312821738892922e+00,-7.366429755686946246e-01
1.379505433471269349e+01,-1.241418256455145830e+01
1.363690648177410258e+00,1.348835923252952718e+01
1.115679722903898607e+01,-1.391160289925595350e+01
2.757670963464226688e+00,6.221887916396191542e+00
-5.619607758571674161e+00,-1.901789069399111742e+00
-2.605970157614255989e+00,6.098271897670218600e+00
-9.194275195666548939e+00,1.429626930356799264e+01
-8.668298446932025669e+00,-5.498945876867565197e+00
-1.263596731502257597e+01,1.265701878544357228e+01
1.072307795284091370e+01,1.321421115388857714e+01
-5.998855192685627280e+00,9.206223769122489742e+00
1.724612709347425055e+00,4.776644059832547917e+00
3.748536423815242102e+00,-1.177308641629705477e+01
4.162604041308864744e+00,-7.479654239085372858e+00
8.817208531374264524e+00,-3.000854256575602896e+00
-4.120549388631603804e+00,-1.536903228859855730e+01
4.353318302571422826e+00,-1.575988684784833005e+01
-7.111808913608076210e+00,7.554083168775481028e+00
6.659650401428920397e+00,-9.347434406241954541e-01
-8.610871071912663766e+00,1.595679871884334844e+01
4.285257759905862329e+00,7.404001088088784321e+00
1.874061884222349050e+01,3.088159020942569111e+00
2.577879475076930049e+00,-6.681781034089100402e+00
-4.437910866067622528e+00,1.348412215574099404e+00
-8.400515231376170178e+00,4.225481218045785248e+00
2.630748025099283627e+00,-3.023870868407204093e-01
-6.979116397549844031e+00,1.377971240130459840e+01
6.777985831623815072e-01,-1.447789597413974505e+01
-1.155220313709825142e+01,5.185912324089573922e+00
-7.385598403871840745e+00,-2.028173487515235074e+00
-1.635349855241880235e+01,9.201261947681564024e+00
-1.730312824209291378e+01,7.749047563142892336e-01
6.822941017250100382e-01,-3.787021654978713681e+00
7.929805691839256987e+00,8.144810861373086297e-01
8.445763781438653695e+00,-1.263047072222153400e+00
1.015873665815720273e+01,-7.946465099542488808e+00
-1.086614176994532999e+00,7.097259541121985649e+00
-6.307976851453195977e+00,-9.994709667200689651e+00
-1.430213028812642895e+00,-4.938353298772974576e+00
-3.639575619365710946e+00,1.778206240643071112e+01
-1.290344766441725177e+01,9.411262272142227658e+00
9.038402343786094306e+00,-1.600979820816082011e+01
-1.677738123215873234e+00,-8.358433581798497158e+00
-1.362356000254952804e+01,2.823760488274613678e+00
-1.464639771872998963e+01,9.683102994404606534e+00
-1.704798799341645221e+01,-3.877592866679455241e+00
1.032772009636264698e+01,3.234525268412460353e+00
5.066144684949112076e-01,-5.534780686959216212e+00
-2.647601767775069614e+00,1.380024641720867429e+01
-9.162664526340982718e+00,1.140448456701548530e+01
5.463622798632130628e-01,-1.139145009250954210e+01
-2.273190606251206392e-01,1.059735750917104724e+01
-3.633726059954498933e+00,-9.227441342663230017e+00
-1.007657516185648916e+01,3.504584289744631320e+00
-6.806530241736059139e+00,1.567455467774344946e+01
-7.201460332410876575e+00,-2.358042003379967333e-01
-2.520441425762267151e+00,-6.386091921730939980e+00
-9.533328413547710323e-01,-1.368058521738761257e+01
8.412447459753604306e+00,-9.521585873951204704e+00
3.583585439449584964e+00,1.636598631782017677e+01
-2.510983847098623212e+00,-1.462822487874468891e+01
9.162781188058209736e+00,-4.861932416584402894e+00
-7.570402623602930703e+00,1.741815218842070578e+01
1.773718474968631398e+01,1.137092737526786523e+00
1.217321123997275478e+01,7.954519280510673696e+00
2.560644751931522745e+00,1.044839756413111864e+01
4.851422334803724645e+00,-1.318897403152914904e+01
1.058397711173167366e+01,1.132038827193803776e+01
-1.582950351353894369e+01,-6.043645884804140778e-01
-1.382891195936743500e+01,7.824235283887372994e+00
-8.802502351958404248e+00,9.047602361477547817e+00
7.544460309396639808e+00,-1.725346772589779221e+01
-1.414227217113959334e+01,-2.051657156253698933e+00
1.612841698448498207e+01,7.626851398519079339e+00
8.702652962412484428e+00,1.481071449308198673e+01
-1.640260684912299638e+01,-8.596286004672274217e+00
-3.446038506893045028e+00,7.711754779103030977e+00
-5.089218472606374277e+00,1.642042520602412736e+01
-9.343774098286776464e-02,1.528793426595203453e+00
-7.870630360437343986e-01,-6.783723936266897958e+00
-1.191108897897085406e+01,3.291152753523796992e+00
-7.677141713005459778e+00,-8.833493262773426835e+00
-7.437053827164886499e+00,1.207144451690322562e+01
-1.317679853268034940e+01,-1.181289235040081032e+01
9.472708887342162765e-01,-9.711692484296656769e-01
-1.445746762176651856e+01,-6.789345093443474255e+00
-6.055024745320660706e+00,-1.178822495986023178e+01
1.554321892677355166e+01,3.637512998140294052e+00
-5.699585773502348296e+00,-8.306471490766341503e+00
-2.406370369777039553e+00,9.150168080527361525e+00
-1.552785158258122244e+01,-4.940602151003557374e+00
3.743473418357267768e+00,-3.848093768101672030e+00
1.353333638814550355e+01,-2.992869120601892252e+00
4.053202245253846314e+00,-5.594463099134254769e+00
1.892918581388008192e+01,-1.721584695999666126e-01
7.927930040702965142e-01,1.693661365714329037e+01
-6.601536718281956873e+00,-1.507356763047209469e+01
-1.997891797540309433e+00,-1.012124183669703825e+01
5.380901998369711947e+00,-8.747698723852147751e+00
1.139180407802478090e+00,3.073527443280515747e+00
-5.486964901645784209e+00,-6.484025685835087316e+00
-6.867227769989506569e+00,-1.764523110141449891e+01
1.011391863544708514e+01,6.619181816675580698e+00
-3.745958944272016922e+00,-1.329371692671714023e+01
-1.001607634328732566e+01,-4.348992328853293010e+00
-1.221314950484662987e+01,-9.294996656569800564e+00
7.045151055199478485e+00,-2.704917506969847896e+00
4.786951316174343773e+00,1.179338294506440299e+01
-1.593634380215676138e+01,-2.450295333300841261e+00
-2.109538786576126590e+00,-1.873674310686843425e+00
-1.008215856814505251e+01,-6.598993287197862045e+00
6.546854237356640738e+00,-7.297901151234908568e+00
-9.518659247486651598e-01,5.302593455980931125e+00
1.170764352720171608e+01,-2.887289847082092464e+00
5.241136633090471619e+00,-2.745690001165218330e+00
-9.804823189114390658e+00,7.576387142956521714e+00
7.082605181580269971e+00,1.264845535604821158e+01
3.016216015750094126e+00,1.222281220175650951e+01
-2.819561231467952123e+00,1.580837877995575447e+01
-3.863134518272118623e+00,-1.522018491505470861e+00
-8.416306557098883756e-01,1.377684219079674754e+01
-4.605624862328029145e+00,-1.073879532533965531e+01
-1.189932285709310555e+01,-6.662913106055171397e+00
5.613906751422116592e+00,1.521421758895919396e+01
-1.765181419483058178e+01,-5.537457558538086744e+00
6.843596412479603153e+00,2.321095688764607701e+00
-1.402477043867631323e+01,-1.993732566195942912e-01
-3.046603929366279440e-01,-2.316038080862498294e+00
4.484235652231514102e+00,5.546062250863148968e+00
1.213457756478742322e+00,1.168301724492725491e+01
-3.759895295309890528e+00,3.037219561807018575e+00
-1.353896150354749972e+00,1.340342557747180585e-01
-1.110618905738571982e+01,1.419718375128537957e+01
-3.724673617979229689e+00,-5.064805376274427395e+00
7.930897801686159987e+00,-6.214546428072377005e+00
1.315285208241044401e+01,-4.956275560719629603e+00
-4.415374438017310332e+00,-3.393535027914892588e+00
-1.869053982265412639e+00,1.836420633022776627e+01
-8.905256201604585087e+00,-1.007852179529067804e+01
-6.286266321503642729e+00,-3.588649211598557986e+00
6.144610828620756804e-01,6.140347209012638530e+00
8.895034222246762212e+00,4.751286295002708826e+00
9.640813277018267513e+00,-1.146545663634598888e+01
-9.286796408879318676e+00,-1.326436611002071153e+01
5.922908549806845002e+00,7.580465595345633467e-01
-1.871078666654701550e+01,-3.184067876153489962e+00
1.289657126535448661e+01,1.379434712135829910e+00
-1.748187134418066790e+01,-1.357283070151726001e+00
-3.922686394462525872e+00,4.857952971620165705e+00
-2.305983873961558572e+00,4.121130200225932683e+00
1.360344521059001544e+01,-1.018400988225558246e+00
-1.065454690446020258e+01,-9.497614380036375481e-01
-1.320865609252340889e+01,-5.451627961743041872e+00
3.615852119762871242e-01,-1.624781862178056002e+01
3.559108554179024608e+00,-1.970584536347158799e+00
-5.582285210913353168e+00,-1.349720830758887402e+01
-1.881643912537797281e+00,1.898392189465687219e+00
-1.683008139834071670e+01,7.374068803269922867e+00
-8.052695365221278934e+00,1.433000554077946909e+00
-5.437273063951999497e+00,5.790797635845304825e+00
-4.822457580722415926e+00,-1.809833290608791145e+01
-7.449463309603923555e+00,-1.332536585425040876e+01
-1.046493729814163487e+01,-1.465414275405129985e+01
-3.139288985160000767e+00,1.021199893847018619e-01
-8.117552650445155393e+00,-3.762828523331385622e+00
1.071983552693205111e+00,9.365424975463076507e+00
-1.193182057472702517e+01,1.096882887049821953e+01
1.424368960115094174e+00,-9.136258572340306472e+00
8.945082467944205362e+00,1.297689424817011528e+01
-5.269334868082386159e+00,7.559063949231388690e+00
7.284902864914968745e+00,4.042593297868822155e+00
-6.297924558664060868e+00,1.493777178259909411e+00
-9.196939351754831904e+00,-1.994840018389630876e+00
-1.037559521548535280e+01,1.007084378810936265e+01
-7.451685347291594042e+00,1.029179844441336122e+01
-1.079566765459228606e+01,-2.726986411719159786e+00
-5.395757122579499132e+00,-1.539711739941882485e-01
-2.987194415991357044e+00,-1.685289945458772465e+01
-7.206787379648909919e+00,5.721808371165154838e+00
-1.628056439581280301e+01,-6.777286204827393412e+00
3.093562592223512819e+00,8.726818291366244651e+00
6.750410736705587667e+00,7.345444329769169833e+00
-6.346688901768096081e-01,3.245522914953439919e+00
-9.007600972809447271e+00,-1.474928019955751290e-01
7.765112577736174693e+00,-1.478865649830584594e+01
8.360898311048620357e+00,6.429950986416586467e+00
5.012052214415015250e+00,2.309061490791740390e+00
-1.989448574942258796e+00,1.093723243082974861e+01
-3.768685148705373855e+00,1.131926209836161590e+01
-2.650876251659532112e+00,-3.564560421399684209e+00
-2.711454542725590389e-01,-9.595859461186357464e+00
-1.193065497691601751e+00,-1.169681457952516546e+01
1.726708909020746674e+01,4.143041137620796732e+00
1.724086662293668226e+01,-9.913026127691889622e-01
6.406821777802068851e+00,1.098239372355843280e+01
6.292958410326241925e+00,5.630359979893964528e+00
3.125741033074513009e+00,1.407599896997399469e+01
1.110908891561974876e+01,1.646636327988574733e+00
1.755739637662495767e+01,-2.797643266597896528e+00
-7.255326773811812124e+00,-7.077685042426320017e+00
-1.142436563344463352e+01,8.458597496563193374e+00
7.241602329748202393e+00,-4.508130826813089520e+00
4.390436695910146625e+00,1.000204080320819244e+01
7.877693549315477384e+00,-1.186591638035309870e+01
4.028877871612930761e+00,8.347569130215390931e-01
5.491942924204046506e+00,-4.576317560333896139e+00
8.575685102664084569e-01,-7.428649523349393213e+00
1.369106784428515233e+01,-1.061742887044658268e+01
-7.918377953761853050e+00,-1.154238871902653862e+01
5.388099450642135579e+00,4.025384221316715916e+00
