1.331865323723072159e+01,1.278632349022085712e+01
-2.554777795105617422e+00,1.208812116874577214e+01
6.636812036754127675e+00,-7.931483387225687132e+00
-8.343266290966703025e+00,-1.628520337639172766e+01
-7.909615807812881982e+00,-9.630612716749819002e-01
-1.577495943726967020e+01,-1.056653506690436117e+01
-8.904569781964053021e+00,1.125254697195163445e+01
2.151284868033810138e+00,-6.293315385570923404e+00
-3.578659054356813307e+00,-6.738468884064613640e+00
4.960315004988934962e-01,1.009606681943701822e+01
-6.464266164561403016e+00,-2.785358248807554560e+00
-3.739968974031090188e+00,1.078329949039712155e+01
-8.398881692779845309e+00,3.485752213075837158e+00
4.927284349071951119e+00,-3.072003962325586368e+00
-8.599616320836322103e+00,-9.301160919346534328e+00
1.394406382854032733e+00,-4.601860632573790966e+00
-6.692001426083979965e+00,1.421702885400781824e+01
1.405873277200297800e+01,-4.793401633684074015e-01
2.839873750898697313e+00,1.886748810183656477e+00
-7.773619206396413794e+00,-6.386623120954207700e+00
-5.020319667102561556e-02,1.366981701368907620e+00
3.049546021790519923e+00,-8.178491771150449452e+00
-4.696942510207803068e+00,1.834395667969954502e+01
-1.649259945883710543e+01,-3.525325128888421311e-01
1.755656827540360609e+01,-7.255808118491968273e+00
-3.638567698151101926e+00,2.956628845856824062e-01
6.340659508888421669e+00,-1.071955513276168936e+01
-1.501955263619628500e+00,1.581381441725143766e+01
8.077322589192927893e+00,2.490838888447879373e+00
3.382771189874482776e+00,-4.298330246345245520e+00
-1.275542466178909606e+01,-8.160783749709887402e+00
-1.158929110263630946e+01,-1.505457036884096844e+01
-4.510726775967794921e+00,-8.288432067353607380e+00
1.390476965861885184e+01,1.787170965996246474e+00
-1.129128530855556001e+01,8.866876603919696120e-02
-1.699677890712822714e+00,2.017937345673622040e+00
2.094655745222189502e-01,-3.229525903002309128e+00
-4.197836519300255809e+00,-1.716056216703257320e+01
-1.380685041980607153e+01,1.334006673338979265e+00
9.617120802482792996e+00,-4.457119349012845788e+00
-1.424382148767758061e+01,-4.651196530609512658e-01
8.858021272739071250e+00,-1.075993465217594292e+01
-1.138007938748014425e+01,1.422441436071728660e+01
-1.474011481706368265e+01,2.878744044237439681e+00
-1.379376217101621727e+01,-1.019207126768635163e+01
-9.939552982353438537e+00,-5.290034016868432332e+00
-5.234419277419340766e+00,-9.918595183601327747e+00
6.369159967630841912e+00,-6.114859147254721350e+00
3.153537838697589191e+00,1.508840929636032868e+01
1.484682261754172750e+01,1.180153918759655518e+01
1.317168794935991594e+00,1.812553723330393751e+01
-4.915041648576099043e+00,-3.638213454535158764e+00
-9.500106820731970103e+00,-8.497721187684730004e-02
-3.162839720353850748e+00,-9.459866311951873996e+00
-1.202687485547338753e+01,-1.331905109010563137e+01
1.437945717008259017e+00,4.600959030121142490e+00
2.247106865567407130e+00,1.026317453820619185e+01
1.425701299755479878e+00,6.368029844242223625e+00
-4.808442845101078333e+00,-5.443652386074848692e+00
-1.887085686811240492e+01,-1.420219872804591832e+00
1.144166518356512086e+01,-1.596525800621245939e+00
-9.981898987503404541e+00,-2.911852526545790187e+00
1.526086786379397431e+01,3.392735429661787538e+00
5.037366836125185543e+00,2.722428880382832261e+00
-9.907269928610303034e-02,-5.599676721018199466e+00
4.899046064291528779e+00,-9.637987659636690907e+00
-3.887053356590854047e+00,-1.114217231414644615e+01
-1.514751245164084326e+00,6.961919153329862553e+00
-5.738148447389623819e+00,-7.023374998951608994e+00
1.038761793703666808e-01,1.666008177694096659e+01
-1.290972730871628471e+01,-1.180353018468969495e+01
1.236062562910291440e+01,-5.914239612413414449e+00
8.750967159174505738e+00,-1.418862007666924718e+01
2.993363439915421420e+00,7.339787045684295741e+00
2.232598682081375241e+00,-9.751954456297243112e+00
-9.121048248691604243e+00,1.687630489595242089e+00
1.643404570882038840e+00,8.526890817779690934e+00
-1.018012555414917308e+01,3.655700905433449499e+00
1.036437875756412907e+01,-1.510273144166151837e+01
8.659924346956938024e+00,-1.226764820144165213e+00
-5.474646018967847638e+00,1.031665885408429340e+01
1.337766809196460116e+01,3.605535735717977808e+00
-1.722211548625212885e+01,5.449218204074899319e+00
5.842002422009684004e+00,1.448460767436003493e+01
1.736146404232666285e+01,-5.496320134831111481e+00
-5.244222911987973745e+00,1.616068179906246183e+00
-1.850031694820144068e+00,-1.324857683074970893e+01
-1.090445801572765738e+01,7.011031797595189907e+00
3.082320421489081586e+00,3.690660604666510913e+00
-2.883608995835113209e+00,-1.311794367771881520e+00
-1.332130432011118515e+01,6.058599881706254742e+00
-8.686481279987784632e+00,-1.318480914222223177e+01
-1.130842792384761886e+01,-6.849062810989289041e+00
1.128829422422089301e+01,-3.840035267534856356e+00
1.088107285074582009e+01,8.090118307914767826e+00
-1.771748817734874848e+01,-6.814041137155408379e+00
-7.375610845548685290e+00,1.227485197266655348e+01
-5.471713095022734841e+00,-1.954482694464469705e-01
-1.304322079698773074e+01,1.300918843935408020e+01
1.476253266611014503e+01,-2.213987134131270462e+00
1.497068600310816500e+01,-8.462991537402052344e+00
1.057256473141050712e+01,1.437465806301330318e+01
3.544330725606696042e+00,9.014199883798868385e+00
8.453987786997460674e+00,1.699821641492884794e+01
-8.291123609286465523e+00,-4.533794363291356433e+00
-3.339453597672518370e+00,6.759964383116360942e+00
7.930594323255267142e+00,8.432171450575157934e+00
-1.258081279265756436e+01,7.701566444880518780e+00
-1.677317149315578959e+01,-8.342131372855112303e+00
6.078476590244388689e+00,9.955823914282097675e+00
-1.328971839615138872e+00,-9.517120638041729919e+00
-1.598924903882665838e+01,4.150430009878297355e+00
-1.101366467812313310e+01,1.088969642076443378e+01
7.925940050708303986e+00,1.289499406926610270e+01
6.580205090440074400e+00,7.122112562979611816e+00
8.610132088661545779e+00,-7.112314910816569302e+00
9.876378991064415303e+00,2.437611983260529858e+00
-1.016207360946201899e+00,1.392020400742836017e+01
1.255454606602301793e+00,-7.898012714604645268e+00
-5.423660307366135136e+00,3.797635017187422246e+00
6.970199409493312181e+00,-5.262758859275837864e-01
-4.963908369194289794e-01,-1.651091774912211463e+01
-7.510315014341997220e+00,8.568694952971790402e-01
-7.015774743003447611e+00,4.681304798071033169e+00
1.205036049621990735e+01,1.129372325116738729e+01
1.019811339073237022e+01,-8.960826101143346989e+00
-3.281183686178011705e+00,-1.549184746953977765e+01
9.997727925192164022e+00,-2.619027709515139080e+00
1.166270859406064098e+01,2.712169921112273396e+00
4.891451951734116399e+00,9.127181725338381346e-01
1.000838453877870293e+01,1.538642943165782762e-02
1.359628961079563936e-01,7.569529100650582265e+00
1.163281389410199296e+01,9.228971655742341795e-01
1.149485715352203030e+01,-1.233907528135901366e+01
-1.696513998891491326e+01,-2.067302355668254599e+00
1.561065510609899754e+01,-4.888303626050322315e+00
-2.427212292936026805e-01,5.344263490795517768e+00
8.108435622867386172e+00,-5.378869035987519531e+00
-1.431546763821799573e+01,-5.507359965083584719e+00
-8.798904800395346726e+00,1.682220578742116146e+01
-1.660705626431634840e+01,7.161570175745305633e+00
6.619246975745316952e+00,3.533084026165735914e+00
1.197135383934456243e+01,9.496896206895391046e+00
8.308091963561349047e+00,4.237919452268325671e+00
1.066621677364705967e+01,-1.074879249755062993e+01
-2.439544570842045346e+00,9.575115960274770188e+00
3.116782317733995722e+00,5.548226607595138304e+00
-1.360454356813893106e+01,4.259070985489448624e+00
-1.515285518366675177e+01,-2.052097873299033370e+00
-4.281646250609550286e+00,8.885520599648573992e+00
-7.122229864497283458e+00,-8.281284459390018782e+00
8.916076012090232705e-01,-1.158843321035418050e+01
1.969518994192107186e+00,-1.232792197044591864e+00
-1.350452885623806942e+00,-4.241535627638778116e+00
-1.014490028306784586e+00,3.706932778736412359e+00
1.670244175112610563e+01,4.497569096391948129e+00
-8.258884308703713373e+00,5.990594946110521235e+00
-7.346189810535089570e+00,1.026904317601613670e+01
1.809044183483310064e+01,5.753343914324345221e+00
-5.405428966977484428e+00,-1.331346267962975460e+01
3.959501942222444004e+00,-6.237295067293200823e+00
-1.134401589132743737e+01,-1.713967978166408335e+00
8.341855409870241544e+00,6.372666826875638124e-01
-1.835178787777623910e+01,-3.300990173274589434e+00
5.060694556910537933e+00,8.119285058381130682e+00
6.763421626586394453e+00,-4.032346517217306747e+00
-5.139067052974694683e+00,-1.536592802292059368e+01
-9.957771169767118735e+00,5.494141172018458086e+00
-6.875548659927937400e+00,2.548994872674176904e+00
-8.228414460386838769e+00,-2.724834362877737171e+00
1.680447297691177155e+01,-8.856731323456456195e+00
-6.522968947467107981e+00,-4.823730820429902977e+00
-1.892000569667018084e+01,1.014075746623785745e+00
-1.042446911332858939e+00,1.864927936007163822e+01
4.720658767822171420e+00,4.506559671385745425e+00
5.089211617710411861e-01,1.493778699015745381e+01
9.799340934504275680e+00,9.919404691004992003e+00
-6.682845623191316697e+00,6.873548009148821691e+00
-9.496715585068132626e+00,-7.079458134841185135e+00
1.020038530616319505e+01,-6.342789293283566110e+00
-6.402156180603319591e+00,8.679214604549098766e+00
1.424355850976053084e+01,-5.986421991941514698e+00
-3.333906310107994653e+00,3.875629681687194683e+00
-4.459173608217847473e+00,5.287584638329992259e+00
4.797603632780481853e+00,-7.855847754369782443e+00
7.814085762225692733e+00,1.468533095509780040e+01
7.432496833496117006e+00,-1.547961447407475255e+01
1.242286393951803092e+01,1.434316124427246031e+01
7.962467460102524264e+00,5.971692070884584425e+00
8.480431722348374279e+00,1.118180542762407903e+01
-8.449033419627513197e+00,-1.130545290975165962e+01
2.184667261599356980e+00,-2.990257828085510106e+00
-1.843049429781598247e+00,-6.207742253854168446e+00
5.580151582806847088e+00,-1.240405510332976213e+01
6.512896125261702807e+00,-2.242570380672748165e+00
-9.788778792954840213e+00,9.539926684388118971e+00
8.446002769228714513e+00,-1.695686729936018011e+01
5.170632274884260582e+00,-4.824823332001976439e+00
-9.191586631230350690e+00,7.648424945683240495e+00
9.459250032403071273e+00,-1.250426194296538185e+01
4.342096721233760448e+00,1.070713240982055225e+01
4.100296662557594285e-01,-9.846683202180040340e+00
-1.092815790744415594e+01,2.019857463216597981e+00
3.585538973761421389e+00,-1.927683814220769731e+00
-4.372808679654650033e-01,-7.393551252640118143e+00
-2.238050605965559825e+00,-7.928039519441892224e+00
6.736074757209419950e+00,1.614344236575676561e+01
-2.107561455970998754e+00,5.230030568328623453e+00
1.889319642691855350e+01,2.002737637660745307e+00
-1.527688216925325637e+00,-1.504164380589551975e+01
1.729121556970589069e+01,2.791803724245704554e+00
-3.114092884337768652e+00,-3.178252858337094811e+00
6.309719557380446098e+00,5.344537316918234637e+00
1.445910564366628748e+01,-1.071913635583299751e+01
6.661421752439910193e+00,1.310589158951435795e+00
-4.938613785002550216e+00,1.375958728158734523e+01
-1.262317795347837190e+01,2.797102325403883150e+00
8.198794971149435895e+00,-2.985326507198805324e+00
9.350168247257183651e+00,7.121205864750447034e+00
2.662338712775699889e+00,-1.150055315583015059e+01
1.557941045291363480e+01,7.958347897297380236e+00
-6.955458280407912142e+00,-1.029375682396876535e+01
6.482269279718366750e-01,2.984850897911152767e+00
-1.608843462701741700e+01,-6.117735673145497266e+00
6.034104446195245330e+00,1.781843918243642833e+01
1.491946687744141720e+01,5.275266070927813189e+00
-2.862944585138550213e+00,1.841542117097235476e+01
1.287900674397397527e+00,-1.356672465047238241e+01
1.643511249485985104e+01,6.380320848943036083e+00
-1.631797579723768488e+00,-1.602528369318481985e-02
1.040017490830125091e+01,1.194118631482832704e+01
-1.781978801323350403e+00,-1.886635405016311751e+01
1.372715025559987367e+01,-3.957101342570857216e+00
-1.196042870599390717e+01,9.405183898297700296e+00
-3.489989037279721540e+00,2.093282094256647685e+00
4.530462991377691040e+00,-1.387301924592252433e+01
1.341242779472947610e+01,8.393139301671270758e+00
-1.267517166141254981e+00,-1.133827427667453414e+01
-1.558329803326309104e+01,1.203857980375826475e+00
-1.724720415952693386e+01,-4.682009420003394595e+00
3.439034948123316671e+00,-9.310479553391488861e-02
4.358416542232894209e+00,1.342243957538077126e+01
-1.504359786331444404e+01,-8.904692360706654597e+00
6.068822690493298921e+00,1.273753119942693246e+01
1.745774729220122223e+00,1.204733003687330850e+01
1.694935170020810622e+00,5.432697276754263616e-01
-1.434383986947460343e+01,-7.283363711727668388e+00
1.188576664982482889e+01,-8.163411365898094019e+00
-1.165895573026144660e+00,1.083065921957932609e+01
-3.122858964213284683e+00,-4.936905128221764194e+00
7.635621505375472573e+00,-9.451459134893097414e+00
-4.723304626736240408e+00,-1.826495508936204493e+00
-1.409304877178298998e+00,-2.476124214021778069e+00
7.697137925418570670e-02,-1.359596146510476666e+00
1.001426623751709322e+01,1.609410607510897506e+01
4.734902814455124620e+00,6.393296186287462213e+00
