-8.728860256790689220e+00,1.251793853683808422e+01
-5.921554653180291616e+00,-1.880190558889796582e-01
-6.998426525138065735e+00,8.758245635757651470e+00
5.540147110318293322e+00,-1.378977369805851261e+01
-4.301228262646819900e+00,-9.678014605015672345e+00
-2.737592894705970892e+00,7.503504411384603889e-01
1.224331088202265327e+01,1.296659602682096057e+01
1.000850609569480021e+01,1.222936343981680096e+01
-7.312188441921164461e+00,-1.383980913274226943e+01
-4.486408915655629492e+00,9.449037744815237394e-01
1.991557227606591818e+00,5.126064484992564729e+00
8.658754155919282880e+00,-1.675841686369722527e+00
3.067758967912955548e+00,1.202030740328614478e+01
-7.998775663588168605e+00,4.811898614829714482e+00
-6.674973506270140078e+00,6.998445509936890296e+00
5.339608919040632173e+00,6.992792824207011426e-02
1.224791899653002503e+01,-7.819469777999087157e+00
-1.127029475301668704e+01,2.832538065327941390e-02
1.074603760852472689e+01,5.787117117202649652e+00
-6.124469641342112247e+00,-6.211646005776084500e+00
-1.081488829425656739e+01,-1.717193781121129303e+00
-9.501172755083359789e+00,-1.645201127318465595e+01
-7.293778974838136087e+00,-4.852551974211385399e+00
-1.068521734160675196e+00,1.498138726927956554e+01
8.794705155823017151e-01,-6.283461431545591225e+00
-1.186970727071263099e+01,7.780410011094478051e+00
7.517425481497288509e+00,-1.522225398064901114e+01
-5.186638345798020744e+00,8.865297852414942170e+00
-1.530593643517575231e+01,2.365481925410216846e+00
-3.374454227640424797e+00,1.240939998854879889e+01
6.977614252759003932e+00,-9.163740454753391163e+00
2.452714409483405689e+00,-1.085934790371436520e+01
1.138509168354794632e+01,-6.100008689526965178e+00
2.256681843497511331e+00,-7.434119911331873887e+00
-1.130124899716477671e+01,-1.117554815106963773e+01
1.353407678760831523e+01,1.102360239993921631e+01
7.962004691969092329e-01,3.820321655807759953e+00
6.379708617234755685e+00,9.117689534399135098e+00
-1.263165129794786523e+01,-9.065878709219996168e+00
1.245828888959543512e+01,-1.356778523300746109e+00
8.953622947492119621e+00,-1.192927953984032641e+01
-1.803934837421716120e+00,-1.647004455385083688e+01
4.542248724274096539e+00,1.080515478089515113e+01
-6.773271831280322175e+00,-1.210958526108693789e+01
-1.330630585215255302e+01,2.034283587008554495e+00
-2.819415399790676791e+00,4.122171940083743991e+00
-7.780492509668761325e-02,1.857179279377128722e+01
-1.099301567065299778e+01,-8.238176661359043251e+00
2.789057289027108588e+00,1.761599531910682614e+01
-7.209979587185160632e+00,-2.277525901564408706e+00
5.441144473764998324e+00,-3.404182808286865924e+00
-2.687787918910927498e+00,-6.478554412173656907e+00
-4.333749762205799883e+00,-1.637669901753548274e+01
1.013025910626459059e+01,-2.856923760202447315e+00
-9.996409170306096437e-01,-1.813956996365381258e+01
-1.704813932893153350e+01,-9.239869702300866905e-01
-2.745142125415152012e+00,-1.065088201142827806e+01
-5.363020058098984855e+00,-1.942475257564355573e+00
6.324896918548414071e+00,1.089641251818017764e+01
2.411178684650697956e+00,8.440369019575671317e+00
-1.230429484543170471e+00,-1.165983354733488575e+01
1.425738734604532176e+01,7.830465987143841566e+00
8.749450068937122182e+00,1.382216936491448145e+01
-6.154658950912114124e-01,-9.991408008728788204e+00
-9.012429955376799029e+00,-8.638761821233186922e+00
-5.996464383952809563e+00,-1.711708160691540570e+01
-8.941925812387882644e+00,-1.847585157305477566e+00
-1.487244490832661725e+01,1.181393496944642685e+01
3.408062033656408474e+00,6.924562683566145793e+00
-2.174302562366850378e+00,-9.805788529770022022e-01
2.935991173291633061e+00,-9.103847771829880031e+00
-1.748093148795202501e+00,2.562286448188582977e+00
-5.717317925067140649e+00,-1.461551802737241523e+01
1.019921929672547023e+01,1.025139068368419615e+01
1.556647796026745389e+01,8.012672207301299587e-02
6.760547499113333636e+00,-4.590421399686457349e+00
4.275730466063452084e+00,-1.833233661770600520e+01
1.107031961270895160e+01,-1.332863664324327502e+01
5.738855609000228064e+00,-1.567781145443327517e+01
-5.706296466324937811e+00,5.526303601170215352e+00
-4.812880352552676655e+00,7.140378154175111902e+00
-1.265872462040181334e+00,1.319103936576164138e+01
-4.403234633177006252e+00,-5.666575019762987608e+00
-7.775684085504889209e-01,6.982097748524621394e+00
4.535742061656473645e+00,3.552343407261492558e+00
-1.071330363070134162e+01,-1.467449141084921749e+01
1.707763981531807751e+00,-1.581214819125724169e+01
5.784352030165094583e+00,1.759753574031291024e+01
7.260038068446192483e+00,4.770803376456029810e+00
7.198597378894937115e+00,-1.216557876352655576e+01
2.664016646905690511e+00,-1.742638845649948820e+01
1.433764835933979676e+01,-1.000467854713050286e+01
-9.702911176280334615e+00,5.516301076095827760e+00
3.780075407391664033e+00,5.210274847621849226e+00
-8.389269244098720435e+00,-1.134781593481805828e+01
-2.608273808954539863e+00,-1.482823664934439734e+01
8.039576074074714640e+00,8.254248541363461200e+00
-7.581160758017538193e+00,-7.346775855154330515e+00
9.218817402253643323e+00,3.523974213290447466e+00
4.588753283122555260e+00,-9.723529824956131051e+00
-7.177411347047653045e+00,-1.566526367821177779e+01
5.156953068081210567e+00,-5.499471645250047835e+00
6.612169726295001659e+00,3.086997231816782872e+00
1.073510778033932667e+01,8.439545711418661611e+00
1.379649691202261108e+00,1.259546151214692955e+01
1.420445049556876072e+01,6.016742324651165319e+00
1.257798559803005922e+01,8.664336190796481318e+00
-2.651017236106442798e+00,1.016241160912244723e+01
-7.854882057610553581e+00,-1.729949794985765976e+01
-1.276360624765656837e+01,1.236811665661143245e+01
-1.407140143310518710e+01,3.673565951874002256e+00
-9.554315825533212347e+00,-5.105710570526185599e+00
6.497841561953507039e+00,1.265335022864996617e+01
-1.549119020040098604e+01,2.203365638924012493e-01
1.107548867065523446e+01,-1.133275386403296636e+01
3.490221831339100245e+00,-1.550065556282170043e+01
-1.387114377327838266e+00,-1.344067370335288025e+01
7.698698990782781415e+00,1.718783966414071784e+01
1.101673059064715687e+01,-9.116790502910253835e+00
-1.648482471582010334e+01,6.802972134983665597e+00
-1.679929664555653801e+01,-3.500607298046736204e+00
1.739581727048370041e+01,-6.390758701170336842e+00
-3.699150203129186743e+00,-7.965578715413601074e+00
-8.818641297899892706e+00,-1.481157799583781376e+01
-6.050082168141550643e-01,-1.896962998399158717e+00
-1.730453116008092707e+01,-6.198809399527180020e+00
5.597427019765494727e+00,-1.121060952927142296e+01
1.140599936001460435e+01,5.515454137963640147e-01
-4.090372696221232118e+00,-1.379967975210306541e+01
1.760447371051046872e+01,-1.815820346994627688e+00
5.601810529893529456e-01,2.017713209099567084e+00
1.492821118332087593e+01,-6.073806304256434530e+00
1.278075328784445652e+01,3.356849984540489107e+00
-1.312789263526233796e+01,9.035098471247835050e+00
9.964558900593496915e+00,1.609925903853164142e+00
-5.485039611654006997e+00,-7.932781679774532080e+00
1.412188749563916801e+01,-8.204124214490738254e+00
2.525109158285262501e-01,5.531586391468014341e+00
-6.883534247472375966e+00,1.202467570282103715e+01
1.541365577621369720e+00,6.885688344005691519e+00
-1.257344580083291952e+01,1.412833471332174362e+01
-1.313418632362796501e+01,-1.079390056109220986e+01
1.584371633751865005e+01,5.304264636408919209e+00
8.951983309633877894e+00,5.426314598436508874e+00
2.834906365039393972e+00,1.025267979875348701e+01
-3.610282830130077336e+00,-2.008873812449758933e+00
8.918063338613164248e+00,1.221218640501078034e-01
1.767633762111845996e+01,6.804382773937681428e+00
-1.173544182981898842e+01,3.108643790916808314e+00
1.211526745506004232e+01,6.889985055466912200e+00
1.029859067975785436e+01,-4.666035760107106078e+00
1.507075323086968233e+01,-2.814870741076405558e+00
-2.913583500405256377e+00,7.175455321917696416e+00
-1.227962858721845585e+01,-5.097915227522717529e+00
1.245549145637972899e+01,-1.014641396825391872e+01
2.866306910926655238e+00,-7.660201763571496958e-01
1.191962804625558370e+01,-3.037253470947350209e+00
1.031855169854172249e+00,1.007778090268038262e+01
-2.600268454164177179e+00,-4.598993622513624757e+00
-5.735396067230050576e+00,1.068443918145365146e+01
-1.949601959450943056e+00,5.676506506674002139e+00
1.330366214055960228e+00,-1.224012898639719182e+01
-1.430705742074688658e+01,-3.330203545102581320e+00
-1.104676745070592148e+01,-6.369633495799838840e+00
-9.802781878238398861e+00,-1.271188869865471638e+01
3.829300055535443281e+00,-2.318025052189936819e+00
-9.808563779923737513e+00,-1.022089254520473212e+01
1.105468503915197864e+01,4.037109006843545345e+00
1.311864746839835760e+01,-4.407028498466656785e+00
-1.504887517584568180e+01,-6.059157667990967333e+00
1.601625790590795262e+01,-9.294046627138222050e+00
-6.440782086661708483e+00,3.873544094344683053e+00
9.534412552653385831e+00,-1.023011244677073073e+01
-8.984665443770425419e-01,1.018585095467618995e+00
-7.778175204558261058e+00,-5.399981845145135351e-01
-9.322137655913687482e+00,-6.903208207697727694e+00
5.275896860527896415e+00,1.880104609101624247e+00
1.824163462863595431e+00,6.971947355803136404e-01
-3.081904786734966262e+00,-1.781578472694939208e+01
7.160329669352216264e+00,-3.527801768002006289e-01
-4.169868302124387860e+00,-3.724446148679813273e+00
-5.164709362721779939e+00,1.307328346948277797e+01
5.800506558330378759e+00,-1.674628676430706120e+00
4.559945198077894446e+00,1.510119348767248226e+01
1.389189567093613853e+01,6.198594636319267881e-01
7.262860042692658169e+00,-2.804998909645146643e+00
-5.952594172981056531e+00,-3.686451120838396545e+00
-9.761040550642521296e+00,3.526579569470951192e+00
1.932991985851916006e+00,1.489129811352915489e+01
1.604763971767748032e+01,2.048727876955911409e+00
-4.624497114743825854e+00,4.054491377648711925e+00
1.012545144457557278e+00,-9.006675819778527936e-01
-1.052704553361500217e+01,8.957047971688067989e+00
1.273935361838046632e+01,-1.203181854358915359e+01
-8.865648954003274573e-01,-6.470982511544703719e+00
-7.740629924076879442e-01,-4.716390743317283807e+00
-8.397447129767405372e+00,1.072670699675446926e+01
8.027059583536203746e+00,-7.714567552653599947e+00
1.314478600647711737e+01,-6.216722036503971260e+00
1.177034605205035511e+01,1.117351491789176876e+01
-9.485043319379939941e-01,4.221877407922778325e+00
1.444533356331947260e+01,4.212087442781962565e+00
3.798456895020897450e-01,-3.349157212719656052e+00
-8.771892384718654512e+00,8.716269086994440585e+00
4.353603886559691993e+00,-7.097114837691062661e+00
-3.652720876079337264e-01,-8.182897122826423342e+00
1.664891648249209766e+01,8.572128660366439945e+00
2.007047921083998432e+00,-2.399788167991018462e+00
1.786776571985890172e+01,2.090143119727407406e+00
2.023634207966985787e+00,-4.178929481264296086e+00
8.616729138287052336e+00,-3.959880101355361059e+00
2.684974913983882328e+00,3.281564377627085083e+00
7.219592882000029632e-02,-1.659175826843810952e+01
5.636769301297317902e+00,7.455512893751107484e+00
-1.567160963792975892e+01,-2.139721070246190848e+00
-2.126295428186475878e+00,-8.889269626413055292e+00
-8.025534994971669889e+00,2.978348566787638596e+00
2.912939239495650590e+00,-5.708526291903812222e+00
7.961478252159110092e+00,-5.878633498907943178e+00
-1.315493669453387249e-01,-1.476418098810651003e+01
-2.920457095240573064e+00,-1.239825727169518110e+01
9.604276843126537955e+00,-6.649068003358315160e+00
3.825233061323658923e+00,-4.203152307320369374e+00
1.470077389290030112e+01,9.570035805845286347e+00
1.107677993385907778e+00,-9.365628153516137644e+00
1.600520961456189184e+01,-7.522934002424541688e+00
-8.627766149017595865e+00,-3.586219839041803414e+00
-9.483158557410336087e+00,-9.211794073008060246e-02
-2.064671642348421710e+00,-2.893770735618742318e+00
6.366438002066572288e+00,-6.880022524652418703e+00
7.382060022618079920e+00,1.467013053629591557e+00
-1.036555608175987153e+01,1.812062770335346906e+00
-5.512585875639917532e+00,2.369157490752771267e+00
-6.947497707886948426e+00,-9.054643580421895876e+00
-5.841174282840862375e+00,-1.051942144785387434e+01
3.670706266641049265e+00,9.133560013040519232e-01
7.237613993897022979e+00,6.555582550214744231e+00
9.442548314644456653e+00,7.164119457724084761e+00
-1.473251944683757664e+01,1.004214331406284444e+01
-1.085096037143535774e+01,1.345204393059179182e+01
-1.247009276366712704e+01,-3.205655257819820303e+00
-8.257925913300478982e+00,1.176347468463225576e+00
-1.265285783138803666e+01,-7.227437620793057960e+00
-8.516991656205203043e+00,6.965876454294250841e+00
-9.746604152838498791e+00,1.486075439750632476e+01
1.039972002487631464e+01,-9.092778915903487746e-01
1.514246669702154602e+00,-1.401331028110115540e+01
-1.682971177756429126e+00,8.630889848750403104e+00
-1.053004619473162862e+01,-3.496190726978217977e+00
3.352917258377616339e+00,1.379025601636097065e+01
-3.542817994902478507e+00,2.422789144804165851e+00
3.814067796330983251e-01,8.341799793393962048e+00
5.501992602760326534e+00,5.621528039942687016e+00
-1.360662634087058454e+00,1.726510065388970006e+01
1.430150601814852784e+01,2.397648759712233790e+00
1.262123880794976927e+01,5.207275388826324125e+00
