-4.831032921528985113e+00,6.687761439803118213e-01
1.820195363260259924e+01,-4.918357836270696559e+00
1.400353045799624718e+00,-1.424099725249726767e+01
1.490621080985659752e+01,3.374886212631240223e+00
1.300449049135393587e+01,3.319594621230719245e+00
-1.226598737900945579e+01,1.334514237379606838e+00
-1.016551786144801817e+01,-8.958264565712644512e+00
9.482529746729232656e+00,-6.807006398737880382e+00
1.056527282753122066e+01,4.651742756007925195e+00
4.037646505016074805e+00,1.419446311099671298e+01
-8.368279218377939754e-01,1.575557100504755148e+01
-1.114344550406167977e+00,8.602750300333189770e+00
1.366171946707371632e+00,-2.226153021448546987e+00
5.655147786693241585e+00,2.684777550787697198e+00
5.622149677166287773e+00,1.152407066574871486e+01
8.679491977481292864e+00,7.870069612611183985e+00
1.158064524261688710e+01,2.196780905609462931e+00
-7.925263484344704956e+00,1.420763017974945619e+01
-1.684268728099519663e+01,-5.269758536302798113e+00
5.908224528198769754e+00,-4.717251800956460350e+00
-6.100890790362130112e+00,1.317792221955826371e+01
-8.237539644061794286e-01,6.695225119445162854e+00
-8.405765324742789701e+00,7.763998964049381613e+00
-4.352010033996413618e+00,4.444797163976296872e+00
-1.378560019218237453e+00,-2.787785915034618700e+00
1.233132163788517133e+01,-7.668234186459771173e+00
-3.219302834880485076e+00,-5.869917305798074025e+00
-6.265423353952245478e+00,5.774462643064914857e+00
-1.284349904323980418e+01,-9.367917949978998848e+00
-1.197708393355012113e+01,-3.922842745953470267e+00
-1.844666672486550835e-02,-6.981866680578228568e+00
-4.031199728781031943e+00,8.139410745966969785e+00
7.526574159610963655e+00,-1.115327300750504591e+01
-4.501334706693478793e+00,-1.329189035671201324e+01
-3.236523844165724473e+00,-2.277467586554452694e+00
7.746882743457017106e+00,-6.081629478930833166e+00
7.643173497929385718e+00,6.299744835437450341e+00
7.070692987017987541e+00,1.290167256669953133e+01
-9.504032299402533468e+00,1.326928185732319676e+01
-1.471205660205503918e+01,-8.770822741909915621e+00
3.323042481836021800e+00,-2.835068562028405292e+00
-1.408860103260460228e+01,1.872339806560741504e+00
-4.607340277186090738e+00,-1.108378134937250792e+00
1.655970516790130276e+01,2.398261719827941452e+00
-1.305287221962353961e+01,-2.461829869596813047e+00
1.102103388526647265e+01,-1.156564123233662755e+01
-9.096058915177872350e+00,-5.722189831874688437e+00
-5.570561179410570496e+00,9.013392455960158145e+00
7.414568839609655626e+00,-1.435618095635762081e+01
7.727892585334092956e-01,7.642192172365731118e+00
-9.902841182085108329e+00,6.332086149737911285e+00
1.283140938381278850e+01,-5.926962021617136145e+00
-2.487056191525269799e+00,3.926677333755030919e+00
1.576423028512034463e+01,-7.613545131173157898e+00
-2.066646706438704406e+00,-1.488932024462121539e+01
-2.529461836946111930e-01,-1.395706277307845466e+00
1.130927337353410245e+01,1.022398027882056581e+01
-2.509370044211776118e+00,-4.192438137367986428e+00
5.101771038942678693e+00,4.378337483132657137e-01
8.629655195187588390e+00,4.720917125802717607e+00
-1.195749269924370362e+00,6.567712150411542105e-01
-8.693374582403976092e+00,-7.666284221216590922e+00
-9.939721067899320861e-01,1.386078804904859041e+01
-5.234823434689355182e-01,-1.734636930085336104e+01
-5.831322570620839585e+00,-2.448201780175040199e+00
1.280085696787137683e+00,-4.146296498122375995e-01
-7.635485293404651763e+00,1.738243428626336851e+01
-1.661688705053026638e+01,-1.263129492574939228e+00
9.269444517973395747e+00,-9.695577956841819889e-01
-1.331479654416000358e+01,1.099654032610233934e+01
5.575893969302581965e+00,-1.779667938609138034e+01
-1.242721588015867740e+00,-1.131995136155866177e+01
-1.046503353305420880e+01,1.136502190155722847e+00
4.940716660288846818e+00,9.251459968052380134e+00
6.554517304358205010e+00,-1.270079316099622879e+01
3.981315549453756097e-01,-1.889678052968691091e+01
9.283897498758296729e-01,-5.458787041442456633e+00
4.005740269250640750e+00,1.962539317168653152e+00
2.735404611232772787e+00,4.198381230292696387e+00
-3.681418967941149312e+00,-1.741891484962680536e+01
9.950038185057885620e-01,3.822481458942563304e+00
-1.049084405375395868e+01,1.039866792274412610e+01
1.837839705835252913e+00,1.157975912248491213e+01
9.213297591663248909e+00,-1.178523343040972016e+01
-1.838446157039044238e+01,4.702926748590920525e+00
-7.339080966495826530e+00,-5.429607991459854510e+00
-9.798295826726894475e+00,-1.335962249609731778e+01
-5.641667485545570848e+00,-9.276337717065880284e+00
7.368731669032547948e+00,9.122112962181137874e+00
8.565277306522300904e-01,1.383574441520337572e+01
9.249951889215177303e+00,-5.012747608470204952e+00
5.473018130666304160e+00,-1.124258673202822045e+01
1.732313245404534685e+00,1.712523178786880251e+01
2.999184064809874872e+00,-1.077178261288466832e+00
6.687543693402726142e+00,1.253212825608764902e+00
9.134658571428156293e+00,1.524570419017101308e+01
-2.394836829388351962e+00,-9.345146233325344554e+00
2.066349334852109365e+00,2.388647303115295717e+00
1.662915004762191007e-01,-1.561111783621957017e+01
3.868447306537599606e-01,9.567898970168096540e+00
1.179230206242380063e+01,7.669407394786294851e+00
-7.861376331293279396e-01,4.510096759097212527e+00
1.469269713291668644e+01,-6.202940682332223510e+00
1.039030890334741386e+01,-9.930339698363914280e+00
9.970106296597295525e+00,1.389173517621025811e+00
1.599870355575191105e+01,5.873037273153113524e+00
1.552316481560881556e+01,-1.026355839332990127e+00
-5.694082835026433642e+00,2.252809600195587070e+00
1.912128829954001519e-01,-3.750337129915915835e+00
-5.344049382625867928e+00,-1.107583056517080777e+01
6.015430950382940622e+00,-6.501245482506912587e+00
6.768998245473897057e+00,4.701584108853023025e+00
9.569725517631868072e+00,6.228511430448026687e+00
4.332138151408575943e+00,7.491501158617219325e+00
1.441861157718007291e+01,5.083094446531043253e+00
1.029684728204444433e+01,1.191268429160217934e+01
-5.641564808151681376e+00,1.148465223276842728e+01
-7.425515513566342207e+00,-8.893105121821200498e+00
1.093610094228742291e+01,-1.323916986197348489e-01
1.149002674415604375e+01,-1.471350819237606977e+01
-1.388289641245884454e+01,-7.224581000883200765e+00
-9.528540450084308500e-01,-5.264744312788070424e+00
-2.975796859203431843e+00,5.685372508724697127e+00
9.223181537121956097e+00,1.023800949945590411e+01
5.564947168067890360e+00,-1.418825483122599351e+01
3.731591687498101440e+00,-1.408525902738159097e+01
-4.971816645353624331e+00,-5.794980948042042002e+00
5.533812924978424697e+00,5.967919561310696785e+00
1.872422701294887659e+01,-2.719342040007437067e+00
3.752453736287842290e+00,1.063983163414258648e+01
-7.448700122837134119e-01,-8.660486656753514367e+00
-1.654204069613890482e+01,9.291756776445451393e+00
3.972591075724766885e+00,-1.670191387040707198e+01
-2.201621167580335214e+00,2.157261411427228825e+00
-7.937117005045222662e+00,1.240919000885554091e+01
-6.969143965697490728e+00,1.574191054361355313e+01
5.496080731223514704e+00,-8.192102511010800114e+00
-1.817795742264735281e+01,-3.877158753880101116e+00
-4.900560603060897386e-02,1.127438035932428839e+01
-1.135186149913628917e+01,-4.289558300373618738e-01
4.288941077046141137e-01,-1.060949652483562744e+01
7.022451782430215728e-01,5.599801771432379560e+00
1.346899619523139258e+01,6.869351340635322600e+00
-1.012846731120447430e+01,-3.644092258836421738e+00
8.853692854686741498e+00,-8.966988411215769617e+00
2.674617640797668727e+00,7.144289545909653372e-01
-6.482684373276003775e+00,-8.099141394741966593e-01
-6.205887555891344221e+00,-1.761631766733951210e+01
1.296655439552789346e+01,-1.344919395708058962e+00
-1.035405765210912143e+01,-7.053442091977155215e+00
-1.404444832278510802e+01,1.132780007515429149e-02
-8.353077698606787393e+00,-3.844883051863980050e+00
4.944947840960945307e+00,4.314407681536467365e+00
-2.500033328066707750e+00,9.775754812606100685e+00
1.247739368013494854e+01,-1.308923893053760956e+01
1.014216520697646473e+01,-3.369398705384361481e+00
-1.812329356585979268e+00,1.143439534128666502e+01
2.817015159877758634e+00,-5.593336111863136395e+00
-1.087997520422239539e+01,-5.348397547742663072e+00
7.653507218288273073e+00,-4.162236897767439991e+00
1.125479295385711254e+01,-1.899766069742572228e+00
-3.821967034800839880e+00,1.604889665781819019e+01
-1.210387729722061501e+01,-7.706258234553371445e+00
-6.072402739470094346e+00,3.983873250271986244e+00
7.855959590038925633e+00,2.581694942778218760e+00
-1.527780985013337300e+01,-4.445509374920066037e+00
8.537556687260330790e+00,-2.622746608204340024e+00
1.399040665555288143e+01,-4.532094804949284850e+00
-1.419420124653044724e+01,-1.059631463773914817e+01
-6.267425228813956473e+00,-1.394208507166551669e+01
4.231552407874263011e+00,-9.510506586651080951e+00
-8.197731618025873246e+00,-2.910288331709570686e-01
-2.444216830157531106e+00,7.368633192392632481e+00
-4.273925539612033475e+00,-3.704231571182181160e+00
1.571896827721335121e+01,-3.973164320664101634e+00
7.373109910606916451e+00,-7.961705606239450006e+00
-6.908748663084992359e+00,9.521770225036895186e-01
-1.354553802713557786e+01,5.731209833475986670e+00
3.059706409927928306e+00,-1.086372718804449455e+01
1.849611905003272216e+00,-7.110417204277013958e+00
-4.920823338612958509e-01,-1.395773332002890044e+01
-5.098512306815161210e+00,-1.528551306699237067e+01
1.683840990050042308e+01,-2.574484046070304899e+00
-1.647649934057701770e+01,-3.027708082914251531e+00
-7.800407784409208567e+00,-2.088135087165281956e+00
-8.438175266140756747e+00,4.169334798811417109e+00
-5.116324776910391670e+00,-7.575769093635780216e+00
4.151283759062811995e+00,-6.749771908614489391e+00
-1.221361515265944320e+01,-1.108275044046401803e+01
-4.284241464124275645e+00,1.029776241406599624e+01
7.506735833926450496e+00,1.092245235340795873e+01
2.151641581610302723e+00,9.677281562899384681e+00
-3.450398656537809305e+00,-1.080150355538416740e+01
2.408993014757514484e+00,6.957090996989744980e+00
1.432256002949432627e+01,-2.476545981158952081e+00
-1.194841733708620524e+01,3.071924761965292738e+00
9.536519382920850774e+00,3.163491581572606570e+00
-3.874188571945622606e+00,2.743397990019220689e+00
-1.311725852821689742e+01,1.372352300409100856e+01
5.946581316194552436e-01,1.221154611938378487e+00
5.601255659078169025e+00,-1.600278957539612179e+01
1.104550040615432849e+01,-4.967464395014892453e+00
7.371090062111469443e+00,-1.612060530136821157e+01
-8.625879440291512879e+00,1.503113579323708260e+00
-4.799111672802717221e-01,2.672168681267730772e+00
5.099600621044824145e+00,-3.091945739807541393e+00
-1.280868819158473393e+01,-1.280667959774863363e+01
-1.856049765221698422e+01,2.885082274376511879e+00
-1.012730543616698675e+01,2.922997419578671430e+00
-8.065572648092500074e+00,5.964239916722529955e+00
4.795115052065940908e+00,-1.304940222750163414e+00
2.044401484984359474e+00,-1.231305728222946883e+01
-1.364857580997468389e+01,3.649439512978763567e+00
-6.757128474661366901e+00,-1.220817108451809752e+01
-1.169340788738388071e+01,-1.442967208897869291e+01
6.284303745997614321e+00,7.566533580399912751e+00
1.610839341349489917e+00,-1.705717669310349294e+01
8.390321717898171272e+00,5.614917998155070089e-01
2.373367056288221644e+00,1.487657485865529239e+01
-1.477715469409584337e+01,-1.601958674663950255e+00
-5.990837938235586080e+00,-4.294425043162966027e+00
1.218949051023656871e+01,-9.577037853259460221e+00
6.410715203158728670e+00,-9.696738861749688354e+00
-1.168370082850075953e+01,1.185412383045671092e+01
-9.504314713473812404e+00,-1.544336219730891857e+00
1.099860930106308032e+00,-8.758593371714361808e+00
1.063720665241740981e+01,-8.166458989012143732e+00
6.701975468838747396e+00,-5.969616268453664665e-01
-8.743787133124969913e+00,1.022651524139140378e+01
1.964530042869760518e+00,-4.030589142884316800e+00
-6.637491688832694692e+00,7.593700392397810361e+00
3.702429795032198268e+00,-1.860573364519477835e+01
4.076106217854663427e+00,-1.234915041570969940e+01
-1.126145032336177643e+01,1.361296921384709435e+01
-6.929711529479985366e+00,1.027948794992552628e+01
-2.993292125989388985e+00,5.559155739763474990e-01
-2.678016586170773650e+00,-1.252464892959128484e+01
-1.255762703434120731e+01,-5.931640409006123882e+00
-4.602781187736415980e+00,6.398808528746089408e+00
-4.227641754800645302e+00,1.351822803586287414e+01
-3.364340227973465325e+00,-7.851055053688563490e+00
-1.800671654449131021e+00,-6.921820071477060132e+00
-1.488885350873163915e+01,1.017261032036005375e+01
-8.748128483846489445e+00,-1.017374203708662606e+01
-1.213659447207940900e+01,9.508009918909598568e+00
1.032577820131139035e+01,8.683617207393353965e+00
-5.314308780672304167e+00,1.496847559582963072e+01
-2.041267384495687232e+00,-9.628209543546413229e-01
6.776151981369904931e+00,-2.440934681178055232e+00
1.648955345785968163e+01,-5.591075502185501200e+00
3.771352728130541898e+00,5.723466254171051482e+00
1.262788073093370933e+01,-3.324186708778198440e+00
-1.439462733859476984e+01,1.240068496270529685e+01
-6.875968739522065221e+00,-7.191760782431112276e+00
1.199974993557784941e+01,5.734456574768109327e+00
-1.121182828652706753e+01,-2.248203440189804336e+00
