1.062323454118415533e+01,-4.656540922340997923e+00
1.231968295611290465e+01,-7.693382254002970377e+00
-3.841803797614481653e+00,3.872849197593362547e+00
1.736649611338323185e+00,-8.384002219877151774e+00
7.863303032041165652e-01,-4.414451080767984870e+00
-1.847520414854656901e+00,4.220825234101654111e+00
-1.581910523693758641e+01,-7.478179941782741480e+00
-5.873587463631141148e+00,-3.432596144549943773e+00
7.560567563972640848e+00,-1.320842525524775013e+01
1.291879812549094630e+01,-1.470209650349625141e+00
1.035520605065036648e+01,5.753152000857933990e-01
-1.384963095035663017e+01,3.258177341218251311e+00
1.501323631637702549e+00,5.605133153329402873e+00
6.687400482348334840e+00,-1.651464758902618613e+01
-3.043073962571823277e+00,7.809005866977191346e+00
8.611788368446259057e+00,-1.313758252504062252e-01
-1.289644211120400641e+01,-3.022791382587993070e+00
-3.847800824326036651e+00,1.055937964548101604e+01
1.176944502588441077e+00,1.072371498327542660e+01
-1.014730096135659920e+01,-5.212246706030389198e+00
1.094936958581991604e+01,5.957127786701291505e+00
9.185778700928066698e+00,-2.815462269696638486e+00
-1.733388612651861749e+01,-3.614329908710742334e+00
6.116778355872623862e+00,-4.834634623666746123e+00
-1.552408606911931344e+01,7.645063377996630827e+00
-2.717326598315308761e+00,2.506636264067719555e+00
-1.349206264809369138e+01,-4.734340468874377983e+00
3.745487948222514074e+00,-6.200659889495157451e+00
-6.264798943752986737e+00,1.720205865947721335e+01
-1.123473281262485024e+01,-3.744130061082727945e+00
1.067243297173937044e+01,2.422633116652501251e+00
-9.444341470219320689e-01,2.622949307333778624e+00
-1.448904341769657833e+01,2.579935721291458650e-01
7.561836742384089760e+00,-1.142839484668603589e+01
1.823095290967409099e+01,4.547884400339796684e+00
4.728578933552951113e+00,5.099691372840027270e+00
-1.894609977185609040e+01,-1.250101305818033692e+00
-7.425025264963438509e+00,-4.288539659151592076e+00
3.053128059500691993e+00,1.565346537496017199e+01
-1.388635138382035983e+01,-1.229066314003331151e+01
1.103665573217686102e+00,-8.004367981779536567e-01
-1.887632422811677202e+01,2.052679936751158785e+00
5.667554659251094584e+00,1.248828464046887327e-01
2.139949929137080264e+00,6.209088081132645431e-01
-1.128502629317824457e+01,-8.566590540063424797e+00
2.426654195963841687e+00,2.825632071098825193e+00
-1.485413830925579326e+00,1.326393640800909601e+01
3.099399565744413998e+00,8.861897111101054492e+00
-3.775316044248549385e+00,1.256349661228251335e+01
4.191708539719310345e+00,1.515515887916659699e+00
-1.021127058951295297e+01,3.126974218062190225e+00
-2.279136449324013214e-01,4.923133207173695958e+00
-7.313515538532904259e+00,1.107703806602845908e+01
1.090250411999249280e+01,4.165390783449914203e+00
1.713449049503359944e+01,1.296030837685273163e+00
-9.066840873497058695e+00,8.334144471398843734e+00
-7.480851613331544137e+00,1.270769213587207291e+00
7.213288826849793445e+00,1.028588038632279211e+00
-1.574497892067814497e+01,-2.641561420708926633e+00
-1.206864129123268015e+00,-1.035591211824922908e+01
1.508656278286511032e+01,-1.865388635918768800e+00
6.026672786465164799e-01,1.655697145205540677e+00
-9.892352008811329256e+00,6.706822445249249753e+00
-7.894756823370109311e-01,-1.094751957430509348e+00
-6.277146478452819700e+00,6.491347107847887266e+00
-6.738875504716717479e+00,1.541164010673104023e+01
1.587486636510883287e+01,3.435606901667827284e-02
1.890353638183443152e+01,1.431720677980110379e+00
-3.996158639185850348e+00,-2.492233047454424533e+00
1.282243085501320223e+01,5.212638012843298974e+00
6.129346789214435987e+00,4.033818654061146702e+00
9.779334373066411956e+00,-1.025927459556233501e+01
-3.137967596830749106e-01,1.898506496887656425e+01
3.590434892316440418e+00,1.391724172644008917e+01
-3.143914832398304604e+00,-7.421440868683317760e+00
1.255707210931547024e+01,3.291430858563450190e+00
6.216983536893580187e+00,-1.439397081533486400e+01
-1.039650586545970867e+01,1.178417032710559909e+01
1.306702275298924043e+01,-5.979690617903963279e+00
-2.559312989357437562e+00,-1.254521629552001638e+00
-1.702802797169192317e+01,1.804683886490773936e+00
-1.211894184179078238e+00,8.049711462091542202e+00
9.141033227021340579e+00,3.740965132377661373e+00
3.015769164026257609e+00,1.066507191917722608e+01
2.218058551230873476e+00,-1.011241222234941262e+01
-8.248114097132385192e-01,-1.820150853678945424e+01
8.992695563860445773e+00,1.786608657702092540e+00
-1.772058111972884831e+01,3.472518374266665653e+00
9.320324267922661221e+00,-1.203565959158169818e+01
6.654948644018248594e+00,-9.795952471289833596e+00
-5.705466988595278011e+00,5.322801057985313555e-01
-1.259611241292808259e+01,-6.294878571403590861e+00
-6.317897166045792545e+00,-7.057412301601516447e+00
4.571684569219276462e+00,1.658855059309915347e+01
-9.167648804071736990e+00,-3.712002284236858962e+00
-2.637258341723806687e+00,-3.625338516658902055e+00
-4.209598875053506717e+00,-4.456073764904531220e-01
5.613127561433386425e+00,1.501882720009942851e+01
-1.183729002740996172e+01,5.321466719796129397e+00
-1.217449369773036594e+01,-1.281064164131946903e+00
-8.061113817546353033e+00,6.646819469161884264e+00
-4.312313478246590392e+00,-4.306292405469990925e+00
6.937376872715254272e+00,-7.763127921117882302e+00
1.168851818990089342e+01,1.062850377385455936e+01
-5.706149582022994160e+00,3.118323718644686160e+00
3.129189788074113743e+00,-3.122173932120565265e+00
-2.830840254226347774e+00,7.217153255516429722e-01
-1.367872303090241459e+01,5.331847919079108600e+00
1.230593054846307766e+00,1.525619224150624476e+01
1.521858276521485642e+01,1.080832210948082128e+01
-7.970723621594716590e+00,-1.535514515751355447e+01
-8.107751702667352234e+00,-1.718110686263852926e+01
1.752705726454329138e+01,-3.930154081144616729e+00
-1.637982287065039699e+01,7.418382917685362177e-02
-4.714632160237369973e+00,-1.164077444753760737e+01
-7.462567642934450518e+00,3.086527651521483229e+00
-3.888268330434296427e+00,-1.347090912831373899e+01
1.203136356558694509e+01,1.245872193234008884e+00
-1.101202697334030534e+00,-8.587035743743292926e+00
-8.243403623736995200e+00,4.870534031946803566e+00
-2.317759352332107614e+00,9.470174926560378736e+00
2.529436119088011914e+00,-4.790303976270526398e+00
-3.771872786456292204e+00,1.653299195504033747e+01
-2.373627514328388255e+00,1.151331518437118717e+01
-2.656698952065355890e+00,-5.420587588278077185e+00
-1.682186714773368408e+01,8.829311716522873610e+00
-1.437695346318292877e+00,-6.783945162281141528e+00
5.399161813632315621e+00,1.325901764684970097e+01
2.807818946288490047e-01,-7.182146177331027559e+00
-1.556205084537754146e+01,5.784482682980617518e+00
1.487320653330847087e+01,-1.042091666791112203e+01
1.368196383351056156e+01,-3.086758046908116615e+00
2.287421771236022028e-01,7.033991879248906898e+00
9.387389431526338868e+00,1.124340092534978197e+01
8.450935539417505638e-01,-2.564154039669721552e+00
-8.823104457173148063e+00,-1.377212002953383774e+01
-2.817199626326979622e+00,-9.171139490121529292e+00
4.898621338007123960e+00,-1.613324375861891369e+01
-7.851087234631585865e+00,-6.047744082225590567e+00
1.275763554973482883e+01,7.148116581051872309e+00
-1.157951275789710133e+00,-1.564115895892511787e+01
7.223577544138971573e-01,3.403840366373690696e+00
4.617885694974320998e+00,-1.162921530650374180e+01
-3.148681584542416978e+00,1.433195361758382980e+01
-8.116514060897525695e+00,-1.143664164003102890e+01
5.818608429522453385e+00,2.169921353852806600e+00
2.562645344150892068e+00,1.245073884712942380e+01
-6.425351394238141722e+00,-8.811998983069088354e+00
-1.517507976778548695e+01,1.991334741330030633e+00
-6.320505613952101420e+00,-1.260778952258815089e+01
9.522658155955600279e+00,-6.820318996838161674e+00
1.014285448770836418e+01,-1.243009812398487623e+00
4.425088638329954804e+00,7.714209187301725557e+00
-1.009155653210510017e+01,4.929137632394653856e+00
-5.874372197779137439e-01,1.139913050769816927e+01
-3.081314026058815880e+00,5.509491993448187408e+00
1.218390604150796186e+01,1.237780637655708915e+01
1.108163410947030414e+01,-1.229364279813915140e+01
-1.070322569068547480e+01,-1.567357927355507441e-01
1.457417801048690720e+01,6.970679699717568845e+00
-3.087698144780342435e+00,1.873695675081630441e+01
-1.069590138138843294e+00,8.289746934121470234e-01
3.588957655940263169e+00,-8.023453068571397395e+00
1.533220653408308110e+01,8.938257547406648129e+00
-6.024877667883611565e+00,9.887769978980681884e+00
-9.488683548165239401e+00,-6.984184812739387738e+00
-4.827957936341893408e+00,-8.017445478039727291e+00
2.395413287972595562e+00,-1.193223212604498684e+01
-1.501168816141595919e+01,1.136278542788988766e+01
2.905638432856080922e+00,4.522251224904566769e+00
6.257396705989682673e+00,1.171702454025277440e+01
-1.043749333153095726e+01,-1.486446401064273637e+01
-3.858527993668657285e-01,9.649829860080211930e+00
1.012967919772612824e+01,9.597131377998643131e+00
-9.618562648151634420e+00,1.374502630435297412e+00
9.108574690266367568e+00,1.579345061346334944e+01
-1.202343550672253869e+01,1.470655834237232540e+01
-1.747364954290470607e+01,7.006351651742042996e+00
8.388939795985102421e+00,-1.605896251114234374e+01
-9.336062560480938854e-01,-2.895125407062975942e+00
4.443674121779313535e-01,-9.586588754150085379e+00
-9.982297123664599425e+00,-1.803833376888984041e+00
-5.951435065533655866e+00,-5.257687985061378022e+00
1.574291944279283939e+01,-4.402883130190365257e+00
8.822458159064044736e+00,-4.677476204972556673e+00
-4.356378111731003422e+00,-6.124522176402766860e+00
-9.455159103435834211e+00,1.021840273481529415e+01
-1.445183935019680277e+01,-6.259214851259493173e+00
2.024383724332627477e+00,7.454114821123226875e+00
-8.214359234790400421e+00,-9.623555813278789728e+00
4.302675783640864893e+00,-4.480281311326327121e+00
3.720870476125954784e+00,-1.320792201298085189e+01
-5.025746111789310078e+00,1.483689503176022306e+01
2.103334567976575364e+00,-1.407743606889646237e+01
-6.463542961449040725e+00,4.726732971468457833e+00
-1.266316114147160832e+00,-1.214339637691549889e+01
7.318865835063456116e-01,-1.135419191225228808e+01
-4.873194163005149626e+00,1.835242347283987030e+01
-5.664538352440078306e-01,1.586379085070210593e+01
-1.528203715070498347e+01,-4.514263049561201058e+00
-1.172775205819466038e+01,-1.042458469312062164e+01
-1.151864755827294040e+01,1.536246708853489462e+00
-1.822168823715465535e+01,-5.246941892919944728e+00
-7.140409769387725980e+00,-6.774802735659396502e-01
-1.199706922368577189e+01,-1.291256732448617228e+01
-1.379841566218160054e+01,7.191237512987483704e+00
-5.937887991548949529e+00,-1.441514876031526704e+01
-1.489467888327270950e+00,6.258645566200880417e+00
1.964239147707290245e+00,-6.588724089941086604e+00
-1.197029509077637144e+01,7.462662920138858347e+00
6.394537694947127093e+00,8.272232138516864453e+00
-7.650657757958405192e+00,1.294910809142734109e+01
3.312488853652035381e+00,6.256436926170501955e+00
1.023748013637333365e+01,-1.600155509847143520e+01
-8.361063676689473922e+00,1.461122873665119926e+01
7.172047584746324311e+00,1.405937890985094185e+01
4.038454438879228725e+00,-9.927395092999292459e+00
7.543641134157335060e+00,2.833044443746917551e+00
-2.949626735812539646e+00,-1.165837965287394162e+01
1.083519437093597304e+01,-1.407839298045291443e+01
-1.714734011476262054e+01,-1.538862529928120448e+00
1.053565897610487312e+01,-8.652934309692474457e+00
5.265698871425805727e+00,-8.559033303514082647e+00
8.059688118824155367e+00,7.580245127800410820e+00
-1.403934685856021858e+01,-1.524314907629736426e+00
-4.398503974701973185e+00,6.699512557694435877e+00
-1.265664852086242631e-01,-1.414983402601180806e+01
4.286510618637509040e+00,3.322545718738176834e+00
6.340435994786648877e+00,-2.022042845856616644e+00
1.191360986950958889e+01,-9.751142554185145528e+00
2.781350709584881287e+00,-1.328527210625868760e+00
4.447199668139520945e+00,-1.947382013511243404e+00
7.917694953341010589e+00,5.785805654287488053e+00
-7.276740542484875895e+00,8.402500852823537869e+00
1.641154901948315015e+01,3.012879361068999451e+00
1.104182990221692506e+01,-2.822565562176193588e+00
7.960367117855053465e+00,1.238283000325176886e+01
-4.450167722374449575e+00,-9.811505652246554021e+00
-8.880435359724346611e+00,-3.273295644476016952e-01
-5.626243365488624804e+00,-1.599186204654889254e+00
5.528976989719951440e+00,-6.553793664509764305e+00
4.964779284943860560e+00,9.436534303673886015e+00
-4.639126309865091002e+00,-1.810676181225966275e+01
-8.168115769214926658e+00,-2.193395774645662044e+00
-6.218207272137155073e+00,-1.055149903338212880e+01
8.949012719754884770e+00,-1.427950905571121432e+01
7.479426122289598133e+00,-3.462090689418317879e+00
-1.812093033629615491e+01,3.973079124941313878e-01
-1.461938703164343067e+01,9.268076709650156175e+00
-4.453884225253046836e+00,1.781198208284063389e+00
-1.201499863273409652e+01,3.249028835667232329e+00
1.256048165062384925e+01,9.061417535562679149e+00
-9.846681033934755689e+00,-1.030561017963572645e+01
7.846879412538673826e+00,-6.198116167958744427e+00
-7.920373699055643257e+00,-7.828031852740222618e+00
1.103374603207955440e+00,1.348990339245511549e+01
