6.354007372776251383e-01,1.342382390162271788e+00
3.480210393858085283e+00,7.084023554295276526e+00
6.595784416943843986e-01,-1.578567417837177800e+01
-2.798398776613362227e+00,-2.622409675335341195e+00
-5.340476232859486139e+00,-3.640100704412262411e-01
8.960571815130471407e+00,1.148097721588051456e+01
1.783965192842587300e+01,-5.868970692164931613e+00
-1.791721993184991746e+01,6.448977391236595524e-01
1.295590264036663974e+01,9.102735669823600162e+00
4.458985779038455277e+00,1.442382183023212150e+01
-3.317281587465092052e+00,-6.847885530689195477e+00
9.745352472615076422e+00,-1.208223420633521705e+01
8.094549567495546993e-01,-6.150207913184570607e+00
-1.136861502890141828e+01,-5.415679624763116706e+00
-6.058823835360859000e+00,-1.626691621833386492e+01
3.881145442135370605e+00,2.798546631571700249e+00
-8.483220934349560594e+00,-3.780364662353776772e+00
4.828393484407976111e+00,1.640391389133488431e+01
5.757322403993944349e+00,1.303518024336394809e+01
1.382411028919511686e+01,1.114683753792366794e+01
-8.931224419141816639e-01,8.317113194397334652e+00
-1.335919189133734797e+01,-4.055689478907197554e+00
3.092598132211984652e+00,1.129905324867737371e-01
-5.402814775593544283e+00,1.135280731186923120e+01
1.979329773190069974e-01,3.145268515070963389e+00
-1.610345448839246885e+01,2.360196320324360997e+00
-1.119202349302497179e+00,-1.515642707383950771e+01
-1.257250692691922644e+01,-1.367240384830599620e+00
4.423034270221860353e+00,-1.185421417475081540e+01
1.738321375479681663e+01,-2.622723970156660478e+00
7.293029190357806613e+00,-1.131749560411240552e+01
-5.667304872923128123e+00,-1.222231348806684892e+01
-2.146872578452510005e+00,-8.192795798266041984e+00
-3.453735593590527397e+00,5.752726401673462497e+00
-3.842838245440127198e-01,-4.729357792547086881e+00
1.600028369120939686e+01,-5.828771770777005479e+00
3.350746858494701996e+00,-8.424698108737509017e+00
7.253105772924327788e+00,1.207547395753907793e+01
7.140768247597093499e+00,-9.082998020808357609e+00
4.808996627897733411e+00,1.838076112024510422e+01
-6.588627552030708934e+00,1.823804157882028765e+00
6.517311197574182202e+00,-4.039515940629026858e+00
1.157861442123431672e+01,-8.289185422365955347e+00
-1.492588125019365641e+01,-6.731391711224225638e+00
-1.122633809512487169e+01,-1.147068566825659452e+01
-1.708137839776734168e+01,-3.359712740794033259e+00
-1.232377747968478765e+01,6.768282137599817894e+00
1.341732991232700378e+01,-9.356726487546653814e+00
1.557009170671718401e+01,-3.038174411087476212e+00
9.055746045051208171e+00,8.862283229531328743e+00
5.888726092420491831e+00,-1.652102623804344717e+01
6.578579329393440034e+00,4.015806090145749074e+00
6.543919284553013860e+00,8.544513555387156512e-01
-4.974733663302071562e+00,-5.706519220360547706e+00
-7.568140664600140788e+00,-7.040394872958072092e+00
-3.536766548738495608e+00,3.982613669757932406e+00
-1.095573464504856354e+01,3.026203232725524828e+00
1.612960852732226869e+01,6.382581315190256177e+00
-1.611593640449528309e+01,5.998842742969517916e-01
1.204504431250802909e+01,1.069450239290215343e+01
-9.089419265075294518e+00,-5.562629478720769072e+00
-4.696008732680369668e+00,-2.103296854456826015e+00
6.172416679468421208e+00,1.515977170619148318e+01
2.262138305059464560e+00,-2.012228101812025827e+00
1.186484327410094464e+00,1.789939129689959074e+01
5.272164175246241591e+00,-1.476586087090044686e+01
-2.315689775066697820e+00,1.523526230182641683e+01
6.909809734917722324e+00,8.542196270968942073e+00
-7.251317304768441829e+00,-5.168946981199445290e+00
1.016233030279222760e+01,-3.126925398201113815e+00
8.544758770789101732e+00,-3.839131217893418047e+00
3.011786929026566195e+00,1.781951517941159935e+01
-4.129921755241568349e+00,-1.529308358452795780e+01
7.548223256371592527e+00,-5.943690360418388829e-01
7.824998180744350051e+00,-5.477407357811234334e+00
-3.983129196946955997e+00,9.344288435221047351e+00
-1.006185133437716317e+01,4.576857874092482348e+00
1.832791454488603033e+00,-9.394595772873783446e+00
-2.419233897628351393e+00,1.060479811080077184e+01
-2.119134289900405310e+00,6.942336099014636552e+00
1.366656301240885263e+01,-1.272914595619783285e+01
9.918303901725137095e+00,1.352815772745225686e+01
1.271471881939198489e+01,-4.665378636050498962e+00
-4.455880624705687687e+00,1.171617233673429626e+00
-7.255146534451836438e+00,-8.775760607591324813e+00
-9.353093664368090643e-01,1.378783626393483353e+01
5.831287833044564550e+00,-1.029149851907329349e+01
-2.984426833573144755e+00,-9.973385424429551449e+00
-1.425695490612419114e+01,6.411098192987838562e-01
8.017615543502978781e+00,-1.567784572560225875e+01
-1.176697244303707368e+00,-1.335637258797502547e+01
1.224092072839104040e+00,1.603205333549716372e+01
4.627195800775838613e-02,-1.543723423652633153e+00
-1.879021220425632066e+01,-2.815657173559467985e+00
-9.890805066911292798e+00,1.601151607138190514e+01
1.455918067843059660e+01,4.317063603844192521e+00
9.709904860516108016e+00,-1.632205052656399857e+01
-4.944231361492675170e+00,-3.874677897549259953e+00
5.143234423068098415e+00,-2.833581033163599550e+00
-3.789476446070318971e+00,7.533543630454653695e+00
-1.318357337174475141e+01,-1.087199006527070644e+01
-1.703815968656665802e+01,-1.418580625933626216e+00
-2.775297065862867285e-01,1.899473686537645278e+01
-8.788384443196676443e+00,-1.086736270881571365e+01
1.180062013432902823e+01,-1.008416874339565972e+01
3.036160032488970817e+00,1.598651445352739842e+01
-1.925423590336195145e+00,-1.844226969315969455e+01
3.417981541839193227e+00,-3.481735775350715656e+00
4.051400926754968879e+00,-1.004020060598516650e+01
2.922264593933185384e-01,6.782184763367440361e+00
-7.310459468378853742e+00,-1.453976679763523450e+01
4.397469298426595508e+00,8.988184434253712496e+00
-1.869040811264468083e+00,-5.697609091139581139e+00
-5.070752622918666574e+00,2.922220627854258623e+00
-2.820912794230760579e+00,1.779101458548374382e+01
-1.161687919982506756e+01,-2.841620517099036292e+00
1.424144808979244026e+01,6.113946866156937610e+00
1.071320158793565724e+01,1.196401330972117627e+01
1.258230263401524063e+01,-6.793382710040249961e+00
-4.317447558808214403e+00,-8.349320281800912014e+00
-1.147351356660529298e+01,1.240354086358171237e+00
7.385326989453908197e+00,1.383883668478976681e+01
9.898812998160330778e+00,6.524946538254698503e+00
7.729419193265814947e+00,1.020177952359889950e+01
2.587010150118368212e+00,-1.105634853825327113e+01
-3.548323959003193195e+00,-7.453484358188877668e-01
-1.015074286358248479e+01,1.089101272618458438e+01
-8.247164601665959438e+00,-1.608447371343312948e+00
5.876889843267132818e+00,-5.675957384910781833e+00
8.934927704100335433e+00,-8.884509090681023125e+00
1.218636099911993398e+00,-1.894726311676584629e+01
1.649515863288852557e+01,9.392037129955987496e+00
2.111166152769724746e+00,3.607704696294832480e+00
1.458264277533065645e+01,-4.705486583804168177e+00
-1.109480718911253661e+01,9.316200183999216122e+00
5.604061079457353323e+00,2.442195876572580637e+00
1.132070192895769090e+01,3.502935856043174478e-01
1.243326247650214178e+01,1.250882292675722418e+01
6.633626946487247711e-01,1.144629040043681378e+01
-5.805119100168366408e+00,-7.372351629697644348e+00
-6.684182189190731371e+00,3.693783106953250961e+00
-1.804764715175129552e+01,-5.859196200665961030e+00
-1.275352338068532632e+01,3.091080128035605501e+00
1.403170951356120533e+01,2.628444972809869107e-01
1.370102551876122732e+01,-3.096922863392654879e+00
-1.023551278374629980e+01,7.747121622368930538e+00
6.947282017475732374e+00,-1.415382500666374277e+01
7.441306132581988031e+00,-1.748099692027188468e+01
2.504779220391980310e+00,-4.977603281510843303e+00
8.749163778286772608e-01,8.743965774144836445e+00
3.983111663284135684e+00,1.262386939461991986e+01
-1.138566507169544728e+01,1.449347360289629449e+01
1.331078710585720914e+00,-3.341177959974010458e-01
4.395132008031150228e+00,-6.798350221023357065e+00
1.140942347893295938e+01,2.149725704451031838e+00
1.194443642675386741e+01,-2.969680323203832017e+00
-3.121092924203119345e+00,-1.701925957974406600e+01
-9.714637998063055946e-01,-3.024746662481565540e+00
-1.533385154004385065e+01,-3.637303467369537469e+00
1.690516913314206349e+01,2.743917322801125103e+00
2.056494640516105754e+00,6.002569348549058326e+00
1.096000436482685814e+01,5.041428399762917678e+00
-5.385978405137080705e-01,1.552117619131699477e+01
7.400777658499221090e+00,-2.453668858028272393e+00
-1.695438169421538177e+01,-7.259176917070734092e+00
-6.689250009292714516e+00,-3.482406623285283942e+00
-1.725259659976952298e+00,-1.111863818405096627e+00
-9.753131217102508188e+00,1.740366276897609588e+00
-1.600825306691960881e+00,3.804366939662334968e+00
-1.396883901054202859e+01,5.652943625029626773e+00
-3.033111461150830745e+00,-1.183369093106480818e+01
4.954213039998334622e+00,5.800102443204708358e+00
7.455309095556171606e+00,5.576598390319251308e+00
-8.189096398960179712e+00,1.427995208499539714e+01
4.183002584229843279e+00,1.079099402433934429e+01
5.476247114708440167e-01,-1.061636508977327154e+01
-1.106359338831401118e+01,-7.274108642777406430e+00
-1.406436775310720044e+01,-2.398448657292246100e+00
-7.119633717662591010e+00,2.866389440010180464e-02
-1.332074118807479302e+01,1.344309275184625463e+01
1.371116151374027048e+01,2.674247995856102289e+00
8.243385625308146558e+00,1.323168226225197808e+00
1.637652336661301078e+01,4.544352168041297269e+00
4.233013445798452068e+00,-1.718138174836811416e+01
8.149268360942112821e+00,3.079920395066538141e+00
1.468502350283527491e+01,9.575985875144665371e+00
1.121596731725326279e+01,8.325223594411570005e+00
-1.203957977684897429e+00,1.920893272927672646e+00
-2.946429968117332265e+00,2.281347689609257046e+00
6.603212418526360317e+00,-7.368914491653213439e+00
-3.697178818178460169e+00,1.197550623974055384e+01
4.738498400555125833e+00,8.752353061980551185e-01
-1.153516631726137298e+01,-1.390890785862733203e+01
6.846947195010516518e-01,-1.396691418274123464e+01
-6.226496257518853383e+00,9.804646982144868517e+00
9.049013717136112689e+00,-1.616973877761096912e+00
9.931766217847274092e+00,3.304428465810252291e+00
-2.753745418128491274e+00,-1.413476135250483878e+01
1.279302836395912202e+01,4.943290431617451297e+00
-5.465915370849593558e+00,8.098427127572751516e+00
5.721833299140208773e+00,-7.409867930885237763e-01
1.348864022017898678e+00,-1.230850683446052507e+01
-8.232272655480555201e+00,2.825949037655873575e+00
-3.338652566168814673e+00,1.372314011745979911e+01
-9.904100548568874895e-01,5.476624705720454678e+00
1.108122374028575585e+01,-1.336689707198364196e+01
2.196821461716088386e+00,1.233192083599508315e+01
-3.192516367314309989e+00,-4.378479490866789448e+00
1.762347962127812639e-01,-8.561327481792030625e+00
-2.364565292530252716e+00,5.640283376519036329e-01
-6.451585896143468446e+00,-1.732404281830208781e+00
9.574418154393200098e+00,1.076282106963634411e-01
-1.536302715592170642e+01,3.985079660491825049e+00
-1.003941001804645738e+00,1.733715286352270368e+01
2.386186910369105796e+00,1.051019406314329352e+01
1.085227798418497969e+01,-4.815436312524790097e+00
1.003243692708424106e+01,-1.029856644022918211e+01
1.090389951222846676e+01,-1.392722088385546897e+00
-5.187358003979580801e+00,4.727025086000012699e+00
1.497181037404273418e+01,7.782743215204066090e+00
9.161887581856364093e+00,4.917605124917200143e+00
2.479720816268130790e+00,-6.844360006962769916e+00
-7.441957630031464710e+00,-1.213551962921270011e+01
1.603826833038390376e+01,-1.202902723870766355e+00
4.017674219149648174e+00,-1.435744975751397146e+00
-1.887046283904726351e+01,2.213449684294677144e+00
-1.296591170608289900e+01,-6.811264568337980663e+00
-1.182456733949589722e+00,1.193495680023697325e+01
6.987695209002589003e-01,4.839632339974816233e+00
-9.390881765937658443e+00,1.282017668804211574e+01
-1.085946079068581938e+01,-5.461287769998495190e-01
1.531455117435647040e+01,1.765823320739276392e+00
-1.180688972178588925e+00,-9.677538248678853705e+00
-5.724703785961416935e-01,1.004762813712124370e+01
-4.363760975333764947e+00,-1.341011474848783713e+01
5.479197938035697213e+00,7.480608148150354353e+00
2.410400139069278858e+00,1.826801761621246856e+00
-7.126357806557377828e+00,7.406519947357298683e+00
-9.092178936901285979e+00,-8.506283606772319789e-03
-9.834624481742389790e+00,-2.557195288148168100e+00
-8.199329685746391760e+00,4.671903712321702429e+00
-6.718901410985023581e+00,5.700338899698762951e+00
5.149265061390955189e+00,-8.476001067032608915e+00
-1.221906350702367083e+00,-1.146748890979032076e+01
-5.572896420393044004e+00,-9.637865468833060945e+00
-1.521380679084586163e+01,-1.011128029476298762e+00
2.652546432826240697e+00,8.660612955001901980e+00
1.729094827238021992e+01,7.736851995029660145e+00
-9.160830323996703939e+00,6.208181742160483907e+00
-1.343144844251093240e+01,-8.539458585059607643e+00
-9.304759173474066003e+00,-7.420556395672226913e+00
-7.655576644679409348e-01,-7.070490401034157379e+00
1.200095709928066690e+00,-3.735958268146963857e+00
8.450305322494534366e+00,-7.155886312170029129e+00
8.211876800305940804e+00,7.175144658103222994e+00
1.413983422097654774e+01,-7.632161971930311317e+00
