2.304442585524004716e+00,3.095577167611031300e+00
-1.363205433003515310e+01,1.398091069628882410e+00
-1.257573360409161367e+01,3.382223664548122954e+00
-3.157109165734655498e+00,-1.409212051956328970e+01
-2.194616289060284497e+00,-1.261810857526662666e+01
6.437266225902070538e+00,3.647126948575677208e+00
-4.004903673995551472e+00,1.174005458848368200e+01
-8.260492833665354695e+00,-4.453265017965470030e+00
1.212048654371696621e+01,1.145193309885027766e+01
1.188228114050580686e+01,-7.265911019327722542e+00
-2.754396288844977558e+00,7.237478782586142856e+00
4.738484239334707304e+00,-3.519393368245461673e+00
1.314723975838688297e+01,1.001069239846096792e+01
7.731627634168298790e+00,-9.385797890890536621e+00
1.067252019254609330e+01,-3.244234336910386318e+00
9.394336661902372043e+00,-4.667500226898328997e+00
-1.288197254807381897e+00,-9.160057568118793014e+00
-1.048089831264668703e+01,1.079803560699984288e+01
1.703942487061476552e+00,1.734169198904170983e+01
-4.255264922734173894e+00,3.983359161448481789e+00
1.405963327004650232e+01,6.019288239981256811e-02
1.219487522495075105e+01,-2.379551871977025446e+00
9.091035614122532138e+00,4.873560104388846348e+00
-9.154621952181873912e-01,-1.022528169702565659e+00
-1.915012575504565273e+00,-6.339108724443101472e+00
1.126025320367378457e+00,-2.424766967338019441e+00
-1.073827004170583299e+00,2.143277585949725506e+00
-1.090606799981139652e+01,2.848473503384458816e+00
-3.499370165277926770e+00,1.533826576055956536e+01
1.946519873600961237e+00,1.016390690162749344e+01
2.766772695716035013e+00,1.302153971036649871e+01
4.394353903753836832e+00,2.430578200578981662e-01
-5.140910096393078277e+00,-1.101673606918050297e+01
-1.167869224467615830e+01,7.501126628114827000e+00
-1.286587035004942692e+01,-5.785017609279109685e+00
-1.384740677040704782e+01,-7.294581803064365211e+00
2.094197858824632164e+00,-5.830902610232242544e+00
2.141086997612735854e-01,1.635950722800327384e+01
1.584411350755335590e+01,3.631912628778677821e+00
-2.397463427098365241e+00,1.672690479040070244e+01
-2.231846323249424557e+00,-2.381875101588779131e+00
8.517190093585757182e+00,1.115799124042138324e+01
2.517881206285712103e+00,5.814849929376869619e-01
-1.299490542492686806e+01,-1.384668448026461895e+01
4.048679668347306304e+00,1.141532377329947678e+01
-1.531128186237179989e+01,-1.125009545430634894e+01
-1.793497065647376543e+00,8.838054392009473403e+00
-1.816138333488929746e+01,5.582486485716321667e+00
-1.340021668354604678e+01,-1.151960923890908983e+00
6.286747350645880417e+00,-1.242606367517346433e+00
9.279013909005639604e+00,6.696056637622054275e+00
-8.276812705510558033e+00,-9.130534793637957947e+00
6.901310945400541463e+00,-7.700068667111314547e+00
-1.234208066342420906e+01,-1.082986633079000249e+01
-5.966051492836557557e+00,3.545218421771846984e+00
1.453981776496394751e+01,4.835554354843763392e+00
5.070976947937171353e+00,-1.314745967269739957e+01
-6.657541256507670369e+00,1.061350883333960837e+01
6.989766912407475274e+00,-1.162747603714437261e+01
2.903167828205690526e-01,-5.995737185016066562e+00
-1.290406582731831797e+01,-9.142879334616141662e+00
-3.949438921905747968e+00,8.557110790275164192e+00
-7.321315512674591020e+00,2.370370105093503543e+00
-1.446563098229427347e+01,6.171800140471860097e+00
-7.983573687806444497e+00,1.180888655583679991e+01
7.188376821750889434e+00,7.923786980603980012e+00
1.882163118549674152e+01,2.297792129858611254e-01
5.204796086988061177e+00,1.559116748489632265e+01
-8.408980063239422265e+00,5.923218530032367646e+00
1.567868464746270085e+01,-9.103307816827344467e+00
-1.783752028155937808e+01,1.800115650332173356e+00
-9.463462509248738996e+00,4.497267094999261694e+00
-6.253703681179331397e+00,-8.063519620709627134e+00
5.130343831751781991e+00,-5.574267416294756750e+00
1.031721847252029001e+01,1.166528212891406469e+01
-1.655787162454981498e+01,6.532455275226514146e+00
1.113635582885804176e+01,-1.439349894519775042e+01
4.076097307832599270e+00,5.202547458442762007e+00
1.510990435386640574e+00,-7.602889958980871832e+00
1.143655652532592626e+01,-7.838229008077746141e-01
7.434938074732740709e+00,1.291474776722645856e+01
1.272599321627353142e+01,4.774329795086453387e+00
1.024460264492794792e+01,-6.529384139615157956e+00
-7.230046867960373547e+00,-1.359773546873426930e+01
1.156875898047032969e+01,1.483755980115165052e+01
-1.059293904367229366e+00,6.392570474912904643e+00
-8.533250933627416046e+00,1.423518537742144296e+01
9.829092150820727625e+00,-1.645526884367793485e+00
5.914181005064818031e+00,-9.466107262290172741e+00
1.122349253021121029e+01,-5.008425849427172949e+00
-6.531921683179396254e+00,-4.046906199588818254e+00
-1.645252542683432395e+01,-2.053702017655714140e+00
2.025255936753969976e+00,-9.792607614733677579e+00
-1.709748456062452959e+01,-7.914413759719788111e+00
7.936242570679364228e+00,-5.732294138498049918e+00
4.154076910624017849e+00,-9.857240514169088641e+00
-4.961883154081843550e+00,1.910634807429292037e+00
-6.988707815999932293e+00,-1.077260343049599278e+00
-1.255706353357682303e+01,5.867252929050185806e+00
-5.338523611861051954e+00,1.292150811511302066e+01
2.985696120025222555e+00,-1.310887096080723424e+01
-1.517354957930372628e+01,-7.470603716663399840e-01
-1.085902806713118629e+01,-9.763319359365548067e+00
-1.010813168038658105e+01,-4.484970493519211843e+00
-2.737199112747329632e+00,-8.002850867348119124e+00
-4.290654642655390205e+00,5.814714551041974211e+00
-6.204948575436407765e+00,8.890670094121741585e+00
-4.054030211412559481e+00,-1.243717593357230378e+01
-3.012629183049674975e+00,-9.789981717798786676e+00
-1.415122693619028915e+01,4.411293198251749814e+00
-5.691156367311658748e+00,-2.330934604024080148e+00
1.214362470638098657e+00,-4.179138888377197603e+00
1.923490950838257385e+00,-1.156850256172069358e+01
3.523425356333592884e+00,-4.787066092528927896e+00
-1.137129719484220258e+00,-1.567370171983872140e+01
7.077133131041459357e+00,-1.342955953526067603e+01
9.834576656112199444e+00,1.453622434664849639e-01
2.471515389035911781e-01,9.733024752335980523e+00
-1.190258067753326721e+01,-7.648327008449268050e+00
-3.025984658002383032e+00,1.013793891899547184e+01
-1.176371273697836228e+00,1.523325292586264368e+01
1.037822639865046703e+01,9.639472929628171372e+00
-7.901163534221002926e+00,-1.180735689258569643e+01
5.133781045181897262e+00,-1.137347495475795434e+01
1.873920714208219351e+01,-1.897353706366800230e+00
-1.227390262914554242e+01,1.115822243738402264e+01
-1.529800228372713100e+01,7.847660752369737480e+00
7.499269594805777928e+00,6.154450355720510579e+00
-9.762166811069945993e+00,-1.628092961861362298e+01
8.695308823255336605e+00,-7.451253357563771829e+00
-6.673884190230785052e+00,6.985965703483950628e-01
1.486746117344286056e+01,1.052102054837176048e+01
-1.560968253303828135e+01,1.020199415402413656e+00
2.697854232662180163e+00,6.429671407503533942e+00
5.517391608784137702e+00,1.676575823040294067e+00
1.709237934741443254e+01,-1.165118356618662504e-01
-8.998737381338248298e+00,-1.345742210020050900e+00
3.437028976050340301e+00,1.828438943042392850e+01
7.984871983394965511e+00,-3.411966974278367815e+00
3.647435339913779107e+00,9.649285640498758809e+00
-5.942498915650259228e+00,-6.037119112851665470e+00
1.156388697549251710e+01,6.705202743801703669e+00
1.154312461448160132e+00,-1.348231639182717601e+01
1.857894577824777294e+00,8.108289375435886015e+00
-1.178494509295377668e+01,-1.893694929406021243e+00
3.143795357743270458e+00,-8.358184608253438341e+00
5.403985927216665708e-01,3.139824187577935355e+00
3.736776891343371876e+00,1.882440515491554001e+00
-4.707357032778140216e+00,-9.261655787269079454e+00
2.813808246012950764e+00,-1.351298295857719989e+00
-3.758235257227096060e+00,1.861746768433282284e+01
-2.255495879864943265e-01,8.030700562951288646e+00
1.618363537731426405e+01,-4.048233793308415152e+00
8.090356189759697614e+00,-1.347937399133286807e+00
-1.475757877012054031e+01,-5.712139944945266556e+00
-4.547227220671071990e+00,-7.456536925284428463e+00
-7.795010593850330238e+00,-2.743593616305785687e+00
-1.668369818645220093e+01,3.203043385001634213e+00
7.114512805841546328e-01,1.145865767372697519e+01
-4.818899658548449594e+00,-4.568867506243010190e+00
1.138938410300488435e+01,1.415529941790241830e+00
1.441239469333155654e+01,-3.662232811106959307e+00
-2.356462378403700875e+00,1.390578728047605317e+01
5.840904924969233747e+00,5.311149059358903024e+00
-1.058084589119586250e+00,-4.759888863755502797e+00
1.868887547566405072e+00,1.557960117951654588e+01
-3.633883148204083646e+00,-5.872916372990005129e+00
-1.430441690781777409e+00,3.942280075834902142e+00
1.011430840358452343e+01,-1.593031229551349170e+01
6.391389216327037381e+00,-4.238646852753082506e+00
-1.057343350271781901e+01,-5.587856756142569603e-01
1.357584574213392337e+01,6.493779697115510174e+00
5.459057200702308599e+00,8.278564670245428303e+00
-8.481968320112216020e+00,4.564484607449182385e-01
-9.689986624379683278e+00,-1.241824790621527796e+01
-1.014950086316896005e+01,-2.711667003706673906e+00
1.849011571385887898e+00,4.857997696994897474e+00
1.088026404414392623e+01,5.030012674806606299e+00
-1.476507165806334898e+00,-1.095843529164631569e+01
-1.803174850706541932e+00,5.277844920185820188e-01
-1.123919558762516857e+01,4.598708073542081998e+00
-1.144169877388730328e+01,9.283300506807629304e+00
-9.055974020539357738e+00,-1.411329692933628799e+01
3.573419710952474571e+00,1.635254967145168337e+01
8.885551305223997609e-01,6.613751246434882880e+00
-1.490467759480948651e+01,2.792816544429844505e+00
-5.253699992914510730e+00,7.382728261988452445e+00
-5.221844107433333271e+00,-3.466506819167765041e-01
-5.350629017886674887e+00,1.567769214287449486e+01
-1.076284699528250144e+01,-1.479429222082344708e+01
5.126425266966515792e+00,-7.683952457623348664e+00
1.064322019301906508e+00,-1.893431472521580616e+01
-8.045033838850519814e+00,8.457265802658969989e+00
4.680628294405397405e+00,3.541677364332355360e+00
1.178304163078360567e+01,-9.133454437413119464e+00
8.737835562680063006e+00,8.981655958863685285e+00
-3.655399222825239658e-01,-7.628486910673128563e+00
-1.377604488990650999e+01,-4.222121710812492879e+00
1.761600458213813170e+01,6.611736170090022569e+00
-1.344990531690499047e+01,7.752809514108824018e+00
4.947838829951242690e-03,4.990046835401868108e+00
2.717601505227299707e+00,-3.197948901157949830e+00
-1.558190630382298991e+01,1.068657764648744291e+01
6.437874436335237149e+00,-1.516586065142890405e+01
1.200770007253409544e+00,-5.995826722302535217e-01
-4.006804550866530867e+00,-2.874360558170328428e+00
-6.788008777156717244e+00,1.676232237481329435e+01
2.874941216283914969e-01,-1.018769263047075491e+01
7.139357242207085008e+00,9.904559752007029871e+00
7.338953891227050441e+00,2.095169588831906182e+00
-5.447496353994636387e-01,-3.062812588837562355e+00
-1.019413298698495218e+01,1.193190478713477498e+00
1.737306578102744936e+01,-6.962457440881025583e+00
-8.724780447847646059e+00,1.012323936730301099e+01
-8.735065452504924721e+00,1.644724682196642362e+01
4.538159815332025282e+00,-1.699078036857927687e+00
-1.592115166764482836e+01,4.822807339163472484e+00
-9.726890011043909823e+00,7.861314461547634913e+00
1.301072047607933690e+01,2.349120651437147878e+00
4.473694867284852883e+00,1.356906049581627194e+01
-1.551970748920527221e+01,-3.812719653520090457e+00
-1.101069830317213771e+01,-6.050244457038668422e+00
-2.584535337228966778e+00,5.305082414113612366e+00
1.565795260435049485e+01,6.479661945723496963e+00
3.735954052389086399e+00,7.865332985936656307e+00
-9.129614524519652718e+00,2.651432735842381927e+00
7.274805487796288439e+00,3.081760709686950372e-01
-7.603603873073995878e+00,4.295571513731299085e+00
1.129387998932618586e+01,3.218191282434805345e+00
3.689764910668338338e+00,-6.680839657633056206e+00
4.844418180079479996e-01,1.325553216016817526e+00
-1.860580929362802749e+01,3.791656279541738339e+00
-6.977809141313407792e+00,7.030867019706784404e+00
1.694531494750693312e+01,-2.362639310874838028e+00
9.073997480832366236e+00,1.788912551793541361e+00
-3.592626709272885410e+00,-1.125883066338311478e+00
-1.022615820080295812e+01,6.164841399223468521e+00
-1.326884397748481881e+01,9.573671472680752359e+00
-9.327712256609034469e+00,-1.067069324720828760e+01
1.393996945613252514e+01,-1.868325322563462842e+00
-6.047524320647674756e+00,5.409171607373777668e+00
-3.087170228883338030e+00,2.546307309291281573e+00
1.514669715588495613e+01,8.222435968268964501e+00
-4.857055601414312918e+00,1.014855861925045843e+01
1.116943090908210312e+00,1.395233423941521522e+01
-3.632574016131599581e+00,6.802198402343780925e-01
1.555213074178971944e+01,-1.171120598920450950e+00
-1.794103165277486767e+01,-6.193836767890513961e+00
-2.865526155464392044e+00,-4.261318241774212368e+00
-1.135107142545780157e+01,-1.305025743726003640e+01
-4.909855135233208046e+00,-1.468133711687814014e+01
-6.559782449029754048e+00,-9.899353407230575996e+00
1.701006425930797761e+01,8.349139086871273818e+00
-7.665165982470325545e+00,-6.817009727251016393e+00
-1.297704026200190652e+00,1.064657447611672403e+01
5.370123132758621409e+00,1.018142421480503579e+01
