-1.417172800387550780e+01,5.302444799282252319e+00
1.351464651508998216e+01,1.176624084056309982e+01
-4.029510220235177798e+00,1.849753848919741017e+01
-9.697858072661796669e+00,4.288185386425070966e+00
-4.941077089467052375e+00,-9.450979330721345661e+00
-1.429415117028361415e+01,1.251493283931634082e+01
2.495201293371104079e+00,-1.401337221835495583e+01
-1.222698015776973435e+01,-7.482907790964407724e+00
-4.533124217521782739e+00,4.494898744918622846e+00
-7.526898084036417913e+00,8.900295629932369224e+00
-1.681165821243502734e+01,-8.786270595579759757e+00
-1.445528185808710298e+01,-1.230627213280578758e+01
-7.900498802744854387e+00,3.795283667147934636e+00
-3.324666885115192372e+00,1.415964485463419908e+00
-3.405372902981556038e+00,1.059774293638273868e+01
-4.581393742850893958e+00,2.671270087424651773e+00
-1.158701392537250463e+01,-5.575012779298252674e+00
-2.297871689598119715e+00,-4.672480368269538609e+00
8.285109052267417007e-02,-2.880486299242493775e+00
1.453712211870709048e+01,8.374736316083954080e+00
5.849931830970927393e+00,-7.982679120312797139e+00
3.737716322243223921e+00,8.278220916098932847e+00
8.488294694434056709e+00,-1.298634651103653326e+01
-8.066471684893036453e+00,-7.553846917686146689e+00
1.429179179351303652e+01,-5.132063472422715655e+00
8.638266023117596504e+00,5.098538939096368239e+00
8.140837782035921677e+00,1.204141620543487967e+01
-3.350309682511841913e+00,5.871552291381547661e+00
4.124401744593018254e-02,-1.077854712517116020e+01
3.694157968369361722e+00,-2.295924037588382038e+00
2.150891642509295265e-01,2.374802485730016510e+00
-2.214037492283613240e+00,1.586615762587734757e+01
-6.797799040844274998e+00,-6.256137978610083472e+00
2.905982040301406943e+00,1.548542626770309916e+01
-6.302323288937985879e+00,1.551434093160774452e+01
1.410026387710828555e+00,-1.258164247176000217e+01
6.356971307516215752e+00,-1.641776609404137233e+01
1.176607715074300398e+00,-6.635943733785988341e-01
4.862772577580908084e+00,-9.727108358286647993e-01
-1.461240390331471772e+01,9.916476119702810621e+00
-4.835591651364018695e+00,-1.819554910851196583e+00
7.281460763428920124e+00,-1.580756913043711132e+00
1.176961297513602744e+01,1.122647141165752949e+01
-2.650925233656837854e+00,1.413876963910199436e+01
6.562501937467165369e+00,5.507172559985904492e+00
9.548609314639758816e-01,8.762441980372541295e+00
1.487030582173276372e+01,-1.030865756157108315e+01
1.703039064946839787e+01,-2.527161038240529400e+00
-1.147032376056772485e+01,7.994420338448438912e+00
-7.143736616144327201e+00,-4.477190318887693365e+00
1.475068695440703515e+01,4.474897724766021767e+00
-1.664865487236456332e+01,-4.489982688286420220e+00
3.782855194708571123e+00,6.464734160604431956e+00
7.882603656153331251e+00,3.470161418284892996e+00
-1.636000181301523071e+01,9.624241235381221671e+00
4.067935032884728130e+00,-8.620557386138143485e+00
-1.359696793619044053e-01,-7.709035766519240163e+00
-2.623892042846540207e+00,4.150983673863851031e+00
-6.075845373510361469e+00,9.985769013036385644e+00
-8.576682787561939136e+00,-5.720651272523607389e+00
1.160567566994320288e+01,1.306863412706928429e+01
-2.086396021244881105e+00,1.886288746779875325e+01
-1.310862906457696830e+01,8.765601071234693009e+00
8.199905404143834176e+00,1.738343199040088161e+00
1.628787109740083494e+01,7.977880859633991406e+00
4.142969199296596905e+00,-1.312004367797811710e+01
-9.297115605476964362e+00,5.334547184658031682e-01
1.599380645915262988e+01,5.850376579886904516e+00
1.295804018598852991e+01,-1.139561056783760229e+01
9.671033647041445747e+00,3.613381877326143687e+00
-1.619760355481823311e+01,6.064518614482363290e+00
-1.057828053338520213e+01,-1.562375703505973057e+01
3.504414465920004940e+00,-1.143778368943351609e+01
1.305675357042714868e+00,1.214600177312573770e+01
-5.772345477211858089e+00,1.239277680073649801e+00
1.009267347925140967e+01,-4.162773038081645005e+00
6.041253676497385428e+00,3.609350193095814952e+00
-1.409218987434503800e+00,-1.256386185030147473e+01
-1.573915126429334599e+01,-1.021800413390419493e+01
-1.032420074112468988e+01,-1.068332501315756078e+00
6.174294724364242981e+00,7.404168077726618336e+00
6.828197447449274371e+00,1.360565342236898445e+01
-8.874010855333914094e+00,7.674500792404861826e+00
4.965575225027410333e+00,-1.024909575432500830e+01
1.004758276008528739e+01,9.668069610366271383e-02
-6.376466822926087019e+00,2.918137018229803648e+00
4.309929498915797685e-01,1.818620803399226915e+01
-1.484828736907757829e+01,-4.620797238640820481e+00
8.248256474605282662e+00,-4.054478561979078854e+00
1.889551041022335509e+00,-2.277085605504141963e+00
-3.921840325789414994e+00,-1.093611884815511992e+01
-6.314473138645309014e+00,-2.879076184358544399e+00
-3.698970770748950532e+00,-3.526096497428939269e+00
-5.416744412739483927e+00,1.726574145276948968e+01
1.658993788316267626e+01,-6.312270549412666298e+00
-6.312019980121746698e+00,4.861596770433215475e+00
9.921073577982795655e+00,6.399241622392318973e+00
-7.818953008198552546e-01,3.882646406651560245e+00
-6.970964274518601123e+00,-1.323965751928502144e+01
-1.200847548805576892e+01,-1.607717381168277893e+00
-1.542183668321706058e+01,-2.828412210443148389e+00
1.717861118365508588e+01,-8.076257648370447129e+00
4.512442326636578183e-01,1.054745362543535236e+01
5.731059148114701074e+00,-2.546200581943784957e+00
2.785537135366499051e+00,2.459144348369735056e+00
1.470302784518764672e-01,1.562731011723782792e+01
1.431075114112659818e+01,2.763782413137382044e+00
-4.905067278621269011e+00,-6.197136616991469005e+00
-7.418798029028607077e-01,1.395697067694764115e+01
1.005017704996198091e+01,1.902415895048382710e+00
6.471403057050709506e+00,1.534226171456121790e+01
-7.956380231171722439e-01,8.482907106709975054e+00
-8.092442352535808681e+00,-2.842255151324576623e+00
7.439806762928253825e+00,-9.661588812190430531e+00
-9.323794194250860201e+00,-1.420201479332234840e+01
1.646617605912380045e+00,-4.084541522767976218e+00
1.030479340987560022e+01,-1.275163011301495430e+01
1.137105162116974633e+01,-7.223074288678747124e+00
6.338474559172537326e+00,-2.708904021224232614e-02
-4.084968035195339020e+00,1.603854220672248232e+01
-5.808306382978258853e+00,8.189060010985880211e+00
1.629771349688560633e+01,3.296783436738567996e+00
-2.802673955115769111e+00,8.877953629885707798e+00
-1.942871375222918529e+00,-1.085497012593260280e+01
6.262644690119249624e+00,1.737026437568570003e+00
-7.694893824588833198e+00,-1.493930163682816570e+01
-6.224270579826968408e+00,1.363897586852968935e+01
-3.067688623326259467e+00,-1.805785266900685526e+00
-8.860736717923005656e+00,2.249072336463302513e+00
4.644947480057066258e+00,-1.488167095003534257e+01
1.157161607733603326e+01,-8.242897845955683422e-01
1.158753470059536106e+01,9.398586270155162126e+00
-3.797753874852495937e+00,-1.695160077202864812e+01
6.476650033656818017e+00,-1.456204354523749345e+01
-1.222075907811950479e+01,-9.259036050604164458e+00
-1.272512031202389515e+01,1.065317596121581190e+01
-1.094841481468566435e+01,1.389601106886017945e+01
3.197707296342420680e+00,4.161220181616619662e+00
7.600763053303264627e+00,-7.715244829361576961e+00
1.268214214436182630e+01,-2.289364035776344508e+00
1.587429560744046597e+01,-3.028146012149031119e-01
1.728498352203863053e+00,-7.399504339087132010e+00
-1.720690006030901387e+01,3.189224728685055688e+00
-2.120049449794579211e+00,7.262077684689479895e+00
-2.368058449534745868e+00,-1.596709523298853739e-01
-1.020585042967475786e+01,-1.237600025961337735e+01
-4.971823463145114141e-01,-4.546690511615015140e+00
1.303530384177535595e+01,4.894731982230813294e+00
2.197948847848206988e+00,5.605924910020183560e+00
2.991636362474585642e+00,-4.069127724868498719e-01
9.936388686683438110e+00,-1.493768587436666095e+01
-6.401250372405164590e+00,-1.072910956091387114e+01
2.421700589241346790e+00,9.937020920974726224e+00
-1.387095719722975140e+01,-1.861579527025488900e+00
-1.671804317167626230e+00,-2.969946869889041441e+00
3.288940531276686730e-01,7.104409721237400888e+00
-5.240150309864540112e+00,-4.397729174415868414e+00
-6.299121281417185081e+00,-6.812552240310623120e-01
1.178804903794314107e+01,1.480307644427826252e+00
7.868819184126512489e+00,6.815077217879134786e+00
5.897044076080453223e+00,1.763475919461670927e+01
8.964427379948284980e+00,-2.425144569519682491e+00
1.819111004845740398e+00,-1.082391105858403257e+01
4.503310927233731831e-01,5.285252214387510250e+00
9.169965805692219973e+00,-5.684147188649395055e+00
-1.260832799300946050e+00,1.189659665138991862e+01
8.235382598957997402e+00,-1.656708844873869424e+01
1.889556328480073333e+01,6.177162907878285258e-01
-1.884554226366047747e+00,2.491493883699537726e+00
1.606351381731236216e+01,9.724067225676519044e+00
-1.128118253387768277e+01,5.435025573556037104e-01
1.586894466823932648e+00,1.672101540404312559e+01
4.585666774157836301e+00,2.593164210252215440e+00
-7.531345829214628473e+00,6.423408679229014595e-01
-1.791656465854475755e+01,-3.168146845805665190e+00
1.598458946324803875e+01,-3.994085518087003628e+00
4.168592116889644483e-01,-1.415556380507372580e+01
1.036908709458712785e+01,8.142301536793322470e+00
1.773733872622034013e+01,5.328480484437513098e+00
-7.024274076223609775e+00,-9.080051076748002714e+00
1.458083485209736851e+00,3.625452989976703844e+00
-5.789978469448299414e+00,-7.777368483145638223e+00
2.305086921646371412e+00,-5.744159178750523509e+00
1.061137013161545006e+01,-8.944101948684581416e+00
5.587371929775671875e-01,-6.064933898341032581e+00
-1.595176217770091398e+01,7.905154320446647453e+00
1.525883594534435872e+01,1.129128445768393441e+01
-1.778789929691196647e+01,-1.483550191563904608e-01
3.672620304247754763e+00,-6.856951599754943061e+00
-5.101905950341749651e+00,-1.287162241057769840e+01
-9.051095380062330165e+00,1.413785752066753609e+01
-1.762100495764960684e+01,-6.097354047431811530e+00
4.329106392605641673e+00,7.561222945414937113e-01
-1.268017210748066503e+01,2.243513650286736993e+00
-3.068294141923984419e+00,1.235744136066598386e+01
-1.388352396437154823e+01,-9.975894275802899003e+00
8.252145579305258494e+00,-7.113817490299961799e-02
-1.486457836457056647e+00,5.520359728901754082e+00
-1.310234460785078214e+00,-6.284107564906809884e+00
2.299392587604752070e+00,-9.066910939975413086e+00
-1.604789833362842089e+01,-7.132202347345544702e+00
-3.129215038907841251e+00,-6.352400788267869913e+00
-4.470575005607598129e+00,-1.576462274498524260e-02
-2.255768066242014758e+00,-1.411958477345333129e+01
5.930419941805755712e+00,9.286444948613919337e+00
1.381446595871160277e+01,6.558723794908701166e+00
4.229787163590817300e+00,9.990221995893252327e+00
-1.380550358764531538e+01,8.061203791280273645e-01
-1.268198020012161642e+01,-1.185549708167352456e+01
-4.445000260237545575e+00,1.421493757658750035e+01
1.074822096501908142e+01,-2.462450531987677493e+00
4.551521915966771914e+00,-3.877940250943038070e+00
-7.193772833366073982e+00,6.922221188791733759e+00
-5.529378444864944342e+00,-1.465683588696461292e+01
1.269705156486324960e+01,7.924607345241144074e+00
8.622569010515185539e+00,-1.115031817828879923e+01
-7.781722157785835314e+00,1.278409441188648188e+01
-3.036843061209227201e+00,-9.383339777397189607e+00
-1.032600898289797797e+01,6.574320071542207877e+00
-9.146945743143851004e+00,1.078812035739160180e+01
-1.136820989925319658e+01,3.563677350229291108e+00
-6.262738898596696302e+00,1.180404350221855125e+01
-8.311693811369137208e+00,-1.079666644466359404e+00
4.639292537628191937e+00,1.511328595733585978e+01
6.302886034293098128e+00,-4.298351619220359687e+00
-9.883135829151871166e-01,-9.301138956426880711e+00
1.464110967729953927e+01,-1.210776640157937400e+01
1.079976778718684249e+00,1.405208937003753888e+01
2.133605195455786419e+00,7.386531906470467312e+00
-9.673636053467616902e-01,-1.285473920796162739e+00
9.989897773990028540e+00,1.032570194482557113e+01
1.849332573131943747e+01,-1.240252403027234607e+00
-1.156532557678245787e+01,-3.385157203196301090e+00
-9.849567665990969445e+00,-2.792207084460478939e+00
-8.189883256675987155e+00,1.572656107536885450e+01
1.516730779785526728e+00,1.091852618543543540e+00
1.854772826138210817e+01,3.722716551831767529e+00
8.602331364885943188e+00,8.486997469559790730e+00
-9.876666975934117465e-01,9.565110894709434319e-01
1.095456729713501431e+01,4.917923534201956492e+00
4.427737624968043129e+00,1.334651431138856204e+01
-4.040774322959636677e+00,-7.898173255174322449e+00
4.992606724161873011e+00,-5.664151741961493514e+00
1.255331498341463359e+01,3.202336150834298678e+00
1.562457979988166201e+01,1.518466940916848085e+00
1.422120802494273484e+01,-3.203208447669975367e+00
1.339665638014528426e+01,9.884078414163491644e+00
-1.325478153238746160e+01,-3.871494046562459435e+00
4.842727038994847355e+00,4.928554288363866220e+00
-1.448959444627835769e+00,1.013596031447307411e+01
-1.109287857278121514e+01,-1.068403379966530231e+01
-1.002815902612116616e+01,-4.650013709202306167e+00
-4.082476257935422126e+00,7.550088560686925021e+00
1.300056249273733755e+01,-6.415797737201454964e+00
-5.497464546990021184e+00,6.440116044870614509e+00
-2.046804562439938024e+00,-7.889273310011750695e+00
