2.482733701292742623e+00,-1.566960154554467088e+01
6.958619830985165677e+00,1.688436104893346723e+01
3.954349614231105203e+00,9.031263862416247790e-01
-1.233064991074393113e+01,-2.099168671763373961e+00
-1.324091857556335627e+00,-1.310431095695063242e+01
2.699266473783455300e+00,4.474704921560937798e+00
9.094137165451110505e+00,-1.264201078222444785e+01
-3.471943285026511283e+00,-4.075988564321312957e+00
-9.059368310183431916e+00,3.197446208686103297e+00
-1.251622821502422411e+01,6.392110283534460535e+00
4.041715770399878949e+00,-7.350943119150789684e+00
3.897110393618631596e-02,-1.641592474053326312e+00
-1.068328504023571490e+00,-8.503466594350882701e+00
1.509701297993147939e+01,1.549574089498109375e+00
-8.717543666047943063e+00,9.673545422770780888e+00
-5.429209083497712918e+00,2.800692340769037170e+00
-8.463081466162480027e+00,-9.886412209180443611e+00
-1.540022523602214921e+00,-1.020617722524780469e+01
1.994031991962959660e+00,-4.235095519714729306e+00
9.456205226748942039e+00,1.437919040697592088e+01
1.094965707698238511e+01,-4.127904730963998681e+00
-1.449335103136571057e+01,1.121427300630312196e+01
-2.303186727243891507e+00,1.806062634866124172e+00
1.525113822203993941e+00,1.196338537656109224e+01
1.062802112751685968e+01,-1.361767899765779077e+01
-1.147592900388645276e+01,-5.699109977527757387e+00
-1.386316921151166426e+01,3.011493988897297136e+00
-8.097759580153642389e+00,6.347875891487460009e+00
5.871330198042590709e+00,-1.150914856828327792e+01
9.433570558694212238e+00,-1.615999260295509554e+00
6.541523267451099244e+00,7.017352000707685056e-01
-5.644533123230887739e+00,1.201951628859291965e+01
1.619863850969813335e+00,2.982664245276002823e+00
-3.747717146801300636e+00,1.546454376273639042e+01
-6.685685802792487920e+00,-9.624744151210244070e+00
8.187835671727246023e+00,-1.418263136622452159e+01
-1.277243745022149923e+01,1.075778158905442439e+01
4.367830759938765794e+00,3.899456137790717314e+00
8.282593811761090663e+00,1.192476257130269612e+00
-1.007351847915879262e+01,-1.069308239305130037e+01
2.149049403330494101e+00,-1.004226707417043229e+01
1.041654191717923794e+01,1.327961468094569053e+00
6.027249153636527801e+00,-2.078823463697676566e+00
-9.009328499201684437e+00,1.263605508411386680e+01
5.650279597367902085e+00,9.162576279592599349e+00
-2.084550583485667907e+00,1.115554402965957159e+01
1.822735870103217692e+01,-3.207872627591657366e+00
1.668043852966698282e+01,4.880551321545168797e+00
-4.960351824382605912e+00,1.033796862294937514e-03
1.080810608818647012e+01,-1.538559352665627777e+01
1.205476068450172811e+01,1.041348146741192515e+01
-1.354537933910775749e+01,-1.074730520105430820e+01
1.770682096300160380e+00,1.020059798867648304e+01
7.158701172965781012e+00,8.126813016429201397e+00
-1.887657490026872509e+01,1.995695147806487268e+00
9.956638711897308980e+00,8.625935000583650591e+00
-1.673823186321056866e+01,7.161316399283253809e+00
-7.236556119393968700e+00,2.821952405069560577e+00
5.347001933172711219e+00,-5.710514016493664968e+00
-5.322565954413346567e+00,-1.079734335124009093e+01
4.995058230267449773e+00,1.686900578817557772e+01
4.139153247116285961e+00,-1.199537818271424072e+01
-1.571322908358785497e+01,2.555142454005016273e+00
1.148961667771839679e+01,1.295553059235162507e+01
1.137523627044086538e+01,1.480656220539443702e+01
9.886512604948363148e+00,-1.100841830468305815e+01
9.119162983082896190e+00,-3.611734758681869106e+00
1.314098833645947728e+01,1.193616062898109220e+01
4.137075933371712644e+00,-2.091904452183953822e+00
-6.410903549761757247e+00,1.195054468419095794e+00
-1.728110495631116095e+01,-1.255014714930361430e+00
6.630423466973817348e+00,-1.311668894363396376e+01
6.698794501403405377e+00,-9.927278871158300433e+00
7.972052629667140344e+00,6.487692351298690596e+00
-8.341046197812408636e+00,-1.102742732476551080e+00
1.258010060543923281e+01,-1.172174149160921530e+01
3.530805098115000096e+00,7.664906411269067021e+00
4.880885839649589997e+00,-1.365898123572319101e+01
-9.193938075789237274e+00,-1.661577564763680925e+01
-1.389901126265332465e+01,-8.991812427543663944e+00
-1.845348963880101278e+00,3.501454531895713096e+00
6.888444706635673542e-01,1.445832176545481573e+01
-1.381763278376800486e+01,5.176870571360175255e+00
9.196708265241886338e+00,-9.296168975065389972e+00
1.286702114535172825e+01,4.398249441227681800e+00
-4.544469020519345648e+00,6.521625933640173400e+00
-7.179755549346373833e+00,1.666155651412516292e+01
-1.180650274422810853e+01,-1.032578523162495188e+01
-6.982727079003457682e+00,-2.469366694114794480e+00
-3.451098731774723039e+00,-2.245975262560257146e+00
-1.070921777422415389e+01,-1.558196988739493882e+01
-1.110023651889935081e+01,5.262218550498481306e+00
5.321256221478509296e+00,7.407051866398891349e+00
-1.231142222067543557e+01,1.425893715432554565e+01
1.796051422293452404e+01,1.042374437352201033e+00
-9.999687395275905999e+00,1.676687581295944085e+00
3.513854379938206485e+00,-5.577372818035995827e+00
-3.322747219433352939e+00,5.209908121329737796e+00
4.003805076867209545e-01,-7.191781772472880974e+00
-1.328243900721289394e+00,2.949312389517971256e-01
-1.478684685789201758e+01,-7.428413774372339518e+00
1.899382689070321817e+01,-4.842933470524195538e-01
-3.816151793401260317e+00,1.192248185162019603e+01
3.581070028068050526e+00,-1.717541205434324425e+01
2.432844279369756446e+00,6.292977608929161804e+00
-5.784247887815958222e+00,1.548479445423314615e+01
1.343492415302186238e+01,8.510284728109013486e+00
1.225415124189739480e+01,7.047504106733454954e+00
-6.303424397723733641e+00,1.376029303326238029e+01
1.051012410240758044e+01,6.522408634874259370e+00
-1.151321108104899738e+00,1.716340014424750748e+01
-5.404850915916242116e+00,9.651505354818498361e+00
-7.956616546285556701e+00,-6.987600494041172006e+00
1.216039032853893609e+01,-6.498848675838964084e+00
-2.369970968844485881e+00,-1.609035171662255692e+01
-1.437161898240418090e+01,-2.998649886131241615e-01
-1.322881312956855382e+01,-1.363812682090009432e+01
1.575109708534698783e+01,-9.895447404825294058e+00
9.743259137954195737e+00,2.999395920080698996e+00
-1.080445055340701010e+01,1.285204612849789108e+01
1.676704548604784861e+01,2.398737067859368022e+00
1.389961727300498318e+01,1.028550086757675608e+01
1.086349269654715144e+01,-8.653796017242003202e+00
2.852118691849629517e+00,-1.323128855202235066e+01
1.293899625399630215e+00,-3.527548423287691914e-01
-8.219156352405985189e-01,-1.698925124567175260e+01
-6.619003691392550515e+00,-6.489717051996258812e-01
-3.174444351472850645e+00,-1.602981747325641360e-01
-1.056359229420610824e+01,-1.918621015565083132e+00
-4.832405902792781482e+00,-6.907598326548231249e+00
7.379444355861524585e+00,-5.967356703046043265e+00
8.521611301737724631e+00,-1.650322148985539883e+01
1.753849054503622718e+00,-6.039300969643322858e+00
1.223446508245152486e+01,-9.976421408402563529e+00
-7.138560154466024876e+00,-1.315008659809176095e+01
7.825273920024925722e+00,1.532392524722560267e+01
-1.226068905138947507e+01,-1.214316969779044442e+01
-1.338157553228999852e+01,1.182342281655375693e+00
1.283339696424330256e+01,-4.313679633412406567e+00
1.374081828997603694e+01,2.851184176853148067e+00
1.466058032462346539e+01,5.922824414395960524e+00
-8.133232705625941250e+00,1.426854447480728716e+01
-1.699933245051752451e+01,-4.272040601555624484e+00
-7.669659504828710617e+00,8.167331206325604498e+00
-8.624779987441517193e+00,-3.167338197232217656e+00
-4.132767530738640005e+00,-1.540287552890547573e+01
7.238752150234731841e-01,-8.963640330745334950e+00
9.931150390452893717e+00,1.053619944011906107e+01
-9.912362558504129950e+00,-8.694226472813678441e+00
4.180151435302210672e+00,5.771621933873327670e+00
8.283718590425301898e+00,1.137360147866026061e+01
-4.228818079350213033e+00,-1.227797383666539233e+01
7.304562179352357409e-01,8.762394855751493239e+00
-9.325015709245688678e-01,7.584244744187838450e+00
-1.303883419108167407e+00,-6.756810033703811946e+00
-3.568796668659830473e+00,1.012010481222529457e+01
-4.127653370291165302e+00,-8.582256796505570051e+00
-8.183565433050677962e-01,5.636761119729126968e+00
3.049410220967907481e+00,-6.742318620770350046e-01
4.496052499436717476e+00,1.063009858613997949e+01
2.213511484076087221e+00,-2.282703626923351603e+00
2.148679974629053024e+00,1.228989961663442765e+00
5.160988936493860813e+00,-5.099803634844373157e-01
-2.616073305049041231e+00,6.867574389732221007e+00
1.255112927412543655e+01,-1.396369138828563283e+00
-1.020805807247658770e+01,-4.022808709559384965e+00
-5.222246065073234078e+00,-2.788900886819011493e+00
2.145502342709228127e+00,-7.832158198397101145e+00
-5.059847379216725116e+00,4.570578815855738775e+00
-1.034988460680253830e+01,-1.245736349277004429e+01
-1.196519741343989018e+01,-3.852241515402896610e+00
7.343430179260771240e+00,-4.196920681407503295e+00
7.780520513840968988e+00,-2.399367622583056914e+00
-2.399457719003741829e+00,8.623906432979337566e+00
-1.551611847895984297e+01,-1.019100287407648864e+01
5.328227726064795000e+00,2.063112208476079790e+00
7.674804654677227056e+00,-1.156509898425876237e+01
1.107280712195437111e+01,-2.364411256950734064e+00
-7.089695546476461330e-02,3.621912083276413341e+00
6.589926395304513740e+00,1.069933777315454115e+01
7.513936960950182709e-01,6.973498659806019795e+00
1.111234398186900130e+01,4.744702279450728533e+00
9.642084035512674234e+00,-7.138103874008614902e+00
1.311100408170517007e+01,1.373738385552541885e+01
5.193011075323932246e+00,-8.917415991222524596e+00
-1.776592948129782101e+01,5.562310004707584632e-01
8.910451435749195070e+00,1.675670374877345381e+01
-6.324278226051818663e+00,-4.182189135450558481e+00
9.624097298748770513e+00,-5.321100413798776962e+00
-4.467514792934263942e-03,-1.434796090976696803e+01
-6.320435683379598046e+00,-7.899674480247560915e+00
-1.451252184680999058e+01,-1.226002919299421201e+01
5.973600230727448057e+00,5.729065465588944583e+00
2.010878924973896753e-01,-1.078194093911342755e+01
-1.856266865109254205e+00,-1.424185360094803787e+00
7.968733084683458756e+00,-7.948214163983916336e+00
9.277210752315619757e+00,4.817076858286822194e+00
-6.298365231696998912e+00,5.937275737365229844e+00
4.258060858975759366e+00,-1.534917866278407139e+01
6.269415584533988728e+00,-7.468729037183620356e+00
-1.144655897809287026e+01,-1.393199584949546477e+01
-2.548541911738902321e+00,-1.168017822540379314e+01
-7.824920106011569843e+00,-5.100689426289944706e+00
-4.101130300785793992e+00,1.609511827089431080e+00
2.251330869132419643e+00,1.357226390535442206e+01
9.726501434823489944e+00,1.254575682562613537e+01
5.389944776852303221e+00,-1.772227771288632425e+01
4.599343350044717282e-01,1.631408852887249594e+01
9.715582657377695996e-01,5.163138561402553783e+00
-1.009959252892040382e+01,1.118642703054384135e+01
1.195247360180256457e+01,2.433474014179314526e+00
-1.749399350968029454e+00,-5.056998670524173178e+00
-1.243374756859835806e+01,4.038371951685884476e+00
7.125977618143520820e-01,-1.598241449621425581e+01
-9.387784117259164063e+00,1.621978987767375457e+01
1.396828092943782273e+01,-6.882833282760970839e+00
-1.335329316146894030e+01,8.054526885273608272e+00
1.645739651588611352e+00,-1.188109220598792781e+01
-1.144420283081141321e+01,6.372346173818531634e-01
7.936884562135145593e+00,2.989920233676429007e+00
-3.315932580260994467e+00,-5.978941603083501199e+00
-1.142493848874296170e+01,7.852418475228179595e+00
-4.131143217096088449e+00,8.259436290632853783e+00
6.013104174556165304e+00,-1.501693175663230484e+01
1.076382725248444316e+01,-4.199210643011407340e-01
3.929065441780639212e+00,-1.022211033889814047e+01
1.830191271102532014e+01,-5.032506761966543785e+00
-4.386887208937195304e+00,1.368301556593077350e+01
-8.960517398385130505e-01,9.622714069231129486e+00
3.765876800951773795e+00,-3.831295107458939420e+00
4.617243345824879164e+00,1.400475800866206022e+01
1.743633053626717100e+01,6.551923079611809086e+00
-9.672987119900781749e+00,-6.415293309362227525e+00
-3.698903756478304938e+00,3.412757657164791514e+00
5.573974872106712830e+00,-3.858970023975780261e+00
3.379461117160301731e-01,-3.396333484396378832e+00
1.561103797576297580e+01,1.078973105273576749e+01
-1.217080432021077563e+01,-8.549484677413088818e+00
-5.853115358213273112e+00,7.810406180495347961e+00
8.288340189751837173e+00,9.556248858514543087e+00
-1.435839640319221677e-01,1.128468927214961504e+01
3.162368520429696406e-01,1.700823144507797480e+00
-7.515585643018630968e+00,4.621334028736938215e+00
6.126297288117146245e+00,3.628361556617431205e+00
1.508518081728185400e+01,7.680466974797325541e+00
1.540063545202408690e+01,3.532373161446472842e+00
-9.849233757235506204e+00,-2.052274241995394877e-01
-8.163747122805073531e+00,1.285466135961442991e+00
7.500712163004245703e+00,4.747758172081065986e+00
-1.163396058948329781e+01,2.441349140203789236e+00
-5.567345233774425139e+00,-1.437633028689615244e+01
7.859166209016625437e+00,-5.665801954731378709e-01
-1.469906995796784965e+00,-3.261757002160940555e+00
1.454089295582629582e+01,-4.593716098378916590e-01
-9.283532123850360307e+00,4.963985177584259390e+00
-1.129467157372563690e+01,9.604201170682857835e+00
