7.801220489844406636e+00,7.921321626575454466e+00
-6.093970114780699276e+00,9.639766106496855613e+00
-1.167764189935021690e+01,-6.634575333238935002e+00
-1.154175595566467827e+01,-2.936287076645073935e+00
-9.098850795339176400e+00,-1.907323394967415764e+00
-1.343564595776889625e+01,1.258743323710012074e+00
2.937930265308745348e+00,6.577931670898125027e+00
1.250337266167323946e+01,1.181913066955720559e+01
9.632577618216120463e-01,-1.391132197614909138e+01
-8.165971187076966231e+00,1.826083693617748693e+00
1.647648348753303438e+01,-1.318414335711450003e-01
1.136808040430144828e+00,-1.662524024019627689e+01
-3.991446961761631052e+00,-1.101810202246998394e+01
-9.870805760362648229e+00,-1.186075914970547274e+01
-8.922542684860907514e+00,-5.577887852357230614e+00
6.707326803634921397e+00,-1.084717439736698807e+01
1.096176990658239170e+01,5.332608981706751017e+00
2.191137333179166369e+00,1.108683017772719026e+01
1.465731594174995855e+01,6.986039865765387269e+00
1.803482645536994866e+01,1.743342160229400362e+00
3.967098367503744338e+00,-8.619803712764902315e+00
-6.994968945621357292e+00,1.455389594262837605e+01
-1.205598995532492168e+01,1.078953388102782540e+01
3.680413821916480366e+00,1.009743711146161083e+01
7.178997398030880106e+00,-1.685644270133382472e+00
-1.159140207908144227e+01,1.259674894074843898e+01
-5.422115300953890049e+00,1.697950720455353135e+01
-4.495956022066871505e+00,-1.823395303499079390e+01
-6.818887273004617944e-01,-1.646432189115528999e+01
7.986169265275548490e+00,6.121598368295326331e+00
-8.776041874649369134e+00,-1.511654210206270776e-01
-9.838527430173838795e+00,-3.610289734165830211e+00
-1.129679825365994184e+01,-8.436781925582691244e+00
-2.879022929971635225e+00,1.071230512558850556e+01
-8.989124772076767300e+00,5.826587986084486026e+00
9.325808429898414076e+00,-1.428655391583360235e+01
-7.754435080829995997e+00,1.280331260142799543e+01
8.935142535693957555e+00,4.447317588857377046e+00
-4.099428961810771099e+00,2.126096301971101887e+00
1.321551987184788857e+01,8.026272876734521944e+00
-1.278437697338571155e+01,-4.231436385409653944e+00
1.213567358820699216e+00,-1.034909635356814128e+01
3.373495349923746556e+00,-1.362903238975640008e+01
-1.767827214231241584e+01,4.293163744219500977e+00
-5.942490820315926570e+00,-1.004572741111553391e+01
-1.639715201801513089e+01,8.329388490187119132e+00
5.482091320975601256e+00,3.409772811105148627e+00
4.127443876481611262e+00,-1.566912534212763397e+01
-1.380239565016672643e+01,-2.139987647646584890e+00
-1.602228653848143480e+01,-4.822887557695558769e+00
1.122949668384645783e+01,1.304578928348753486e+01
-1.043327445051744107e+01,4.718467646735954979e+00
1.760593554165120267e+01,-4.638143608340985935e+00
-1.069796151918300886e+01,6.557575423119870628e+00
3.519502742626239300e+00,1.502588984100502678e+01
-1.763240423717506289e+01,7.010897196110366991e+00
-6.783740497188953000e+00,1.128508343985313722e+01
-3.065265822566510145e+00,-1.346092665240897013e+01
-4.888312302672538578e+00,-8.608971056120614307e+00
-4.850516189221226959e+00,-4.911591521770953150e+00
-1.576312047281996875e+01,4.519564185517358501e-01
-1.052825015964155320e+01,2.910200174064277778e+00
1.608176904212093206e+01,8.256770973658268176e+00
-1.051408182894885712e+01,-6.296998137881348878e-01
-7.341847208323828866e+00,-2.213268090817150924e+00
7.267423019039816801e+00,2.769286152352846031e+00
8.628479083476310763e+00,-1.604642150074056417e+01
-8.888056347955541892e-01,-6.257353739497541589e+00
1.067182696058401437e+00,3.427157849771726106e+00
7.765907664619543516e-01,1.688192518083667792e+01
1.034966344963853935e+01,-4.624627748849197140e+00
1.410821540028127252e+01,1.270894066738800632e+01
1.054371119805203882e+01,3.498095354523110601e+00
9.383960810227522487e+00,-6.141081185449654534e+00
1.541862992090829287e+01,-4.143560378544105305e+00
-9.898617591262102167e+00,1.263865021248321119e+00
-7.501125448682919306e-01,6.348672138586447744e+00
-4.212218130172153963e+00,9.564372666128445388e+00
-2.094232704269250789e+00,-6.131578750742761041e-01
2.552077685573606924e+00,-7.328915178947070785e+00
-1.383850595503572700e+00,-1.294174856743659596e+01
-3.749534527008837159e+00,-1.460629796883586851e+00
-6.697392546780404077e-01,-9.483798479476572396e+00
5.501260462985317901e+00,1.286478731227884964e+01
4.162827943864538582e+00,-1.132176845412229405e-01
7.049486074088670229e+00,1.572955741682782360e+01
1.008902299489992549e+00,6.692334629474280483e+00
-2.211950508229509005e+00,2.197603744078534316e+00
5.274512893039402961e+00,-1.426950860189737291e+01
6.527687085469026096e-01,-8.065176961040819492e+00
-5.284345661794969118e+00,3.455865135094876361e+00
2.789954199087180786e+00,1.034366806550573781e+00
-2.296314335692047681e+00,-2.456114114416006355e+00
-5.464337781386038095e+00,-1.661290054697104068e+01
1.435048432203491542e+00,1.892978932883832144e+01
1.442330015991632486e+01,-5.780086918162898435e+00
-3.405631941674430063e+00,-7.546555112872169957e+00
-1.740582454447344318e+01,-2.915859485221638514e-01
4.792670959702672207e+00,-1.069762640679471843e+01
6.289112934149395429e+00,6.867483897698829942e+00
-1.825291612422750021e+01,-1.925566055456611858e+00
-1.494750438864875797e+01,9.381360883125514860e+00
8.191309916592361517e+00,-7.557790473738424275e+00
-1.451755518830747604e+01,-3.793151946693952947e+00
1.128585228743987656e+01,-2.891558530359099322e-02
1.042160714181697978e+00,1.593227445262708875e+00
-8.295414221431036239e+00,-9.064551923403111999e+00
1.385481072679022985e+00,-2.694625575802351292e-01
4.437039324611278701e+00,-6.879736662746567255e+00
2.890211331781141091e+00,-1.368079333742957759e+00
1.042176786074290984e+00,-6.319078152652031655e+00
7.245199108591400261e+00,-6.073258130986026515e+00
-6.359835992257234061e+00,-3.843999013424574951e+00
-8.238476580237380276e+00,-7.244821270309102168e+00
8.119960018714662553e+00,9.646753689225590733e+00
-1.386155584503786109e+01,5.648269147075978935e+00
1.884943614663974998e+01,7.137834016689807715e-02
3.037033826929381064e+00,-1.023999659927734918e+01
-2.547386485804300715e+00,-1.523899143974458781e+01
-1.712881484575609348e-01,8.037784223848097653e+00
3.177804946758457927e+00,8.325901515180248680e+00
-1.114000169225405834e+01,-4.887501185262650871e+00
-3.966646770472612715e+00,5.864099241813812924e+00
1.465333769809501163e+01,-1.110459780145124498e+01
6.367145496424415185e+00,-3.384087947126723339e+00
3.632502705179843527e+00,4.878244734400527527e+00
-1.636367946911785998e+00,1.504539712943856955e+01
1.607642057618681619e+01,5.802081600587030152e+00
-1.887801486793891570e+01,8.732664048640692567e-01
-7.511905833757530182e+00,6.841568726475147244e+00
3.771937183701935759e+00,1.323669107914750853e+01
5.278667745670920119e+00,1.514505822150192493e+01
-7.925867353781540281e+00,-1.272530977139092734e+01
-4.832663815908233573e-01,2.549811649819724746e+00
5.411762757620096842e+00,5.271513536243178422e+00
7.007104236772050854e+00,-1.480353064356047454e+01
-1.164358082197952449e+01,9.244315342443945038e-01
-7.023215528485957648e+00,-4.102518376611693496e-01
-5.309626507777787108e-01,-3.045417929821961689e+00
6.088713934062019106e+00,1.401672999588943203e+00
4.747591178712304405e+00,-2.048043210129158798e+00
-7.325032166535202727e+00,1.648337982651980838e+01
1.022559228223336270e+01,-1.428147847257371650e+00
-6.733160306561154052e+00,-5.567243635555579218e+00
1.869563092460446274e+00,-4.525620849258999101e+00
-2.077000582026253372e+00,-1.092512572145471950e+01
-2.421732817986602004e+00,6.990243990963685761e+00
1.158017751150316954e+01,-1.175923334728975611e+01
-1.157990184635551323e+01,8.122705961968030408e+00
6.283507980363311596e+00,9.727138434114916521e+00
1.454279796467128349e+01,9.276507572722065831e+00
-4.983188131111721653e+00,-6.747959253383200462e+00
7.248813378488108583e+00,1.120690606583706384e+01
-4.584753251942391472e+00,1.420345290939201810e+01
5.067411564264295620e+00,8.334886683783189198e+00
-5.240162241801941789e+00,-3.272288323843973168e-01
1.457252466858641959e+01,2.331506697685740814e+00
3.469890720030759379e+00,-5.409058445402758153e+00
1.626477516701357118e+01,1.628721454063273066e+00
1.112664154819598394e+01,-6.672901772630872586e+00
3.034368786135501761e+00,-3.183465657106424374e+00
-9.841224590863975052e+00,-9.973294083530733545e+00
-9.627249867387096316e+00,-1.496147445079687621e+01
7.724635888634057146e+00,-9.385725873659184870e+00
-8.111104278588776140e+00,-3.985253963751764772e+00
-2.810936627372536911e+00,-9.293234100199388337e+00
-7.370042509929158214e+00,5.063498002702835343e+00
-9.205538169670099080e+00,7.774282491798048866e+00
9.346193561529396732e+00,1.278579356951343726e+01
1.281755472493873782e+01,5.223224923233108719e+00
1.863158771326467456e+00,5.094926243599232407e+00
1.112954390885506761e+01,1.828668287680516480e+00
-1.504294093706517543e+01,7.050827947885959901e+00
2.956762728028171416e+00,1.791525490841554458e+01
-1.879769601354829289e+00,8.697378247102605542e+00
-8.801131158201142668e+00,3.713883386222413652e+00
-1.669188137611046940e+01,1.970751394428027048e+00
8.118362811067671103e+00,1.716052343316432882e+01
-3.761936747191233277e+00,-3.523364668678147016e+00
-8.652317128944577718e+00,1.111171973579572558e+01
1.297141639386004108e+01,-6.860444637542225443e+00
-4.798864172704136344e+00,-1.302714139673850369e+01
1.620809175131278579e+01,-5.852115340426967016e+00
2.319143154026880094e+00,-1.517204692716718561e+01
1.147692522724123698e+01,-3.258223474300488753e+00
7.909108215060619784e+00,-4.356793673219741869e+00
-1.318310266171530820e+01,9.373641768133049723e+00
7.788974340707595367e-02,-4.793239466984794639e+00
-7.047407017397877560e-01,-1.469451585479145628e+01
1.236762609392097367e+00,-2.194863862041460223e+00
-1.913168671315367941e+00,-4.268823095926005173e+00
9.502094997069505666e+00,-3.062527580876935218e+00
-5.795519368565268614e+00,1.285338448203630612e+01
5.205918068335141591e+00,-1.249811839573091099e+01
-7.025222012115575509e+00,3.255940810428037846e+00
9.336230330725291182e+00,-1.050917545217541615e+01
1.287124578307398970e+01,1.507292133384595001e+00
-5.933574296150812444e+00,7.747941747438677140e+00
-9.288941481427018587e+00,1.582997884202144334e+01
1.404156236906979993e+00,1.272737062176651079e+01
-7.686594564129042850e-02,9.856197229690264905e+00
-4.134937069818999333e+00,7.766334670690643982e+00
9.246356525760530687e+00,1.101172523375287327e+01
5.195830183109040767e+00,1.705030306763744363e+01
-5.302262515007916122e+00,-2.349897988131540938e+00
8.581519369540657749e+00,-6.338201811939222496e-01
1.146648327027099157e+01,1.039364593803605175e+01
1.779411007382547538e+01,-1.463839710346170664e+00
1.671268704579401998e+01,3.361577844498315759e+00
5.803665317880402519e+00,-1.808149099337439480e+01
-1.238628571980927973e+01,2.695487832461137323e+00
-1.221699037203719662e+01,-1.316847648384005476e+00
-9.811835459798698977e+00,1.245913602063578907e+01
-2.019535040087692135e+00,5.107637206822063014e+00
-3.966988397933309263e-01,-1.277153694343732715e+00
1.305544353689784742e+01,-2.026556560269130447e+00
-1.117404149003371394e+01,1.534304245964854374e+01
-2.885592531746797862e-01,4.557448457537288888e+00
-1.411626107994912793e+01,-4.053946460407295560e-01
-1.328708292456626339e+01,7.508293680577188489e+00
9.652965310607555693e+00,7.744384418202444609e-01
5.901311421156586690e+00,-3.499919960282289466e-01
-3.577569750573882601e+00,4.116660531707495019e-01
1.293678955495708394e+01,-1.042000077155192272e+01
5.890982703521121522e+00,-9.265411011816754083e+00
-1.066195946848456755e+00,8.440467183227814418e-01
-1.593514418020921752e+01,4.041304615672939526e+00
5.841503858989318232e+00,-1.622713064026133978e+01
6.095987604228726653e+00,-7.469109215470611574e+00
1.440522647296208270e+01,4.152309210883172952e+00
-1.609984643795871806e+00,-7.886678200910743897e+00
4.349145243396318250e+00,2.038693744575327482e+00
-1.384216566963745976e+01,-1.069117639991849877e+01
-3.267421386779963743e+00,3.802314283338007694e+00
-5.615600571494388404e+00,5.222120403718290227e+00
-1.695911947620160021e+01,-8.157291459918361909e+00
-1.453305343485474843e+01,-8.237907757193230651e+00
1.794508641048722541e+00,1.445608672114620497e+01
-1.224018963891877121e+01,4.586550229224820363e+00
-1.492114831679734088e+01,2.278267863689915185e+00
2.962639135606299767e+00,3.134315865043250326e+00
-4.773460312101148517e+00,1.128399133182104208e+01
-6.476826056114769692e+00,-7.724471778102034669e+00
-3.265543772070901574e-02,1.404348560159438897e+01
1.584882058382012104e+01,-9.583859743356269334e+00
1.188450229964474758e+01,6.875705018844332272e+00
9.747640017000669843e+00,6.636763437810388133e+00
1.401361832103985705e+01,-3.270740053589717422e-01
9.076208659996288119e+00,2.487738324095321030e+00
-1.394825235440638345e+01,3.886337943223899583e+00
-1.558644686842048088e+01,-2.402937101278208587e+00
-8.287626343651929517e+00,-1.093207239979217604e+01
4.674815406571340759e+00,-4.034931000209448726e+00
7.096847915335163570e+00,4.608921266963750263e+00
-2.671325820752472602e+00,-5.926702171031194233e+00
7.843555828400287311e+00,1.054077635756046405e+00
