4.474860743998984702e+00,1.363624850216084283e+01
-2.112176850585202104e+00,2.336470891492763879e+00
2.226171108519811703e+00,1.021517308111246436e+01
-8.042116752010148417e+00,-1.276509579763345315e+01
-7.776647409666698429e+00,-1.543786980450415180e+00
-8.524609541484664987e+00,-5.012891944739227945e+00
1.726804580468374439e+01,-2.435339749857790448e+00
1.567563653230517851e+01,-8.505901582445236642e-01
-1.476126683210515189e+01,-2.151515599893181196e+00
-7.455411680509529404e-01,1.173801739044924464e+00
1.313272085879239492e+00,3.331036845558596471e-01
3.751651178539491482e+00,-6.770512866582084399e+00
1.141235853894145436e+01,4.386984034999574789e+00
-1.490330231673247185e+00,7.924447805016409774e+00
2.083564257287096932e+00,7.775456264198387757e+00
-1.152507270652627724e+01,-3.253672920295804349e+00
1.376502446846579408e+00,-1.396982342156662504e+01
-4.708820066865262000e+00,8.735891371270591677e+00
9.401285365986657538e+00,-4.548189156328971805e+00
-6.869804946535460921e+00,-4.145066898640473868e-02
-7.669850441409781894e+00,7.148062001923178421e+00
-1.886548927139944709e+01,-2.204429818258884843e+00
-7.329386665647374066e+00,2.915721224049216076e+00
1.134853385254301372e+01,9.452813751274568688e+00
-2.477112889335705059e+00,-2.082039639969798461e+00
-1.366785442679415430e-01,1.405025225078087203e+01
-7.980129554273398540e+00,-1.503210746410918830e+01
3.471611139293982795e+00,8.893358720907531989e+00
-7.163519511276883911e+00,1.372320026160126538e+01
7.223172915578659037e+00,9.374143807700251685e+00
-3.876202597714819120e+00,-1.142060619415344291e+01
-8.419178810564728721e+00,-6.807344401875742079e+00
1.440996030331972877e+00,-1.218090014550377553e+01
-3.897716208782644465e+00,-3.534642473144988362e+00
-1.381958778442636060e+01,-5.953531762167112440e+00
1.677364973650984936e+01,-4.549594045265792808e+00
-2.367069011733319073e+00,1.110679689763448330e+01
9.545354278852403951e+00,6.181035425829451979e-01
-1.460724341880269961e+01,4.938826443088807139e+00
5.732348510738690450e+00,-9.646930621848104792e+00
-3.456865140750422505e+00,-1.368100751842304597e+01
1.179283185170454828e+00,-1.038983639097141420e+01
1.100387035351664622e+01,2.306304960635511492e+00
-1.298806135055386335e+01,-1.538022610004778912e+00
-5.526929634203756159e+00,1.156883559251244797e+01
-1.141649969100714301e+01,8.142560668736752660e+00
1.489466131549227690e+01,1.104564754460614218e+01
7.764039759265614293e+00,3.233258408114511595e-01
1.591809813592486478e+01,8.066254044385631872e+00
1.308955674542661640e+01,9.160702643184684746e+00
4.109004209469557245e-01,-5.027618403680262915e+00
-6.019415226501658722e+00,-1.891576788211597027e+00
-1.559301286949501275e+01,-5.972189816464704926e+00
4.263498218977553655e+00,-8.500082404953886339e+00
-1.475569376301707614e+01,-9.671633257446909937e+00
-1.079020285248389754e+01,1.291159053549323232e+01
-9.600350288368412421e+00,-3.628510202671784146e+00
5.780012099019935512e-01,9.175830143291927143e+00
1.129115567718286073e+01,2.518191057162649238e-01
7.315154670088959143e+00,2.017257682215599424e+00
5.524468085388117622e+00,6.344312869685585277e+00
1.400413698286954656e+01,-6.394367925854911761e+00
9.622026404781603759e+00,4.343860841721888022e+00
-7.547632245955490760e+00,-3.457127394967854261e+00
1.001825358215232331e+00,-1.543113781836809695e+00
-1.711600373599389258e+01,-5.014972811935536789e+00
-5.215058027456045409e+00,4.780048029350950856e+00
4.598536080681331906e-01,1.894031875678310683e+01
5.586078544644592192e+00,1.610334983232564632e+00
9.838020193722993412e+00,-7.876535393395089457e+00
-4.896262543089099140e+00,-5.254421385892722896e+00
1.494566849878225945e+01,-4.482761279537005983e+00
-1.430861443352612383e+01,-4.161943019408702149e+00
1.325010256810756992e+01,-3.112172899129579395e+00
-7.527589272851032298e+00,-1.049150099202673303e+01
6.434927575726621107e-01,-6.801518676195250634e+00
-1.963763517791297097e+00,-3.876280569969893008e+00
-4.280922639374352912e+00,-1.681995638412811189e+01
-1.277867362645365823e+01,1.228510639326812282e+01
2.662210295493555590e-01,7.448261965154055808e+00
2.460158921456075731e+00,5.837481359064529585e+00
-5.066216408322127052e+00,3.006563834815249692e+00
6.173552801519415212e+00,3.374163613763963898e+00
1.529461707167087958e+01,9.055838452517703807e-01
2.650522854341114787e+00,-2.442518042004039991e+00
-1.818327507851155644e+01,2.812258790215652615e-01
8.243576968667021276e+00,-2.988239964060992904e+00
1.739404052691322633e+01,5.542624268920461006e+00
5.924696855864175937e+00,-2.396421728767690329e+00
-5.313934431676706538e+00,-1.260895955248544098e+01
-1.144653927900335688e+01,-1.276419215976303256e+01
4.171827779115843682e-01,-1.738910307395224208e+01
-1.254174800347446883e+00,9.744864352618840542e+00
2.775808866440630851e+00,-6.334983334943856681e-01
-1.353876704967112587e+01,1.098590095689179646e+00
-1.248804134430054447e+01,-7.196862349083955834e+00
1.009551930614537341e+01,-2.883436026416028142e+00
-9.863798722579973699e+00,1.826339558437017896e+00
7.526907447142754393e+00,-4.730515142602105705e+00
-5.317030290509866752e+00,-8.575242262677646110e+00
-1.599845548732864842e+01,-3.517648759764848254e+00
-1.320396966582488174e+00,-5.645027938618861540e+00
4.255050741246178880e+00,-3.177700134503510299e+00
1.116813695578859189e+01,-4.511545462036376186e+00
9.877000281658679270e+00,6.102230088078555603e+00
-1.525729267412918766e+01,6.831966938900913888e+00
1.293754979697718710e+01,-4.967022360986211638e+00
6.624391877496055292e-01,5.697618809265209805e+00
-1.856241789684504084e+01,-3.992535879570974888e+00
2.739863565664699241e+00,1.774002771622434338e+01
-5.283255281728036934e+00,1.343302945286294658e+01
-9.114557171515851763e+00,3.516234708320446156e+00
1.379851753452180851e+01,1.985017376996177862e+00
1.465471691262762199e+01,5.567599336642079955e+00
-2.056306840620937493e+00,-1.473677424056006480e+01
-1.021046708617797094e+01,-1.138250661431061772e+01
7.439145971788551748e+00,-1.642629327041804288e+01
1.838054226454068285e+01,3.929637157558595106e+00
-4.097016402395883272e-01,-1.398425940136857548e+01
-4.171655535462525322e+00,1.732394072787296935e+01
4.705886303270565563e+00,-1.392160223189029900e+01
-2.085670012664514239e+00,-1.887866681435070504e+01
1.561581833824566168e+01,2.669600804586944598e+00
-1.708143816573317508e+01,-2.016732935319090370e+00
7.523700681440944393e+00,-1.191974347027536574e+01
4.452967633391019753e+00,-1.340391947137311579e+00
-5.354469411803444601e+00,-1.046669886123452464e+01
5.965555732920142518e+00,-7.864299054178977677e+00
-1.237829996309394076e+01,-4.939192929630704221e+00
8.866892101112210156e+00,-1.523319104869138840e+01
-6.663061987778137185e-01,-1.143586654648180634e+01
3.074280487585737909e+00,-1.470992710651257163e+01
7.797833840514495130e+00,-8.207405854222693975e+00
2.975713527363246236e+00,1.598200187486827772e+01
5.308574778125812799e+00,-5.931035108560577029e+00
1.286802677801468953e+01,-9.986018399601279683e+00
1.235640279455935353e+00,-1.583297796351205378e+01
-7.202131332981032585e+00,-8.523195137601101479e+00
-3.184011240304476686e+00,7.354747665773041732e+00
4.411987033979341000e+00,2.928493869489881885e+00
6.756030280940554356e+00,7.644036718123609297e+00
-1.638318895874313341e+01,4.173357461118790468e+00
-1.569723516144056497e+01,2.448657859604761011e+00
1.581128965183622226e+00,-1.892643932927865436e+01
7.921318815829940796e+00,3.685605239866996730e+00
8.282592702071063684e+00,-1.355619343877259908e+01
3.716300746091788731e+00,-4.888872247210626298e+00
1.590338241658264806e+01,-1.034378891169770753e+01
-4.085230673227218112e+00,1.054239269993752615e+01
1.092499791634874384e+01,-6.327122197590347774e+00
2.719249320891700794e+00,-9.418003966246557113e+00
6.351346374831987163e+00,-1.325140998081932864e+01
2.931680441999103603e+00,3.994625797528647659e+00
-8.761400697174334340e+00,5.604628443980275598e+00
-7.075375497617848453e-01,-1.598877499831714566e+01
8.559726729677569423e+00,8.110863738391204336e+00
4.150705424947920719e+00,-1.057726043844991537e+01
6.802808815224131500e+00,5.068578618702407113e+00
-3.444981551033621692e+00,-1.362763915595413544e-01
5.250608528288807086e+00,9.298445449859826795e+00
9.247347187503669019e+00,-1.244378699958097467e+00
-2.915718539785667751e+00,9.158904932641515728e+00
1.043450009857037841e+01,7.837151953817091510e+00
-1.040001610317511016e+01,4.918511296359088014e+00
-1.606837899977653805e+01,5.145958967541206519e-01
4.607357337170806533e-01,-3.213871334141375602e+00
-1.396504717206293655e+01,2.815103914911415650e+00
8.891157056921272783e+00,-6.260053877722026705e+00
4.220453549067263666e+00,4.766197857155494710e-01
-1.377323464313068691e+01,8.607759680184509321e+00
-6.534989292642130465e+00,-1.389104444735996147e+01
-1.294512076631872333e+01,-1.176022901083366534e+01
-2.320636359549718364e+00,-1.225860279865366209e+01
-1.196678664836488259e+01,5.807327357026004222e+00
-3.247795930238037254e+00,3.742073381680131927e+00
-1.108707182242210187e+01,3.238245222279887869e+00
8.074967301983734913e+00,6.283454080351941862e+00
1.245933302250278985e+00,2.137629081011679588e+00
-1.611115278101956250e+01,-7.770289302865546865e+00
-1.950639778478593600e+00,1.395259721178021195e+01
2.992879965505025552e+00,1.815220437384721386e+00
7.359847600853184346e+00,1.120735411205218668e+01
2.034975315633136272e+00,-4.132221148518624432e+00
-1.746835644461539516e+01,1.938965472754355046e+00
7.509396561887845323e+00,-1.006128429236557764e+01
2.187266460627721010e+00,-5.903204958950285963e+00
-3.774790214380328468e+00,1.664434875032382077e+00
-1.116159203681692524e+01,6.143162874057502831e-01
1.216137645367420284e+01,7.155552454981336297e+00
1.113866770144284146e+01,-1.173168997856741491e+01
1.140159531729241449e+00,3.943293255982328382e+00
-3.256241764157211116e-01,-1.899324924944665582e+01
1.531853716096682305e+00,1.217289575144939384e+01
-2.213326156233102360e+00,-1.712277914886860586e+01
-4.208562981924925062e+00,-1.733789442798789215e+00
-1.696012950994154611e+00,-4.275548473947531347e-01
3.321180243101821361e+00,1.229296647670672904e+01
-8.724443841214780671e-01,-9.627518749959909528e+00
1.498793061294184703e+01,-7.959358985790124130e+00
1.549000942981918527e+01,-2.771571792249163835e+00
-1.117552074316633259e+01,-1.181041877458166578e+00
1.179181328354706082e+01,-8.292442343779478975e+00
-6.727158603550503102e+00,-5.287174880477670591e+00
5.000141154579122116e+00,-1.211185294697603787e+01
-3.102740629404228123e+00,-5.289245483049700880e+00
-5.767818207312581436e+00,-3.700259182258853752e+00
1.677970635166745694e+01,-8.402597184130325303e+00
1.107986399824001111e+01,-9.968005021575390145e+00
-9.361423947069901885e+00,-1.622631570422501568e+01
-7.173454427789869303e-01,-1.911305860656326461e+00
2.209091294397842464e+00,-7.690571204735188182e+00
-8.193499391810810550e+00,1.278916139168283284e+00
-1.287643324110733190e+01,-8.950189876483948481e+00
-2.443704569966979268e+00,-8.796783294901093342e+00
-1.127989486512724682e+01,1.117042103773290052e+01
5.738501822713999445e+00,-4.162653618405932399e+00
-1.823823720540130200e+00,6.165596478995424512e+00
9.352370923982471496e+00,-1.157721304056187783e+01
6.303861791051911245e-01,-8.657514636170382971e+00
-1.062012357847397404e+01,-6.990369972705513746e+00
-1.055801125218756731e+01,-5.151985097357001386e+00
-9.754582808147842954e+00,-1.328308827771259715e+01
1.307602984999024276e+00,1.509435542905259986e+01
1.582229116251517809e+01,-6.293663619281356425e+00
-5.418505347251315385e+00,-1.543387612153088817e+01
2.623696045736828797e+00,-1.749649007466586781e+01
-7.221517037513918602e+00,4.682242980051414705e+00
-4.937872509811392696e+00,6.871330218118416155e+00
-3.927447173777455003e+00,-1.858307394983066985e+01
-9.875181166034504576e-01,-7.606745629900118821e+00
1.600220265412472997e+01,4.419017210424692976e+00
1.846908493041571120e+01,-3.809982633481802328e+00
-3.830059632786433355e-01,2.906580802858585777e+00
-9.417915782453691875e+00,-3.314279417036725822e-02
-9.513817941185331861e+00,-1.853131303119029960e+00
7.014956754493524294e+00,-6.423575018508122625e+00
7.390158875127347038e+00,-1.427427259683976102e+00
-5.130808700591029670e+00,4.641537737661151630e-01
-3.556375671210647571e-01,1.725866336347404939e+01
-6.386682595914406235e+00,1.539089487795667210e+01
-9.987559232033422774e+00,6.914420105821688978e+00
-3.546874461477854457e+00,5.539091680934840056e+00
-1.266955922046456884e+01,4.070341396125975564e+00
1.735201640197165940e-01,1.103797812077877261e+01
5.693318920423975804e+00,1.668310931601921254e+01
4.035805740060866675e+00,1.059689386625124463e+01
-1.097505220972809958e+01,-8.849159592503793803e+00
4.635869025270375587e+00,4.804833431198392013e+00
1.136858560695398701e+01,-1.656998014216550796e+00
1.287072494850883153e+01,5.486793525911414449e+00
6.285874206605380543e+00,-1.506261200454627414e+01
9.156064170622368437e+00,2.360262827797978247e+00
5.928252240505980986e+00,-2.748357513639786420e-01
1.018028790028175301e+01,1.115248446386608627e+01
9.294821324952241781e+00,-9.773504209224773476e+00
-8.506440374304711227e-01,4.610357631401024392e+00
