1.166672728620242960e+00,-1.507448207443610499e+01
-1.630927142931989948e+01,7.281484885422369935e+00
-1.509315401106622367e+01,-1.146992266334385668e+01
2.122181112321375185e-01,-1.034082729500238251e+01
1.038725104040265812e+01,-4.739993622798597261e-01
-5.350685298821725944e+00,-1.821913022056466502e+01
1.139237181451073688e+01,7.816771424287503045e+00
1.191255594695365438e+01,-7.942406908351754780e+00
-1.795222876614342544e+00,-8.446741366580535981e+00
-4.876772738447734845e+00,-1.051094146526696349e+01
1.505665186664965738e+01,-1.155772489335709530e+01
1.723232907474178432e+01,-7.952789421456814445e+00
1.166483318418095813e-02,-8.409313837400549829e+00
3.292503079362542051e-01,-3.189587252347114266e+00
-8.101494166447821499e+00,-7.275829996823595991e+00
-4.733326421381435223e-01,-4.815266337876733083e+00
9.761213027864881653e+00,-8.037909372817958698e+00
5.079722578496249419e+00,-8.904660044890889969e-02
1.240997343044137047e+01,-3.480792707743128656e+00
-1.374025283487315363e+01,9.587961721962585671e+00
5.309916748146505938e+00,8.116880158185823646e+00
-8.819472532514835095e+00,-2.255556062128010464e-01
8.227427999091471378e+00,1.319348104799450816e+01
1.018727489397335617e+01,-4.112564082581124936e+00
-1.473577944150642249e+00,1.498805975515362832e+01
-7.564594745476686199e+00,5.282769969330104232e+00
-1.433208184033016686e+01,2.340446972250493030e+00
-3.622260273884245763e+00,-5.577197982012406463e+00
9.808163318000211461e+00,4.516493091887442191e+00
2.473246795516603758e+00,1.928053871585012180e+00
-1.732295113567850153e+00,-8.902144523000592446e-01
-1.337312518236767822e+01,-8.650378254424383684e+00
8.514776425953293426e+00,-3.520341707083023408e+00
-1.531725613153177079e+01,-3.925962859225219592e+00
-1.139051255329602341e+01,-1.231934225159145235e+01
1.019401371572611659e+01,6.381542813260853819e+00
1.220926237062430175e+01,1.267560425370227506e+01
6.388880521314791672e+00,-1.756258392486454767e+01
-1.795544582268329692e-01,4.346350462867369480e+00
-2.818704499913611272e+00,-1.736948285238496226e+01
3.448760979106367142e+00,-3.164696976632336067e+00
-1.909934019920017878e+00,7.075422209951875097e+00
-1.505686464647647149e+01,6.025392671735776418e+00
-1.156224446455397725e+01,-8.315126778942312669e+00
-7.675357245183452193e+00,3.390865909120557742e+00
-8.218695145737989094e+00,-2.936875607718971271e+00
3.117599904290950796e+00,1.783503611642918329e+01
-4.866149079463370164e+00,1.651958993308692669e+01
-2.433025826928171043e+00,-1.382116544202142272e+01
6.865686984948682792e+00,-4.415065332576470603e+00
-1.027760242730668239e+01,1.151011874875699093e+01
1.106260048985220656e+01,-1.314084001587465345e+01
-7.394664692152362662e+00,8.631641572524594297e-01
-3.530093664341413806e+00,6.258520102258775530e+00
-1.841354000371135502e+00,-1.890195018503306201e+01
6.601136625178154027e+00,6.656584949822317299e+00
6.711143294496739742e+00,3.225056707300985259e+00
-2.544252875491680221e+00,-4.159697055096419405e+00
-6.444527970868488609e+00,-9.663268970020828519e+00
8.544917970735735224e+00,-5.339463483268444222e+00
-1.670067298415631285e+01,5.093500865981033243e+00
-1.623483760099479767e+01,-9.853643899904509951e+00
-2.467576505214010396e+00,-1.560250501246208366e+01
-5.303974788694993947e+00,6.536839899236154494e+00
-1.408725864152139273e+01,1.142505814170842804e+01
1.019051073245988270e+01,9.239956450451385805e+00
3.494545817474707050e+00,-8.625779905387913615e+00
-1.202515784414391220e+01,1.203491898387405534e+01
4.896434760293052690e+00,1.653764301966596761e+01
-7.280218158882524548e+00,7.093328881318792689e+00
9.219245333020531508e-01,-1.734328198694148071e+01
1.856607727659148921e+01,-2.990919683976902999e+00
8.857309899576186751e+00,8.018100385729232116e+00
-1.154984496503329972e+01,-4.246586552817378291e+00
1.267596813537871903e+00,-5.760380788364565241e+00
-8.929126658135513317e-01,1.082567851448156837e+01
-5.969994096740626865e+00,4.355987785147962477e+00
1.168507917481887759e+01,4.311521745351896584e+00
1.586336071082244281e+01,-9.921265630330530882e+00
2.781340388021589227e+00,-1.038533599329905854e+01
-9.398723601872134736e+00,2.563462811452664081e+00
-1.521488891226215223e+01,4.756179697858226030e-01
-3.262863578091200090e+00,-1.127977290175476455e+01
7.111360554522718758e+00,8.536872177890263202e+00
-4.352309404931925307e+00,9.624217147383001603e+00
-2.961387927380290108e-01,-6.662223594741607080e+00
-1.668142849372298642e+01,-7.185180130408876487e+00
1.036562563960447392e+01,-1.149282030000422061e+01
6.988574042155874799e-02,9.174417533988362905e+00
7.610163979719817284e-01,1.285973796444698447e+00
1.151069178681513883e+01,9.753156285020143645e-01
4.818282160174559792e+00,-4.298227874480539334e+00
4.549442309143615581e+00,-1.786788844518466313e+00
-1.337370454697868283e+01,-1.216488536776943619e+01
-1.225719605702284998e+00,1.772112433370466178e+01
-2.046504664340159430e+00,-6.516841546421936471e+00
-9.645738931441826480e+00,6.099645011843725761e+00
-3.066152735085874603e+00,-2.132221323558112225e+00
1.493852075498146093e+01,-7.613598540388049063e-01
6.447165716408997937e+00,-1.014849020142435698e+01
8.892145511334703656e+00,-1.269200324648952183e+01
1.053463430257713246e-01,1.897752091731168278e+01
-9.749199851102154923e+00,-4.028485171320415503e+00
-1.690429044995173657e-01,6.205900719747834415e+00
-2.767799973122352597e+00,1.372903851353420634e+00
-1.423688858224089770e+01,-6.450369709580383137e+00
-8.506150832456665256e+00,1.181936583044844724e+01
7.362145743642820150e+00,-1.745894506149626713e+00
-1.234089844481928111e+01,-6.569521136898167413e+00
-5.952863834617038385e+00,8.233528042007897341e+00
-1.664107270510240255e+01,-5.706686812500563200e-01
-6.943366209738687012e+00,-4.358886713757418541e+00
5.805419671845037044e+00,-5.814568448371425724e+00
5.661937486258292296e+00,1.085106767421604523e+01
1.684822664743226284e+01,-2.498352818723565516e+00
1.363505040553592451e+00,3.403929800547687456e+00
7.244986349615966326e+00,1.473836092058325065e+01
1.749969440695640310e+00,1.332621745037280014e+01
-1.725126537653136172e+00,5.251561490487383743e+00
-1.280240934779559403e+01,-1.044463500200242656e+01
-4.930715468924602440e+00,-8.740851546059532851e+00
-9.839338901636159207e+00,1.342500190728120479e+01
-6.745073034866236661e+00,-6.126565116489029350e+00
1.066459133394784509e+01,2.853467279058472528e+00
-3.377294626262260735e+00,4.462194277834982792e+00
1.680850100951125370e+01,-6.885371646610857210e-01
-9.755683840363646553e+00,-1.135728659065181922e+01
1.918934535801416708e+00,-2.165854794084012269e+00
1.705152153610955512e+00,-8.922335018638516857e+00
1.156843801646544811e+01,1.047312587438704234e+01
-5.037707595292331142e+00,1.127024398206066813e+01
-1.334313315001462286e+01,6.516838531633634801e+00
1.696640532506028265e+01,3.705709283817685495e+00
1.047472456523743567e+01,1.201251676924429113e+01
1.355889228714555728e+01,-7.241142992480551932e+00
-4.325430786594018251e+00,-1.603531049562946009e+01
-8.047984249158465886e+00,-1.569267227587048730e+01
-4.589421978777188826e+00,1.425154287746708048e+00
4.181491457149685509e+00,9.588575677181799151e+00
-3.616546999194411249e+00,1.242446901508337653e+01
-6.413223666818509194e+00,1.452039659125241933e+01
6.092511903480580138e+00,4.952585177820907347e+00
4.328310994362023045e+00,-1.692950925288403852e+01
-5.270119588205310457e+00,-4.964638692694502531e+00
1.039993458568417317e+01,-5.874974142980091685e+00
1.553227758131816039e+01,-4.066840212638434870e+00
4.211564855852580891e+00,1.511104104858272512e+00
-9.935617337211978040e+00,9.757796845392720186e+00
-5.534904874509288142e+00,-9.733643897085113295e-02
-4.822292972963081459e-01,2.597528265515015367e+00
9.383321059868464431e+00,1.529082516597098618e+01
1.234203571204667504e+01,-1.334552036078784809e+00
-9.843524243735743084e+00,-2.086489561289187833e+00
7.470402233387460456e+00,-1.160754828656832238e+01
3.274906619910303629e+00,-5.501396062634100748e-01
-6.479214173806717270e+00,-2.541644024618065156e+00
5.942628238388862449e+00,-2.916703512204931403e+00
3.222069008607822305e+00,-5.223514505227975668e+00
-6.335347289756012579e+00,1.000829857861257999e+01
-9.146520473294513565e+00,4.390161417268330091e+00
-1.847906921610434949e+01,-2.083314039055401246e+00
-1.785135913543816955e+00,8.861018975961060917e+00
8.332891139149401383e+00,6.284237356761043003e+00
-4.846295694562384959e+00,-1.731102658535036642e+00
1.231953927601451948e+00,1.071012904300806312e+01
-1.012041915891403754e+01,-6.111718028989588269e+00
1.154910297075644898e+01,1.443097188568065015e+01
-8.513791398513790298e+00,1.687395960832422759e+01
-1.397218033159830730e+00,-2.800936303735233945e+00
-1.558186860267276153e+01,1.049081280418782924e+01
4.570447781278637045e+00,-1.009667381340642045e+01
-1.585975064793087874e+01,-5.597526418628348210e+00
-4.605028969309624465e+00,3.206058958178616525e+00
2.583415178296279979e+00,-6.948345249512065003e+00
1.041812600553338442e+01,-1.488839245350812135e+01
-3.087742735021417939e+00,1.595905733185586861e+01
1.253294205664703398e+01,6.353890962992731595e+00
-1.156906363710456809e+01,6.038407296860347273e+00
-1.229933424022249788e+01,1.385088955770367214e+01
1.089362900813882895e+01,-2.389044972833476610e+00
-3.405280931407623335e+00,-3.227120900822671445e-01
9.216973184462403879e+00,-1.864476421626584113e+00
3.166329931070265502e+00,3.724897453567662886e+00
3.649260437252134892e+00,1.337863314705915130e+01
4.915964049349240916e+00,3.237364111211889828e+00
-1.525331859622549935e+01,3.923920280293917262e+00
-1.667851151819447963e+01,9.091608621541208635e+00
7.612105249409794716e+00,-1.609091043091052953e+01
4.335473138282551098e+00,5.076590788591506254e+00
1.381973704843717954e+01,7.644237415451072826e-01
-9.018875177998140202e+00,-1.416359016167733742e+01
1.292066317236391626e+01,-1.340130697704802643e+01
-2.200881252914143271e+00,3.099364347319797375e+00
3.450496292496902040e+00,-1.240603127313467979e+01
-9.804394119560859266e+00,-7.911512660307453260e+00
1.488734546938636605e+01,-8.432635339507735139e+00
-3.429467063099844726e+00,8.030944532549874282e+00
-4.312144378093240249e+00,-3.470743035275939636e+00
6.056550388310046884e+00,1.555442918136894503e+00
7.940800173852857746e+00,4.557770288652171153e+00
1.323858071244153933e+01,-1.153329650452332267e+01
6.835843516077648729e+00,-4.632205612913047749e-02
1.900869271247229264e+00,-4.029425280351833116e+00
-1.751226895844429254e+00,1.248366974333815982e+01
-1.085174446821807592e+01,1.503833016369090281e+00
-1.174510839544211116e+01,9.761739243127568244e+00
-1.063840644594957219e+01,-3.616697546718943279e-01
5.164118514971188567e+00,-1.191278737300239499e+01
1.609567903410514234e+01,-6.545871767965028454e+00
-1.101756212610395380e+01,-1.003610759842017508e+01
-2.643553204441357884e+00,1.043163308273715373e+01
1.343487426658208639e+00,5.247902063908587600e+00
-3.266658818338946890e+00,-9.458268083544270510e+00
1.561685441480937619e+01,1.171435292493655078e+00
-1.253078841241440955e+01,8.122851583508836626e+00
6.495483098609230233e+00,1.250304791429860352e+01
-8.355134347629270763e+00,-1.250763874476857929e+01
9.752438464904264137e+00,1.304494319577198747e+00
-1.678141128363016987e+00,-1.212665461999517724e+01
-5.911245983115332336e+00,-1.285831166971676964e+01
1.486427506871228932e+00,-1.176501557331454961e+01
-8.053290573534209074e+00,-1.062429548112215016e+01
4.494556941183535770e+00,-6.980447136485357973e+00
-1.565230559484569284e+01,-2.132828973558921426e+00
1.126773513929415049e+00,7.417022977983066312e+00
8.888068497540210444e+00,2.973272285233345080e+00
4.824845216935247372e+00,1.837507207484659588e+01
-1.321315112146487358e+01,-4.916586816287657591e+00
-7.147158892679142284e+00,-8.987290562752769940e-01
1.500899303937231144e+00,-3.363575854654234920e-01
-1.357865225410815313e+01,4.700423701528343656e+00
-6.677113681678395807e+00,1.731122276518392056e+01
7.829407721288517585e+00,-8.963861974587960191e+00
6.378295123122524224e+00,-7.585190029560322955e+00
-1.078520962556043727e+01,-1.401251654967531657e+01
-1.029720430613042526e+00,9.127209944692185051e-01
-1.118977576693859355e+01,1.524049348098449919e+01
-1.101010763812353588e+01,4.305900755368262445e+00
2.765831678660438109e-02,-1.367033112509579373e+00
-8.970554830215915487e+00,7.745043926964806147e+00
-1.397378052257374570e+01,-1.586991203210158741e+00
8.593872237798981573e+00,-1.400708951243470890e-01
2.901374444559960519e+00,6.262648749143290061e+00
-8.101361999975219774e+00,1.003673787272753515e+01
-7.956375694529599585e+00,1.353089620297342677e+01
-3.007942211708374280e+00,1.407546423600984120e+01
-1.454363712372440709e+01,8.007904128451125203e+00
9.021804146728637619e+00,-1.029964736575065665e+01
-6.181819938307003603e+00,2.296577524025898764e+00
-8.392942719323912115e+00,-5.360360215886396773e+00
1.432828067745091083e+01,-5.578968679375729600e+00
8.146685610340059114e+00,-7.083026944621854781e+00
-5.050052540691892133e+00,-6.789293476796409266e+00
2.732156236691873352e-01,1.451987776232158822e+01
-3.475319320074949481e+00,-7.694478487380560949e+00
7.830612983902601520e+00,1.529834360930824477e+00
