1.072464621411532448e+01,-9.462473291620459026e-01
-8.840807806770929478e-01,1.035523593014378463e+00
-1.245669227145020841e+01,3.345964243593646970e+00
-9.745313165286596302e+00,6.101130702612000967e+00
-7.923052795154165828e+00,5.193924197321615033e+00
1.071216716134886937e+01,4.119614315722691877e+00
6.244581336766460211e+00,2.134494674068848852e+00
1.725483832508529147e+01,-3.217286197299555894e-01
-8.974079111317671220e+00,-1.050806505746071373e+01
-4.835360745084278378e+00,7.975041301674564487e+00
6.549742989574532714e+00,-1.748520114235722289e+01
-1.084182305280294578e+01,-1.264849575945598303e+01
-1.132297309113685913e+01,-4.721762100550781049e+00
-1.528430108954260902e+01,-1.571204368342959956e+00
-9.687927246043809504e+00,2.135054092203088949e+00
-2.616712967354052122e+00,-1.242480770225077258e+01
8.141876103815333110e+00,7.082553292493285468e+00
9.696279771554699778e+00,6.158480730752229348e+00
1.535284357358046492e+01,-5.217930382847075776e+00
1.319887719057939890e+01,-1.117579413398785526e+01
-2.924394805638247163e+00,-8.137696278739584343e+00
5.177275832027564917e+00,1.528654139696391212e+01
-1.038825013569700584e+00,1.615709672015891130e+01
8.912328243202818356e+00,4.524013522221340899e+00
3.744135840846160246e+00,-4.591886772599613309e+00
5.429523035849828094e-01,1.709710955038097779e+01
-1.697259033564746034e+01,-2.204497486661627370e+00
-1.595295648286201562e+01,-9.843365152398030560e+00
-1.198614067490207624e+01,-1.126910442909903765e+01
1.017677967217758095e+01,-2.644854946421327568e+00
-6.325429891499235957e+00,5.968518710693963669e+00
2.218256441219717878e+00,1.015416634312844835e+01
-1.369681589363442420e+01,1.872215960390215317e+00
4.688836404284898229e+00,9.266609416899092011e+00
-2.422401356425163410e+00,1.055612975983037671e+01
-3.284310557957117460e+00,-1.674663777997015046e+01
3.485746829357910137e+00,1.442211869441583438e+01
-1.147448133769407619e+01,1.851653513764055514e+00
-1.236220863398733050e+00,3.103582235312824622e+00
1.457167189854451905e+01,-3.545653570463027204e+00
-1.241847312802678793e+01,6.546816077881482343e+00
-6.195789943087350871e+00,-8.373729860151899018e+00
-7.197311198730450776e+00,-1.210547881875595344e+01
-9.613647659497612352e+00,1.540236500647487183e+01
-1.082556884433904898e+01,-2.953306336863902981e+00
-6.019601603551626212e+00,1.636404170305164740e+01
5.603638401759484466e+00,-1.425497295234658512e+00
-7.604651890548801418e+00,-1.465256668630041581e+01
-1.006067792822943652e+01,7.943756065109595532e+00
-1.451621624302915059e+01,7.775664657619913989e+00
1.717444901089097087e+01,1.461857858058364545e+00
-4.273110248633229524e+00,1.077648549648496257e+01
9.340851188609944344e+00,-1.561861558791141213e+01
-3.185936260677769472e+00,1.216099473320224256e+01
1.282915365725725998e+01,7.920878683502960094e+00
-7.394832818460791657e+00,1.748201084533793903e+01
2.828244305504090228e+00,1.186948227422981716e+01
-1.055032091968368668e+01,-7.080994214256111086e+00
-9.067041218567240435e+00,-2.541903075805770573e+00
-5.787106633574890857e+00,-3.001705664207795499e-01
-1.030861090026411908e+01,1.075958028009366529e+01
-5.586700267423069022e+00,9.575966284095905223e+00
1.722084114984038905e+01,-5.298146073245378673e+00
-8.202695387665347226e+00,6.993017182875841620e+00
-6.663785352301639264e+00,3.459898303459468583e+00
6.862409956043142856e+00,-2.790603934923103768e+00
-5.016455824598943458e+00,-1.751519943641686439e+01
-3.416161092023539236e+00,-2.725120702291039532e+00
1.663992034384469676e+01,-7.052110732155361106e+00
1.244505470476160092e+01,1.145208558181932545e+01
4.339577673740798502e+00,-1.027747167884827739e+01
1.897444751140226060e+01,-7.402792552408323790e-01
1.400024338779235045e+01,3.769544029805409036e+00
2.098644819057332356e+00,-1.020292823287897122e+01
8.151898300093622041e+00,-1.372187893208373488e+01
-6.656983710438082902e+00,7.926143032547326328e+00
2.399551923637927686e+00,2.561404835096237953e+00
-6.782595619438604118e+00,-1.773772864292220675e+01
1.298561569182144382e+01,9.681677108183752267e+00
-3.100511875490896685e+00,-6.272887205692909696e+00
-9.529458655806841705e+00,-8.643912030701802252e+00
1.507025462749360756e+01,-7.925682173875298275e+00
-6.601472772663535160e+00,-5.701257566003236299e+00
1.256560786822949538e+01,5.503727494314392565e+00
2.280040813459103255e+00,-1.317344266954202814e+00
1.605890834453542837e+01,6.360600578577383146e+00
5.276397160402583886e+00,3.602612042327835162e+00
7.657082217620715170e+00,1.098609093309339979e+00
-6.069936241461160620e+00,-1.366299178524120883e+01
-4.763328587530947011e+00,-5.506102918209905717e+00
-1.554993205403493173e+00,4.941729197300316123e+00
-3.286472434208341120e+00,4.434896309216274091e+00
-2.498329484020924252e+00,2.056249899865450481e-01
-1.556018023013902152e+01,-8.049891101241442470e+00
1.427960736895087734e+01,1.252455113555464372e+01
6.205157418090347932e+00,-1.417443801783480595e+01
-6.871934073332263360e+00,-2.593416101389684147e+00
-1.202888930636234655e+01,1.157531967767143932e+01
-3.992398126706981909e+00,-1.062996069277083500e+01
9.134043412406402496e+00,2.815764586969439834e-02
-1.389746748644764018e+01,1.154935342878075666e+01
-4.045584086501667009e+00,1.662928408884360110e+01
8.183396980088659234e+00,8.868404603763966776e+00
-1.128730050940662899e+01,9.273080876350970669e+00
8.522951081181219024e+00,-7.295553347248694642e+00
3.055377260387030169e+00,8.687288764246172690e-01
-1.129192808671268011e+01,2.727548273931022782e-02
-7.240307162166055299e+00,-9.841791078485131905e+00
-1.394689674620800179e+00,-6.893728628750954712e+00
7.294075227508571846e-01,1.839583610485273857e+00
-3.218495013521923909e+00,-4.470786910201119291e+00
1.350198577150164114e+00,1.932615523603110064e-01
-6.653184391267719100e+00,1.616419486131625449e+00
-2.094760144605743779e+00,-1.538348095087107126e+00
1.147197875929947841e+01,6.729209816336734207e-01
-5.658811665860427276e+00,1.406022873251875360e+01
1.354108602997045629e+01,-1.299075026308676151e+01
2.202228719915100552e-01,5.375222908292405677e+00
-1.206924064767145488e+01,-8.396465865413100360e+00
5.176026276006005844e+00,5.392162601762207963e+00
7.638051920718121224e+00,3.258909857756129735e+00
-1.088678582585547794e+01,4.523389790799660304e+00
1.185123570756636546e+00,6.933896682257998378e+00
2.758081011349382994e+00,-1.818977336933248523e+01
6.575097053600050812e-01,1.121156942408863522e+01
5.684461719532702517e+00,4.394333036994333974e-01
9.391257823995987408e+00,1.187914942161776466e+01
-5.163344718014050372e+00,1.235892464674427416e+01
-1.285669647278877470e+01,1.356790720088529412e+01
-6.973949726636874402e-01,9.909898547552364434e+00
1.131471224233137463e+01,6.937681676401150632e+00
1.443589943515150154e+01,7.136337382220309777e+00
-1.432273863982975648e+01,-3.142904218896497959e+00
-7.795778922323191473e+00,-7.451432146199104878e+00
7.249922907155666785e+00,-7.186990977097127420e-01
-5.553815168005796110e+00,-1.537995320381361886e+01
-8.428528738269752907e+00,8.786604232031699269e+00
-4.214650450148067051e+00,2.843364706153460375e+00
-2.550131608948553730e-01,-1.355535794123205129e+00
5.149686171885633712e+00,-3.157390976192993914e+00
1.939679201074999249e+00,-4.086954199271531252e+00
6.294893296844549901e+00,1.687225471419076683e+01
6.746783472924187564e+00,-7.579526341821996027e+00
-8.369765895287477164e+00,9.375353109139289431e-01
-1.582856182022536862e+00,-3.280667963697310618e+00
-8.817285822769978409e+00,-5.891894757341121114e+00
3.388538900230334328e+00,5.952376649282204113e+00
9.191171735203497450e-02,-1.647749129930045342e+01
1.403193884016195625e+01,-6.429007172460162067e+00
1.087401404174235608e+01,2.374671188522413434e+00
1.645607239409206102e+01,-3.657587092661064077e+00
-7.826730226137362578e+00,-1.033630232898269163e+00
1.270550100018524375e+01,2.538696272770653906e+00
6.266933796314272165e+00,1.328454665031514104e+01
9.125858611946696897e+00,2.208136245564230382e+00
-2.603119519678058769e+00,2.006794020209566654e+00
6.889080139857579610e+00,1.034143413655580446e+01
-1.534525713361750254e+00,-5.053901047345152442e+00
1.209555674846285100e+01,-9.005567818710430217e+00
2.965358798896192916e+00,-1.173975245257340916e+01
1.042233691929957684e-01,-3.923036571247924265e+00
-1.402285232962500139e+01,-2.392459670836102337e-01
-1.732731826764810634e+01,-3.947645149294437772e+00
-5.713536493249090631e-01,-1.139979232418509625e+01
-8.442054803725152823e+00,3.451773781450249157e+00
-7.886184357132603573e+00,-4.134201444016724736e+00
-1.862016581899715639e+00,8.356561447976071477e+00
-1.219087635060304375e+00,1.191646019695946990e+01
1.569325595787086414e+01,2.466848828179374120e+00
1.077551838124159111e+01,-4.417640184419250993e+00
4.455649559351342326e+00,1.957207146119604779e+00
9.575761015354441241e+00,-5.825740443258652590e+00
1.891671468631217223e+01,1.761850181392252690e+00
1.464889969472980624e+01,1.069012101348365107e+01
4.652486661767810006e+00,7.450188278414692000e+00
-3.516403655132481987e+00,9.183677882655505442e+00
-1.051765993478493755e+01,1.261021688134603913e+01
1.780208753564869895e+01,6.629177849199066941e+00
-4.041650558994144049e+00,-6.511821784248655876e-01
1.946842705758890846e+00,1.346313648842247801e+01
4.415834766998361971e+00,-1.366128551791778811e+01
5.058223794941860696e+00,-1.195006325104267475e+01
7.488838278302256235e+00,-1.550262509848032089e+01
-9.002797413723181208e+00,-1.232690856752071973e+01
7.410763308036691477e+00,-1.017336821666185287e+01
1.944348637613186881e+00,-8.324698296973298994e+00
-3.890547141639141060e+00,1.448221289547753265e+01
6.412476725142214562e+00,8.592675390815399439e+00
-1.079712210623270252e+01,-9.951563262915035679e+00
2.414573397156729584e-01,-7.557387378576988723e+00
1.709702096031599083e+01,4.908785895700449764e+00
5.459537469469354143e+00,-8.837870022455264873e+00
4.441388115696574879e+00,1.294886121809556911e+01
-4.939308636733779068e+00,-1.227748256662254889e+01
-2.766751544918056194e+00,6.344522474903660836e+00
-6.886711540701681011e-01,-1.405454020667491122e+01
1.055355338782271168e+01,-7.427893682165224831e+00
-1.433261728341621755e+01,3.520477851405910297e+00
4.417629234837667340e+00,1.779346967127418822e+01
9.777710267275713463e+00,8.017097641654618911e+00
6.330524041659474577e+00,6.755099457826830189e+00
2.900815097736079373e+00,7.708244906837284915e+00
1.410740353118549884e+01,1.438224794649373584e+00
1.559745916593718285e+01,8.572322408646108727e+00
-4.690584818394259337e+00,1.115809604448761094e+00
6.030435107640402137e+00,-5.925269548698004485e+00
1.551717906723164653e+01,-7.754412029137545126e-01
1.175074809245956509e+01,-1.321146450887385093e+01
1.382775000139321264e+01,-9.482406653218186321e+00
-8.120752164764416747e+00,-1.657780504376675879e+01
-7.313046906248796830e+00,1.017264175158945427e+01
9.226071703958726999e-03,8.264343429370081040e+00
1.737522290522983015e+00,1.524082277896749815e+01
1.997951620496667635e+00,4.788620697755504807e+00
1.410647468914303460e+01,-1.822318426041166228e+00
8.766377144996020832e+00,-9.054418802112536468e+00
2.821130131862359836e+00,1.878715674820700698e+01
1.246127348622324860e+01,-5.372581031990465661e+00
1.789741269541249480e+01,3.292144199430502294e+00
9.972578640977710407e+00,-1.371347790887649687e+01
-5.118274331940983579e+00,4.448438196540092093e+00
3.271852525399716605e+00,-2.780802752166195990e+00
-1.442822445184592262e+01,5.972398208894386329e+00
1.860693799966225193e+00,-1.653307469548845887e+01
-2.218381809739800925e+00,-1.049531449330894617e+01
4.302867925771609592e+00,-6.292970979775367901e+00
-8.411765561266332014e+00,1.396423477309747518e+01
3.311928861362838816e+00,-1.503186719307995389e+01
-1.179928929599336263e+00,-8.675151490308932622e+00
1.232374050180178848e+01,-7.236906294860170341e+00
-5.545604340215781747e+00,-3.840960913285638600e+00
3.979853060664336972e+00,-7.305525906844292372e-01
-1.743868896623759568e+01,2.016510562669518780e+00
6.067894900192672969e-01,3.642531646715843063e+00
-9.784866642324491215e-01,6.816208110239739604e+00
-1.783968832461706455e+01,6.065822073801335534e+00
-1.606847653325718994e+01,4.289362572638911963e+00
1.130667176489276926e+01,8.939499458031962220e+00
-2.155581314685339755e+00,1.373194014259098772e+01
-8.694638661360301057e+00,1.205415034404276931e+01
3.726004422879013678e+00,-8.547678516166843821e+00
4.546448221320891214e+00,1.115380396346219172e+01
-9.523580300436501389e+00,-3.988459673289990182e-01
9.849411174739893582e+00,1.000592727322946729e+01
4.620151261990122826e+00,-1.796428404559808811e+01
1.231592234104220118e+01,-3.554076068330679572e+00
1.231638037783966944e+01,-1.748071223003571761e+00
6.935215199515281093e+00,4.906406738834973247e+00
8.863877865108658938e+00,-3.899014389088186316e+00
-7.047227155201133186e+00,1.271124178492296863e+01
-1.283626982453465182e+01,8.345139996159796070e+00
-4.508721231948035424e+00,6.118350613232206747e+00
3.009938417051596371e-01,-5.771364279816052267e+00
8.474997761344544855e+00,-2.023779375781557643e+00
-5.135273176851484322e+00,-2.072055129060307976e+00
7.169650702977850898e+00,-4.564529039207333660e+00
