-7.132459922820942211e+00,-8.273621484678255200e+00
1.576498851927614631e+01,1.059419725185597017e+01
1.998465068181384030e+00,-2.069219561373714544e+00
-8.457848986101279110e+00,8.411342533818222833e+00
-1.160174080868014279e+01,-7.372034039491369484e+00
-1.206411888512286801e+01,7.327530966745827712e+00
-7.201273726832642108e-01,-4.552141373152510440e+00
1.162327969607173550e+01,1.000364741683841041e+00
1.428939043683945087e+01,-8.437532326284395978e+00
-1.275442817788556304e+01,3.308195403816988733e+00
3.780999292536260548e+00,-1.997033829061270360e+00
1.105899764252573370e+01,9.548582717138291542e+00
-1.555825500576289500e+01,4.083704531020884154e+00
1.625647133168956060e+01,-1.131753910926750706e+00
1.567274880856097496e+01,-5.134218418402560324e+00
-2.887386096265577962e+00,-1.625111600839849046e+01
-8.340556881693533597e+00,1.341680489535996834e+01
-4.288156913575240203e+00,-8.461745492121947265e+00
7.024196260830259497e+00,-1.066329403192044190e+01
-9.911567375188122142e+00,1.228923330446638751e+01
8.937243017563575975e+00,-1.288598978482467849e+00
1.384373534478546475e+01,-5.594784607792290032e+00
1.007270986621067976e+01,-1.609427840553987821e+01
-1.062206808744907960e+01,-3.138294153934923170e+00
1.367217588279034501e+01,6.657436887276304560e+00
-2.564924201781289881e+00,-1.444298362294756366e+01
8.380612740230677815e+00,-1.290697857387104719e+01
5.044797206647237076e+00,6.231950416367419976e+00
6.817236097835094100e+00,5.723465030968112544e+00
2.044353353478852053e+00,1.715230045933804348e+01
-3.246001438570615405e-01,-6.294604450344561286e+00
1.197509058237413448e+01,-5.581147328410108521e+00
-8.991665107631861886e+00,5.384151696576593871e+00
1.548911441767891972e+01,3.767900034144860744e+00
3.838000475240867182e+00,-7.145259090337582109e+00
-2.261085280765245120e-01,1.895884653673226694e+01
1.097439738558544242e+01,-1.112785119478865159e+00
1.011892092895045892e+01,-2.690724909607427939e+00
9.060582994172310833e+00,-1.456039590980561904e+01
4.656038161034332212e+00,9.306999259412661374e+00
8.740893910059564786e-02,9.512000008573025411e+00
-8.328386588705024351e+00,-1.626232552250856500e+01
-3.282912197558872425e+00,-6.985679350871703441e+00
-1.410435953219156247e+01,-7.813474823607875486e+00
7.614936351717988217e+00,-6.616828405610482911e+00
5.001454607885373882e+00,-1.303463931342830584e+01
7.186382188287582018e+00,-1.361067827931496499e+00
9.097694910065097673e+00,1.324287881569974701e+01
1.103582096121986211e+01,2.664037758583064353e+00
-1.017914251788492663e+01,3.954535274691824753e+00
1.560713384327887088e+00,1.887558386975089064e+01
1.119946221533081321e+01,1.142473644432688396e+01
-7.535557664345295059e+00,6.767521069181058557e+00
-1.032552556046647252e-01,1.129792303725556657e+01
1.052982175324088487e+01,-9.480084775275059883e+00
5.008023565184274162e+00,1.111604280245634513e+01
5.007897705388266729e+00,1.237926796450875555e+00
-4.362318457758179058e+00,-1.470472863373593775e+01
8.649521716860423481e+00,-9.982295008373219147e+00
-9.485489830847569692e+00,1.039033529177475401e+01
4.676932875679725932e+00,-5.546789850326533156e+00
-8.945328637269719607e+00,-3.896061196067330368e+00
-1.373548454363448101e+01,5.710382648528678828e+00
-1.614681050908653148e+01,-9.506769673430985890e+00
9.114207179726543373e+00,3.214767917055291413e+00
-9.155079995078613919e+00,-1.964975096606618177e+00
4.665587105434493509e+00,1.668917284841391435e+01
-7.248652716074567515e+00,5.017604201269988629e+00
2.434792072544660790e+00,-3.837663047955986784e+00
1.303555806346237800e+00,1.544502436600009787e+01
-7.675975254178428742e+00,-1.427865748391473666e+01
-5.707428437568496271e+00,-9.496920089968458711e+00
6.628046843632110274e+00,5.112734540859907861e-01
-3.076180978254412501e+00,2.948449109776249522e+00
-1.022202402789273457e+01,6.715776584792260806e+00
1.300554484332297633e+01,2.646704709354280372e+00
-1.471563486480926608e+00,-2.822288300905270386e+00
-8.324480181587613770e-02,1.717346861319844464e+01
-1.147140070678615897e+00,-9.370117687402585105e+00
-7.851575702946107960e+00,1.275800087427765295e-01
5.393011387982542537e-01,7.780206885065982014e+00
-1.290908877759740570e+01,8.918831160913537559e+00
2.568618473605833952e+00,1.211597847397379546e+01
-6.073675982817363206e+00,-1.331009561758977888e+01
7.405676883300790214e-01,5.974231399456853886e+00
-1.128009290046184532e+01,6.131797061233716928e-01
-8.849809685697115347e-01,-1.372412249709440779e+01
9.862783271973460941e+00,3.881629151731374461e-01
-1.308811925973677015e+00,-1.114422381903085224e+01
-1.091497596681445437e+01,-1.089263399429690082e+01
-5.165289983981264044e+00,1.110409504552357873e+01
-1.452727891487543310e+01,6.609153283812125856e-01
1.026016394926528186e+01,-1.312799081641671251e+01
-1.193454504787065495e+01,5.381940341529475091e+00
-1.239156167333439207e+01,-1.248343617175858178e+01
9.861020854456379325e+00,-1.138584193426474478e+01
-1.598528641519975935e+01,1.672676284393779467e+00
8.208312441404833848e+00,-4.935471671918689296e+00
-1.290896876847516772e+01,1.415845974857703915e+00
5.855906243905285358e+00,7.900743395674307834e+00
-6.868562116767815695e+00,1.041235881955464926e+01
7.726721239667232233e+00,-3.135823814023653622e+00
-1.649874659091713269e+01,-1.004677342006443791e-01
-1.903637551901811609e+00,1.217692646116973698e+01
9.426804612520230719e+00,1.141796198430233744e+01
-1.440226987874834386e+01,2.455751602609541617e+00
-3.466575214410744787e-01,4.506929743982927228e+00
9.632900636794428095e+00,7.866074284765102398e+00
-8.746498611739475848e+00,-5.703622615486568570e+00
-3.153349435026675973e+00,-2.236195894367864145e+00
-3.156721557481529050e+00,-4.599937121144698771e-01
-4.827351395410244272e+00,2.463721940924241238e+00
-7.560535349713060072e+00,-2.810252826336379073e+00
-3.336005591707607021e+00,9.965555465151281211e+00
-1.759833810484486349e+01,-3.243386428957230727e+00
2.059466940525281231e+00,-1.283082168310727234e+01
5.646823385874601975e+00,-7.033491676756171707e+00
-1.068365817697379505e+01,9.077799256510116876e+00
6.429772472003602246e+00,9.626255482799738417e+00
-1.675137701965171289e+01,-7.836501800667726059e+00
-1.604198671573122015e+00,-7.582901916225306849e+00
1.298092751564480274e+01,-7.202136759158881851e+00
-9.226917664734414215e-01,6.702784204277635993e+00
1.962966880397070679e-01,-8.078957364717153311e+00
8.059441626816170157e+00,1.734484813218583721e+00
4.307101211422025067e+00,-3.742333855963754452e+00
-3.992217825627471406e+00,6.331602549013834569e+00
6.463048396413965335e+00,-5.240234561199436314e+00
3.979988868767257326e+00,7.649311143848011696e+00
7.585104347935594404e+00,8.233641195524253220e+00
1.119090486048664168e+01,-7.316883357209968075e+00
-8.736274959410794239e+00,1.522493228118745812e+01
-6.109986722718143248e+00,-1.515923611988258735e+01
3.991933998676908679e+00,1.329102327029328023e+01
-6.902382913392914432e+00,-1.087361692828932291e+01
-1.311190319871275989e+01,-1.335608783373738451e+00
-1.573972418330396250e+00,1.027372882402011989e+01
-1.160590743133177405e+01,1.154473204581878498e+01
1.203224096883008265e+01,-3.020453317086762013e+00
1.012198777006545569e+01,6.172609062809238267e+00
1.280191979828979143e+01,-1.381355662408482177e+00
1.454485422568569852e+01,-1.719781050960017321e+00
-3.360249792375203715e+00,-1.070651573364711417e+01
1.353927356383442238e+01,4.495881590790927973e+00
-1.545358751731126468e+01,6.222556888636309402e+00
6.900590337299637334e+00,-1.723806187524321842e+01
2.933617727727421354e+00,2.902516115453269041e+00
1.641927601814995441e+01,8.916990449834884203e+00
-1.733309553280538751e+01,3.430838612728338788e+00
-6.788679456248934985e-01,1.253779068388490403e+00
-1.607053304217979317e+01,-4.241509259793900810e+00
3.711302523035924228e+00,-2.279205635358092785e-01
1.544652920942404428e+01,-3.293135398965505001e+00
-1.836199559077850196e+01,-4.852924276973071827e+00
-5.336702192020942981e+00,-6.954197938043251703e+00
1.537179132759039168e+00,1.060911093702933350e+01
-7.164845880088487995e+00,-6.499973695536447771e+00
5.412630343200563132e+00,-8.059704214040275261e-01
4.128923021286652784e+00,-8.933847577614567825e+00
-3.525681748406048754e+00,1.638202872790601816e+01
-2.489633936627712707e+00,1.260617321032816207e+00
-5.025349986780807576e+00,9.280012848332846787e+00
1.434585907622373391e+01,8.672934661848568538e+00
-4.335049964655259380e+00,-1.285509972985546767e+01
-1.117767914398235796e+01,2.477543756014223053e+00
-1.428279619423664215e+01,-9.686852857047187015e+00
2.073701194829574490e+00,1.382032550047634878e+01
3.749178420404523759e+00,1.502753019782332800e+01
1.051848717612355344e+01,1.433865720832696411e+01
-5.146731257638751167e+00,-1.120744635415855939e+01
-7.659049616228275070e+00,2.014049549646826698e+00
-1.494673162730848937e+01,-1.053019650049979550e+00
2.884604347096328958e+00,-5.574625194958900742e+00
-3.575109191226981231e+00,8.171016327813651614e+00
-5.477370245235331225e+00,5.301179823476302566e+00
-1.055622719044439606e+01,-1.275825653153100703e+01
6.664459131951146809e+00,-8.516018102004808910e+00
-1.525613888895787529e+00,8.462571030467225697e+00
6.259792257413363537e-01,-3.355583854974613089e+00
-1.335763193525387038e+01,-6.216989521829608734e+00
1.560486653695685710e+01,1.999321495575402841e+00
8.342004541189677269e+00,6.623780113930414437e+00
-4.746564091185998535e+00,1.500931652512159431e+01
1.504489176164002551e+01,5.508996791523612657e+00
1.362657018910293694e+01,-3.787517297942710304e+00
2.497307482866375494e+00,1.200142549860382601e+00
-1.275651616811309275e+01,-1.065970539782626147e+01
-1.107838974414638145e+01,-1.342094388470600475e+00
2.404332453681838455e+00,9.031831848320786449e+00
-1.424702823808335594e+01,-2.793791541488879204e+00
6.427710730396152705e+00,2.571750261329634135e+00
-9.702401911321878458e+00,-1.849477949209589467e-01
1.369082352040706674e+01,-1.043961066693904627e+01
-1.284695229677722983e+00,3.001946220787345521e+00
-5.797635349206118782e+00,-3.216262212198639947e+00
-9.725875024635909583e+00,-7.180217513719658662e+00
2.137729658702847146e+00,-1.009941684543271734e+01
7.501448541198884712e+00,1.174878286693289908e+01
1.581090496188608441e+01,7.129353536548150849e+00
-1.426704149343752803e+01,-4.580625493177632457e+00
-9.481358581120273854e+00,-1.436443153370005810e+01
1.524833735682998359e+01,-6.837337458806021395e+00
1.051527434337953482e+00,-5.103050342937261341e+00
-6.509364513740091063e+00,1.388358245607497743e+01
-7.850087859009567737e+00,-1.249807344190653779e+01
1.308624276868951775e+01,1.134335837011007442e+01
-9.480329527288832381e+00,1.814428680930014748e+00
-8.412695102887138177e+00,3.620306458519597648e+00
9.242100576579530546e-01,2.101732749459566119e+00
1.180364766932049392e+01,6.855353766070775734e+00
1.043658335191707742e+01,4.420927962216456564e+00
1.749391048695280304e+01,2.017868664209068186e+00
8.542750401604111588e+00,-8.140190540324191204e+00
-1.256518729121183853e+01,-8.848834842491021035e+00
-6.241874783015919803e+00,9.014621078669187160e-01
1.231766257221749328e+01,-9.074221311829468561e+00
9.143258135677321263e+00,9.682484698592043415e+00
2.260715958764385025e+00,7.178892012638260489e+00
8.350918991240796174e+00,4.810403024440666364e+00
-7.017503095156826909e+00,1.577299404540944039e+01
-4.266792879751836409e+00,-5.425396988012288979e+00
-8.150095234217188178e+00,1.161873223488544760e+01
-3.171102295757776801e+00,-4.049064552412072082e+00
1.489711025629644858e+00,-3.565713274390943099e-01
2.392267205134722907e+00,-8.353129133572195997e+00
1.759748006633313366e+01,7.138836228825834240e+00
-1.516019987915218081e+01,9.768466767811183615e+00
4.123094140973380561e+00,4.727205437281555511e+00
-3.796042130949857096e-01,-1.541673412294872492e+01
-1.063444423812387107e+01,-9.150211493746164493e+00
3.804769336717451766e-01,-1.037408699271939660e+01
-2.956050436589435115e+00,1.463648870982065553e+01
-3.860628133213519053e+00,4.574660968166731401e+00
-6.306777703424733872e+00,-9.366814467949170497e-01
-4.479448587892677303e+00,7.124233742824166438e-01
1.538156259038269269e+01,-1.114054515717064042e+01
-1.268078075881849509e+00,-4.973923614384800906e-01
-1.050203591728817187e+01,-4.994280861707045105e+00
7.409446763508578115e+00,-1.543168420825690212e+01
1.464242255150948857e+00,-6.808144916911498257e+00
-2.200527543738441949e+00,-5.540125500114798207e+00
-6.007698232757689105e+00,-4.994356473016205555e+00
4.689145457694390728e+00,3.031164662895125872e+00
-2.610677342077772245e+00,-1.246549922419591816e+01
1.722876051393032171e+01,-3.522196421634478103e+00
1.807113501697765301e+00,-1.470494574344819583e+01
1.355964010577864309e+00,3.916034627496688625e+00
-8.134753706300303477e+00,1.713607256216973340e+01
-6.300837167979892683e+00,3.445793110335555909e+00
5.626268250540137572e+00,-2.554706984267096637e+00
-1.238945602929637957e+01,-2.951690759382182172e+00
1.674191688684297241e-01,-1.541112828599428886e+00
2.488244816743585552e+00,5.408638061243983941e+00
-2.303213066263150477e+00,5.452991552190113111e+00
-6.537266736098925612e+00,8.344021750179487995e+00
7.313069042326652891e+00,1.375439134571820254e+01
