8.542279699646400104e+00,1.330279835492037499e+01
-1.661036947650319817e+01,-7.976256132241133834e+00
-7.506794597998823093e+00,-3.376029995199232747e+00
1.129180658703194062e+01,-7.170859920632173257e+00
9.842362251937782247e+00,9.149047316599297375e+00
-1.353127077688467317e+01,-1.080889624902928059e+00
1.640277188436516820e+00,1.562763093796504421e+01
6.626644014257630388e+00,1.367237065348348324e+00
5.575162107299615144e+00,-9.795830559254474323e+00
5.720560668898134082e+00,-1.405325196110425878e+01
2.239207499604681129e+00,8.390873231216522399e+00
1.483866546938394260e+00,2.121928813568693784e+00
6.696972350649036620e+00,5.857083628562430810e+00
4.650696088775423398e+00,-3.666345111601817308e+00
9.877586198323701216e-01,-1.364495524161963758e+01
2.104187476935564405e+00,-6.635429018028764503e+00
1.277527173582670983e+01,1.504357949826740315e+00
7.315597071129662510e+00,7.503022033417850345e+00
1.196188057583827291e+00,5.043510645323334707e+00
-1.685896984791986242e+01,-4.426810976382989260e+00
-5.400688640492264270e+00,1.109490041764433244e+01
3.414511628139486721e+00,-1.816066637185533494e+01
-1.004898558920331864e+00,-3.573612159255323384e+00
-9.347633281828931828e+00,-8.127794683636059503e+00
1.570682811414270796e+00,1.755074478242971381e+01
1.304668267380342783e+01,-3.975933913988266344e+00
8.665751604316373147e+00,-1.167279304518268646e+01
9.392710958490481099e-01,-1.145309248972713334e+01
3.911230699249506060e+00,1.266211780588491465e+01
-6.255565790458898157e+00,7.173267325614529177e+00
-5.593048176314398212e+00,3.670517672233647666e+00
-4.151749510353939243e+00,-1.280312334076934455e+01
-4.409684425728985779e+00,-1.835285529648707392e+00
-4.691137633918615713e+00,5.232656748060214191e+00
5.960145126006904270e+00,-1.151040622850920414e+01
3.436375833975768401e+00,1.621265192092856466e+01
2.059450932083895847e+00,-1.701511314612194781e+01
-5.649872052674449918e+00,-5.454180788127145352e-01
-1.180569432987960710e+01,1.110275157168947935e+01
1.465503979957692593e+01,1.301755387197122360e+00
5.240372515486032334e+00,9.081077751202913717e+00
-8.521232353781286406e+00,6.088804973064330994e+00
-2.989283239352389376e+00,5.968257068813384691e+00
-1.925422457838442902e+00,-1.548268144270389968e+01
-1.078358477214827538e+01,-3.583745819759948326e+00
-5.906650873264156942e+00,-9.721839177545449573e+00
-1.145154051296464814e+01,1.457135992590162665e+01
-1.577222202962198061e+01,7.530353574845547016e+00
5.584724069490579090e+00,-2.036384463993140770e+00
-7.192196448766236649e+00,1.057117847271869948e+01
-1.607645604650267401e+01,4.328737525702873734e-01
-7.769971539585649900e+00,-1.612241668841849673e+01
-8.775708257467776718e+00,-6.408932214322677012e+00
-1.172877284387100971e+01,-1.034126327364638831e+00
1.272034468600306134e+01,-1.405318224307077379e+01
9.440309579342088142e+00,-6.776507627423336011e+00
7.681623564960722739e+00,-1.651234359649957639e+01
3.875634633270646834e+00,-6.747449964223744878e+00
-1.793327343739838098e-01,7.908224210378814512e+00
1.068773369174627419e+01,4.408426083428311770e+00
-9.259055401414807207e+00,3.367567198606011392e+00
5.580484690608287224e+00,1.119252854096183825e+01
-7.783928331442192317e+00,-1.134146761373857615e+01
-1.714967041884790078e+01,-1.972834640778399429e+00
-1.837536007075667754e+01,-3.481382761599118858e+00
-5.422935940305449731e-02,1.472837028440575224e+01
-5.183901269583487625e+00,8.687275534215329387e+00
-1.772762105541787037e+01,-1.573944015918127548e-01
-1.574788973841166451e+00,4.866293852596066394e+00
3.157010697454456061e+00,-5.066427259996478583e+00
4.012190574788936925e-01,-1.518348278899360970e+00
3.900388743134949543e+00,1.446896139052769925e+01
1.165465901492392264e+00,1.167906445258622306e+01
-1.085289662491415008e+01,5.583927455437841525e-01
7.531323923429066980e+00,-5.048517475140104516e+00
-1.636547394315894355e+00,1.731994880153284910e+01
-8.825210906347425777e+00,-4.586080926538809166e+00
7.402722782802341861e+00,-1.855105986643005522e+00
-1.228431671407669867e+01,-1.274649890828387555e+01
2.321685996723481971e+00,-1.024693853740062188e+01
-2.401548018294307418e+00,-4.775174555238364427e+00
-9.888058474643969475e+00,-1.009391033836762475e+01
1.094586701653237171e+01,7.742872948638922281e+00
-1.198280986868789810e+00,1.333272579482871301e+01
-1.273023163244503309e+01,5.402423455281463838e+00
-1.131713280670098243e+00,-8.584488095070508251e+00
-5.739659704095323001e+00,-1.725712800645177225e+01
1.571343843591075995e+01,-2.812243428752320695e-01
8.284705517542244380e+00,-3.396659157821202868e+00
-2.443274717662193840e+00,1.358087023071795629e+00
1.841641725534180551e+01,4.557284893125969738e+00
4.573128907333138038e+00,-1.272578165449769294e+01
-8.332233851827155036e+00,-1.734675795276718002e+00
-2.955877346536617822e-01,-1.882437483134890499e+01
-1.410028334405037498e+01,1.118846482712326917e+01
6.933094737444840838e+00,-8.531626785014832848e+00
1.366054350994416300e+00,6.837732371627145866e+00
-1.350986892630294811e+00,-6.799472909302064494e+00
4.666909383310240855e+00,5.737244910718427349e+00
-6.695433744300931418e-03,1.654426856831495130e+01
1.596883742674651074e+01,-4.395067950355000086e+00
-1.378519414172527391e+01,1.305790621653297734e+01
-5.592817203742509236e+00,-1.170703981910206792e+01
8.927488557676200642e+00,1.529999966754284024e+01
-5.680655555188274697e+00,-3.231724122131573118e+00
-6.086843005340146995e+00,-1.537282822453185105e+01
-1.577083273960802146e+01,2.609286865511280862e+00
-1.398149045268285917e+01,3.080300850617125441e+00
-4.447633568682913818e+00,-1.462669159683029285e+01
-1.330522623677400773e+01,1.221560279980612673e+00
-1.110005987245981807e+01,-1.418509490896527225e+01
-2.613516278187821840e+00,-1.120834934034804320e+01
-2.389832986557184125e+00,1.106000590876621992e+01
-4.656768146594894908e+00,1.283938964523087201e+01
1.243465696354700789e+01,1.040919863457457595e+01
1.108933201350408559e+01,-9.296548925992199841e+00
1.893741628426478485e+01,1.310057245351723854e+00
-5.134291553726495039e+00,1.788915803489275191e+01
-1.000932153016744230e+01,4.983549337589226802e+00
-1.013824126131380510e+01,-1.917745957490862629e+00
1.257272535063385099e+01,4.597329750000191062e+00
-6.603568146280410112e+00,1.594542380016897631e+01
-2.844220311604120699e+00,1.397200516669830428e+01
3.518125963952359214e+00,-1.569847907297167389e+01
-3.062235587998481945e-01,1.985381855050714961e+00
1.208301599383086966e+01,1.215467818254881749e+01
6.518348042145772681e+00,-3.547593577521792163e+00
3.831559331527504053e+00,-1.727483117584267536e+00
1.003600462574403451e+01,-5.003223596493544534e+00
8.483589024106468202e+00,1.810618747343687218e+00
9.460429936485036606e+00,-1.480182955799906885e+00
4.654053635920328169e+00,1.792880155556978394e+01
2.864898620775675031e+00,5.748944290107756316e+00
-2.620605288719092041e+00,1.576753194682309278e+01
1.431323846147888190e+01,5.015243050462102836e+00
-1.605184307039842651e+01,-6.098121433901996014e+00
1.724436885046272394e+01,8.079178565218846364e-01
9.463083883358835990e+00,-1.006511386710092815e+01
-6.635549008891583611e+00,1.244052209534409670e+01
-1.223587881349619622e+01,7.200247383241375587e+00
-1.488087391704895879e+01,5.369591438913672299e+00
-3.629556497987226571e+00,-1.619251996395838233e+01
1.552515842020021886e+01,-8.167883726534460820e+00
-8.229467331642360550e-01,-1.143236667607645707e+01
1.008894829508245472e+01,-3.186135066967886509e+00
1.338257201507060223e+01,8.770255056725158482e+00
5.503394237808611145e+00,7.289757740120546892e+00
-1.539973454567434175e+01,-1.241497438417893395e+00
-2.935072542303213794e+00,1.855248954706476994e+01
-1.349343540645546735e+00,-8.388570338846022129e-03
4.916375231585960570e+00,7.360918583135290794e-01
1.226683232755327957e+01,6.461398471250054065e+00
-6.911525908020765385e+00,-6.346054173283246058e+00
-4.573947810983122864e+00,-6.856017418550408138e+00
5.708188798287401333e+00,4.245816232231136134e+00
-4.207428036088836976e+00,-1.044560203645409935e+01
8.892152934394168540e+00,3.640964259365596867e+00
-9.609874105232657726e+00,-1.300573716675674873e+01
-1.697085652300803771e+00,3.090649224818613483e+00
-1.047575229412273501e+01,-5.387458495210474929e+00
-7.885042678615132583e-02,3.758734088933096462e+00
-4.252263049675916839e+00,5.552216529000376655e-01
-3.246964621590484157e+00,4.194774701641846626e+00
-2.945113033461927543e+00,-7.654621703096505136e+00
-8.686839231094058533e+00,9.498737708935871993e+00
5.282929263958410893e+00,-5.316048889125819521e+00
6.382588253843043624e+00,-4.172465939971914950e-01
3.730328924067963126e+00,7.395117835445798704e+00
3.670612123602494115e-01,-7.372996006691959536e+00
1.605052744452400759e+01,2.419981934910129251e+00
1.182184584943055761e+01,-5.373971204502497656e+00
-2.959868068268349361e+00,8.225420038851801507e+00
-4.464708942967188676e+00,7.023526203658476241e+00
-4.426419122646826132e+00,-8.651929407314375098e+00
1.839139016528993054e+01,-2.698439302226319114e+00
-5.563709349121278791e+00,1.870981895449172594e+00
1.953784422707051771e+00,1.375750294953074260e+01
-6.961005096027058414e+00,8.819155480429650140e+00
-2.877988420950882809e+00,-2.801493689487453587e+00
-1.235959680787765436e+01,-4.466238085105499245e+00
-5.437151508516550713e+00,-5.300000825539868288e+00
-1.150419867185604694e+01,4.037120863569885643e+00
-7.472036436566053652e+00,3.534930480200076719e+00
-2.702665044952815565e-01,-1.705176753697272574e+01
2.156764814279066744e+00,1.021753066822981815e+01
1.288994451727457324e+01,-1.220595979468247450e+01
-1.782927550586204291e+01,-6.517869958090609650e+00
8.144446434557725212e+00,-1.863213041781338064e-01
-3.919103861763721941e+00,1.008115657008920962e+01
9.364696816294697967e+00,1.096222036644983255e+01
1.015768473985021103e+01,1.235733321356957903e+00
1.897874509020761025e+01,-4.974036306857852474e-01
-9.248055860530142169e+00,-1.956238668603368369e-01
-3.912926867986047608e+00,2.508195581669896868e+00
3.101488695625303382e+00,4.491304349885427705e-01
-6.088091592562201448e-01,1.113513969542075799e+01
-1.079575290143166555e+01,2.351996767643381947e+00
5.749367961167782815e-01,-9.230428475177888004e+00
7.259733560353657467e+00,1.457708736106403968e+01
3.927290838977909870e-01,9.642930831536927982e+00
1.787203209384400893e+01,2.828629034130806463e+00
9.182107918678660496e+00,7.466941620256544176e+00
1.011973835098125996e+00,-3.169788228441954736e+00
2.887794284426645763e+00,-3.284030858511582718e+00
-1.106253118034592475e+01,-8.634227176322049502e+00
-1.566670045627101793e+01,-3.023826304756158212e+00
7.803349377545927723e+00,1.678645526410003086e+01
-1.086209940301641552e+01,-1.167836415845266629e+01
-4.130009986335357652e+00,-4.101404411232492109e+00
-2.001306874550994042e-01,-1.513784711476836442e+01
-1.039326207378736555e+01,6.793839336354833058e+00
5.201810643969838388e+00,2.503794327519324625e+00
7.289324678750862319e+00,-1.287299901697170590e+01
1.022930083945279556e+01,1.254329725937226137e+01
-3.871282853701688342e+00,-1.834459838567489243e+01
-5.779212740282487104e+00,1.425755441738422036e+01
5.327383396249572023e+00,-1.578984462340796391e+01
6.838999335858701123e+00,9.916883847584630374e+00
8.721069000076695943e+00,-8.428080258930483737e+00
5.166612819116303434e+00,-7.966020029926524693e+00
3.881704436742010156e+00,-9.211579043499895647e+00
3.159762868675414893e+00,-1.380935884432429006e+01
-2.694836943965143838e+00,-9.418762345823298077e+00
5.537897695452267399e+00,1.532589448751452998e+01
2.275468272811405956e+00,-8.446148419086371817e+00
3.974277654034701790e+00,1.030725735707861368e+01
-1.488093675092308388e+01,-4.736863746426591248e+00
-1.390028483354521782e+00,-1.797308759907233267e+00
-6.058678736734885995e+00,-7.889790284750355376e+00
-2.756823239926973201e-01,6.127328996602551925e+00
-1.276433067921613862e+01,-7.352775290018221277e+00
-1.742690887070704164e+01,6.698482902387464577e+00
1.125892909613299864e+01,-1.532146513209116545e+00
-4.037069640995939457e-01,-5.246033690064376032e+00
1.372369509460370507e+00,-5.005599666259005431e+00
2.461679924615063797e+00,3.763249875734002270e+00
2.191068024297077255e+00,-1.061328981513108616e+00
1.474151778348629094e+01,-1.760578699674981040e+00
-1.478653003498115837e+01,-7.364317307908282650e+00
-1.271703952780516111e+01,-2.732416007974406202e+00
-7.599067934661305479e+00,-8.752250450707476759e+00
-2.980246577814090969e+00,-7.012173855645330578e-01
2.666138996199236999e+00,-1.204719356916611872e+01
-7.446941101712687860e+00,-5.389897371943776910e-02
-1.636997793824363256e+01,4.321150100181443854e+00
-7.413293658610579762e+00,1.757719572500939131e+00
7.619502918480486997e+00,-6.874221623235687417e+00
5.727684067732890405e+00,1.303609640631509237e+01
-9.157607431116762342e+00,1.586697782567480841e+00
7.508145709493200037e+00,-1.020136210791618225e+01
1.393473734071738335e+01,7.036921387703570119e+00
-6.467158842169492772e+00,5.353017991513057794e+00
3.388215319477450915e+00,2.244365352874261976e+00
-1.044107517411855568e+01,9.870987003698656892e+00
4.111961344056465961e+00,-1.101204117993082399e+01
1.797727947898550838e+00,-1.525811311814512017e+01
