-1.623497167815543563e+01,8.775638629815469827e+00
3.554726588205634030e+00,-1.149257175996548419e+01
4.591193705790246327e+00,7.581829949146487557e+00
1.804302041052666183e+01,-3.035483677693795901e+00
2.200399342989253881e+00,-6.204621961101261185e+00
-4.186251725675257163e+00,-1.047380899420073597e+01
-7.612688562219434907e+00,-1.157576588920579752e+01
6.003182447064339122e+00,4.121252586635248960e+00
-8.989681433801836263e+00,-1.275848398456524002e+01
-3.651225871506870391e+00,1.673297365930639558e+01
-3.996229484365065865e+00,-7.183579802830739602e+00
-9.335841681027114092e+00,-7.409916787172773134e+00
1.342725205081091611e+00,-4.668880603116433825e+00
1.404189450359810909e+00,2.220484668195942923e+00
1.056678105756789599e+01,-4.813533229543781822e+00
1.067340218188894685e-01,3.457270128015710764e+00
-1.157929652536438780e+01,-1.067595849531093677e+01
-5.870219594311306466e+00,-1.106297076515378386e+01
-1.436229971664457494e+01,8.598774783627293417e+00
7.825607846851287519e+00,-5.180422570579106711e+00
8.764849823580536992e+00,5.705376219708351293e+00
6.972957107738023019e+00,5.705874727808232905e+00
1.077300413302460669e+01,6.076512784743159479e+00
1.231835505771546657e+01,6.929718357469441870e+00
1.408570762429183221e+00,1.894159316347924715e+01
2.883008393272840086e-01,-3.193571632691829087e+00
7.806438323247760103e+00,8.998363178173145016e+00
-1.515994128407572106e+01,-5.721079059809619949e+00
-3.923514415465428673e+00,6.424580105460357515e+00
2.404398242812574971e+00,3.754762102625437858e+00
1.169386182600533708e+01,-1.001522798502513290e+01
1.772491040398754336e+01,-6.705736768011486326e+00
7.762811485008908718e+00,-4.768836558860318209e-01
-6.397198802134129281e+00,1.234974926770866155e+01
-7.134485398614153873e+00,7.977917559180328411e+00
-8.838150041162636583e+00,7.149737972894771865e+00
6.646511426473212580e+00,-1.868372562480651755e+00
1.766446504382847849e+01,1.292580514471656450e+00
3.550143979287277318e+00,-1.356325519165538296e+01
1.068475900549941349e+00,9.033212485177237738e+00
-5.614257964960308378e+00,1.501327496054269872e+01
6.571013336937391536e+00,1.103071004168910818e+01
-1.007438541937276888e+01,-1.507130623562131078e+01
-3.959652686393056786e+00,-6.126785579678581950e-01
1.424847058831920599e+01,-1.063110630645854471e+01
7.702383471509480550e+00,-6.971792339954758333e+00
-1.527149057469289239e+01,-7.534685145054678124e+00
2.258390617142009837e+00,6.516840328004173344e+00
-1.509906173039491861e+01,-1.429856246144724174e+00
-1.581807147104944455e+01,1.050819091735517041e+01
-1.720935571756609761e+01,-4.491192614584821996e+00
4.509431305718829108e+00,-2.657931154485350778e+00
2.077264882651643774e+00,-8.330557816031376461e+00
1.335593964362365682e+01,5.405778406427239169e+00
1.624458859258119148e+01,-7.675211039991130413e+00
-7.415483759285550924e+00,-1.478322822660876490e+01
-1.383515394879318627e+01,1.239445838461410254e+01
-5.263709233781169061e+00,6.238999037877291931e-01
-1.356901929369296411e+01,-2.400783928953176716e+00
7.189909572700468487e+00,-1.692601588490659381e+01
-1.131588777527767542e+00,1.184176673536250668e+01
5.148406745876391355e+00,-8.279727493053348653e+00
-7.946817024716457567e+00,1.328381704700725052e+01
-1.345547878169384148e+00,1.893294830219347702e+01
-1.549516066350632393e+01,4.706293534619762298e+00
6.670194153330447406e+00,7.506482109358530330e+00
1.162461742763473183e+01,-1.071307873897220819e+00
-5.154758940523374022e+00,-3.692744780337761323e+00
8.503784533915903054e+00,-2.131920864551962502e+00
3.267556369109560599e+00,-1.055508135741976217e+00
3.031991003127212370e+00,1.499589396019373488e+01
2.060005718116117546e+00,1.284349571379520150e+01
1.054176260971373935e+01,1.255707927619434550e+01
-1.776661320754356010e+00,2.060578682820044083e+00
-1.153150528077116910e+01,-8.085320077946953621e-01
-2.625607703351935940e-01,-8.460301013947756132e+00
-8.031130004594283278e+00,-6.613007846432893411e-01
-1.592207580248578935e+01,-3.101063183255940547e+00
1.128623706255606862e+01,1.451251227502878827e+01
-1.250681235205155284e+00,6.951627100234921031e+00
-6.718613199144688686e+00,-8.013747452145711492e+00
-7.982950139576805881e+00,1.134373126040334867e+01
9.020066227997569630e-02,-1.801946919643819456e+01
-1.561623160648168174e+01,9.006836629488593760e-01
2.816067254594905589e-01,1.749518775928688541e+01
-6.178158670854997148e+00,-5.484668795324800783e+00
1.230432196453651628e+01,3.935528184971043952e+00
-2.585656652062008121e+00,-1.125293626271632519e+01
-1.986677217302093901e+00,2.740066447999706667e-01
-1.776993703505851485e+01,-1.896464632452437682e+00
-1.812619830078717076e+00,-1.444920376548023988e+01
1.503198485824552044e+01,-4.305115451492461887e+00
1.025535389522347529e+01,-1.581408964284658580e+01
3.036525686146070990e-01,1.064258232052603681e+01
-1.064413262245994218e+01,7.492418681445493611e+00
1.184522260714504149e+01,-1.477166932310269587e+01
-9.236884364189299035e+00,-1.087221022388061442e+01
-6.493883364208005160e-01,-4.847744948309427926e+00
-8.388214474976063428e+00,-1.633901374504819870e+01
-2.227411019807882475e+00,1.405558623459952194e+01
3.471481083323879169e+00,1.685479684951439694e+01
-1.698215042513054485e+01,5.700079584837011382e+00
-8.500379489694834589e+00,1.083563036362779730e+00
-1.877672613566291560e+01,2.904230642754343616e+00
1.390826690210094618e+01,1.073429201131136601e+01
-4.337501822757956482e+00,-5.441511385308591464e+00
1.538671312650429535e+01,7.639593836184490172e+00
-3.374125999880686066e+00,-1.358629941917810235e+01
1.331926197502733977e+01,-1.280826163709042298e+01
-1.215156649867206262e+01,2.078732709446688975e+00
8.311688484401759780e+00,1.240343305941133956e+00
1.611356533436338889e+00,-1.553207698205914866e+01
-6.719895965513506653e+00,-1.310373613803946036e+01
-1.396672369112890166e+01,3.798072805210586989e+00
-8.059726158419623587e+00,2.979720005552028095e+00
3.263041794750079383e+00,9.946176507122324040e+00
-5.416403602405265083e+00,7.503974235863779541e+00
-1.298972945286678460e+01,-5.147571438342681382e+00
5.984648616388399844e+00,9.299700687315741732e+00
-2.323535613180457204e+00,-5.716569541107336505e+00
-5.690411686193553864e-01,5.214227204946030980e+00
1.550285275792026596e+01,4.194833633776386961e+00
-5.321217772474841068e-01,-6.620631551007464921e+00
-8.770716225743896644e+00,4.609091858503395756e+00
-8.807832564893953275e+00,-9.094946894725556064e+00
4.492398699269708473e+00,1.129684866554666556e+01
1.529866828466286321e+01,1.735141287735564308e+00
5.555797530223839376e-01,7.063165125249737386e+00
-6.003866395301818315e+00,1.056437267179687467e+01
-6.591713428489146764e+00,-1.773149245535529417e+01
-2.786131428493020312e+00,7.829056590193417264e+00
-5.386568104837053284e+00,-1.806704398293541347e+00
-4.211214791412437819e+00,1.029446906075147616e+01
8.159271218891319677e+00,1.457056758895993198e+01
8.481867692119873681e+00,-9.948892313713775692e+00
5.935589123848379778e+00,-6.566008616660853114e+00
-2.082767052972934074e+00,-1.510987346038878076e+00
2.792596477870825655e+00,8.223847285537274843e+00
1.012127251273413187e+01,-1.169658781344545950e+01
-1.329526529199724827e+01,-1.356404608750014162e+01
-1.759865045301501230e+00,-1.797538108909961352e+01
-3.367242217412242944e+00,2.963499773097328482e+00
-1.228076559844346249e+01,8.245477111640351353e+00
-5.594639563262921556e+00,5.521956601278803944e+00
6.934322749542127795e+00,1.293064778668927950e+01
-7.692426533871751460e+00,-4.468132962184566459e+00
-1.405688153223965564e+00,-1.259561518319168627e+01
1.530668663925578654e+00,-1.361990866645398590e+01
7.048867517056676135e+00,-1.505493538869400183e+01
-7.679985011521761606e+00,-6.490596011187797387e+00
9.026581647830543176e+00,-3.830403411948983816e+00
1.001854745792381429e+01,4.466195827267862128e+00
-1.614860272178224587e-01,1.326024023492089920e+00
2.224379115774288262e+00,6.369287860792666178e-01
-3.107005536626288311e+00,-4.086230545140834280e+00
-9.047156398448908732e+00,1.472151763676067127e+01
-2.061000391327589387e+00,-7.481928456108887460e+00
-7.176052814132568791e+00,-9.826116852252948064e+00
-1.109452888593619591e+01,1.542413050404135255e+01
1.364653145056385597e+01,-1.703473910084356335e+00
5.162683540240729840e+00,5.880263920309374726e+00
6.776040994463991218e+00,-1.208408111719142397e+01
-2.377018885477385268e+00,5.598111533046686183e+00
9.475566105514564796e+00,7.449928123315457285e+00
-6.704694275931802672e+00,1.664177800098012083e+00
1.206845559286625402e+00,5.066567094146227745e+00
1.609606357212302896e+01,7.194692989009587869e-02
-1.417119896286938019e+00,-9.886789024729937481e+00
3.339724038546671547e+00,-4.009672921540271773e+00
-3.814497722160185678e+00,1.860445471680634810e+01
3.177286583553915023e+00,1.870501596937785749e+01
5.198562481865590890e+00,-4.904827202370855233e+00
4.828897590147873231e+00,-1.835030885596041728e+01
-1.744218778340452758e+01,-6.672806225051698625e+00
-3.569415839551218106e+00,1.206679236258681120e+00
-1.437088448850156475e+01,-3.970207207787704640e+00
-1.214315049285586134e+01,6.352737077007349242e+00
5.575225648312271964e+00,-1.352994286419474079e+01
3.337931768261668708e+00,-9.728969376987173234e+00
3.226418618230133539e+00,2.138170603043246132e+00
-4.988137835329362169e+00,-8.697351110222870219e+00
1.293262002591836657e+00,1.456463684770488598e+01
-7.315962366396880689e+00,1.560792695728131818e+01
-9.357824782049034340e+00,-5.615624642605421712e+00
-3.065279537647074837e-01,-1.462798591459848252e+00
-1.618198995057051803e+01,2.949887672624444512e+00
1.228435738786445874e+01,1.167771667081652254e+01
-1.746374343344409752e+01,7.448323842634599679e+00
-7.428260609171048579e+00,6.076430782685426024e+00
1.831885791420219434e+01,-4.975529268080204126e+00
1.319200065100063135e+01,-4.413036518473530734e+00
1.082163385898703467e+01,1.068877458292275939e+01
4.316427894576913005e+00,6.219452634665446622e-01
9.559850707560979544e+00,9.405984659378516355e+00
1.170709230393061873e+01,-7.383925310413742338e+00
-1.279050677049839768e+00,-1.620842992785766512e+01
1.359104728621352010e+01,1.322338319720620525e+01
-1.192024602396422495e+01,-1.240935585842818156e+01
-3.073335332913875284e+00,-9.049376807553421997e+00
8.730632281385394933e+00,1.251648756781805716e+01
-1.059629994703433375e+01,8.244967300456282899e-01
7.878371857693190705e+00,4.033606759407700082e+00
4.655373251499587695e-01,-1.013949981589922622e+01
1.528938058311767811e+01,-6.137810264516947001e+00
5.392444123262522204e+00,2.105170497222476733e+00
6.244910486284679152e+00,4.999541966183032038e-01
-1.733774249029415060e+01,1.538763187562436574e+00
-3.699908353907678915e+00,-2.374212466349419071e+00
-7.943228968380078747e+00,1.725472869938910492e+01
1.404554085438898348e+01,3.082574881464530847e+00
3.672437115798319329e+00,-7.221265649936948527e+00
1.448291433476642576e+00,-1.028438169258902857e+00
-5.215411425581581994e+00,2.732448244632267986e+00
5.793114759489185417e+00,1.703651193353693571e+01
-1.835207420278633483e+00,3.883653624338413213e+00
-1.083366387766737482e+01,-8.957961838473474714e+00
1.215244498402038964e+00,-1.176090884450339757e+01
-8.610861214283426435e+00,-2.387241140222525093e+00
-1.053855019918274927e+01,4.011911051034743103e+00
-6.893554694534264726e+00,-2.828858703806396147e+00
-1.206114547614817312e+01,1.259939832191644449e+01
5.125521326204163230e+00,-1.012169443870648244e+01
-8.605491915394326341e+00,8.992327803084393167e+00
1.061640840795376128e+01,-1.345991732622470138e+01
-1.870083769467187196e+01,3.610658545237891426e-01
-9.484751301399841239e+00,1.228711364535376482e+01
-1.654220469082281753e+01,-8.839039405285834761e+00
-1.569592151641726829e+01,7.087541014961886710e+00
-1.063628055948870532e+01,1.364927785501998159e+01
-9.546578659471103734e+00,1.641414329720077347e+01
-1.394835825178822653e+01,6.758004674365409414e+00
1.854182415691390773e+01,4.021401265635366151e+00
-4.395648203608900073e-01,1.397775480916508606e+01
-5.175495059614090287e+00,-1.414577696744238899e+01
-1.508837281532259267e+00,-3.250099217608396707e+00
1.147861786613347590e+01,8.613525025976199956e+00
-4.033103678627702138e+00,4.654318918564634089e+00
9.235317684915795411e+00,2.785224754198010189e+00
6.791854575033958952e+00,-9.348177479919788979e+00
1.657392240070822087e+00,1.632075122302010328e+01
4.346598377578063221e+00,3.529073511869452506e+00
-1.405707101517904434e+01,8.879914413129963435e-02
8.745013522473719547e+00,-1.308864827646808138e+01
-1.401403768511291581e+01,1.971436884052845562e+00
-1.144563452010663518e+01,-3.475347387368752816e+00
6.705855550400519505e+00,-3.683851977291269009e+00
1.098047292206802972e+01,-2.809561241822764455e+00
4.116729335467536721e+00,1.345272909438012476e+01
-9.727305817429780177e+00,-3.899993514122978677e+00
5.100044617866251961e+00,-9.737589352204231163e-01
3.523485666051675569e+00,5.213063611852756907e+00
2.122332918208126973e+00,-2.699907698323635419e+00
-3.808612107075188380e+00,-1.531647327874834197e+01
-1.401992166697801601e+01,1.061417125257647953e+01
-1.842061819229175512e+01,4.625263946404569282e+00
-4.444984746563499733e+00,-1.700366109195874387e+01
