7.896708103360592368e+00,-1.025816924048062351e+00
-6.978684968754694795e-01,4.251834544482242073e+00
-1.851529840032229401e+01,-4.127487762589487907e+00
-1.317473937787147875e+01,1.366879619164312309e+01
1.379794810483940282e+01,-3.188407138375232819e+00
3.358587046485400407e+00,-1.141452697739232214e+01
-8.078590607237327248e+00,9.945825603340583410e-01
-6.187825034761047505e+00,6.172951919687104549e+00
2.521283826941714823e-01,1.738341785837862830e+01
5.013996751702418209e+00,-1.030062722206254122e+01
2.134597388559003051e+00,6.208550241498676847e+00
-1.323390949799065908e+01,1.828511416811426260e+00
-4.617441077518986248e+00,-1.447066707256678519e+01
-7.153005590030962146e+00,1.196746474539365757e+01
7.840338335082493337e+00,-1.707308979461919307e+01
6.430695845152450296e+00,-1.137215521457221890e+01
-1.135380923983018953e+01,4.118737506053601893e-01
-1.729358335552045656e+00,1.669737697167850499e+01
4.021860195438231589e-01,-2.172780586223055366e+00
-2.060822575848860083e+00,-1.388877938346543317e+01
-3.118482004111787775e-01,-3.859778453782579888e+00
-5.122823400862447585e+00,1.245252386136290035e+01
6.407711220757951409e+00,-4.598213598885455333e+00
-5.840745957591165549e+00,-4.348658543751408700e+00
-1.023427742669713503e+01,4.580575390297140004e+00
4.254832045339812296e+00,3.253903974002094301e+00
5.158862463105435836e+00,1.322401500236258798e+01
-8.430856209760849040e+00,4.312948151238247263e+00
-6.323009688599507072e+00,3.959634926916747455e-01
-3.146296629922842314e+00,-9.515610226575031305e+00
3.570127200126272521e-02,-7.479373010623970863e+00
-3.068963904914242757e+00,1.327467407762864049e+01
1.735081068924391401e+00,-7.064624475846651208e+00
4.164110760386775745e+00,1.712219828147062373e+01
-4.936878940824833251e+00,-8.740903932514502372e+00
-1.488864666650257362e+01,-1.178592712314196866e+01
-4.646094637319861498e+00,1.424650238825071469e+01
-8.982184281133589465e+00,-1.330402418471756398e+01
4.167192787300909806e+00,-1.745771809628025695e+00
7.523023756857971200e+00,3.567139092844354931e+00
-4.882988565258634672e+00,-2.874024381643955461e+00
-1.800881822179485070e+01,-5.977060528467009526e+00
-6.517106709797269914e+00,-1.090830765207166309e+01
1.417929743964839950e+01,-4.926764378395724009e+00
1.669466682685722403e-01,9.644509256033835243e+00
3.616415535604101006e+00,1.092387762157222753e+01
9.173518280719946461e+00,4.771166929540041624e-01
-1.570633607767810958e+01,-1.815167749777071071e+00
9.829720448614050810e+00,1.619660480463501173e+01
3.664492940829641832e+00,9.162706125235507315e+00
1.127724083174898473e+00,4.726944971016436625e+00
-2.651140155317787350e+00,1.841332819700986789e+01
-3.933178643741078173e-01,-1.610365615081728663e+01
-7.265708673194094303e+00,-5.558885596272099328e+00
-1.260096132123236234e+00,1.112615937730980420e+01
-2.959645531317676645e-02,1.338806542232527930e+00
7.301219529359875615e+00,7.635133048714434878e+00
1.077553918890103368e+01,4.300382830917478749e+00
-7.444235714958954198e+00,-1.241249380153259452e+01
2.005278176249303712e+00,1.018536694441724677e+01
6.680465975418089508e-01,2.963222806210465077e+00
1.270081147612122763e+01,-6.341982496733274743e+00
-1.051931809143392194e+01,-8.051629717171573830e+00
1.407258610416800515e+01,1.233147648611347691e+01
1.077737755660673002e+01,9.994514820451998460e+00
4.662822947711873667e+00,-5.034292890752729122e+00
-1.567107005182056056e+01,-7.125408492997276078e+00
2.233019302242897075e-01,-5.542320381259093764e+00
3.018530459804903004e-02,1.555366910227582267e+01
9.302141245385811885e+00,-5.518779703615733112e+00
1.382384639649251135e+01,2.404752349187464944e+00
6.015077413568644893e+00,2.607936510762180138e+00
-8.866743432408027203e+00,2.592340229933636220e+00
4.139582557833037413e+00,-8.049715767840543990e+00
1.678086662291796261e+00,-8.865522248829714513e+00
-1.036510103212448719e+01,6.582589976372479335e+00
3.737497764047692517e+00,1.485627077164370702e+00
9.485198609143544957e+00,-1.642941831143014397e+01
6.079893783816146424e+00,-1.768389359397209759e+01
-1.034660407907223778e+01,-1.452471909177016052e+01
1.102809031211764079e+01,-7.105016773142876829e+00
1.601322319443999609e+00,-1.406517383319694048e+01
-8.921344633062437524e+00,-4.088927657952138084e+00
9.185354128392123840e+00,8.129546482045602929e+00
9.902837617732533460e+00,1.214184595491506613e+01
1.136026580578680978e+01,1.505262332432420891e+01
8.625076750949142834e+00,6.397575004813924160e+00
-4.525078824298190305e+00,5.356503537055259834e+00
9.025901208872696202e+00,4.586856871325791118e+00
1.332456367189501556e+01,-1.467788237522055450e+00
-4.699771116382626346e+00,-1.056430594984097304e+01
5.282610989671222335e+00,1.020571572954666273e+01
1.463564336741247018e+01,1.049377689114057333e+01
-8.758029892485282630e+00,-7.735707286681454242e+00
-5.226079393645895799e+00,-1.225997545445463821e+01
3.282468146289258648e+00,1.278880964429474787e+01
-3.211865209037796820e+00,4.122132705956018661e+00
-1.521342401266784883e+00,7.280854746848932635e+00
5.451569902326816930e+00,-6.688702946692294482e+00
-7.805289325733743233e+00,-7.596317213822160186e-01
8.738840173926551103e+00,2.248907113896341237e+00
-3.959187336483316333e+00,1.698011044982035145e+01
-6.936854049034991476e+00,-7.292051889610434046e+00
-6.714503490191106927e+00,-9.081339663570815901e+00
1.209123612632317268e+01,-3.777512703833939334e+00
7.308125873969138375e+00,-9.761672565671805302e+00
-3.230302645710183551e+00,-2.146709103392508311e+00
2.391218509036141082e+00,1.565199072790525925e+01
5.569297573117514943e+00,4.554796422755802432e+00
-4.962972258503876688e+00,-5.953996346817217677e+00
-1.323722910559359089e+00,2.592076843758492011e+00
-9.020138559280947987e+00,-5.940692209223170650e+00
-6.254905743056410117e+00,-1.379387125447172835e+01
-3.539613018417021806e+00,-4.163688861775571404e+00
-1.541880528393078187e+01,3.943079759170027732e+00
1.857477809086183385e+01,1.906752421928284758e+00
2.898919759397808882e+00,4.592270759385161938e+00
-3.595590319340898067e-02,-9.279047300803538789e+00
-1.189849805238783631e+01,8.596824368085099977e+00
1.679437800018073901e+01,-6.786220635153563663e+00
-3.127098032616448808e+00,2.274590634739926731e+00
1.259789039788626930e+01,1.107632143724759821e+01
-1.399404678566957383e+00,-2.118390211337616957e+00
2.542224665712069953e+00,2.857652163165407266e+00
9.142735745236544531e+00,-7.328207012616258176e+00
6.821635839431782422e+00,-2.864746881448224425e+00
-2.928570065726725513e+00,1.034398216225547174e+01
1.220252264489009697e+00,1.425047267387165029e+01
-1.326104296064924881e+01,-7.562605780248712328e+00
-1.501630788013756046e+01,1.550335612774661254e+00
-2.659055148025677995e-01,-1.402484680790360905e+01
6.987941047339014666e+00,1.079841285200044076e+01
1.210198155206630943e+01,2.976876230470182350e+00
1.150262694874907865e+01,7.357189306260779604e-01
1.152101647222874803e+01,-1.180694234721927138e+00
1.564867775904512470e+01,-3.406413267665406419e+00
1.221901069531176942e+00,-5.707265370558011197e-01
-1.719117762230442636e+01,3.341177249731217991e+00
5.075657631505656298e+00,-3.254747487835095932e+00
-2.975737591553647032e+00,-1.134645316739233678e+01
-6.439506314632691186e+00,1.032591431940489635e+01
3.331090842841772481e+00,-3.716193109606554579e+00
-1.214186977950835633e+01,-8.913475089562796327e+00
3.487001910209733158e+00,7.402642775210951598e+00
5.316898248092734036e+00,-1.447060513190094078e+01
-2.179762099040066570e+00,-1.567823616090517014e+01
2.481281164239732551e-01,-1.108964673027124981e+01
-1.715466268006888129e+01,-8.132023764112251030e+00
-7.009160510279460077e+00,2.548050366070433892e+00
-9.688636608430847730e+00,8.273809784365468545e+00
1.238850548460144196e+01,-9.449672873028797326e+00
1.099327857233841677e+01,-1.525900202659862259e+01
-9.473628515110288362e+00,1.017907265175718656e+01
1.361792146467222331e+01,-1.085989064771102086e+01
-7.936410967443853437e+00,6.086019631582074929e+00
-6.338803269747018909e+00,-1.859266059053811704e+00
-8.516804106235044358e+00,-9.583827852799883473e+00
5.390031456866417159e+00,1.548018198276199975e+01
-1.308254773014795980e+00,-1.205553569445220852e+01
-1.076469618917442617e+01,-1.251727226278898719e+01
-5.133929617370942999e+00,1.854313268385408664e+00
5.372386339769396280e+00,8.328990489495646798e+00
-1.629641188366694493e+01,5.811491349104211501e+00
1.393413239693237493e+01,5.479029128565419127e-01
2.023672874816185629e+00,-5.247106908889263011e+00
1.604413622482499235e+01,-5.131226729900165928e+00
-6.258903627922707713e+00,8.454824706635793774e+00
-1.252689619994792380e+01,-5.861079920391194520e+00
-1.755311794922475244e+01,-6.724460317604131765e-01
1.562367250184511036e+01,7.175166615142373416e+00
-7.983747295942000832e+00,-2.587388572523692698e+00
9.541303694581637629e+00,-9.102919262553866631e+00
-1.174753840464187071e+01,-1.071266158299253668e+01
-1.418964844825474136e+00,-6.445806016153201590e+00
-1.301351112674739952e+01,-4.096512687016367948e+00
1.577313952391059360e+01,1.773075221828883385e-01
7.419545850249575913e-01,7.481739899990016873e+00
-3.262491083496181332e+00,8.527819899446056340e+00
7.148979324198316831e+00,5.370835691263680545e+00
-3.428487386330806963e+00,-7.691366639819879225e+00
-1.125183271824141862e+01,1.036925397625389600e+01
-2.350423267703214691e-01,5.977656453962797656e+00
8.696773739356988386e+00,-2.689022380599171758e+00
9.750145914322848384e+00,-1.221441175534685675e+00
6.659259876656371979e+00,-1.324161899402145259e+01
3.139097308506396011e+00,-1.319920588976434850e+01
-1.728602554116202228e+00,-8.358015039658619472e+00
1.119699618216781900e+01,-5.316916554604771861e+00
-5.462742684633379753e+00,1.586626421059704128e+01
5.822782803411967301e+00,-8.706976378216541690e+00
7.419258788760524581e+00,-7.785315940045829386e+00
-4.962115295537199877e+00,3.611262188358067338e+00
-1.511574996616238176e+00,-1.028818141657932372e+01
-1.422727574847246546e+00,-2.839024235533969542e-01
6.171496050159953617e-01,1.143153564671335687e+01
2.310830969207244401e+00,-1.976949291186083979e+00
4.281833061190152279e+00,5.759311444511222788e+00
-9.763636356807479544e+00,-2.415333064078974967e+00
-1.458912467230602061e+01,7.176057074283930248e+00
-1.359626881047421953e+01,3.590255750215185504e+00
1.555570385800093192e+01,1.985740558886510465e+00
-1.640826049189388058e+01,-5.143648400680963739e+00
-1.725172414310001789e+00,1.490343569636911880e+01
1.081680376045517455e+01,-1.043866818997408252e+01
-8.017297578507063704e+00,9.154182578470594578e+00
3.321840778024445662e+00,-9.637836063966460642e+00
-1.585679173611669235e+01,-2.998820794514852825e-02
2.036845389242236681e+00,1.745988748781240929e+01
-1.887098953225480003e+01,-2.150076999910242481e+00
-1.245509894906258452e+01,5.066856992587810637e+00
-1.163119036248270000e+01,3.448152040375261240e+00
-1.250950382852215270e+01,1.194899902169200701e+01
-1.058040270072847555e+01,1.987799737800330035e+00
3.275754659897874177e+00,1.870464976779973298e+01
-2.073037691680889250e+00,5.481473464624702530e+00
-1.294376797398349099e+00,1.310211624278948150e+01
-9.597031454153219343e+00,-8.909737276599032779e-03
7.384710425782544441e+00,8.887995849653329561e-01
-1.070139485278298608e+01,-3.958216675611270663e+00
-7.718333702663632501e+00,-1.492225520635964031e+01
4.834232477704888176e+00,1.139085195059229630e-02
-6.548948794797895268e+00,4.386237070865750098e+00
-1.515519912615194587e+00,9.093642266949482078e+00
5.852113241428768653e+00,6.567451835645750080e+00
3.858676849301721834e+00,1.450901611924243539e+01
-1.641684224944392056e+01,7.667335479703727863e+00
1.229348250844884660e+01,6.319676803836451029e+00
-4.707396507409065123e+00,-1.075035629311963170e+00
1.713424237456387189e+01,2.934657807764174731e+00
-1.851656136139836928e+00,-4.706025944396078131e+00
-1.397307756997127903e+01,-4.449671458263865786e-01
-8.988179626100839315e+00,-1.141441351247602753e+01
1.009553889377535185e+01,-3.822385070931942241e+00
1.481953664758308253e+00,-3.581605887683163125e+00
-3.332696384256225386e+00,6.754420634615367902e+00
-1.078973966182756961e+01,-6.251907973591145584e+00
-1.215764079716294432e+01,6.839832811051589800e+00
-1.433850718205657060e+01,1.204197788698374616e+01
1.809499907587994949e+00,1.252294648740130745e+00
1.179570251454638452e+01,-1.346390057223141312e+01
1.477410971533076101e+01,3.910854159121631923e+00
6.104045158940038185e+00,-1.233797443370474811e+00
3.419404956280360341e+00,-6.441097762903295276e+00
-4.765885935691050790e+00,9.636161258867927515e+00
-1.714641825321600521e+01,1.369892228394622657e+00
9.015760666682901103e+00,1.057598478941785203e+01
-3.270203328534040388e+00,-1.374448202120712430e-03
-8.011889269613527986e+00,-1.669817471593606584e+01
-3.614716639940307008e+00,-1.302418373805517682e+01
-5.472796803516847497e+00,1.802201691111317672e+01
7.524546089246858749e+00,-5.979126850443919672e+00
-3.189700994736252682e+00,-5.935483951584788365e+00
-1.133085510657600992e+01,-1.444419175247706244e+00
-8.627783367463413455e+00,1.295170478004649084e+01
3.038015161642211748e+00,-1.608018076895451065e-01
-1.465958829520062778e+01,-3.493509864627893258e+00
