-1.396331011931856736e+01,4.339329746251535447e+00
-2.483901445600804614e+00,-2.721183077592506994e+00
-1.073541539432020997e+01,2.231656936266671387e+00
1.287472572892363942e+01,-7.790910463143583264e+00
1.437365739006793319e+00,-8.752529253387866248e+00
5.215175781651383069e+00,-8.422916628048740861e+00
2.101997152743835251e+00,1.731631941049259993e+01
6.194762550114225608e-01,1.571452981600093857e+01
2.479586828654444908e+00,-1.492599114864344223e+01
-1.508200937762475879e+00,-8.615731857000330507e-01
-1.450560904290021380e+00,3.712858442602918529e+00
7.118118980875592250e+00,3.981934970418211428e+00
-4.439992942629546135e+00,1.150731870979747917e+01
-8.276605610078217268e+00,-1.275944579013907898e+00
-8.880290916986744776e+00,1.838531829137893148e+00
3.348060113201076327e+00,-1.168286538042339906e+01
1.412451419617546300e+01,1.745155176041507827e+00
-9.145958326874534805e+00,-6.941015688042813103e+00
4.452887689029673801e+00,1.003121205970513863e+01
2.063797123441205028e-01,-7.434405780616593518e+00
-6.979959157128427627e+00,-7.783269393967396255e+00
2.432845713658905673e+00,-1.883916321618884737e+01
-2.858291608324381894e+00,-7.262004446649525491e+00
-9.865359974180339719e+00,1.120116379580860588e+01
2.686066993525469737e+00,-4.043310400731986221e+00
-1.404592179992897805e+01,-4.288909098163872780e-01
1.518255161075206416e+01,-7.648075005407894089e+00
-9.375983079437872902e+00,3.563097080284184592e+00
-1.357043761921416802e+01,-7.413124414407547214e+00
-9.977145895204664328e+00,7.950691578764822687e+00
1.144602897512611150e+01,-3.604031315217109732e+00
7.302283475747565866e+00,-8.145221090103778039e+00
1.234690519836019718e+01,1.949535477214265677e+00
4.507028752079591527e+00,-3.983074953654758499e+00
6.128371326674074915e+00,-1.398199290130092187e+01
4.229607935979765365e+00,1.685649169718514884e+01
-1.241693005588116883e+01,-2.160300499108985584e+00
1.339747780554682854e-02,1.001281415827395449e+01
-4.647301060079993107e+00,-1.472046682951628505e+01
9.836960822522947012e+00,6.140927831230908573e+00
1.379081520921557313e+01,-3.448356748722420040e+00
1.093765310699858162e+01,7.052573550731813246e-01
-2.631893311444916783e+00,1.127231857590946795e+01
1.898725427594843973e+00,-1.318984480177510221e+01
-1.173916946319662813e+01,-6.285826978682496069e+00
-7.933608889009093446e+00,-1.156569992123969115e+01
-1.131808085964146571e+01,1.469852065987614509e+01
-5.323162983740366005e-01,8.272078594256486284e+00
-8.382131431454395099e+00,1.576061693245192785e+01
-2.803545032258027980e+00,-5.470160886386122634e+00
5.527001638754033053e+00,5.431115875632016587e-01
2.094253395955796737e+00,-7.070402955369238462e+00
6.476030082330485271e+00,-1.580510239093553082e+01
8.958989037134093891e+00,3.911144901731097967e+00
9.977476882190073226e+00,-1.464977259811437804e+01
-1.268847813584027584e+01,-1.100098755884507895e+01
3.970693781656327914e+00,-9.957131214606990355e+00
-6.989216913161533373e-01,-2.501196629985163788e+00
-8.424277348118087705e-01,1.155446117786139837e+01
-2.153544338689079130e+00,7.496110127466859119e+00
-7.665660863140545622e+00,4.319098311423252845e+00
6.292450503771776837e+00,1.417785329026736818e+01
1.129891472069964564e+01,-8.766648600400884561e+00
3.463439647922577969e+00,-8.185153581060477634e+00
-4.472859417741426036e+00,2.866571086379680722e+00
5.422011326238111550e+00,-1.721509194314086599e+01
-4.416407051734113409e+00,-6.197923216106759448e+00
-1.899598130409935948e+01,3.907611729785869792e-01
-6.234887744830760470e-01,6.383524645434152767e+00
3.328043685616909553e+00,-2.229364701098601742e+00
5.835434091114978905e+00,-5.183964228154554377e+00
7.468156785140457998e+00,-4.521471276840093090e+00
4.312831897085882993e+00,-1.461720829980436065e+01
2.778030124062450756e+00,1.379147029050976947e+01
1.036248924039130159e+01,-7.256797260014708151e+00
7.329015908249481903e+00,6.199386433875085922e-01
5.087507943187786985e+00,-2.295169209522968323e+00
1.690574715732071454e+01,-3.934806373730085127e+00
3.213202206598674504e+00,8.124963131339733025e-01
-7.757094557114119660e+00,4.089425965805077445e-01
-7.200378349920189436e+00,2.476795653832666311e+00
-8.131304759108813229e+00,9.520562835165499393e+00
-3.611085818808691617e+00,6.460685398885831709e+00
-1.122072700797388745e+00,1.526122022440858750e+01
2.301795633731376967e+00,3.993869766713604275e+00
9.413205298804121213e-02,-1.814935313566781971e+01
1.072615204509312825e+01,-1.156744652650588279e+01
-5.932583203653710946e+00,1.734197047621531240e+01
2.858707963605277680e+00,7.156026507785835378e+00
1.274449994122827512e+01,-5.082182873256378741e+00
1.340094189010704007e+01,-1.164619568101444180e+01
1.741720378746320819e+01,8.123601316321472643e-01
-1.007403603693845540e+01,-1.124995088295548173e+00
2.890611281249432230e-01,4.204318151984815621e+00
-9.009513204784346252e-01,-1.374603222080451559e+01
7.689359883297363751e+00,-1.300820846054371671e+01
2.626122997324637609e+00,1.053102794389641161e+01
-1.761603390121837975e+00,-1.019922275256702271e+01
4.478850948765797924e+00,8.263506078150925305e+00
9.114771231757602621e+00,-5.142943725261388543e+00
3.778360889456799043e+00,-1.642503673116166496e+01
6.359266332764245355e+00,-1.031354553207854297e+00
3.403291259315797568e+00,5.434962558538090072e+00
3.888185976657513532e+00,1.178895751329821806e+01
-6.447535244579299274e+00,1.058900035132774597e+01
-6.540527107020216668e+00,-1.539830984127691771e+01
4.630244852811473244e+00,1.344329004061957811e+01
-7.911811246399954811e+00,6.132996094119102182e+00
4.180357803906493253e+00,-1.852414154129569823e+01
-1.779006082405625122e+01,2.439526881944630077e+00
-1.340643815664807192e+01,-5.534684954382554700e+00
-3.301616794338195771e+00,-9.289290221989533691e+00
-2.195580709191394586e+00,1.376538796370966899e+01
-5.992243823790285973e+00,1.471201595094696835e+01
1.513606675504049370e+01,-1.964483328477827806e+00
1.207790381435171412e+01,-1.037109636548765046e+01
6.503017226370601200e+00,-9.807028705522002454e+00
-4.259104665780283128e+00,1.830547793917169486e+01
1.418827580324361470e+01,-3.757708895026749818e-02
-1.720777653304721966e+01,-4.529085554228013955e+00
1.391303439000727238e+01,5.031838753920014007e+00
4.099866464217777562e+00,3.817392160043001414e+00
-2.974681302006523254e+00,1.557686388190615290e+01
2.129900728038786717e+00,-1.708934981241200290e+01
1.176374958206321431e+01,7.790926465350655583e+00
1.493060888022570643e+00,5.556844749303539999e+00
1.093478846023314333e+01,-5.291671599363817258e+00
8.131842071980369013e+00,7.335844465460931829e+00
4.693071418691452834e+00,-1.285153662992522072e+01
1.515138344280951621e+01,9.189801908485524251e+00
1.165428999258786824e+01,-9.669197570332755953e-01
1.482145592393987776e+01,3.425316534294103210e+00
8.160435374162990030e+00,9.211921375503655085e+00
-1.595075337112098168e+01,-7.680126259517667808e-01
6.552412516691966005e+00,6.453468864678589156e+00
9.726003438883930485e+00,1.334780419432884102e+01
1.591813600200207546e+01,1.771862888076462639e+00
8.582677284260306294e+00,-6.880704601790908370e+00
-7.344949632879645307e+00,-3.917674537163815973e+00
-2.128892467867676164e+00,5.379765108975768761e+00
-9.692975331698198360e+00,6.107444790780441224e+00
-3.811371597796374910e+00,-1.645073544118525177e+01
-2.127522940804435603e+00,-1.581684602641983339e+01
1.889839942425886576e+01,1.866766001160074628e+00
-3.320439200710284311e+00,8.908718396267737205e+00
1.329101760114262198e+01,8.725672599529165296e+00
5.540650211349671395e+00,4.821469665443129493e+00
1.005163214111853520e+01,1.608992394396790004e+01
-1.114851219501014157e+01,-4.608771338564966236e+00
5.708502563219034265e+00,1.182037108587757857e+01
1.002197060017852337e+01,2.416987299384308674e+00
1.342274766637580363e+01,6.883380539019927191e+00
-5.888570624468016490e+00,3.925191080109310615e+00
-5.873548691416522693e+00,-9.279830480252806879e+00
1.604055087835996574e+01,-3.946701807113766614e-01
1.129358171114268394e+00,7.222989565920272526e-01
1.065062188435651791e+01,4.551633710873869809e+00
-4.761257709729965093e+00,7.836753433065254626e+00
3.269070361446284045e-01,-4.045671930769302094e+00
-1.078875119553487316e+01,4.699566477176996493e+00
-2.714316472257682467e+00,2.440547721635847100e+00
-1.070476360759666790e+01,-2.904447306421058084e+00
-8.051158532648333477e+00,1.139497843159773538e+01
-4.849942807937479117e+00,-1.074915651451792087e+01
-1.825917716697913751e-01,-1.607977250551816795e+01
4.223716810196015636e+00,-6.863521032748566286e-01
-2.676338498182113668e+00,-1.406329079554613060e+01
6.116769450007264020e+00,9.231197165588984177e+00
1.227577995896231045e+01,3.793743389417945533e+00
-8.337984199811909747e+00,-1.393293560202836368e+01
-5.986271951054610518e+00,-5.371191765412024921e+00
-6.196028511625482516e+00,-5.028755986446102888e-01
1.335616348857101521e+01,-1.631700142770880824e+00
-5.693546988508312090e+00,1.572888403952195979e+00
-3.776452108861411361e+00,-3.970944568142894315e+00
-3.159996709831031758e+00,-1.129593951378862116e+01
-6.491840019898646119e+00,8.780575486033811217e+00
-2.780395553885527171e+00,6.129358326643135069e-01
8.224241881034089374e+00,-1.596692457121518061e+01
-1.420364937686366247e+01,-2.205402574389560222e+00
-6.319594536480210856e+00,6.984039978252146064e+00
-1.205509136541462567e+01,7.254775510271845640e+00
4.474875606095129577e+00,2.081302443198054686e+00
-1.599888539057597203e+00,-1.754411030991675702e+01
9.961980394626182900e+00,7.980011610967006064e+00
6.263582175260511420e+00,2.356034557108419136e+00
-1.495286494949679579e+00,-4.261430072029342320e+00
-8.881436208568414870e+00,-2.996454661696867916e+00
-7.321222842259802910e+00,1.307020879339021313e+01
1.160659860280467903e+01,1.145058018620226470e+01
-4.562122033076930094e+00,2.100412437599725457e-01
1.899727205474281888e+01,-7.679910584612728575e-02
-1.269130488804058210e+01,1.418211346924611593e+00
1.708316696699731096e+01,-1.883118084995828889e+00
1.514393080807655334e+00,-5.414934967860227211e+00
1.513719590915089341e+00,-2.718740774689646145e+00
-1.229499857456288758e+01,3.679979053484866203e+00
9.846913493908440174e+00,-8.957144035853548125e-01
-4.375750663960716741e-02,2.409852973611546822e+00
2.461122678435651245e+00,1.554213240273648289e+01
-1.033092094196572441e+00,8.751541632357382472e-01
8.142487161994855782e+00,1.230037357197272563e+01
5.411429385366397504e-01,-1.224723476827963564e+00
1.212107586200015419e+01,5.592956654180105680e+00
6.922789188487375789e+00,-2.759980884716204841e+00
3.280762051726855866e+00,-5.760870296025053072e+00
8.086116317722408908e+00,1.693607508463260558e+01
9.793499690395272239e+00,1.157836595268732616e+01
1.641840315142424345e+01,-9.062454217110618160e+00
2.304376607683974676e+00,-7.765436160590679648e-01
8.139351176308437630e+00,2.275445804463694710e+00
-1.423953701931663263e+00,-8.379808862437467809e+00
9.449205216530494056e+00,-1.285771605015290220e+01
9.247980185504966144e+00,-2.871636059298066534e+00
-1.096161069892539430e+01,-1.147724783133669924e+01
4.777613924952831326e+00,6.532442847737048197e+00
-6.766892301595302861e+00,-2.187404038899149139e+00
1.163976261031196380e+01,9.554328113187430915e+00
9.146703396685788690e+00,8.296370333509771600e-01
7.614491390346167066e+00,-1.119074800788275503e+01
5.321154225755400979e+00,-1.114624048077083174e+01
1.368728711882419624e+01,-9.401410161917949537e+00
-1.515321244569695480e+01,1.048164463682870196e+00
6.002620514185225353e+00,1.602659747702411863e+01
4.822567200546527211e+00,-6.642423490316359036e+00
1.739966530217730778e+01,2.995224062052544767e+00
-4.583773639262202160e+00,-7.969036131566372916e+00
-7.734999058734774557e+00,-5.829057448933137486e+00
1.863174761905431964e+01,-3.631461126119285066e+00
8.137720683304474178e+00,-1.473124269089515881e+00
-4.689874660143022567e+00,1.598681019354797783e+01
-9.323161938531884019e+00,-4.799952618646321945e+00
-3.332797897749469662e+00,-1.145432003861692083e+00
1.723757686277131024e-02,-9.832261766358213251e+00
2.017700108743365028e+00,-1.047968956534328555e+01
2.133459760467923516e+00,2.238930698552905163e+00
1.912209253179552926e+00,8.864119641222194090e+00
-3.495469799939473488e-01,-5.699484265345536649e+00
-1.776275025699075272e+01,-9.217664518028676479e-01
-1.530657119830141788e+01,-6.718565625697473287e+00
-7.579225473839324323e+00,-9.760850162021707632e+00
-5.572891209775523436e+00,-3.563647625392305951e+00
-4.125554395007324793e+00,-1.286640306809208489e+01
-1.124684049746321257e+01,2.126672697140253310e-01
-1.678708090260183639e+01,5.393479659722783204e+00
8.134414398814367786e+00,5.485136194449508729e+00
9.285021227115274556e+00,-1.043376569412813737e+01
-5.202523277616570851e+00,5.556147568198317011e+00
1.196000717829322380e+00,1.167661611816722811e+01
-5.528544814821632514e+00,1.293953814070424535e+01
1.520085625054468181e+01,6.463749232771392350e+00
-3.674856812493478841e+00,4.497609528064947959e+00
1.007950404921357901e+00,7.283133978643199669e+00
-1.138727748091146097e+01,9.958603380081019196e+00
9.860462975368069038e+00,9.780142567478412374e+00
-5.002257916260488102e+00,-1.819792702811660723e+00
