-1.347808946397452878e+01,3.084762176782185783e+00
-1.305167241584299198e+01,-4.499008794366694097e+00
6.948285336172341786e+00,-1.202835035128354235e+01
3.559408719770098539e+00,-1.359934284965852136e+01
1.807544278576313168e+00,-1.134947219346223157e+01
1.055350439727259948e+00,2.063697621682709649e+00
-7.616896162879461585e+00,6.483624995276008995e+00
-1.779714022251196681e+01,-5.683154503580587047e+00
1.594537706585158432e+01,4.273481933135059863e-01
1.384836644419900509e+01,-1.138014786585726634e+00
-3.765321439122232938e+00,2.830789014925928271e+00
3.017238445931725188e+00,-2.502328147861582419e+00
6.658631861612490432e+00,1.526614133139942453e+01
-1.339474084568042578e+01,6.818381315719629576e+00
7.149062754768581662e+00,-1.008906521135608259e+01
1.228709428635799306e+01,9.285784228905507476e+00
2.117918621157562242e+00,-7.849226656405891234e+00
-1.158812126579347890e+01,3.275624690812221740e+00
-6.358051134669567617e+00,1.618861814181274994e+01
6.599264701272054834e-02,3.515928988401411548e+00
1.097249451592815994e+01,5.403666973543141516e+00
1.097064103530312806e+01,2.955367236597279401e+00
6.120409515539297018e+00,7.575606004762798662e+00
2.186372896293344859e+00,-1.736440923475185727e+01
-2.944800571281982471e-01,-1.961215909991818940e+00
-2.811349175541860479e+00,1.343147390487837889e+01
-1.227008532947815755e+00,2.282816544640823953e+00
1.818041408134845938e+01,-4.831641898261396229e+00
-9.736487063118540064e+00,1.132594147281280783e+01
-3.996249852169289074e+00,6.298952549152473601e+00
1.086081591927296763e+01,-1.179236971633517683e+01
-1.520651003483892083e+01,7.785198876048228023e+00
-1.084408153975739975e+00,9.247643619138955273e+00
-1.135123187365568498e+01,-4.029880134983573337e-01
-7.129484784945069542e+00,-9.842873895124952810e+00
-8.127507784969694171e+00,-1.142958063424013382e+01
-1.425440854785498068e+01,-7.814213761188280039e+00
-6.769049237447436695e+00,1.441602826536451509e+01
4.691365674694265131e+00,3.443671113575800802e-01
-9.539832128760746599e+00,1.314743878132798294e+01
7.333655336466962993e+00,1.144660380309385772e+01
2.308197951841246542e+00,1.307281509327090951e+01
-5.155497056697875280e+00,-4.787028350151658174e+00
-5.044509503698634489e+00,-1.830982907209815735e+01
-7.491953618475774235e+00,-3.601842639876479124e-01
-8.442280409930994267e+00,-1.699396540413689394e+01
-5.227416472687836269e+00,4.936796088118959425e+00
2.371199074713716826e+00,-6.072777544175775866e+00
-1.129976996967170777e+01,-4.364270282446571336e+00
-3.459976675692523429e+00,4.627962968502280283e+00
2.976728292333068016e+00,-4.374040958247287669e+00
-5.333218511316131227e+00,-1.004912384568447692e+01
-1.018967771589860760e+01,4.568102863717997231e+00
-6.077039052099835637e+00,-1.428578534717668980e+01
-3.548382166968135465e+00,-3.309976754844947688e-01
-6.736281788520222413e+00,-1.776460089127897035e+01
9.664098041567973141e+00,-8.754786829868821840e+00
-5.024048434524906348e+00,-1.180029366762275167e+01
1.038889252707773991e+01,-6.428231093676682661e+00
6.878599796644335740e+00,-5.859589286387010709e+00
-6.689627224145489492e+00,-1.257606418360101586e+01
-6.795273458801490030e+00,4.062964799344920053e+00
-9.771358780407775058e+00,-1.296453707896342289e+00
-1.280444913319230338e+01,-1.521701683676598860e+00
-2.837098602036378203e+00,1.293787795699396614e+00
-1.704188631940536425e+01,-2.051127935988708462e+00
1.608744230168358058e+01,8.352033397695594275e+00
-2.264588764895523632e+00,1.518201352340845212e+01
-6.501066625634612350e+00,1.220963795150669329e+00
-1.680193998858775473e+01,9.937953553832936660e-01
-1.591038729344173142e+01,-6.122742356506934769e+00
-9.640141504875439082e+00,4.817810390856538394e-01
-2.818185045674784117e+00,-7.457721829446955830e+00
-9.714890890860020889e+00,9.461147469285750233e+00
4.827586000972812208e+00,1.535883880159786941e+01
-1.005984779728847700e+00,-9.801671253554244956e+00
-5.608199126882658092e+00,1.006265088018680665e+01
-1.310855902255950589e+01,1.364553805163191846e+01
-9.565070163473745168e+00,6.352961476786446404e+00
9.564976142350429811e+00,4.138964684446635012e+00
-1.220566168142926600e+01,-6.869325429435736652e+00
8.338502351074637886e+00,8.891171730142856333e+00
9.860379000023540286e+00,-1.140102949790200881e+00
-1.125334868856538684e+01,1.434246417882038882e+00
4.541724379487135366e+00,-1.500302595262159144e+00
-1.594852887203632541e+01,-8.540792906478708701e+00
-9.887711426874608023e+00,2.550038468747806597e+00
7.490149314116559154e+00,3.636135855428011432e+00
8.149096580258451183e+00,-4.494743860932647550e+00
1.129876499588547567e+01,-4.263003022680050824e-02
1.107093248471043090e+01,-1.532969984540926056e+01
2.810051125615173007e+00,7.740239009053977881e+00
5.454343461859440190e+00,-6.907660676873705441e+00
1.731984374420034456e+01,-7.437874555572773438e+00
-1.889565412503252873e+01,1.800523419737724451e+00
1.586177466362612698e+01,1.015470778871785384e+01
1.133008857037398265e+01,-4.799909037450676763e+00
-5.060885602709289444e+00,-3.026584688503208831e+00
-3.599703211486200982e-01,6.012184698624444934e+00
-8.666015087614736601e+00,7.923298458237257869e+00
-3.318209187332049837e+00,8.013301588118672214e+00
-1.010414120095802026e+01,-1.554172869584920491e+01
1.447160853124300539e+00,-3.321222200369347455e+00
-3.516726664262270208e-01,-3.824616849778728511e+00
6.723060431104070922e-01,-5.251996191104994161e+00
-4.744775524829712765e+00,1.154487807129651822e+00
-8.566674078553980110e+00,3.814193891301554284e+00
-7.142514559266839591e-02,-1.128804600618409992e+01
3.868978182132429278e-01,-1.725857981296778121e+01
1.010856289184372159e+01,1.336646721999452447e+00
8.121600172851985988e+00,5.346208044880482291e+00
2.762102869270394834e+00,1.424460256656682633e+00
5.655227671523934241e+00,-8.708920972107527803e+00
1.483933198842878110e+00,-1.532006064589381822e+00
1.852342648891213628e+01,3.501450934781357383e+00
1.146118756261170013e+01,-8.424465974876566676e+00
3.960659235393801048e+00,3.860867586332892287e+00
-1.082540662483916627e+01,-8.120481568326917809e+00
-6.268090711192113140e+00,1.177543198181133377e+01
-5.856632058667122998e+00,6.695037184120097074e+00
-7.769258250856001524e+00,1.283210313082421372e+01
-1.143449131353091275e+01,7.552565978370660460e+00
-2.106022590269616135e+00,-1.394138946411126589e+01
8.516585191647793707e+00,-6.484601710088390369e+00
4.904658570044166943e+00,1.014433595548122824e+01
-1.489450398220910188e+01,4.285268582101451784e+00
-1.521114387568258408e+01,-1.062669058132688527e+00
-6.688641005659458294e+00,-1.599525189646553436e+01
-1.879710574390548228e+00,-1.885082431602585373e+01
9.819029352177887304e+00,-3.827566666157707242e+00
-3.128782305330186198e+00,-9.874794647487993515e+00
3.656313398437842199e+00,-1.095353289229346494e+01
1.444195433717870536e+01,-8.897433525562089329e+00
8.719639350970835423e+00,2.301023526116497131e-01
-3.254978118047928137e-01,-1.400815789112937360e+01
1.494755135875025331e+01,6.789405965906876617e+00
-6.699404661076913570e+00,-3.791555669998123879e+00
-8.776001164754015704e+00,-6.319299760484648587e+00
6.451409811122711169e+00,-5.441973566810528462e-01
-1.616367609217148837e+00,7.567909083285306870e+00
-3.477233048158612672e+00,-5.716614924052834112e+00
-1.747726428218695460e+01,-7.450184234575827347e+00
2.129364166482193621e+00,1.128911750168854944e+01
7.118316416677380687e+00,-7.649960955679481422e+00
1.346893868742129818e+01,-5.616805795736182105e+00
4.420576526741371026e+00,-5.383785774589789241e+00
1.148268513551178760e+00,1.446350540075681046e+01
6.093996949913930372e+00,-4.287198117926673824e+00
6.414702137770322832e-01,-8.901532517033645675e+00
-3.545818421049879987e+00,-2.114979666437811101e+00
-1.169417051027662779e+01,1.480857492191521096e+01
-2.129293366671275223e+00,5.795178813085530400e+00
1.545241931614071085e+01,4.088851307777779276e+00
-1.564209278844396600e+01,-3.359567066721332651e+00
-9.084161312486871864e+00,-9.961222863387952486e+00
-8.021955571687812148e-01,-6.296452736297043273e+00
-5.064884808194980437e+00,-6.651440053390048845e+00
4.483588744320226027e+00,-3.471437910179175468e+00
2.243773056687582201e+00,3.475893656003207433e+00
-1.914882502846285695e+00,-4.829388961548811920e+00
6.342296759854319177e+00,5.735226613470523205e+00
1.367191035012761979e+01,4.188518284372366729e+00
-7.958844813396336981e+00,1.089435838393859513e+01
1.178432042231683852e+00,4.926983764563082957e+00
-1.846939950342277825e+01,-1.018423799821032150e+00
-5.098514263714747585e+00,1.378089748496670452e+01
-6.112586529494969056e+00,-8.376507618045762271e+00
4.464156535662186620e+00,2.127347591403009108e+00
1.628742082032762895e+01,-9.069768001096274901e+00
3.051196211636124200e+00,-4.534062661131410543e-01
2.978968033205758648e+00,5.322891760164605301e+00
-2.024050915577559895e+00,1.073082478566224651e+01
4.152560168031287913e-01,8.258173394538134815e+00
-1.782141054693859772e+01,3.210799829630570201e+00
-2.791347796373017776e+00,-1.556022216354308796e+01
-9.681216302734277690e+00,-3.461483437905664928e+00
6.477140837303426935e+00,9.333052966661071537e+00
-1.719566254908450276e+01,7.907910871072161285e+00
2.410899389997986919e+00,-9.592125654910077515e+00
1.536037625675048801e+01,-4.423622612550765609e+00
-1.119506254723973449e+01,-2.474568820246423329e+00
-1.306956261176112122e+01,1.369575069598495842e+00
-1.091264109336438581e+00,-1.613256597421033689e+01
1.593846430177099727e+01,2.257901741630068848e+00
4.036257997024033983e+00,1.179051475111712755e+01
-1.391362229732168210e+01,-2.948189783807689146e+00
-1.009449085777823640e+01,-1.310127701545600409e+01
6.220212939697812971e+00,1.222921785131685812e+00
-8.346144789074230630e+00,-4.611983463022368390e+00
5.716286503531120111e+00,3.439193277576557239e+00
7.870442259042671473e+00,-2.594822355422877536e+00
9.612335086542213247e+00,-1.637967904604620273e+01
-1.385591658479104815e+01,-6.079306270652677924e+00
1.331368952134691597e+01,6.048529483824265363e+00
1.444709334058730477e+01,-2.859357519354286392e+00
2.686403940992556194e+00,9.616195426366793697e+00
-6.214871996464353954e-01,1.436766482784092602e+01
-8.931762062237298849e+00,-8.122275110255174013e+00
4.492304687327053792e+00,8.371969975888776005e+00
-1.467380985908406288e+01,6.236216533244005600e-01
-1.277588651002754760e+00,4.808771740570498276e-01
-1.054702544206948822e+01,-6.003142926113428146e+00
-1.154331370123631828e+01,9.604082305782871032e+00
1.282512872043890795e+01,-3.811332646574572713e+00
5.386995072492791081e+00,-1.054517323743857915e+01
1.315391949199903543e+00,3.011781483742874133e-01
-1.339539522402512084e+01,1.177641169977928293e+01
3.930050218175237919e+00,-7.910499967827269607e+00
-3.508920195737029069e+00,-3.931418861212697902e+00
1.219855920153296758e+01,1.109107362423708132e+01
-4.002592738634768388e+00,-1.422389457312439021e+01
-8.312259721060543782e+00,-2.337780186457969034e+00
1.870376996865746477e+01,1.668259302829417923e+00
9.393568594718914255e+00,-1.060492163899365536e+01
-1.524836972787758427e+01,1.067656540094320228e+01
-1.924664838912908404e+00,-3.037348248147924590e+00
7.930773944579540213e+00,1.940048557918075067e+00
-8.280096634657750698e+00,1.688832170920649522e+00
9.533708413046127816e+00,6.497165177327801189e+00
-8.245604381859925169e+00,-1.356926972807804432e+01
-1.358778108122893569e+00,1.236537329937957352e+01
-9.926691320723346479e+00,1.486468319672274063e+01
-1.123760964026898623e+00,-8.032777915269345925e+00
1.070100018271436149e+01,1.244147869578704935e+01
1.140607174065427110e+01,7.519513651067629922e+00
-6.557748163628181359e+00,-1.883349299493217721e+00
-1.708809680285677812e+00,4.089528101570180318e+00
-5.345433208501858324e+00,-4.970405700823824491e-01
7.833159707188094067e+00,7.149286907877772990e+00
6.072210647393267990e+00,-2.401855728758759412e+00
1.357302665202728464e+00,6.717736933692860291e+00
-1.748922958198700428e+01,-3.885359946755398308e+00
1.045138750780348502e+01,-1.363304730496535200e+01
1.667215344225538232e+01,6.108140469308152021e+00
-6.983347878871560610e+00,-6.777117379811259390e+00
8.016283374405594131e+00,-1.720852157260895510e+01
4.275774190563175203e+00,6.543719654411723319e+00
-1.543340335006843311e+01,2.305227403526571184e+00
-3.340415435843149261e+00,-1.250502597279287365e+01
-8.207378517981648969e+00,1.558680510840118494e+01
-5.592071739332554081e+00,2.786195778710911508e+00
-1.047971661777786068e+01,-1.120306871303763963e+01
9.905630432035401611e+00,1.414154930107410912e+01
-3.765087410949197633e+00,1.034148395849053337e+01
-4.507495472621767973e+00,1.212126249163986813e+01
1.340210384326852200e+01,7.845138634053522075e+00
-7.184195526867148907e+00,9.197399801731663160e+00
-1.307465648210166265e+01,-1.377167028811990512e+01
-1.934954045985872950e+00,-1.155748776201669381e+00
-4.246990997458895301e+00,-1.667436422375831384e+01
2.370334871224476281e+00,-1.553146726845141679e+01
-2.029230279834586259e+00,-1.128387979178308242e+01
1.134819452031072018e+01,1.519779414453010524e+01
-4.295807871612110418e+00,-8.474481038429134472e+00
-5.107427975652267804e+00,8.372528624582926682e+00
8.033049921426086426e-01,1.009232336008534858e+01
