1.408342204784597129e+01,3.446879868199351993e+00
-1.819775699745031261e+01,-5.445107074053393781e+00
-9.280469016394087944e+00,1.274845037610490728e+01
4.448517440238191512e+00,-5.138334719168861753e+00
-1.270018721139485152e+01,-1.404184510713563094e+00
1.178503097108640318e+01,6.178376906573376459e+00
-7.974365641438483365e+00,8.863953320041980888e+00
2.680641057348995826e+00,-5.235901446342750454e+00
-8.186272888159793482e+00,-6.148107079111684747e+00
8.588678967254272933e+00,1.268074178110371975e+01
9.993225562792487082e+00,1.576756071994249986e+01
3.850432538757178502e+00,-6.837273271857553070e+00
-1.485839599116078347e+01,-8.561894689724153906e+00
-4.515325114990321076e+00,-9.153389819554025308e+00
1.907004301402327906e+00,8.477201393015416642e+00
-2.984790520319978047e+00,-1.454135742581214075e+01
4.026398843807657890e+00,-3.439590714636540092e-01
1.606439298739089239e+01,-7.670734125726045960e+00
-6.571257554521460875e+00,-2.557711223270413559e+00
1.159951401323986164e-01,1.405929205128112613e+01
-5.704753675929238099e+00,-7.715928841912886860e+00
3.592592286439527882e+00,5.513443060356092218e+00
5.043614000551785104e+00,-1.499712675701308129e+01
-5.407610167125752376e+00,2.250403053185548785e+00
5.633284255348391945e+00,-6.945160668783039171e+00
-2.500764601719864366e+00,-7.451782148928925764e+00
8.442539609170465198e+00,-1.962256105996391664e+00
3.146216684745843484e+00,1.186687278474250151e+00
6.227256912091103658e+00,1.568001274634743680e+01
6.612319304839783918e+00,-1.951231223041695051e+00
6.649427964770086241e+00,1.337021540850950352e+01
1.161773159776971553e+01,-6.885001585876803887e+00
-1.413105425111593227e+01,9.415417562249944083e+00
5.234521101351491623e+00,4.644273610526698626e+00
8.848730601645380389e+00,-4.634191606485609682e+00
-1.121665619299329109e+01,1.377929395167167836e+00
-3.357855196022791588e+00,-4.523052059866984997e+00
-9.016001733475555113e+00,-4.050716639580451250e+00
-1.528982437886293333e+01,3.579267828603510448e+00
-1.138796028292182783e+01,-2.613775122056830824e+00
1.262917050684555065e+01,7.769400458991190028e+00
1.810119090681864051e+00,2.433704574775334972e+00
7.748800831208743745e+00,1.475967971820334235e+01
6.265835554252397799e+00,8.717205324664305977e+00
9.637095236463281367e+00,-6.407141095800582775e+00
-9.687623185334716780e+00,-1.194308035414876201e+01
7.493664393440037763e+00,1.082770387300307213e+01
1.220499239979554140e+01,-3.734875380952738411e+00
5.081354797947093438e+00,7.321960903577335422e+00
5.437757679876786376e+00,-1.022971007458313331e+01
1.651999648447146418e+00,-3.125425233025403760e+00
1.140514311891728738e+01,-1.289888456500195701e+01
2.518533735354372971e-01,-6.497168493729018834e+00
-1.346113392473363923e+01,-1.005668442940347695e+01
1.581945392032583797e+01,7.528481181677866729e+00
-5.972419249160124011e+00,9.641118635608540544e+00
-1.986128138485363293e+00,5.706107995451326964e+00
1.172194974804898759e+00,-1.210895756107598809e+00
-8.358895818878155026e+00,-9.978645795290614018e+00
-3.383605709784227145e+00,7.176067092262014668e+00
-3.556827864783846938e+00,2.508094724194248837e+00
-1.560051239779267185e+01,7.119009684288629458e+00
9.335664968920641016e+00,-1.300985511753259338e+01
9.929797309091455138e-02,-1.706422296850761100e+01
-4.752308577200994755e+00,5.801282603865275389e-01
-1.686242358216412773e+00,1.391635414086063527e+01
1.534253425567598939e+01,-1.118632144501778747e+01
1.511035474825262170e+01,1.043506457776804197e+01
1.327896968437370973e+01,5.107172841913433459e+00
1.810284614993628338e+01,-2.251105884528749712e+00
-1.663883655483736623e+00,2.454979439134502339e+00
-6.294964357651704034e+00,1.140234685416504945e+01
-1.324228806480965304e+01,-7.792303139123761824e+00
9.380889334872858365e-01,-1.536942268951454160e+01
-1.327924550760729261e+01,7.330685155670635389e+00
5.907423330894920888e+00,1.174404265438578676e+01
-4.706473135394623419e+00,1.461234221935000832e+01
5.346682289061090998e+00,-1.206477649102322225e+01
2.056362808903275052e+00,-6.981210199364751290e+00
-8.096879171601126801e-01,-4.108766282661895808e+00
4.786953843347828474e+00,-8.495434447305603598e+00
-1.442021776744019412e+01,-1.509733165364831459e-02
-1.440981410721153644e+01,-1.846767984881908076e+00
-1.437419706595751023e+01,5.661383375696829034e+00
-1.568486182011219032e+00,1.209904545009208654e+01
2.356311574143062693e+00,1.240164935792201817e+01
-2.647684213583365143e+00,4.043827395696569127e+00
3.718227653825146445e-02,1.125363891185366860e+01
-4.704755620911508451e+00,3.942008520098060576e+00
-1.015809943088818379e+01,-9.985116736505759150e+00
2.962917374914461277e+00,-1.229388732202783174e+01
-1.123984113987638089e+01,6.767804658690631747e+00
8.165076427200807174e+00,-1.660905489963186810e+01
5.914199920838025371e+00,1.756047237773303493e+01
-1.257917280017186279e+01,5.599226444877266395e+00
3.462408044240880667e+00,-1.405225921383982524e+01
-4.556583341541747600e+00,1.085669707840098575e+01
-2.081730074300821798e+00,-1.888561356953359649e+01
3.139639486699711490e+00,1.076792385055783718e+01
-3.004304456639280918e+00,8.353704379079123221e-01
-5.157980794831136251e+00,6.586779057504380752e+00
1.457540950885377162e+00,1.018199859897420723e+01
-6.456796572901867926e+00,4.117834552762463574e+00
9.656248281143396950e-01,-8.486210388846624042e+00
1.394799395930368924e+01,-1.607256139561547670e+00
1.863231495907814761e+01,2.643777345937599679e-02
3.238137857964520805e+00,7.268110385952185837e+00
-8.810239113034142866e-01,9.516565467658304911e+00
5.854720677914126981e+00,-3.184722200017082172e-01
-1.559560165053112257e+01,-3.198268643843116710e+00
-1.176890690550297869e+01,1.035797463177664746e+01
-2.624284095012699325e+00,8.870094183205162963e+00
-4.131442892958027358e+00,-1.093911465353060741e+01
-2.493133946590207817e+00,-9.513283401800393335e+00
-1.038619956965566615e+01,-1.369458888864851431e+01
-3.374795878239067015e+00,-1.716016872851744779e+01
1.128100324771094343e+01,-8.721552141629565824e+00
9.267698677867557411e-01,-4.810721094274848397e+00
2.712284485889009389e-01,1.581422657290376321e+01
-2.328147401025431495e+00,-2.934476468146953732e+00
1.002354368498454384e+01,1.386742512920085879e+01
-1.401749110093525985e+01,1.695972126070894204e+00
-1.632698201361693302e+00,-1.245842609414095081e+00
4.947809980267528829e+00,1.410755079407469381e+01
1.303537234842587722e+01,-7.965217621785787294e+00
-7.844490369888348802e+00,-1.175607764794089505e+01
6.726009444731803733e+00,1.315068017336758155e+00
-3.399308339547785773e-01,-9.678331582157538193e+00
-1.158988233372409304e+01,-6.946118264712297652e+00
3.677929271191593408e+00,-1.065796926145618961e+01
1.414800817626515439e+01,8.735874864318969202e+00
1.264678092126151787e+00,-1.168298962598201385e+01
-1.246997450432987975e+01,1.269246618265687765e+01
2.968943582389239388e+00,-1.835203101663761549e+00
1.438485297941345742e+01,-6.780946428947296489e+00
-1.013145323890637073e+01,-8.141804327471339420e+00
1.511598542406922441e+01,5.069234870779354196e+00
1.631240179664035495e+01,-2.451326890072336617e+00
1.395000421506567889e+01,-3.410161919051971413e+00
1.839441925327701455e+01,4.485809909090693992e+00
-5.976619625378839729e+00,-1.050728547068237262e+01
3.475560306389407828e+00,-3.561943555378903170e+00
-8.766757422097917640e+00,1.497719353168745604e+00
1.909586672255751516e+00,-1.000549466919210495e+01
9.324093841764823365e-01,4.507940070540645827e+00
2.260190239705357929e+00,-1.669390529754318919e+01
-1.189563721697283638e+00,6.490877313119635117e-01
2.987137605196674262e+00,-8.546252973868067926e+00
-6.987474685303018518e+00,6.376214237430901655e-01
-8.021896375229291554e-01,-7.966222451757063894e+00
5.720583881144314375e+00,-3.547943139208598051e+00
4.269385019858483510e+00,1.245136004074572433e+01
1.043084446393829268e+01,3.050653781038557888e+00
-7.222806617704220500e+00,2.449408320865722022e+00
7.177010033007679368e+00,-9.946150858554291929e+00
-3.893583868724538100e+00,-6.233773215415133073e+00
1.004673063043650316e+01,-9.969940275701898003e+00
-9.371133688185503963e-02,1.766268400363825819e+01
-5.612869749953318887e+00,1.304539859297960191e+01
-1.028640919568261225e+01,4.261777117366862377e+00
-1.172832552957322072e+01,-1.083725767776328652e+01
1.349048772789883266e+01,-9.795732169347749263e+00
4.904760848145947705e+00,1.237160766937708267e+00
-1.139217821594898439e+01,-5.182670293878103962e+00
7.642542496178253764e+00,-2.358544281428345268e-01
1.176610692446207906e+01,1.215305985831320612e+01
7.193492075913599848e+00,-1.213332307403192267e+01
8.403998216865002036e+00,5.935123205872960384e+00
4.751775835602056297e+00,-2.014969469875474317e+00
-1.908224669065784695e+00,1.764220839719592959e+01
-8.219918189002479281e+00,7.060831576506162222e+00
1.003077864359653226e+01,6.844714159741408288e+00
-1.736026263269058134e+01,-3.837259146164664791e+00
5.098016437707419968e+00,1.004877350781838174e+01
-1.623930830019147464e+01,-5.211443632331803855e+00
-1.351946544127285499e+01,3.393343387489280438e+00
7.711308827459816051e+00,1.727915306937876849e+01
1.464272264354102182e+00,-1.831619528196211277e+01
1.023309346054987579e+01,-1.652697141417756255e+00
-1.173199227849709914e+01,3.142504788872226840e+00
3.591012415753999765e+00,9.006802130114229143e+00
-1.324491772510569731e+01,-3.278111792560394200e+00
-1.568875405485648500e+01,-6.921620446295799312e+00
1.211246400676818169e+01,1.880403276493030962e+00
-8.607405532664814674e-01,4.277173969919046748e+00
-7.089849102200412645e+00,-4.442279361097052792e+00
7.829212667502770451e+00,-6.178305725265639481e+00
-8.574626416838919241e+00,5.274915954507704008e+00
4.369341224688048975e+00,1.588938094479907015e+01
-5.876467080420060718e+00,-8.467001384037374789e-01
-1.082313907463164426e+01,1.185142141606513988e+01
-2.635109411951075398e-01,-1.899817259590696494e+01
-9.221841306961986007e+00,-2.168112539614839851e-01
1.415970947853145923e+00,5.738341281313735776e-01
7.795328904343427900e-02,2.004026058736504190e+00
-2.402215725163397764e+00,-1.137509826867141705e+01
7.815213683324833127e+00,-1.481294927182472243e+01
9.413763318955998827e+00,-7.431113202636771553e-02
-4.643857829155501271e+00,-2.248021857100123810e+00
1.419309934845485976e+01,6.667130758140386249e+00
-1.346957908546776750e+01,1.106225235203183388e+01
-7.687160056924541962e+00,-1.061404571751247250e+00
-1.594107155651198937e+01,9.723867844120082538e+00
-3.772752393891855238e+00,5.463168438344244038e+00
7.741939176506802411e+00,-8.149413867166440895e+00
8.633053862635881259e+00,-1.106150593277331495e+01
4.152129024964682280e+00,1.780688966743876733e+01
-1.833770013157431933e-01,5.953240144035405912e+00
5.695970337456946808e+00,2.941296053029500701e+00
2.666530020916789701e-01,7.694703727137485849e+00
-1.806584987766257555e+01,-1.116092716084296610e+00
-8.138921586875902392e+00,1.125523699099362140e+01
9.585298277445541970e+00,-8.184716432946764542e+00
-3.395809840969740812e+00,-1.002591399000635874e+00
4.896938608252932923e+00,-1.792123480154252135e+01
-1.430809697447740669e+00,-1.549086010175452266e+01
1.098564105840167571e+01,-5.212074258831368212e+00
-1.640003749924058840e-01,-2.390301594130029628e+00
-6.864209153924069717e+00,5.854655926481765249e+00
1.156730874403576337e+01,9.817976159070196829e+00
-3.403536618627533983e+00,1.335704170462487639e+01
-1.190694783274804180e+01,-1.270811638463662874e+01
-8.359915350716446980e+00,-1.456543341289495963e+01
1.678485207931602119e+01,-4.154628202298426665e+00
-7.393956865021214853e+00,1.327049303940999359e+01
-6.422859705984984124e+00,7.901771877257677268e+00
3.294082135098874264e+00,-1.869590370640031196e+01
-6.183079733282320412e+00,-1.240624790128241450e+01
-1.180760663170732450e+01,-8.978627057652584398e+00
-5.627682928481316793e+00,-5.656443985959207943e+00
1.200323099074430644e+01,-1.958647700066944664e+00
-1.623233033352408938e+01,5.203917235097023308e+00
-1.162067410319828475e+01,8.563593249741991542e+00
6.652110137155389680e+00,6.490765906247340844e+00
1.051635675716446094e+01,4.957599371670138311e+00
1.513137080273619439e+01,-4.869098767999010313e+00
-6.561565875888642374e+00,1.495731584173312356e+01
1.027242105474167388e+01,1.114123635784887867e+01
1.030988122179752686e+01,-3.464856238374543818e+00
6.995620750619519157e+00,4.704345839446145483e+00
-2.562910378781837473e-01,-1.405369971191275624e+01
-4.527613365909206600e+00,8.545210339015094192e+00
-1.508105101706688655e+00,7.481287839775042414e+00
1.629255711775375648e+00,6.145454303891629166e+00
2.770156393170680076e+00,3.915740814173637396e+00
-6.085889205004693991e+00,-1.597936366155184551e+01
8.558103031263819105e+00,1.502604888395490779e+00
8.835799151778905625e+00,4.215707172767160671e+00
-1.108304507591477517e+01,-4.088033603489337753e-01
6.269427087245619035e+00,-5.266552566834370452e+00
-6.251097741335605029e-01,-1.142713507913907733e+01
-1.448544766320340749e+01,-4.638311273390436362e+00
-8.678634792912683693e+00,3.506753933309898930e+00
7.495505466338784117e+00,2.945768728970959316e+00
-2.056744945385070356e+00,-5.717681377528482045e+00
-5.119851112677756610e+00,-3.974317439325970813e+00
