5.359359235732585880e+00,-1.229410168718383467e+01
1.036161334419320923e+01,-7.344372904835831051e+00
6.006178437495030664e+00,1.244134683553294707e+01
9.057289586142552196e+00,1.052061022275440294e+01
7.290959258718225477e+00,7.505191758393535473e+00
4.920989386708975566e+00,-6.358242493475975365e+00
-3.425469380054948498e-01,-9.451476943535407571e+00
1.484692156632902460e+01,-1.128124213638117368e+01
-9.152929733541004254e+00,1.256828171681816464e+01
-1.056285938990119888e+01,7.093961698235721869e+00
-1.377495991380298257e+01,-8.991730615419069039e+00
6.433003147597049498e-02,1.343699941058324576e+00
8.374871650662960576e+00,1.497626017711870006e+01
-3.532171368736177985e+00,5.402249569960420494e+00
4.776016845722107718e+00,1.114065885338129291e+01
-4.875862316507471039e-01,-6.786659810132484871e+00
5.135641704033038657e+00,5.342980153677435062e+00
3.794432954023204907e+00,-1.136646248905997325e+01
-8.237695260134783481e+00,-1.500760667659296033e+01
-1.663607571476166891e+00,1.003580356939336449e+00
-1.037129619451373230e+01,5.281718710454198273e+00
-7.497755321475987778e+00,7.666646813175287178e+00
1.703004559608848467e+01,-2.646641622351599388e+00
1.307436146046572922e+01,1.156927556683677061e+01
-3.806022483988366290e+00,7.168636426111510751e+00
-9.771907263590296822e+00,-1.023399736645098912e+01
-3.398411379069682159e+00,1.421983257989581695e+00
-6.319082521616595116e+00,1.767818919214233375e+01
-4.595814074786042092e+00,-1.424134499252348718e+01
-2.714372743881514616e+00,-4.404916949250063496e+00
3.238314583053502727e+00,1.486139977398142165e+01
7.125744977240191957e+00,1.102742045557804218e+01
-5.917950293194971678e+00,-5.305360640343913303e+00
6.763827700886273497e+00,-9.125628454417753943e+00
1.137089942358615069e+01,4.482428874139721686e-01
1.337189305985675603e+01,1.186289148114298309e+00
1.399273828970884814e+01,-7.460372918749850868e+00
-7.684557348756987594e+00,-1.311339014482798682e+01
1.838464532756010783e+01,-1.136183076244070778e+00
-6.391904091140299116e+00,-1.448531145817872634e+01
-1.251101147206675712e+01,-1.674273538963344965e+00
-7.656692617610581841e+00,1.152525984213480470e+01
-2.155400867972869783e+00,1.567320430191191072e+01
1.793188579161149931e+01,6.185767896141663336e+00
-1.430974927847319611e+00,1.363045304815799241e+01
1.881150658257346464e+01,2.669685392287850512e+00
-2.253915938530204777e+00,-6.286151072835660436e+00
2.637625409914446717e+00,3.113427082745189978e+00
3.146910597712130109e+00,-5.850370059232627540e+00
-1.293086613918366101e+00,-3.305192865738518559e+00
8.896718664963997325e-01,2.962409713880178597e+00
1.089811240563670580e+01,2.302584073995427971e+00
-1.745365499704666590e+01,-5.612706680450657792e+00
1.446234785178152471e+01,2.559294912229797436e+00
6.177473001294019994e+00,-1.502094821574688588e+01
1.841957807008556003e+01,4.454933916005520800e+00
1.281509141054874945e+01,-5.919059261817580797e+00
6.633429186388688947e+00,2.384474646854408686e-01
-9.254292228650100594e-01,1.164427414189422727e+01
9.540083361885619562e-01,8.546475670522717394e+00
1.236992534404683219e+01,8.781237384794476242e+00
-1.234248520138434557e+01,-5.114599876131105560e+00
6.408923178653556540e+00,-7.340805015692868807e+00
-1.158690907740854037e+01,-1.033217765889752116e+01
4.463056850387595587e-01,-1.836880141523266285e+00
-5.382678569240997746e+00,-7.104157800691027980e+00
-1.604940438970169581e+01,8.571508074758641627e+00
-1.281109465464685071e+00,7.238100426367468643e+00
2.221192021267542671e+00,-4.332142169913704599e+00
8.693561147567185898e+00,-1.448719493946300396e+01
1.458617789053997527e+01,-9.190338463413098680e+00
5.072319787065187491e+00,-8.498484395976214856e+00
-7.759895616817033215e+00,-9.966579547563416241e+00
-1.348950492918316701e+00,-1.502191040593775728e+00
-1.553125433801412036e+01,-4.618845388293307153e+00
9.672699076533012530e+00,4.173260920712638544e+00
-4.100973535878647880e+00,-9.516062618681017327e+00
-6.930586696902046207e+00,5.866162540079572274e+00
4.129820468543908829e-01,-1.110722633400499504e+01
-8.741630178794039807e+00,4.578816071818667233e+00
1.105302416774154750e+01,-5.645408111104164739e+00
-1.157915080840137456e+01,2.279796202926485993e+00
-4.588104902826451337e+00,8.902504652619720460e+00
7.421891372296740563e+00,-5.817353032111526545e+00
-1.174365671507825226e+00,2.698190944200338226e+00
2.641036094342615659e+00,-1.687342997430558356e+01
3.434446610661254784e+00,-9.436158723550482463e+00
-5.905966347101700542e+00,3.435764971587148331e+00
-7.781418561511306287e-01,8.933485013088832360e+00
-6.571807928486361305e+00,9.234831111908077261e+00
7.951809892846489980e+00,1.466672832023557582e+00
-5.020005672764569660e+00,-2.329955757992178356e+00
1.851826528160251284e+00,6.951061208155431714e+00
-4.591125394793231784e+00,1.693850088432017387e+01
9.280136571215566121e+00,-1.653695255054459778e+01
-1.737290457014855605e+01,7.302233900553901869e+00
-1.998285150143335187e+00,1.024003968648194807e+01
1.569764066626374976e+01,1.068580761679067237e+01
-4.205919813216625891e-01,1.527163604713145872e+01
-1.417862006728517699e+00,-1.142523855717189640e+01
-4.094693584063429093e+00,-5.844929754370911112e+00
1.826956157605199493e+01,7.203413935586275851e-01
6.482121866786027198e+00,1.420083923145689120e+01
1.878071843289276011e+00,1.438977732760978512e+00
4.632018005083072154e+00,1.968844964057895108e+00
5.159318445167666578e-01,-3.638390048328746129e+00
1.348188768299876550e+00,-8.736016550502480271e+00
-4.579853330928862043e+00,-5.563015306062704113e-01
1.398737467623470998e+01,1.001499271531690383e+01
-5.670836892360582304e+00,7.255469474847725309e+00
-7.692894064471057725e+00,3.137861090067814107e+00
1.286970036564651565e+01,1.380595628571193600e+01
3.418464575005780048e+00,8.781613513037401120e+00
-9.606140569708353283e+00,-1.373042385636983198e+01
-1.340828487684756531e+01,1.328388597159156781e+01
6.881106380429296010e-01,1.387993438455651152e+01
-1.561800893622538311e+01,-1.081520023069015402e+01
1.171855810080975147e+01,-3.959879500580497869e+00
1.324252166352331628e+01,-1.042907399125130929e+01
-2.623297306014083397e+00,1.211579258123082958e+01
2.162323092163497940e+00,-1.071322352757639784e+01
1.457090284925719992e+01,-2.777905967739665583e-01
1.261547792286683567e+01,5.615543546727149504e+00
3.312592245675582969e-01,1.031066093884012247e+01
-9.657489441292607779e+00,-1.034966712242181286e+00
4.585121066846608251e+00,-1.402916569844212802e+01
9.391414882574096623e+00,-1.194909880649121448e+01
1.594351397305267248e+01,3.630219329856508637e+00
1.667766887786003238e+01,9.085921985256502964e+00
1.013971693539077457e+01,-8.470453228786644084e-01
3.067132818942656769e+00,-1.308465923848692825e+01
7.656915080821513619e+00,9.260760462305704266e+00
-9.208461733462002252e-01,1.701461984432451757e+01
4.523868015631143713e+00,-4.607634916221142518e+00
1.142674284784090766e+01,7.219683028974684724e+00
-1.409281401024785296e+01,8.418557156567779032e+00
7.038139075836840952e+00,-2.133095312631617002e+00
7.924393555830183900e+00,3.829949358713779173e+00
-2.480626277571897464e+00,3.899571737879421462e+00
-4.497381036781099795e+00,-4.050820698490086968e+00
1.130267783320000774e+01,-1.272750695514063501e+01
1.616922429197034816e+01,-9.961984997056280378e+00
-1.058162924358036960e+01,-4.649632872404850126e+00
2.049725841005661575e+00,9.948363647585990677e+00
-3.124829653756810988e+00,1.416251586722438383e+01
-5.611181086170629939e+00,1.076115501642379257e+01
-1.119701305207791187e+01,-6.644610173525119734e+00
3.009745211898255390e-01,5.987638629673501356e+00
6.950713874463704478e+00,5.713190351568425029e+00
1.631062749983033022e+00,-3.695039544972851808e-01
-6.872583896589649299e+00,-1.627675806785479296e+01
3.303464848706728851e+00,5.195203067309871692e+00
-1.207702728143087612e+01,1.048959394616444740e+01
1.095852333946789692e+01,-1.093838270176178540e+01
-9.602090526744458954e-01,-5.059578365301848457e+00
4.377771100528283554e+00,3.756768834145015390e+00
-1.564796728924842384e+01,-8.961236610781373457e+00
-2.856551879444592656e-01,4.314990969638999196e+00
-2.761343842181966934e+00,-4.544500137152820973e-01
-1.397536825539324568e+01,-5.138391000067283887e-01
-6.962341630587970620e+00,1.480112927442686077e+00
-1.119416383569491025e+01,8.854483189133702581e+00
1.708339329345426449e+01,2.191379880767687194e+00
-2.967851845531817911e+00,-2.389068473928313008e+00
1.587915393297631539e+00,4.707134352751025652e+00
-3.821755879011864199e+00,1.059423466014880688e+01
9.681717438259150654e+00,9.561316938143091804e-01
1.356492514544416395e+01,-4.174602103840907574e+00
-1.960098388283095794e+00,1.846613296008560923e+01
-8.573165483109853824e+00,-1.156669399962687450e+01
1.726835766070084155e+00,-7.003778912884528474e+00
-7.988668862111926394e+00,-8.144759285869042742e+00
-6.365027246178585507e+00,-3.542594983465873426e+00
7.443714882442503900e+00,-1.647806957466379529e+01
1.422958230298041649e+01,6.395581408349873875e+00
9.189587244673173672e+00,-5.884953216747256022e+00
-1.046745668103338467e+01,8.214397059422781089e-01
3.260785100109026668e+00,-1.869543566492859910e+01
5.457806085774528526e+00,7.103839563283934844e+00
-5.124425004215909851e+00,1.516884152372529471e+01
8.195377115349657515e+00,-7.650533606277753584e+00
5.239835637121605494e+00,-1.027804458633653972e+01
1.415628209216585276e+01,8.195386567546021794e+00
-1.085736791281116176e+01,1.182871613425016299e+01
-1.191763744240721401e+01,-3.399771669127111373e+00
9.930899287034955947e+00,-9.134253865753899859e+00
1.648159596030156848e+01,-9.175334067165017427e-01
-4.128356241104879309e+00,3.076089163410888450e+00
7.934241033622133621e+00,-3.760670583030358838e+00
-5.161918744862467712e+00,1.520986442086840418e+00
-1.644380607192011068e+00,5.484881993433657676e+00
1.178472639962945934e+01,-9.339151955413832695e+00
1.217287132258535465e+01,-7.604527375028161451e+00
-1.251357903429052065e+01,7.512664332433003800e+00
-6.124146224163955488e+00,1.246948056076073463e+01
-6.980600911829626831e+00,-1.838938579844710652e+00
-1.126387229338178564e+01,-8.443816131740918607e+00
1.055478042635478353e+01,-2.589062260559082063e+00
-8.120010422856314136e+00,-1.528317252245109392e-01
6.768712090487228217e+00,-1.124784343493900884e+01
1.616555090363017655e+01,-6.615688921998547301e+00
9.696170610779370591e+00,-4.170128666226492697e+00
-1.664028710856797266e+00,-1.445268074655107249e+01
-4.319678254107505389e+00,1.272064729202836908e+01
5.193835480852460940e+00,8.922025898321489734e+00
-1.624310667559402432e+01,-1.365537180339678969e+00
-3.187995706997591494e+00,-1.539526378564993259e+01
3.649573366916925909e+00,6.942176752528156136e+00
4.943392725426840606e+00,-5.358146319796357471e-01
-1.467297347370398874e+01,1.207078495541938956e+01
1.375668207588258696e+01,4.199675119254608013e+00
2.063630152200687018e+00,-2.581139558173594306e+00
-1.198088059202949651e+01,1.445342914940745871e+01
2.384884942628992199e+00,1.325529346014034715e+01
1.149833313051236594e+01,1.250767678647027914e+01
3.462396033967817033e+00,5.642035962772133928e-01
-5.339263324862829840e+00,5.109370070870971503e+00
3.380642105831686006e+00,-7.587471022991198133e+00
-9.916401483586037457e+00,3.009007140849437434e+00
1.559803922877975779e+01,1.170794080221769784e+00
-9.170808746354339291e+00,-5.805889779876437728e+00
-9.061268438987633900e+00,-3.562960087206731519e+00
6.341338217170293667e+00,2.458130727106294877e+00
-1.647144083051741248e+01,1.549916391565305362e+00
-1.271401982879680759e+01,5.151501476559910309e+00
3.856197413149562880e+00,-2.962113412843485172e+00
-1.519063336504130746e+01,3.685012178978817499e+00
3.279535219064595442e+00,-1.212717448989942604e+00
-8.758195220661216140e+00,1.584882555334058640e+00
-1.032537718296599749e+01,-1.199928637951820853e+01
-2.736002497276848633e+00,8.603494801865949171e+00
1.297098668851600678e+01,-1.218693023475145054e+01
5.604713047822735383e+00,1.660483887035533357e+01
-1.456949523579145911e+01,1.026365405428676780e+01
8.236889581854347497e+00,-5.001228621259939944e-01
9.382516589166733922e+00,1.650028470956225490e+01
-6.289844047892648504e+00,-1.635019926116213496e-01
6.858685472089512736e+00,-1.337664371976461375e+01
1.269128583776062413e+01,2.798137440762448858e+00
1.579341253621504748e+01,7.520765769137935486e+00
7.746635198764466601e-01,-5.487362203261207050e+00
1.523597954920919761e+01,-2.248641373963919055e+00
1.514590044035566629e+00,1.169714753211192182e+01
-6.206146643248185768e+00,-8.730791894708300305e+00
-1.848110327881105874e+01,-1.216437733828300560e+00
-1.422410987937573701e+01,6.139540228495405927e+00
-4.458145918821238674e+00,-1.132571853061456046e+01
1.877783420731683606e+01,-2.854049056561845266e+00
-7.245701192007080849e+00,-6.500097610204211840e+00
1.582450617700947681e+01,5.469891932814824109e+00
1.144217325683761466e+01,1.072286713957104887e+01
1.082019303462272752e+01,5.511588774382774503e+00
-1.861542290319647464e+01,6.370048605499112337e-01
-2.191695328558997069e+00,-9.632783319379933928e+00
-3.558673702632107805e+00,-7.552494086764700576e+00
-7.659020961488305801e+00,-4.750071692522559452e+00
