1.286586482885873073e+00,3.310462669814440595e+00
4.014896422123185538e+00,4.644948388776425574e+00
-7.124072370255691844e+00,-1.760559537630642524e+01
1.283349561259123561e+01,-9.458394579885133879e+00
-6.034341554636434957e+00,9.933884172794861911e+00
8.833306328281622655e+00,-2.392346285500794423e+00
1.564997190597673971e+01,2.299375046521649146e+00
8.796967456491907811e+00,-4.447747263335519285e+00
-6.522148701833629936e+00,7.426062574184217446e+00
4.754850867618755084e-01,5.353042626438108798e+00
3.625763137372204348e+00,-1.672636253933035633e+01
-6.577826928693343511e+00,-6.511790539396541178e+00
7.414221643808373230e+00,-1.010221568888056076e+01
7.563931116808668698e+00,-1.085908931130010746e+00
1.084601139070097808e+01,2.683105357040593830e+00
-2.537341500301431463e+00,-7.387429443003049379e+00
-1.338502632955497340e+01,-5.979735698613066752e+00
-4.790720631982872124e-01,-1.645498932049374829e+01
-1.343734021410896151e+00,-1.231211199535727019e+01
-4.151737692400194746e+00,9.977921315570075222e+00
6.279725199658720669e+00,1.038051259177011687e+01
-3.228830389742533225e+00,1.808586040493231195e+01
-6.595605064640472914e-01,1.067623537718372440e+01
1.353830678311297753e+01,-7.229011297747010012e+00
-7.287650949913106579e+00,3.659120376266399077e+00
-1.169690746921271796e+01,1.265715031474932140e+00
4.477086922678179093e+00,7.065373788375755026e-01
1.125895921481490980e+01,-1.098618469845393797e+00
1.100586889213783337e+01,1.154196406931996677e+01
1.310478523742402324e+01,-3.845401144842075958e+00
2.539944087966355291e+00,-2.017635121155955780e+00
-1.051304583394407111e+01,4.288410363449425944e+00
-7.936197069851390395e+00,6.384267866324862872e+00
3.602019068999270157e+00,6.452834591035584211e+00
-2.835993255675110625e+00,1.626147694671907473e+01
1.498215631882588328e+00,-1.791694785256884970e+01
-4.596045409755436850e+00,-1.301804648274392573e+00
4.562280359735469304e+00,-1.165019118975880197e+01
-3.833599614593850569e-01,1.602871468504548957e+01
-7.945740894134967647e+00,-9.057143885856628884e+00
-2.625527766155924869e+00,9.106691867216804681e+00
-5.271723242139903398e+00,-1.764710376616141474e+01
5.527451228507557879e+00,-9.421220971506524933e+00
-6.196334724176968400e+00,1.303795622647269781e+01
9.366151694065479205e+00,9.948367087112968576e+00
-1.570155600830779186e+01,-1.293334123318175433e+00
1.745397846864049640e+00,6.602368916595215964e+00
-4.331489351165407342e-01,1.421785216213440250e+01
-5.022252189913307241e+00,1.158476723438316647e+01
2.537781286518376422e+00,-3.881449524952516050e+00
-3.181643456024855876e+00,-2.280408544607341881e-01
1.199171080927654209e+01,1.303940725267581513e+01
-1.177824945907268628e+01,1.231257502329994580e+01
-8.300880565749727324e+00,-7.196407639676336565e+00
1.407449654969797681e+00,-5.224503188388589514e+00
-2.084940816255691054e+00,-9.583569859697462334e+00
-7.522889159760730138e+00,9.012741766114507058e+00
8.021301086378895828e-01,8.110001168011145012e+00
6.426977337785706901e+00,-1.160684837246587264e+01
1.436935699739951211e+01,3.585700831895370477e+00
-7.781211423680844952e+00,1.389122905687122334e+01
1.024796299802322253e+01,8.456353090585966292e-01
4.821477483431840239e-01,-3.587685013984315940e+00
4.041547664311161414e-01,1.690514075752161727e+00
-2.597040189658643250e+00,1.437865304635430519e+01
7.004589811281687339e-01,-1.820799500584987740e+00
2.571135980963828782e+00,8.190246757574122682e+00
1.802888634165313064e+01,5.977674955968033998e+00
4.352041145512482778e+00,1.493174182420481877e+01
-5.463869704920686354e-01,6.847687255530557238e+00
4.559271343999373727e+00,9.884903973616955497e+00
5.378199622065814367e+00,2.216613854107738035e+00
1.331924252198118497e+00,1.419858449343886220e-01
2.990625620476911273e+00,-1.416092240050009998e+01
-8.676306727313603417e+00,-1.288449646646737889e+01
-9.353548086901714242e+00,-4.184306308836132970e+00
-1.763954487535968241e+01,6.565784568527179843e+00
-1.737204062706985397e+01,-1.877617518684577602e+00
-1.805639330183855051e+01,3.153443387598619196e+00
2.440019987325347639e+00,1.502154419577809641e+01
9.390075714156537856e+00,-6.794646432483767429e-01
1.182099143813648645e+01,-6.480645200184424581e+00
-6.338341382115483036e+00,2.018478818621655346e+00
4.173490910305343249e+00,-6.976209299966707356e+00
-4.389351587463836246e+00,1.329271503995157211e+01
-6.193063161699342345e+00,1.758322455722474231e+01
1.070343013827455891e+01,4.500025154430114860e+00
1.154516062902591322e+01,-1.451253833812410576e+01
-2.553215050036888867e-01,-9.768666026817212966e+00
-1.347124333224753734e+01,1.550313913081647454e+00
5.107986911234529970e-01,-1.497012391942327447e+01
-5.027022974224132135e+00,8.373042272069662673e+00
1.175606577619737081e+01,6.100036810781172214e+00
6.215293755164221778e-01,-8.224603049484040085e+00
1.207595281968118250e+01,1.263931100799125185e+00
-1.116037718108713506e+01,1.063635463271561399e+01
2.712652432608404496e+00,-1.165467170302211564e+01
2.800440968005207587e+00,9.993243767160734592e+00
-3.856726108884534376e+00,-1.022444033441515288e+01
9.202677431739418878e+00,1.172219516184101096e+01
-9.532882778244230693e+00,1.433322597826177969e+01
-8.410924521131745379e+00,-2.592746143212075527e+00
-1.114856196543896116e+00,-1.836084430406221824e+00
2.989380073980240748e+00,-8.417366693033148550e+00
1.148111723306620213e+01,-8.244046123986146668e+00
-2.582524267606816082e+00,-1.545343758830974146e+01
1.880665254601373348e+00,-1.617728240614425061e+01
-1.510956606421657256e+01,6.749312150676671784e+00
-1.054921707199295788e+01,1.578397085962475721e+01
1.696752883012769075e+01,4.051721566761267823e+00
1.116025644848470577e+01,9.706718833904117716e+00
-3.714299771102635428e-01,-5.202620431356926645e+00
7.536260360287053039e+00,-1.304349590108908963e+01
9.612731270016418250e+00,1.354827610562948159e+01
-1.594397042168606049e+01,-3.117803637605163658e+00
-1.484144190397429597e+01,4.870164758783674941e+00
1.404740407319614448e+01,-5.459651009707118696e+00
-1.410692292728171982e+00,1.256503790522349995e+01
-1.357778630098349559e+01,-4.109148850675612863e+00
1.467527528208926846e+01,9.994336685229470163e+00
2.237389172134090387e+00,4.821248015892328986e+00
-1.489908286225328915e+01,-1.099013589878428476e+01
-1.149370729782422629e+01,7.223856528357443629e+00
-6.799694480525570128e+00,1.586023367411496210e+01
-3.178940338888327055e+00,1.693553726938955784e+00
2.277764863388518801e+00,1.674907682926732644e+00
9.772003063343111862e+00,-5.928598428123181385e+00
-5.620808408918398058e+00,-9.990101635583055639e+00
-9.282580179562442524e+00,1.087145323777827421e+01
-1.113816247020315409e+01,-1.372422714864694449e+01
1.754738025659110745e+00,-9.744610132754282006e+00
-3.124822090047952194e+00,1.207718468959953562e+01
-5.034023202109903394e+00,-1.307346311550634610e+01
1.502689833655351137e+01,6.358827580808428692e+00
5.554805709495522770e+00,6.212834999787898660e+00
9.119326150444422296e+00,3.171671572878701273e+00
-1.483002888665895824e+01,-7.173743204030617271e+00
7.732353174516193306e+00,9.293264014693324526e+00
-1.416010043851255507e+00,-3.575842722836885201e+00
5.921985677126579972e+00,-6.548805541291015331e+00
1.868381256480078889e+01,3.409561681648334286e+00
-9.768102734925749431e+00,-1.461909621513379109e+00
-3.705324550064399869e+00,-1.682163225058757305e+01
3.579935530265707211e+00,-5.307240998075375416e+00
-4.519742853762414470e+00,1.682124324171866547e+01
9.651544220951834063e+00,-8.725703173135842761e+00
5.390700714498293245e+00,-4.718598113031561958e+00
-3.754090221033952179e+00,-1.861252327019903063e+01
1.508997575710266226e+01,-1.838720104849094428e+00
-1.167132711444194060e+00,-1.429597933627784734e+01
-1.039079174919185178e+01,-7.595624331375484317e+00
-1.077903381615997702e+01,-1.132425473137681138e+01
5.024196907272922452e+00,1.720489180706832499e+01
-1.135596729554867501e+01,-5.557209512591831935e-01
-1.542973105959945457e+01,-4.879589820078788165e+00
-3.173991292499542816e+00,-3.787721447136376707e+00
-9.985500507917716817e+00,-9.758236090976335930e+00
8.551915152220606942e+00,-7.301465138762439189e+00
7.014256030078682258e+00,-8.369082557358135332e+00
-2.265300840938005322e+00,3.443139386779983990e+00
-8.767752718437032300e+00,4.698347863737538432e+00
3.052668191814268184e+00,-3.278983962905665517e-01
-1.362398182338877639e+01,3.351520593133303194e+00
8.916653322772235768e+00,7.908653308012634220e+00
-6.316125965472237702e+00,-4.601058454245020357e+00
-5.244099098490723421e+00,-3.156613144217514488e+00
-4.751445330434453496e+00,1.502936430922441957e+01
-3.126422916797585216e+00,-1.189375764983959982e+01
-9.083991600944498757e+00,-1.459385337577575470e+01
3.217818733973187406e+00,1.660691087397572119e+01
4.323245619159711950e+00,-3.278736836008118605e+00
8.989379645449909972e+00,4.935052493355263969e+00
-1.428729860941448138e+01,-2.420381075469563825e+00
3.562896209400530090e+00,2.898020082984492429e+00
4.385818266864639270e+00,8.041879911724754137e+00
7.456899253126441529e+00,1.221282244508544501e+01
5.964674614496937366e+00,-2.302806290221643959e+00
-2.125367421143745439e+00,-5.307805748428683579e+00
-4.621176519066270694e-01,3.786826070121950494e+00
-4.715944798448992614e+00,-6.671392279738808107e+00
1.449326191092306182e+01,-8.728670291163439288e+00
-1.377969077777496887e+00,5.207524937521768038e-02
-4.574937584618864683e+00,-4.899884097485693424e+00
5.893834470408647164e+00,-5.082597420836041380e-01
-1.006405672406222074e+01,2.039565307072236156e+00
-8.039931784955674843e+00,-5.351369369974318779e+00
-1.038205240431994447e+01,-1.590875051673822860e+01
1.002796572274528053e+01,6.420707197137385691e+00
1.119478776103804130e+01,-1.023188504256294173e+01
-7.180037399185497549e+00,-1.470967058087153667e+01
8.596195491716839499e+00,1.486826081854139892e+00
-2.900185958946751796e+00,-2.007721585851160562e+00
1.349543104154189699e+01,5.241962796167199734e+00
-1.736916713542454715e+01,-4.263027827524174640e+00
-5.630427630010083284e+00,4.262866855010273959e+00
-3.825507900241414294e+00,4.490470295283079949e+00
1.399540751896066126e+01,-3.892228431719421677e-01
-1.105628357399966433e+01,-4.672946001085723111e+00
-1.317704506818191845e+01,-7.867620137449170770e+00
-8.652550489766268171e+00,1.609378373124575390e+01
7.287898583186504631e+00,-3.474551747677995461e+00
-4.283939946806977872e+00,-1.483822923021877571e+01
-4.685114056253006254e+00,2.714910580334837231e+00
1.263624034727250312e+01,2.930416296897341066e+00
-9.539978992907498068e+00,2.933755844159373627e-01
1.538657460545751832e+01,-1.036450209678465662e+01
-1.308360603405167133e+01,5.128754374844807451e+00
-6.398062672654293515e+00,-1.688491675568460249e+00
-8.304407474697947933e+00,-1.621938224677912999e+01
-6.536025124608263681e+00,2.356344995831146927e-01
-9.728831030607691943e+00,-5.934079439811001500e+00
1.930376440759599355e+00,-6.997180902572418759e+00
-1.452050175795857179e+01,9.243235851870592157e+00
-1.281884051223756060e+01,1.401101550342584545e+01
7.214611316124036833e+00,-1.650449207962798326e+01
-5.377757123537215023e+00,6.021398584036832702e+00
7.423761889616127263e+00,6.926500511032856799e+00
-7.978405065249921435e+00,1.326416971833890512e+00
7.248195666898228140e+00,2.920779646213337521e+00
-1.271294164794647763e+01,8.642822251654848742e+00
1.401226787441703436e+01,1.485016273657596031e+00
-1.251634829697433915e+01,-2.150423709819096363e+00
-8.020683551596615501e+00,-7.563183941906751473e-01
-1.590490569957579536e+00,5.326021456070561655e+00
-1.683418438854161536e+01,4.482979652771217793e+00
-1.514284905645612511e+01,-9.242057283785102939e+00
9.582387670615647446e-01,9.857112438504968210e+00
6.247372536723397651e+00,8.226215733778619921e+00
6.083804473127266021e+00,1.570687866359143392e+01
-1.085024546674878820e+01,-2.854643100177855608e+00
-4.095938632565775173e+00,-8.453114449779064898e+00
1.229661464451948794e+00,-1.331867321788811687e+01
7.183670736956746516e+00,5.161332742193873280e+00
5.770245961627320952e+00,3.965670794077311712e+00
-7.483778055448652822e+00,1.111997052960801113e+01
-8.204080610682722430e-01,-6.987955858443286594e+00
-1.372406530220382725e+00,1.896929447116509904e+00
6.670584458378476800e-01,-1.127621130273085370e+01
-5.771313969101905528e+00,-1.584749537518846729e+01
1.728849208895183409e+01,1.623159088938779027e+00
5.155521880452163863e+00,1.307170651917848758e+01
-8.762659731176000166e-01,8.868285416061283399e+00
4.355311089384382939e+00,-1.522927400586655100e+00
-4.782544650874112513e+00,6.861452852815019821e-01
1.775790452627331817e+01,-1.670066140960028422e-01
-5.903799045789484445e+00,-8.216434726207019423e+00
-1.327377433149025876e+01,6.890204766553742033e+00
1.061490829369269129e+01,-4.115868301284315578e+00
3.257700204373723540e+00,1.175274144963216294e+01
9.492137208190449371e+00,-1.090142402336656424e+01
6.769424737484222909e+00,1.050277815761890166e+00
7.147862779296495717e+00,-5.251967947368112455e+00
3.647180579091899855e+00,-1.006726964387409140e+01
-1.491491884734202422e+01,4.370666857998599109e-01
-6.837175636391684463e+00,-1.288604505451581694e+01
-2.900620571247371604e+00,-1.366332057696245528e+01
