-8.247806540313538548e+00,1.192895684691792546e+01
1.150769879470406210e+01,-1.510597296086442931e+01
-8.634274689815516268e+00,-1.301706396433133328e+01
3.013939676674826984e+00,5.354904224189488637e+00
1.276476826852810831e+00,1.097634428234397941e+00
-9.719057584171745034e+00,8.782191280307296566e+00
1.372758338586404747e+01,9.273117200432356988e-01
3.884327880082008466e+00,3.686347167225090260e+00
8.603338079164592145e+00,-5.489128910068350464e+00
-1.490353970259351968e+01,3.573907393238870078e+00
-1.824792883990133774e+01,3.742742616098338360e+00
5.290510590531247281e+00,5.362734651326399593e+00
1.304833598765948643e+01,-1.067594259311413118e+01
1.014762484199765069e+01,-1.058056952954760321e+00
-7.157517543758698864e+00,-5.902449838457828335e-01
1.468168237662675857e+01,2.432265585483098569e+00
-1.449656426108918872e+00,2.956797994171263433e+00
1.531070985468680812e+00,1.763572981995533340e+01
2.168445805026937734e+00,-4.097026691267635634e+00
-1.313606236385666826e+01,-4.824026253922361285e+00
9.507468547034109818e+00,-2.839362092617878641e+00
-6.785999770230457528e+00,1.571934477407022301e+00
1.281424616485542956e+01,-1.381100734327384494e+01
3.377887013126132376e-01,-4.816696665414601064e+00
4.108324179444734270e+00,6.746129645615326353e+00
6.637368087033325814e+00,1.073710773297828380e+00
-1.320371425103365359e+00,8.444840531778393000e+00
-3.843994271756105086e+00,1.035593363528653832e+01
-1.686194085763004935e+01,4.145041110418793417e-01
-6.754435128911964625e+00,-9.884075605392196096e+00
-1.394319837844742516e+01,1.304647214661009746e+00
2.031317187213098396e+00,1.312222899715858482e+01
-3.834545257150647757e+00,-1.652170842607267787e+01
-4.943392304420076933e+00,2.022863978611755709e+00
3.757988319067618876e-01,8.976243836079117244e+00
2.631814488252159911e+00,-1.105439485162657576e+01
3.839216724603707664e+00,-1.099934576567564548e+00
6.918285162072606909e+00,-6.973819101417030986e+00
2.015705738100870725e+00,-1.555667358014202506e+01
-1.767223167248369364e+01,2.048906041288432789e+00
-1.157182387707297089e+01,9.147507151326577102e+00
-1.141937430340909465e+01,1.350943544958728815e+01
7.958004027861758978e+00,-3.783683085571376559e+00
-9.149416949698114365e+00,2.411291586717752899e+00
2.511937450063634003e+00,1.062405131578692874e+01
1.442812507794678289e+01,-4.908648976313883416e+00
-1.262955011056982180e+01,2.620054143719730444e+00
-1.380998635539781860e+00,1.260083682142828643e+01
8.373514206762486811e-01,5.594802688823603987e+00
7.776405533976418205e+00,8.174019265112569599e+00
2.551751845475434433e+00,2.362519921740036111e+00
8.061571951211547571e+00,1.520426489250315427e+01
4.925411785511342622e+00,1.911559137978701584e+00
1.392928083148540175e+01,-8.486165058817478624e+00
-1.262101189953313352e+01,1.215738798889632299e+01
-7.360049910418050345e+00,-8.211588302595068001e+00
-4.221578259915148124e+00,-3.259778376121428067e+00
5.265488649150604772e+00,-6.278944947622521866e+00
8.388183289539762555e+00,-1.463128260956104487e+00
-5.021730536468301587e+00,-4.939134265454724115e+00
-9.698142222627217368e-01,-3.553501115627624163e+00
-1.168294176320419098e+00,-1.709626704945713627e+01
8.841152426093476180e+00,1.328571016451489761e+01
1.604575026869300558e+01,6.263731887802101994e+00
1.640839979781500801e+01,4.477049902263630088e+00
-1.229377754408083412e+01,-6.429056773139464553e+00
5.047854035952290097e+00,1.827986781331266286e+01
-1.506311692394075230e+01,1.046479979220829648e+01
-9.418538459694271836e+00,1.058544899811547779e+01
-4.279360878625563913e+00,1.772475611466812140e+01
-1.382163379394836911e+00,-1.218933747233479359e+00
-9.070956419020491879e+00,-9.860435975085884763e+00
1.223925237432454871e+01,-9.064017553425646412e+00
1.383592166792250033e+01,5.911042941120807193e+00
-2.195774996803104173e+00,-1.499725435886919200e+01
-1.175836138622915961e+01,1.067786716043896966e+00
-1.082371713190096330e+01,-9.696649418269403853e+00
9.455108783889340174e+00,9.118452502273822091e+00
5.662515363409988289e+00,3.557228248023645900e+00
-1.445379813243714118e+01,-1.212303050750972133e+01
6.241812473699908104e+00,7.265580748977759740e+00
8.042990905953864456e+00,2.149954799912205949e+00
5.955242158122398877e+00,-1.239108573444558736e+01
-2.019538807006421577e-01,-1.545740682269543775e+01
-1.083942441986478578e+01,-5.221810911392050336e+00
-1.195101259447738684e+01,-3.246895791541520193e+00
-2.527244673504444705e+00,-2.680062711735246239e+00
-1.019178827967966683e+01,-3.358119728184050690e+00
8.727168298674689240e+00,-7.294763384581269605e+00
1.233194566427678041e+01,-5.495415434814741928e+00
1.022015411123206263e+01,7.501299198536986346e+00
-2.444421664865265242e+00,-1.291041174422540472e+01
1.257895999230640527e+01,1.344106518569475917e+01
1.041517065842614542e+01,-5.576998609582941135e+00
-8.433061437549184136e-01,-1.376577815768406765e+01
1.155900394063833048e+01,8.633693264018775793e+00
-9.248217233090535672e+00,-8.013183529408077987e+00
1.828566527945907794e+01,5.108880684135964856e+00
-1.059932750260006173e+01,-1.610354636295254105e+00
5.028445041051949893e-01,-1.241105157637435230e+00
-3.869973906961451160e+00,-6.385985309765966456e+00
-8.918111521140106746e+00,-1.056685101976414964e+00
-1.849967798263042251e+00,-6.347371471212691851e+00
7.415540039263200711e+00,3.888985573533397577e+00
-3.116964275336513879e+00,1.362658658350378538e+01
8.329901878409740945e+00,3.835452275014130108e-01
1.085830095168347142e+01,1.039702160780216467e+01
-8.486379186269264352e+00,-3.887655221119277638e+00
-2.422802131667326275e+00,4.763467686750794350e+00
7.650368443959347786e+00,-1.301324974082087138e+01
-5.523571618914078662e+00,-1.463975458041312905e+01
-6.960647734155553046e+00,-4.879030186806407876e+00
1.131090802595969969e+01,2.991717855386200053e-01
9.864721202228773578e+00,1.308914428264666974e+00
1.628265186304619760e+01,-4.893806182629698576e+00
1.727427318012860979e+01,2.872564010886563324e+00
4.326636292146512019e+00,1.347350412155223154e+01
1.098603840582727642e+01,-3.902934408246914622e+00
-1.492231872857824548e+01,-5.341763987147690074e+00
2.103241921908828083e+00,-5.126851833724268559e-01
-1.647787909192558331e+01,4.483080579334585813e+00
3.718920288511208039e+00,-1.360584387642650306e+01
1.548026573120362492e+01,-1.261068890866956727e+00
-1.399438321361904869e+01,-5.429411985979231137e-01
2.873786903513291247e+00,1.468033682084254288e+01
1.346962798762798741e+01,-3.379428810015325357e+00
-3.958207889571430993e+00,3.910174092692640269e+00
9.588837209017423646e+00,3.100274962377479238e+00
1.047096473412121931e+01,-8.523840819429361559e+00
8.659742364099377809e+00,6.643279565766308181e+00
-1.308218963110762800e+01,1.006565057928768425e+01
3.439175899789141511e+00,8.355120431135678594e-01
-7.419517994651336323e+00,-1.612541568985973583e+01
3.498896045795324983e-01,2.937407362348276152e+00
1.460924219400845381e+00,1.580133869542473235e+01
1.175386660617840562e+01,-7.267232020473088916e+00
-1.008683486334092017e+01,1.236062358535211736e+01
-3.395588108210483735e+00,1.611369946285535448e+01
-1.386986254696455312e+00,1.448903378172883905e+01
-1.065729554690620695e+01,1.563458433288657012e+01
1.191755572123475737e+01,-1.543289936171716503e+00
1.755292149126580936e+00,4.005686236415267665e+00
1.627965515447411082e+00,-7.657121530482633887e+00
8.937658499848641469e+00,4.790948924309804013e+00
-3.824903112128005933e+00,6.514753367201499001e-01
1.527790400020082906e+01,7.904189617026291970e+00
9.182013352980337828e+00,-1.662014052824746102e+01
7.039640584439716520e+00,5.670338228223719135e+00
1.779752852046518452e+00,-5.841651291353045394e+00
1.353888231873786729e+01,9.931020192829189241e+00
-4.670935763921421291e+00,8.775735253581620654e+00
-1.238401678062525590e+01,-1.355625517896293708e+00
-6.428366931756285041e+00,8.661103244947579327e+00
-6.823630411034121469e-03,-6.563106674906841853e+00
7.092271056033002452e+00,9.811277714419425422e+00
6.641070148679000695e+00,-8.066524836168609269e-01
5.936233670454687861e+00,1.269466902781318218e+01
-1.645590155146652123e+01,-6.255671575446330124e+00
-8.115423811915702501e+00,-6.521676527621357522e+00
-1.053800505242675906e-01,-1.027696430046526466e+01
1.367383261154332352e+01,-6.661167464977068242e+00
-1.438677454743811523e+01,1.219846060822912293e+01
-3.181131117922376905e+00,2.336300109220299959e+00
8.717188044756627008e+00,-9.138593154739943714e+00
-1.781828345208219311e+00,6.654867013413198862e+00
-1.557245161241474563e+01,6.702521739884502061e+00
8.985926430107804563e+00,1.089164681452087002e+01
-7.830246694589208190e+00,4.967540399667779383e+00
-6.175910764456391533e-01,4.578619002682693839e+00
-1.585208418176429568e+01,-7.993383696888131773e+00
-3.771380127789420111e+00,-9.492814089568295088e+00
-9.637987790422320344e+00,6.954979065586302411e+00
9.755287427976034209e+00,-1.486213212738151590e+01
-1.009616955018437245e+01,4.010936583120603416e-01
1.049254149740999509e+01,-1.322311119823575787e+01
1.726603202504815027e+00,-1.376378951328106837e+01
-1.892787786124068816e+01,7.612650437314399943e-01
-1.440168305303477503e+01,8.749776617110708088e+00
5.142962736167687510e+00,1.544264562685717657e+01
9.546875353559517441e-01,-1.168985632623602733e+01
-8.366247218792242535e+00,7.851146996834980074e-01
7.978156523448576287e+00,-1.075221954027070481e+01
1.197024048296621501e+01,-1.221876520965500035e+01
-1.619934096863418205e+01,8.834397920916623903e+00
-3.464604847594546122e+00,-1.177530515102872544e+00
6.624195038910754896e+00,-5.002349759580260624e+00
2.188104462973439190e+00,8.852875517731499500e+00
-1.793149851728450539e+00,-9.637476608792491461e+00
-1.641868333948126590e+01,-1.431704998613005708e+00
1.323210014094845732e+01,7.925336967874807570e+00
-7.325160749964068962e+00,-1.428976171090581992e+01
1.771525465934235299e+01,6.820205723685000443e+00
3.358282383696159279e+00,-8.244661396785847529e+00
-4.609836503172328737e-01,1.323500628796806966e+00
-2.068350144124224244e+00,4.003274455440673507e-01
1.144736565576148912e+01,2.712509887333011349e+00
1.111025823078584729e+01,1.233062243159992200e+01
-3.079546777902244070e+00,7.925908089417224467e+00
2.402206093218310912e+00,-2.240364258752274740e+00
-1.126318449270084088e+01,1.093277152001879493e+01
-5.691110206817427297e+00,-1.649029722777248708e+01
3.487283694733553041e+00,-6.411428563297495664e+00
-3.515432724879991255e+00,-1.834430595364415595e+01
-3.143443284965712348e+00,-4.777355337756578280e+00
4.939984132370987879e+00,1.019261183358735856e+01
7.423218925462878204e+00,1.171839240998677489e+01
-1.810399747811148430e+01,-2.313076041186241660e+00
-5.223582934523409271e+00,-1.574584275417943324e+00
-7.680532357300190682e+00,1.000912307028350767e+01
-7.509355703307194929e+00,-2.318187016590024463e+00
7.386563231599342139e+00,-1.647534984187884177e+01
-7.983833673337477066e+00,-1.130783035785526280e+01
4.033137697770712293e+00,1.171279432375725271e+01
7.334970139627328134e-01,-3.039962901053434585e+00
1.518435120962815255e+01,1.075019938311707435e+01
1.437366584934227198e+01,4.194908986981491061e+00
1.060938400753314248e+00,1.163978507892156955e+01
1.209192792143030815e+01,6.219349763074975002e+00
-2.646843553110187930e+00,-7.958394499621809004e+00
-1.325062497773120995e+01,7.345392448499561411e+00
-1.125862271016486815e+01,-7.953272082847811397e+00
1.556084598555573884e+01,-6.753979129176124196e+00
1.658857265769854550e+01,-2.651124470883872597e+00
-1.949412272515893996e+00,1.710924798129212476e+01
-9.834743076134362383e+00,-1.156082033234164186e+01
-5.555197805077124684e+00,-8.538178165779491735e+00
1.651509791147602613e+01,9.385871216669595896e+00
1.370013149418962328e+01,-1.606985924589323211e+00
-9.893377866319452707e+00,-1.425616587245625766e+01
5.913161568634036414e+00,-3.301949774409686178e+00
-2.225037094803465454e+00,1.104797640112119161e+01
8.333371291915100398e-01,-1.700538812966344437e+01
-3.922544754217400342e+00,-1.386615682435320274e+01
-7.533469960000823029e+00,3.206599788888859326e+00
-8.061261600894097157e+00,8.017922807746529656e+00
-5.269005800618919544e+00,7.105355581627526007e+00
-1.166248878522253740e+01,-1.134402586135544411e+01
-1.404721542184384475e+01,5.697064391296941643e+00
-4.102258992370284574e-01,1.058280302466700817e+01
-5.816714378190741108e+00,3.596183860824447631e+00
1.253579870971218568e+01,4.428917836030180410e+00
-5.681910219693037334e+00,-6.594671402490844159e+00
-6.071881730316978754e+00,-3.345152121720211813e+00
-5.529592101697089035e+00,1.765177696616217207e-01
-7.612715285760440764e-02,7.178972970204113402e+00
1.708695566095645901e+01,-6.393616273241911618e-02
-3.547163934154338616e+00,6.164981187621623171e+00
-7.020854590932072092e+00,6.526109367297380892e+00
4.313786399366894564e+00,-1.041194153569020031e+01
1.908148778167541471e+00,7.036238498912455341e+00
1.068749430300977465e+01,4.536133534076994600e+00
9.163709103955046231e+00,-1.207609456293826433e+01
-1.109481834352072857e-02,-8.424133964340633440e+00
-5.123655475556049055e+00,5.298144848747290858e+00
5.127210074792513339e+00,1.538146449125578907e-01
4.125284423267403078e+00,-2.968995744610308130e+00
