-1.024651981037902893e+01,5.260310588261522646e+00
1.449741506169421612e+01,-1.227831300775968337e+01
7.585082691957221179e-01,2.411394517103345070e+00
6.589700802850442685e+00,1.156571890127112212e+01
-2.319331879899247273e+00,-1.822556753357248427e+00
4.920062427882013090e+00,1.323882771541286374e+01
-5.424521324465811922e+00,8.866825219543507108e-01
4.354053465676339663e+00,-1.233585496832890449e+01
-5.059516890699589986e+00,-1.646874099911726930e+01
4.015420638858835378e-01,1.399716993440994806e+01
-6.463690286736684110e-01,-5.679359296297251447e+00
1.190720977933186475e+01,-8.896071467258510168e+00
-1.422752058801906860e-01,1.639944323186417563e+01
8.821709449227865818e+00,8.635751910508263407e+00
-1.590183246695888730e+00,-1.714470634568406027e+01
1.793711645185332104e+00,9.365426592848534737e-01
-5.471306693932795895e+00,-3.698763804680763823e+00
-1.000070056134537033e+01,2.274083408365314973e+00
4.075294236690536920e+00,1.484235045479835158e+01
1.019388184201268821e+01,1.331698451747784340e+01
5.663565635605167375e-02,-9.184969864027870301e+00
-2.077707191722440339e+00,-1.460338846859625583e+01
-1.320645869846219256e+01,-1.362133893500121928e+01
-5.808456904521510644e+00,9.625659260448166776e+00
9.590100460837840401e+00,-1.140270930134327187e+01
-1.557716243060739103e+01,-1.615631246481158412e+00
-1.046628971038844469e+01,-1.141750107949156678e+01
7.181883563674075432e+00,-4.698681879960646235e+00
3.688406072196310337e+00,-1.071443620009621256e+01
1.737265645713236495e+01,1.978720215281993156e+00
-8.531594002825086065e+00,-9.926010546156142089e-01
-2.629570344518683989e+00,-1.282436834581580953e+01
6.560903920240038767e-01,-4.435654248310251013e+00
-3.769112946844344503e+00,4.096538055274045576e+00
-1.386300525344420187e+01,-2.169255233785559067e+00
4.827247190029487989e+00,-1.431617898595438554e+01
4.735268515020622515e-01,-1.105995204693229539e+01
-1.270689036261164251e+00,-1.052379319259101997e+01
8.679749978435948421e+00,-5.724161842773510145e+00
-8.361813150726606025e+00,-8.670569920701533206e+00
3.266251977356666281e+00,-5.384120883582894229e-02
-1.825423153337898441e+01,4.204892862836611123e+00
1.119433273030749554e+01,-4.459981564306533031e+00
-1.152234593415174402e+01,-9.840543174292507800e+00
-7.220065348410861894e+00,-1.377061439800111309e+01
-1.140251237778100268e+01,-8.026339704322696278e+00
-1.297299594108852361e+01,3.243673034474665595e+00
1.526352322096954595e+01,-5.542673545367036603e+00
5.519634499743307110e+00,-1.089964957632220255e+01
5.383666698937053852e+00,1.003901559678505429e+01
6.440162838526462430e+00,-1.608718894244623954e+01
-7.562691355579042707e+00,8.908369842785960557e+00
4.499697829992351572e+00,8.387340945675635595e+00
1.247085967902570758e+01,2.466722437551034819e+00
-6.802183234738160778e+00,-1.198117433421525213e+01
1.478522091957863438e+00,4.142865720423577258e+00
3.662057856213969842e+00,-5.520096716911047530e+00
-1.546937473429646737e+01,5.839844463311402167e-01
-3.541435381522952675e-01,-1.578898171089329949e+01
8.389714449734233526e+00,1.288787535013400465e+01
-5.470489284411352848e+00,-7.148773763601715459e+00
-6.155857224594399213e+00,7.800818754909198738e+00
1.468642800900139767e+00,1.566708942392136450e+01
-1.314494612510880067e+01,1.345466963304643926e+01
6.709439501466037292e+00,-1.419600676455571309e+00
-4.036939013991998060e+00,9.505775796425560031e+00
1.731581454056755831e+01,-5.605113743943668236e-01
2.646555077098802222e+00,8.334687396840473994e+00
-4.441001647391076723e+00,-5.637863108532769729e+00
-1.466441394007983234e+01,3.818601987915629881e+00
6.773997799658058483e+00,4.895496157027656725e-01
-1.578025973316750985e+00,1.759939289634023041e+01
1.525399730162610101e+00,-8.220370829306268945e+00
3.099154992213184467e+00,4.976392431489247592e+00
4.058067278391471966e+00,1.125190966161579986e+01
-4.148365407833095375e+00,5.833126312117332901e+00
-4.514509807893870352e+00,2.445909321501073208e+00
1.661664470886304201e+01,4.268953786346235013e+00
-1.034823348352430727e+01,-1.374480954471518190e+00
-2.510257555587839473e+00,8.544637430263691158e+00
7.500315910257769225e+00,2.230985885132095170e+00
5.810462966402537788e+00,1.517799863166415797e+01
1.207191209110917995e+01,-1.259370025347024802e+00
1.481369156319502700e+01,1.003128269771087133e+01
1.275543187227243180e+01,-1.266828505226480672e+01
-2.595488412626099084e+00,1.083168393823592446e+01
-1.258077294791526235e+01,-3.414243903463746399e+00
1.889369685204774996e+00,-1.000902623118887291e+01
-1.212484497324628663e+01,-1.524513823732832174e+00
-1.367214904862606950e+01,8.069878818589838687e+00
9.283057378931895087e+00,6.348320248798917653e+00
-3.583530931002900655e+00,1.473165029129778425e+01
-1.023328823314288272e+01,-1.348521894894976292e+01
1.320755261054521901e+00,1.214400987298701118e+01
-1.925113400247057793e+00,-8.894054808520699851e+00
-8.804051024520186175e+00,-1.223501512769264821e+01
2.580771705274796712e+00,2.660493354243886444e+00
-3.091420605888151041e+00,-1.062993419030725484e+01
-2.814589704584462559e+00,1.307449845538089761e+01
9.385173601248375519e+00,-4.025338372314005930e+00
1.000167844615379309e+01,9.994056924515158258e+00
-1.550840754025768398e+01,-5.262333633665133625e+00
-4.097612258176504874e+00,1.695835137701946493e+01
1.300288330730312047e+01,4.144706803086052105e+00
1.366504331061898547e+01,-6.287874873563771061e+00
-1.426375966230287506e+00,1.465007566084512369e+01
6.034114015871197445e+00,3.682074453046926710e+00
1.030220726160402123e+01,-7.916186469484719268e+00
4.102500567829076239e+00,-3.615281864107922072e+00
-2.086093045196673490e+00,3.368335775072951677e+00
-3.360812195065199681e+00,-1.584102180222423861e+01
2.403940842618427498e-01,5.601593666358138712e+00
-4.272107439099514181e+00,7.713108795538946794e+00
8.091436358449746180e+00,5.030944621459721766e+00
-7.311113443772890186e+00,1.628187190738950463e+01
-1.143139553546992637e+01,-4.803963726446753846e+00
1.155257163987814373e+01,9.116629348401030342e+00
6.716697154828024097e+00,1.350914123008012346e+01
1.230288038739185552e+01,-3.074143788730472338e+00
-1.844971771369602331e+00,-7.055726793818520193e+00
-9.210632232814878861e+00,6.381634556078276121e-01
-4.027110931311739250e+00,-1.406919056095358478e+01
7.175343690445131095e+00,9.836909777282608403e+00
-9.019749298472749643e+00,-2.704538662848042563e+00
4.847291291947667169e+00,-7.436494784992846441e+00
-3.680005551957818533e+00,-7.313031564543996943e+00
-1.216906647609307512e+01,7.102368915631196877e+00
-3.952415675437799258e+00,-9.054551478372344420e+00
4.978811358931313436e+00,-1.828768485124644405e+00
1.048585904550765768e+01,-6.095297853843236524e+00
5.791114254456691590e+00,-1.777542435592945935e+01
1.242551073701980435e+01,1.269844054193208116e+01
5.494962716234105926e+00,-9.120667392900067227e+00
1.399185377636844230e+01,-7.346029214978267996e-01
-1.227311227080174660e+01,5.309147269266127012e+00
3.994315642548588396e+00,1.569128430771406180e+00
1.082394890847217717e+01,3.199148751783583045e+00
8.646111347013293980e+00,1.467979570220993502e+01
8.499679446250171466e+00,1.108872310744462553e+01
-2.418466216629545418e+00,-5.383055926331056007e+00
6.670245941278271751e+00,-1.422525276001788797e+01
-1.582097246934881163e+01,-1.046416026765336227e+01
-1.108775845203365940e+01,2.597448625107101616e-01
7.774115043321810248e+00,-1.180129980854232308e+01
2.628444465392678620e+00,1.712038762948551351e+01
-1.411289805979458123e+01,-9.820342824122514358e+00
1.090676344791340924e+01,-1.259291233222093886e+01
1.233815865395294686e+01,-1.442542083480918969e+01
1.511310148923332708e+00,-2.715697585878125153e+00
-1.125053226246535409e+01,3.692532008468530691e+00
-1.259554073719354017e+00,1.206705092335274365e+01
-5.184458504154328295e+00,1.548875027226382528e+01
1.491846143879349995e+00,-1.589691088229155369e+01
1.245486643960370543e+01,7.434781380390276695e+00
-9.065240145786138015e+00,3.901307341268999807e+00
1.163571419216725289e+01,9.027227829112618451e-01
-8.433527855674338269e+00,5.732696314933545700e+00
1.409314853669079826e+00,-6.229719178315623829e+00
-1.226836204601486990e+01,-6.479661935519619220e+00
1.531785712412675515e+01,7.241807273426774216e+00
-2.858719718824158096e-01,3.843692135412242195e+00
7.693986471044770070e+00,7.222739336499783391e+00
-6.918921827107918920e-01,-1.163283359260419259e+00
-1.425236023595206447e+01,1.914095650732407616e+00
-1.416368768658539390e-02,1.075967803838615566e+01
-1.298393806769915315e+01,1.163367093641875627e+01
2.444024927983106110e+00,-4.251697647660224177e+00
1.561242794035361037e+01,1.172009714461873936e-01
1.653410531908771830e+01,-6.831242122877609901e+00
-1.176877655319896121e+01,1.944941655357202093e+00
-3.684175598246175909e+00,-4.013067118561018276e+00
-5.278766993429234056e+00,1.353449119844601256e+01
-6.224998169504345036e+00,-5.411483909614719146e+00
-1.034502519429315903e+01,7.703331336176223232e+00
-1.909713669181113405e+00,2.053900900775813831e-01
3.380050001941355298e+00,-8.979169854890860947e+00
-6.509434331314480460e+00,-8.572352309938956694e+00
8.962309226801476569e+00,3.375618106941622454e+00
-4.046745072638120888e+00,-2.283426313336946567e+00
-9.197678045915415268e+00,1.149692638070788320e+01
1.198165958434906919e+01,5.746194237708544428e+00
8.495259310877335324e+00,-7.553412124689150353e+00
1.390014190999080945e+01,8.435125896540670354e+00
8.880023394957662575e+00,-1.351666267952030331e+01
-4.238394977540019259e-01,-1.396823185063956885e+01
-1.700235917078380510e+01,-3.786879597608592274e-01
9.980177076848013584e+00,1.574819800051078689e+00
4.253059166963445215e+00,3.374270493361975820e+00
1.037134742374882279e+01,-6.585529394865722308e-01
6.124446775923443553e+00,-3.265688813370529964e+00
6.372452963504263046e+00,-6.538670069998965495e+00
1.030321773629240312e+01,4.885723913624072878e+00
-7.060528143205005769e+00,-1.601227531401112003e+01
2.401463968981706110e+00,1.409217513173157066e+01
-5.600188574770798233e+00,4.757421449585482520e+00
-1.779451978619761832e+01,-1.975379768454951002e+00
1.586482844893673416e+00,-8.295074968803954896e-01
2.327764872087689341e+00,-1.196087405840523665e+01
1.058311900892465474e+01,7.529423543503510174e+00
-7.904041082181964661e+00,1.268892059050973842e+01
-1.651344379903335380e+01,5.784016604954213214e+00
-3.310979491471092828e+00,-1.776517044834627512e+01
-6.872200640085444512e+00,-3.373662972067865695e-01
1.338194815862823184e+00,-1.410187455335211482e+01
-1.416426639232149043e+01,5.562646615271836126e+00
1.417502767876812442e+01,-9.967266141858020845e+00
-7.173973812980412035e-01,9.050156930893994200e+00
1.367716107552438887e+00,9.555574322214919647e+00
5.033727798493985439e+00,-4.847719374851000573e-02
1.000679261853900925e+01,-9.645081678420027060e+00
7.368400888518193526e+00,-8.930368035485720668e+00
5.741205449601391564e+00,1.926748370684936429e+00
-5.976348162242413053e+00,-1.033244868250581128e+01
-1.136058922941909266e+01,1.070242994513223600e+01
-7.472966057193699552e-01,7.076239142663026449e+00
-5.728295036327064160e+00,-1.477229335444354419e+01
1.202742567332884249e+01,-7.073937159411746833e+00
8.480098530916992061e+00,-1.391495216483902730e+00
-2.701979843763317457e-01,-2.884818068393879109e+00
1.316883067417404973e+01,1.103985642226333752e+01
6.529206767545540302e+00,5.866940270021610893e+00
1.083115312082675707e+01,1.162383986922642265e+01
-5.138949477675279098e+00,-8.804492172843844111e-01
1.562625985476648438e+01,2.324366108947737430e+00
-8.091418689826344490e+00,-5.359659474504299581e+00
-6.455086598736304637e+00,-2.213416883097932164e+00
5.878492682572071359e+00,1.703491099893546945e+01
7.862442397288473828e+00,-3.051246903048058901e+00
-1.521806972090086063e+01,-3.484816161324460371e+00
-1.180722671248866540e+01,8.897792931642534597e+00
-1.078445370504261547e+01,-3.114880739077674932e+00
1.379018377879067714e+01,6.131179635418883223e+00
2.944900532016862194e+00,-7.132600689594667642e+00
-2.507505811687558150e+00,6.705618811279108193e+00
-1.619497860839178127e+00,5.159783780365449601e+00
1.902546399323350013e+00,6.352742858679974347e+00
-9.398246320915688568e-01,1.742025239995602215e+00
8.607969676739116949e+00,4.131807041905998235e-01
3.158382032305635967e+00,-1.807218132768042107e+00
-7.465003212593552817e+00,-3.664539371468585216e+00
-7.074387440457409859e+00,1.685010979464295788e+00
-7.310825428560147721e+00,4.289415699957862316e+00
5.440513263004340239e+00,-5.019772587934061114e+00
-2.792526992291604948e+00,1.759858402730669180e+00
7.444212136601948693e-01,-1.767307704489508424e+01
-1.373035761223656337e+01,-5.371070796179100881e+00
-1.932613885536998310e+00,-3.632643777487188697e+00
1.469103784790714684e+01,1.203123339772130862e+01
9.000054674195033799e-01,7.798936267246667775e+00
-6.454708482045816431e-02,-7.413039720666122712e+00
-5.512745219938252283e+00,1.176527707707537829e+01
-3.672918313400370227e+00,2.239465236906337253e-01
3.167950091427161663e+00,-1.373754348109024015e+01
4.904980739559662517e+00,5.154680033432391006e+00
6.285074371334945731e+00,8.268255922187121243e+00
1.506714889045532324e+01,-3.649420878978779648e+00
