-5.653945845973276541e+00,-1.276917981570011662e+01
-7.507724894033265706e+00,-4.551223699243941989e-01
1.307034361117114862e+01,7.308290386921671100e+00
3.751359558012943740e+00,-5.226030949474868015e-01
3.803137868854146397e+00,-3.998100075300444978e+00
-1.438820351593649427e+01,2.149710038864117045e+00
-3.619421509992390984e+00,1.841442411713865113e+01
1.182924257676068081e+01,8.691680001507712916e+00
-1.431368581666878370e+01,6.791335973154148498e+00
-1.467280916991358986e+01,-3.134901665341033539e+00
7.001123395088420409e+00,8.821352662410609780e-01
5.649347864959213261e+00,1.438980476041783696e+01
4.278488672669661597e+00,3.273587307956499437e+00
1.033020827209575465e+01,-7.277230393136837172e+00
1.713878581889879982e+01,2.684663929710355390e+00
-3.460125055899308411e+00,1.633957378359650159e+00
7.184703350248655696e+00,-5.457710123495523646e+00
-1.646773367424851031e+01,-3.857073165271132531e+00
-1.395926122686747739e+01,-1.414501084174758505e+00
-1.647965057009831824e+01,6.619364761271580022e+00
-6.797319213619866574e+00,-4.457574727707494411e+00
9.323262300110719991e+00,-1.007785836453047246e+01
-3.685228534609614193e-01,3.193605165042713523e+00
-7.182791483359563856e+00,-1.025389685200156187e+01
-2.428279276264972975e+00,-1.851848771176577202e+00
5.562333196327259088e+00,-1.520201499527370537e+01
-5.656231969298069373e+00,2.441351770099252860e+00
6.288027209635571602e+00,-1.119286837288569281e+01
7.556740105671086560e+00,9.146694733830296187e+00
-6.198838674989374020e+00,1.647595053289144928e+01
6.240071511228686418e+00,1.143242070537596078e+01
1.336514121648586162e+01,1.249514632439986173e+00
7.683401462885138145e+00,2.536930027862347448e+00
-3.303642862425388849e+00,-5.633018683140160299e+00
3.020003832045377479e+00,1.956127150669954684e+00
-2.756291410942677711e+00,1.679524154677746139e+01
5.236736884837857708e+00,6.301661984386577764e+00
-1.400071291756461278e+01,3.657870717000062388e-01
4.089999948203614899e+00,1.044170974650745265e+01
-1.834144520760590780e+01,-4.852109785415859022e+00
1.293918579413398273e+00,-6.322253522708260576e+00
4.323242199754457338e-01,6.153372933289501745e+00
1.551105189467535173e+00,1.405213182630937041e+01
1.319374611180832524e+01,-9.690043140270727662e+00
1.549587333718029569e+01,-4.175325087229545318e+00
1.099262404149081007e+01,-1.323491697415502344e+01
1.483928713195542259e-01,-1.403689978425188301e+01
1.584425080427232180e+00,1.622386758340960711e+01
9.937582939033141827e+00,9.399771338309259150e+00
-1.204722037002000690e+01,3.542038477197593238e+00
1.434463924591196715e+01,1.038568630365383960e+01
9.137014524669620386e+00,-3.305490687808101402e+00
-3.315804208180219703e+00,5.005528791874222172e+00
6.365238907083207387e+00,-2.041125793099971553e+00
1.353950773094116933e+01,-4.467927261986306853e+00
-2.285439318584579382e+00,-3.969576703573668652e+00
2.660643798643520519e+00,-1.089939428134734278e+01
-1.345209732969738070e+01,1.097001135999918731e+01
7.726890543553589730e+00,-1.438011799772142751e+01
-1.522005117914268624e+01,5.242362008172082533e+00
9.154189413738178516e+00,-5.090282371618338075e+00
4.484710469521208331e+00,-2.155241003658817878e+00
-1.623838999360502910e+01,-2.081291089714476961e+00
1.368291567272815534e+00,2.592723927541326745e+00
-1.611467660187186368e+01,-7.586069758282614650e+00
1.048267575066715196e+01,1.198507981784480059e+01
-1.191563516987576854e+01,-9.381920317902704198e+00
-1.037816784963382055e+01,1.791033680242294812e+00
7.354073333975138738e+00,-3.620633025346898570e+00
-2.332128349958833002e+00,1.005202488159984320e+01
-7.426695842942974135e-01,9.211452030483002318e+00
-1.705671297792602203e+01,-6.090240641409542910e+00
1.517261979541390815e+01,3.904385534422139870e+00
-2.489370864710535702e+00,6.604201991996687227e+00
1.036044995016044190e+00,9.010442258320221498e+00
-6.103379204599742813e+00,-7.704129609597794470e+00
8.937531123538607902e-01,-1.074621141352252529e+01
7.039495921555744218e+00,6.189661449666345128e+00
-8.856936036770024501e+00,-6.838212593914549053e+00
-5.222226405654210701e+00,-5.346128699474430590e+00
4.396873611137745996e+00,1.814734860907045189e+01
-1.663848063909738428e+01,2.034719966203450969e+00
-2.459540601636870161e+00,1.329896771807192124e+01
-5.257005927789685229e-01,-1.452989810406610349e+00
1.049556406650266460e+01,-2.131997211083829225e+00
-1.126044139905711283e+01,-7.198631010447748224e+00
5.754464419430679989e+00,9.693720397397640909e+00
1.024225715835416217e+01,2.274954687983832713e+00
6.753549242700169764e+00,-1.289002786628517860e+01
9.760277576477371042e+00,1.468009378360935635e+01
1.181458314598390658e+01,6.001881501997919699e+00
-1.438638388843659577e+01,-6.888736743685642594e+00
1.571267928354773424e+01,-6.872867850346839447e+00
1.191020792889198887e+01,-1.475468742565468006e+01
1.158472789680989656e+01,1.093437685605739285e+00
-1.089608153079402442e+01,1.057253436501413901e+01
9.523997815481481055e+00,1.642922717887492823e+01
1.205680918654610245e+01,-1.222984383390863572e+00
-1.234374956518561994e+01,-5.726690558575450396e+00
1.315772954674033546e+00,1.221450718589141893e+01
2.175347836405306268e+00,5.620123187761322470e+00
9.478442838673883486e+00,-1.413729679630352720e+01
-1.610598009070069381e+01,-9.485292797326675185e+00
-3.318911708778760072e+00,-1.965010314466086871e-01
3.042561711152714565e+00,1.516480336141759189e+01
-1.532800369160454323e+01,-5.374530574623147317e+00
1.663122147375774418e+01,7.882628315727363777e+00
8.629915185982972581e-01,4.444953938739160115e+00
6.256490474948193992e+00,7.819587290767489485e+00
-5.690136374096419480e+00,-2.977013852280645523e+00
1.630285320943888294e+01,7.234296701655451578e-01
-8.999926834891200045e+00,-1.497569133209405878e+00
-7.134095738808833076e+00,-6.192456595646596895e+00
3.649126888495512477e-01,-4.739110010213659407e+00
-1.412245475292374941e+01,-1.113373614830534919e+01
7.840376897493001707e+00,-8.696167425964510755e+00
-1.221270023390233206e+01,9.365336491241965433e+00
-1.554395133046202737e+01,3.493709501844608933e+00
-2.427829255211120529e-01,1.428811056575712080e+01
8.601018094211804410e+00,1.284451259655408906e-01
4.559338428875000737e+00,-1.051015808794335982e+01
-1.567719385203994875e+01,-3.959368106551276467e-01
-1.044245090885596383e+01,5.378500416417810293e+00
-1.259621835879507934e+01,1.765183601909581457e+00
8.281221023441583284e+00,7.463482329585080954e+00
2.694148602657874036e+00,-2.522519093513420074e+00
-4.455294362345187054e+00,-1.417528328920850988e+01
5.418538439859401201e+00,-5.976147104891338380e+00
1.740793561722841165e+00,7.356910186840883270e+00
3.116269596248834262e+00,1.198230106687254981e+01
1.611425593318757876e+01,9.837418923718711739e+00
-1.626834264318032908e+01,9.803978497316473195e+00
-5.037273028060950786e+00,7.824215666501818101e-01
-3.019808395207282281e+00,1.498129382270131060e+01
-2.639152716744531446e+00,-1.405712479458760633e+01
-4.091517185031373849e+00,3.287361809422378656e+00
-5.932735584930521000e+00,1.030116631656485104e+01
-1.700590963268377465e+01,4.722652100104197004e+00
-1.025585966486052314e+01,-5.726349507041651243e+00
8.063475886653975522e+00,-1.579339657105930605e+00
-1.579671214931140932e-01,-7.344083900297416534e+00
1.393720778284715145e+01,-1.290987291311213525e+01
3.501292615754081794e+00,-1.252058843174717673e+01
-6.480993739162392409e+00,1.200707725709965956e+01
-4.244254219003523509e+00,1.359522038927512178e+01
-1.421446297602343201e+00,-1.272336844095812936e+01
9.005052556965106092e+00,1.299256789762070952e+01
1.160357054340231997e+01,1.504039214574163275e+01
2.612272973068119342e+00,3.871808446845761864e+00
-8.108282231151495267e+00,-3.146787067657132120e+00
-1.267307797694516758e+01,-3.031428041589450562e+00
-7.073082905059457026e+00,-1.700629317229221726e+01
1.038243171832015643e-01,1.339288735004759534e+00
3.502367613457864515e+00,6.892011780772190122e+00
-3.112102247200331906e+00,-1.215083987038535795e+01
-4.389512781382734374e+00,1.176484246341472684e+01
1.477753085923685106e+01,7.824861128740723260e+00
2.114249999757531029e+00,4.120942801521375043e-01
1.012933438029809707e+01,-1.165943436723411786e+01
-1.064449072518656259e+01,1.336041158032526610e+01
-5.752429513336796418e+00,-8.589554919557907953e-01
-9.647962134531335110e+00,7.055413585905536245e+00
-1.293031699157994296e+01,-7.863495827760115908e+00
-8.864329713971119684e-01,7.459251107086946497e+00
1.457194061688643316e+01,-1.124018053488041424e+01
5.539988387771272116e+00,-3.735268640952543517e+00
5.603351470102324150e+00,4.516382161046379018e+00
3.300188220766353986e+00,-9.203637251982504708e+00
2.571961086721649803e+00,1.779674706376234639e+01
1.889512330957465958e+00,-1.494482114719944299e+01
1.174066733607588375e+01,3.243389936869269796e+00
-7.026907200109631546e+00,1.315485261548066553e+00
-8.470019600756877765e+00,4.120981789749466273e+00
-8.440019042234100155e+00,-1.414644615554841955e+01
-1.082215774417415943e+01,-1.482538986077384768e+00
8.856488344172005256e+00,5.545827176542777792e+00
1.149732788661335015e+01,-5.624399900933624963e+00
-6.799888726440263653e+00,8.711567231813672763e+00
3.633023445072030455e+00,-5.803728366402078898e+00
-5.178892055730390354e+00,-1.817841233919767063e+01
-9.011965533546201002e+00,1.069223593544631612e+01
-6.037173384319262759e+00,6.821310057423595197e+00
-1.195605906597142720e+01,1.197796013378961888e+01
1.229135438135898717e+01,1.252569625993588076e+01
-6.554876833455077545e+00,5.123540791430142072e+00
-1.551780741137282504e+01,8.173043927293694111e+00
-1.276013191953266102e+01,5.715197265057755160e+00
-1.204799654158218836e+01,7.464583441444196055e+00
-6.779646785687573063e-01,-3.268058385729603721e+00
2.864749305271845792e+00,9.011416776391694583e+00
-2.671888126795410656e+00,-1.041126901454650699e+01
-2.244806680549347178e+00,3.580907591603807116e+00
1.772096565873131624e+01,-3.290996929295270323e+00
1.729359683321702867e+00,-1.311076580023300941e+01
-5.149562913001013875e+00,-9.264432050749819680e+00
-3.139886292914924937e+00,8.320170930421184607e+00
-1.132118095814079695e+01,2.769370264996909303e-01
1.308826375714806289e+01,4.780610902771153192e+00
-1.060085299198379261e+01,8.629396321992876651e+00
-4.367714088369471170e+00,-7.034952127571703073e+00
-9.783999121841384650e-01,4.853500226579341437e+00
1.018244076974674783e+01,6.738504542048199042e+00
1.579552086523113408e+00,-8.741633897967064470e+00
-1.014687882080200509e+01,-9.331607496799122714e+00
-4.152486962368582724e+00,-3.893203952938744550e+00
6.241580092365860644e+00,1.621666262048478657e+01
-1.124163518604119005e+01,-4.249523716323947653e+00
5.730933130939200204e+00,-3.604301114162127839e-01
7.478718720647917984e+00,4.467758929146081748e+00
9.217268178450116478e-01,-2.443782725296211211e+00
4.611366229588361954e+00,1.077482922433885104e+00
-4.944346202538405954e+00,8.328542597075969667e+00
1.259503254605567690e+01,-2.921547433011770334e+00
-1.439973021867423242e+01,-8.859577290071321443e+00
-9.909198552285113593e+00,-3.068457538826914632e+00
-1.178617257381663119e+00,1.191413399973776066e+01
4.036350022861707743e+00,1.360703627651757586e+01
-4.174840421736321971e+00,9.952011272851002843e+00
-1.711787651679800959e+00,-6.455585103959029070e+00
-1.397570956302374512e+01,9.256165331341307478e+00
-8.227929410142373001e+00,5.947853412793535632e+00
3.930107216428411210e+00,5.119405507632381891e+00
1.402663523819758851e+01,-4.749827022177833258e-01
-6.104835543261215136e+00,1.450457075187200573e+01
8.528544756997451515e+00,-6.761042309069738465e+00
2.161361985145384246e+00,-4.648153527971526700e+00
1.228722533115318249e+01,-8.000644503292770437e+00
1.787021919866371711e-01,1.076198024860018343e+01
-4.247447778285702746e+00,-1.911838692721115951e+00
-6.586243630452798037e+00,-1.443919749333222846e+01
5.944714980421718309e+00,-9.090099984553782875e+00
-9.092482241062802117e+00,1.252612296468796416e+01
9.112427687144442956e+00,3.692611727540141775e+00
-8.609731069915238066e+00,-4.944575925318733134e+00
1.360777879881015018e+01,3.046622118826979086e+00
-9.100528856158859980e+00,4.919680511899916509e-01
-1.648217987122133410e+00,1.811386415482583834e+00
-3.462191515979922585e+00,-8.730770710783424704e+00
4.539375379725671955e+00,-7.831750865942910700e+00
6.775048734097545378e+00,-7.186893296926318619e+00
-2.109955585732760930e-01,-9.303470981341906310e+00
-1.683525659413890985e+00,-8.273799564486692404e+00
4.568975670582024584e+00,8.363005691732693592e+00
1.058769602598160553e+01,4.678625700202787563e+00
1.038022490822902810e+01,-2.180978797848346362e-01
8.510298759990030604e+00,-1.255981213947097075e+01
2.744414772498295907e+00,-7.374587505215926875e+00
-1.519161502217284188e+01,1.132842689435655714e+01
-9.121258809203554030e-01,-1.094405119297035789e+01
1.400684124647639628e+01,-7.507195935454081592e+00
1.079224436023230993e+01,-3.996346996738062707e+00
5.873088710953542346e+00,2.348093365285603529e+00
-1.567005320786563960e+00,-3.720395796244070630e-02
1.993259043268000630e+00,1.055453030955967719e+01
-1.019704887862654807e+01,3.559069910686114113e+00
-1.905355631286866913e-01,1.606094615282965421e+01
