-9.072776167646459555e+00,1.299699760813344263e+00
1.702888236759932283e+01,-8.391927541910789046e+00
1.881522565683575010e+01,2.622468616153240006e+00
-1.777747970725494042e+01,2.357555763624520573e+00
-1.280717981391332039e+01,5.034485075877745963e+00
-2.644050544613974818e+00,1.150380855683588166e+01
-1.104473408735125517e+01,5.737011326483462348e+00
6.558008967966593161e+00,-7.964697935834936793e+00
-1.633792415333241932e+00,-1.725751397498191864e+01
-4.426996908275000919e+00,1.126592004359115862e+01
4.557389382948736412e+00,-3.107321471723207829e+00
1.367758557797155206e+01,-3.060432437558340713e+00
5.073657838118943442e-01,8.177173501003901279e+00
6.171485958946044903e+00,-1.314277442197041346e+01
-6.295727758700146559e+00,1.767100527957526879e+01
-6.161826609098723928e+00,1.260394534312758985e+01
-1.797716545850995118e+01,5.793016493957209301e-01
2.108882542139446592e+00,-2.021574728508438168e-01
-1.733242860629440996e+00,2.339706923660483717e+00
3.400077781678781719e+00,1.426729074640058137e+01
1.039080784224522436e+00,6.429680825168303748e+00
3.992588627684057201e+00,-1.296935544917506355e+01
-7.341841101993145102e+00,-1.653057469019111991e+01
7.070447278497158372e+00,4.847633463384831920e+00
1.012277296560915829e+01,-6.054764173680455386e+00
-5.572039250629578611e+00,-4.579923959996749616e+00
-6.914800684605122427e+00,-1.323196240407008517e+01
8.336554364131263384e+00,-6.045681849346948411e+00
7.476339458002559724e+00,-1.092337380217376364e+00
5.202356707096997823e+00,8.632274619119277403e+00
-2.787308077228359604e+00,-1.874168589793464790e+00
1.960550683483975432e+00,-1.390788014979659692e+01
-1.767482973921122191e+00,8.572327022842955557e+00
-5.781812679014859846e+00,-1.561663265238240506e+01
7.298727721349612452e+00,8.708048835475150184e+00
1.582387880306873029e+01,1.049712844772952636e+01
-3.356509801415748839e+00,-1.532972075021111991e+01
1.130106451503970888e+01,1.303781167128756202e+01
-3.674742000373297568e+00,2.661255782979605300e+00
1.682888026606988063e+01,8.387888712944011615e+00
5.457592573075155329e+00,3.709671208030780321e+00
1.844533903879026937e+01,4.455501481587271329e+00
8.427260570738676293e+00,1.008371036067249982e+01
-1.421289660610131378e+01,6.673361043983023322e+00
-1.419820340339362774e+00,-1.017693121147950919e+01
-5.952050655242972610e+00,-1.171173449956628509e+01
2.900064542064055395e+00,-3.779881559999620944e+00
1.588804851417191344e+01,3.429756738531615778e-01
8.362046870495012385e+00,-7.855863213642204634e+00
-4.210454684593491592e+00,-1.005315633479320070e+01
-1.299597494849806134e+00,-7.978777689538410378e+00
-6.816931134292346428e+00,-3.250601415985540754e+00
-8.688157189597303542e+00,-1.293295959261703665e+01
8.930929242630156750e+00,4.983308134098496822e+00
-1.206759614699169703e+00,-1.198036500484888656e+01
-1.016388209145084653e+00,-1.951195043912605787e+00
-9.283823429533333282e+00,-7.890509927420326086e+00
-1.206740822615936359e+01,-4.685925760183907052e+00
8.250962953443403691e+00,1.189137176912135274e+01
2.724362514296943871e+00,1.257908501306640225e+01
-2.231048963730148493e+00,-5.162135270960091837e+00
4.062283125928574101e-01,2.945439173709929026e+00
-3.079339662393490773e+00,1.327616241104019679e+01
-1.499492721575273535e+01,-1.166457982458971898e+01
-1.571611175162882468e+01,3.378606033318396484e+00
-4.896519614924262243e+00,6.620225886351904343e+00
1.620999814318009058e+01,5.819134284790496103e+00
-8.198388731707888510e-01,7.003882336198549829e+00
-1.351260171215555639e+00,-1.544683175066279546e+01
-9.335193074061090002e+00,6.379539330495545890e+00
-1.432440589833722555e+01,-1.273450105918580544e+00
-8.344109896579146479e+00,-1.887295989658413609e+00
2.243924993985514149e+00,-2.015043311603604170e+00
4.697881999498500605e+00,1.951730217491243757e-01
-1.276895989108703278e+00,1.036931300332879857e+01
1.015841198874909246e+01,-7.855240270019840487e+00
-4.748504340327326823e+00,-1.006267023405053918e+00
-8.137942005410378599e+00,1.715214465977571834e+01
-3.089419668417528353e+00,-8.068020298748306007e-02
6.312753681981675413e-01,-3.002868016103611648e+00
6.693342916925675290e+00,2.289903624067636034e+00
-3.616397415988496511e-01,1.458917118190480267e+01
1.035268993507078150e+01,3.923202565566511701e+00
-1.250098635976797290e+01,-1.414974710735735774e+00
3.192272483566932273e+00,1.197841864412010793e+00
-1.256793138181600611e+01,-1.399586262140727833e+01
-1.074296023791218246e+01,-5.936396122454302038e+00
5.068701352523561354e+00,-7.011675367352206756e+00
-1.029861542153076215e+01,-4.153054456657343074e+00
-1.405587766970810470e+01,2.774245324051760164e+00
5.747943348189908264e+00,1.039278816739278710e+01
-5.973047489978526414e+00,-9.881592147364274936e+00
-1.612417495154237557e+01,-8.514539096822083764e+00
-1.406430801852195955e+01,9.118701720301103819e+00
6.377102563663296309e+00,1.209208103078869989e+01
-3.463178884522464251e+00,-1.353251677936371422e+01
-4.771678152020768060e+00,1.381948931077299747e+01
1.371310531123670629e-01,-9.179382750660847634e+00
-6.006357926818469473e+00,8.079118966932936630e+00
9.148265750559971821e+00,-3.368335677577077858e-01
-1.010649391383842932e+01,-2.374110356147230316e+00
1.677012993128399021e+00,-6.105417164073344338e+00
7.996942263512892168e+00,6.466393803841248733e+00
9.083963571685321980e+00,8.324335863350112774e+00
-1.211174021002209855e+01,3.006581539356503185e+00
-6.317509235817769131e+00,1.071999810517730189e+01
4.899040150314422526e+00,1.991856330874684833e+00
-6.862453329992404427e+00,3.678661998637803521e+00
-7.307155025655093894e+00,-5.040598024702625857e+00
6.334214080473895336e+00,7.226992788549268631e+00
2.178188562689123753e+00,-8.168821129552252813e+00
9.820703388056614358e+00,6.597655719993346324e+00
7.395354035485813604e+00,1.358879469554178421e+01
5.473166531246851818e+00,5.680663111655292141e+00
1.509952767083434466e+01,-5.338213918914274991e+00
-1.894897928749265503e+01,-9.010559514900525757e-01
-2.720027170531500449e+00,-6.846341947883623824e+00
5.607798997680710773e-01,9.996568383785060519e+00
2.154779953912671964e+00,4.344414801021299510e+00
-1.613490478615733892e+01,8.499209711738942019e+00
5.959139491439571223e+00,-4.184358272779687304e+00
-1.312018235621029660e+01,-1.028353960600068540e+01
3.377687135477622782e+00,3.001808633912599777e+00
-5.060800147530735593e+00,-2.832280033919633677e+00
7.858359015577529583e+00,-2.909603356998285317e+00
-8.012508614033670540e+00,5.107522534868444097e+00
2.621429189959858519e+00,-1.178608759178373155e+01
-8.040455825949852642e-01,-6.181326463258987935e+00
1.443810622807654021e+01,6.463500616264535203e+00
9.610136327657189170e+00,-2.140110568892070741e+00
1.447765952557613867e+00,1.536501692951714659e+01
-8.397446488086664829e+00,-1.027593128175901427e+01
-1.305064204410154360e+01,-3.176763346835424606e+00
-1.081053685263666075e+01,-7.314116507162197189e-01
-1.108365112314469236e+01,1.057553407061754269e+00
-1.650592638827539105e+01,4.970748571203935207e+00
-1.487728678000300064e+01,-9.897962960449838477e+00
1.687353261930423542e+01,-4.804970545276403548e+00
-6.175391538540270453e+00,5.346277058878462718e+00
1.094973191171345839e+01,-4.434549091837094892e+00
5.871734243572505285e+00,-1.126988980319768707e+01
-4.826857828882501700e+00,4.132742250185591715e+00
1.301831085611352457e+01,8.349496288844305170e+00
-4.225015431922948927e+00,-8.062803731129688956e+00
-3.745802597161544067e+00,1.530199999913723374e+01
-3.493991347818596882e+00,1.712686402426660592e+01
1.007010768140179646e+00,1.172127956179234509e+01
1.778742875671322210e+01,6.626888533275998583e+00
1.120880935499463860e+01,5.509354007417313959e+00
9.081189258150429211e+00,-9.660383630362996854e+00
-1.165678921822591185e+01,1.012346601826026848e+01
-9.612876816565371740e+00,1.612010214103345973e+01
8.106167239188140528e+00,-1.127466713824237132e+01
-1.353916286098281496e+01,1.272516661828594131e+01
-6.612023447901280271e+00,-1.459055637856489618e+00
8.139584556877183630e+00,1.204105538744089765e+00
1.086333086958477079e+00,1.358044564423259892e+01
-8.049371111020754199e+00,-1.482702276999092028e+01
-4.276563482253256332e+00,-5.853533335157731443e+00
1.211319544797212089e+01,1.128233001883229569e+01
-2.755614925890071953e-01,1.320854352616563032e+00
-6.050333327070408274e+00,-8.083397460738609652e+00
1.567984481899484628e+01,-7.160451256926406494e+00
-1.460592058876167343e+01,4.979242497827370828e-01
-3.833066718432948328e+00,8.138937218764292325e+00
-1.600589581713196452e+01,6.745371486768882541e+00
5.411731500060143141e+00,-9.370185665442152256e+00
1.326459216394261809e+01,4.832807153991745430e+00
1.757029218441590501e+01,-8.147635626355484995e-01
-1.615882372580464832e+01,-5.788606208479605719e+00
9.566572055439399591e+00,2.306268594498095847e+00
-8.690643524578632650e+00,1.000758599488906775e+01
-3.213470846069226283e+00,-3.575987897628702950e+00
2.408000480653337494e+00,7.974066659572770277e+00
1.384580981689772905e+01,3.171474834172209878e+00
-1.612028464149099349e+01,1.483670385751729048e+00
-2.744123831073290276e+00,-9.007553138224006162e+00
3.955472536831077690e+00,-1.040575639333910196e+01
-8.970985795034541965e+00,-5.641263004460256525e+00
-9.479661812606169136e+00,8.164221913642553119e+00
1.123930792953464497e+01,-1.124182163324703154e+01
4.809767786209651064e-01,-7.413202674546992554e+00
-8.560925455646941629e+00,2.990503813453255777e+00
-1.032995234354583935e+01,2.678305597643129587e+00
-6.466257000102202390e+00,1.462481409429273427e+01
9.035185309482752558e+00,-1.450107000543409796e+01
-1.338478753676474176e+00,-2.178008623767148100e-01
-1.239657887916195556e+01,6.855716702966184961e+00
8.126664771654896313e+00,3.336453726151236143e+00
-4.951655562142516231e+00,9.501653881848525884e+00
9.705538178074382571e+00,-1.228654651856880164e+01
9.528796056612177878e+00,1.315987658681233086e+01
2.407542048171793514e+00,1.064737314602911056e+01
1.462607378712380335e+00,1.540812827059984569e+00
-2.953403277738253063e+00,-1.178475832884257635e+01
-9.729013029146040381e+00,4.412684570529254557e+00
-6.010105429347984085e+00,-6.327615694434539861e+00
1.116763160931736820e+01,1.453887850860094977e+00
1.385695843042265452e+01,-8.380065436189857664e+00
1.339049983701166546e+01,-4.836995344126519214e+00
-1.604377714145007872e+01,-6.615522869019986318e-01
1.701005997714229423e+01,2.306701206113146441e+00
3.908938168553469428e+00,-1.450083943308679402e+00
2.795235897372144951e+00,6.198246197204008823e+00
7.209805814745183561e+00,-9.742979507814190754e+00
-3.147190943435293597e+00,9.768180229332051212e+00
-1.182362782936959178e+01,1.194762956849528202e+01
-2.579666879726299822e+00,6.897843356017510530e+00
1.897412281802213485e+01,5.131888787524739870e-01
1.222508539071525746e+01,-6.246010218845703399e+00
9.202444918218812830e+00,-4.064963695083275930e+00
1.147453006088965921e+01,-1.312289951964123347e+01
2.193734818595165503e+00,-9.966605096915019502e+00
-1.456534676833169151e+01,4.925347010571132778e+00
3.315292701312863244e+00,-6.799886390785929713e+00
-2.861669349052098008e-02,-1.411904097559007454e+01
1.102813514228865799e+01,-4.052950506068927483e-01
-7.944088698982262997e+00,-1.375542966389449451e-01
1.202567256313725785e+01,3.029560962166812477e+00
8.795255944433090889e+00,1.480187913489436191e+01
-6.205251258532445746e+00,3.097512471736407202e-01
6.561789034362696782e+00,-5.878188006387469855e+00
6.961837273405738769e-01,-1.096190549880252263e+01
-7.692396227462168667e+00,-7.025329549290709075e+00
-5.249625198093072598e+00,-1.385614000397574941e+01
1.543190954989499630e+01,-9.279190520494648098e+00
-4.484024140408864878e-01,1.805799619046100091e+01
6.487020141103016613e+00,4.344239907280483814e-01
-1.739849342420300715e+01,-1.786513742428577078e+00
3.952891049060323070e+00,4.777977972209470181e+00
-8.528130581738921023e+00,-3.743242189209828208e+00
1.013309983271065207e+01,1.076150441964165871e+01
-1.129061952362430343e+00,-3.765356800290395434e+00
-3.567695318859821718e+00,5.385163037149816034e+00
-2.503696306432762420e+00,3.983243407464698738e+00
1.268466174999338492e+01,6.572968940116365566e+00
1.198008329554996010e+01,-8.003278854007081833e+00
1.332834788807682891e+01,-1.322243486350559927e+01
-4.546316439322025005e+00,9.463814661856313482e-01
-1.063177831732899925e+01,1.432686403503861960e+01
-1.522634336131804211e+01,-2.882487984350003529e+00
-7.360041214357265105e+00,1.674702740247441257e+00
6.038791317945778614e-01,-1.198137214704358744e+00
4.526571972488847018e-01,-4.802912680399984424e+00
-1.292238669152931152e+01,1.343800767667503671e+00
-1.016512691272417435e+01,-9.669391706356059046e+00
5.688294939697986052e+00,-1.521727104366926930e+00
9.552540599447283398e+00,1.641462559991277459e+01
-1.312947078277754143e+00,5.312833642232595466e+00
6.663786139470567527e+00,1.758671256080377887e+01
-7.567907715664458301e+00,7.252004394586581526e+00
4.331268319991396609e+00,7.102129913319118693e+00
1.302367285196734592e+01,1.328070274499925763e+00
4.359351748169521534e-01,4.721221266343633260e+00
-5.547327279392451516e+00,2.498506053898952750e+00
1.524709563362101861e+01,2.113855530995708332e+00
