-6.498124505776893933e+00,1.285345068181006667e+01
9.722809840774583989e+00,-1.629248423791188571e+01
-1.101128638878588362e+01,-1.258566356056675239e+01
2.917809352831059133e+00,1.053591677136041405e+01
4.898606536623092644e+00,-1.166467622487442846e+01
-8.918676016763868120e+00,9.914372244117844346e+00
-5.598270305247543988e+00,-1.062689878025336654e+01
6.068482553312078309e+00,4.589001135280905253e+00
2.697402672133986989e+00,2.771916868140110068e+00
-1.464369357533467486e+01,6.114365961930038118e+00
-1.780315690117811300e+01,6.012833889702042356e+00
6.803516208514022168e+00,6.235753444038930837e+00
1.183768584814777114e+01,-1.238314528252281477e+01
1.073711279207350877e+01,-3.223598925584334918e+00
-9.521522993642964394e+00,4.298897057089507423e-01
1.483551447313008609e+01,4.007267210960295256e-01
-5.400173212810606138e-01,4.582648992780866237e+00
3.762995782495977881e+00,1.734186233035923408e+01
4.836481328276293290e+00,-6.761784940379268249e+00
-1.448314021733686552e+01,-3.276353593018504373e+00
1.018687477828581578e+01,-5.014908602852844233e+00
-6.625197183682428381e+00,2.547967355815629276e+00
1.367165540088493181e+01,8.242976400185611396e+00
-1.556337094155082479e+00,-6.895761421196991314e+00
5.719142041056419323e+00,7.713726049270096752e+00
8.532317321457206560e+00,-3.602137734654984880e-01
-2.718743515097862828e-01,9.875909840130914219e+00
1.033342648972035072e+01,-2.655923568362554277e-01
-1.675546592257606449e+01,2.475498936190329236e+00
-3.493318984875342648e-01,7.676384108532559480e+00
-1.487017179985864246e+01,3.440218325631835050e+00
4.004459803175790533e+00,1.322752134204858443e+01
-5.898425571529306133e+00,-1.593952785099807556e+01
-6.441997006204872811e+00,4.368113560036388066e+00
2.997014739165452912e+00,8.640041548735339916e+00
4.060083800768385487e+00,-1.704276097439232274e+01
4.945025869332151380e+00,-3.358798489544179589e+00
6.040251813586307250e+00,-8.299823423351078588e+00
-5.098798899163854426e-01,-1.605715744007810031e+01
5.308419764007967778e+00,-9.955265807602879491e+00
-1.074902630918856161e+01,9.568457507214262137e+00
-8.392994193300183925e-01,1.402644641495761668e+01
-1.648579628549681786e+01,4.294263715742960841e+00
-9.900161242475649104e+00,4.116179638974726274e+00
4.459587490146687649e+00,1.147256915503992403e+01
1.387877928812162764e+01,-6.680429441139634328e+00
-1.163160698250773883e+01,5.193089380289774404e+00
1.504577246408223656e+00,1.385986245101693015e+01
-8.257158856539383862e+00,3.379217654889438816e+00
1.567116263881478844e+01,-3.094189476151520513e+00
4.063043924874516932e+00,3.950209273205871785e+00
-9.278084772327780394e-01,-5.237079176586791895e+00
6.994516957918363254e+00,1.428833120483429830e+01
1.290449049178581298e+01,-1.075972733991173591e+01
2.022278669729803635e+00,9.307632971246283526e-01
-7.765853352581751246e+00,-7.947695246858872409e+00
-6.264748249008747827e+00,-3.575303577788809584e+00
9.235315630104902196e-01,3.037059519066047653e+00
1.173847697953764069e+01,-5.866570156589544283e+00
-6.595302640667984662e+00,-5.305402268902422058e+00
-2.723571188556430656e+00,-5.127739034970520748e+00
-9.606145467572099861e+00,-1.006671175127762830e+01
1.047979270245840411e+01,1.212363368301211608e+01
1.657990791885561421e+01,4.031058587953316952e+00
2.506523396258951153e-01,-6.875805610070160334e+00
-1.317192728940799995e+01,-4.816941579459016687e+00
7.325584788484142962e+00,1.751623123621193656e+01
-1.360974647207086186e+01,1.233511689313161419e+01
-8.035133673854987890e+00,1.174154725409415079e+01
-2.270158033193561131e+00,1.784645747308706021e+01
-1.843475232034391009e+00,-3.484141823253540604e+00
-1.013500838447965258e+01,-8.334922252085632977e+00
-3.924109840250312953e+00,-5.536536151821151996e-01
1.477937664012751284e+01,4.448935899734387966e+00
9.334538286358906589e+00,-1.952730090394719120e+00
-1.210332931601261919e+01,3.378320879438448276e+00
-1.369469663973006135e+01,-7.731073271379733214e+00
-3.138873257535845340e+00,1.115098303441750538e+01
6.931299400862222626e+00,2.941642056911697445e+00
5.647079045841239875e+00,8.067598976605985239e-01
9.036578777713344834e+00,-1.235886416026897905e+01
2.768446207913044077e+00,-1.425859518980725760e+01
4.405020931228760261e+00,-1.348680331146401912e+01
-2.246486871342758374e+00,-1.535521022903313337e+01
-1.011765748487431260e+01,1.135076759557516013e+01
-1.136369709401521710e+01,4.286783270715398553e-01
-4.163448304960375879e+00,-4.064267259472047478e+00
-1.112755277655675279e+01,-3.096025491453693324e+00
-3.354378986511523220e+00,-6.844617096266858880e+00
-1.563230633667074709e+00,1.101267826732924338e+00
1.128600822896148337e+01,6.257603940869024939e+00
-4.021071267470356148e+00,-1.245108093113703518e+01
1.438658649382844246e+01,1.180781761288766241e+01
-1.847588279172838455e+01,1.725126447167073085e+00
-2.530237807773647152e+00,-1.347702332431991046e+01
1.303702741533348330e+01,6.593825376173879427e+00
-9.969921737305130094e+00,-6.574085060659180080e+00
6.496395161425539300e+00,-2.402947240604281554e+00
-3.357277047110613033e+00,1.208931211681937068e+00
8.452524885159423684e-01,-5.133649388537785185e+00
-5.989983684903069872e+00,-7.083830689392292435e+00
-1.067008579639229282e+01,-1.250480794886756009e+00
1.101124672957013884e+00,8.693356827188173597e+00
8.734520643213038227e+00,3.082261603442454589e+00
4.869734427605611593e+00,6.007081618482801311e+00
-4.296733540659075423e+00,1.813207534028121160e+01
-8.110530957340804648e+00,1.563734906923653467e+00
-9.277152403132056691e+00,-3.026476770939079852e+00
-7.800679596268649263e+00,-9.759669295093102548e+00
6.040894263554558385e+00,-1.431672580873399347e+01
-7.319348593785761636e+00,-1.384628413108378986e+01
-8.147599807346233902e+00,-4.417923544452577289e+00
1.154472988776901765e+01,-1.564215726089574598e+00
1.486754795374974680e+00,-2.740014606221700788e+00
1.564474587259087457e+01,-6.914571017207169490e+00
1.750012348787349481e+01,6.917591015856633385e-01
5.753775698719074683e+00,1.294698104235651037e+01
5.151960407034904321e+00,2.575759242013489825e+00
2.218380778451263524e-01,1.335206338600350762e+00
1.041227885724294211e+01,-1.115239173853181853e+01
-1.623395436799022917e+01,6.985390726205780609e+00
-7.261414003974481446e+00,-1.150245133354780691e+01
-4.377501226774117349e+00,7.548490367401615941e+00
-1.515734901706171378e+01,1.443583447994595259e+00
4.964307715189207215e+00,1.482166556216963826e+01
1.332963236298771292e+01,-4.931534791605046486e+00
-3.046287748171407905e+00,6.367760991423352834e+00
9.757348038769109166e+00,1.631901014047669296e+00
9.489968907986973790e+00,-9.559646475391190279e+00
9.381962807315332498e+00,6.370256004292039975e+00
-1.183634738154672661e+01,1.178409921630000312e+01
1.138571180094233526e+01,4.471397100856304263e+00
-9.543063259106720153e+00,-1.530100638851698314e+01
1.651244122988676066e+00,4.647736502411260240e+00
3.323790001438029051e+00,1.554811338466074311e+01
1.002125669641445249e+01,-7.847846394767463707e+00
-8.008105030660406243e+00,1.393823379149127106e+01
1.189568104153873307e+01,9.706666443201859451e+00
-5.838087732094128235e+00,-9.029251403356653993e-01
-8.592662999813288849e+00,1.689454563383588948e+01
1.723722727139629285e+01,-7.974895367096704213e+00
3.180290903005181580e+00,5.529959241115505186e+00
3.850756000599778739e-01,-9.284632077695631480e+00
7.202211858197883565e+00,-4.099633000919109982e+00
-5.902945797233694059e+00,8.957865096210205769e-01
1.573503886516122208e+01,6.053972410163772189e+00
-7.955440473699004755e-01,-1.906604979685350143e+00
7.917571389688299099e+00,4.776704381645060060e+00
1.646166966127168063e+00,-8.017859542437768994e+00
7.880124852287353932e+00,1.310098192653128324e+00
2.109419374589713847e+00,7.012173060167983252e+00
-1.348985268103490753e+01,2.182145142300358831e+00
-5.531553791916592466e+00,9.875128529358649487e+00
8.533781072518290545e-01,-1.056376465964472988e+00
-7.985539901266209384e+00,7.503449677660083417e+00
8.941518023335287779e+00,-3.745736278931233620e+00
7.547631430180400613e+00,1.255746929859885874e+01
-1.717457715540003349e+01,-4.193087601597350833e+00
-1.196642126288053731e+01,-8.395306972172782878e+00
-2.681299606912558975e+00,-1.124958338249479262e+01
1.176588098086673462e+01,-7.618395600927608591e+00
6.336031796341040412e+00,1.598587377607427307e+01
-2.445484467082707170e+00,4.702224556051374904e+00
2.666896263073353701e+00,-7.904611887231814960e-01
-2.121128960520587636e+00,7.916898798975261720e+00
-1.452649878858770549e+01,8.678282731447795939e+00
1.011082177689372052e+01,9.981968717314115835e+00
-8.604315121938926225e+00,5.830030962271595563e+00
5.230800623412351635e-01,6.010071707256957829e+00
-1.676455201476069234e+01,-5.910481324961309291e+00
1.262259807653267618e+00,-1.564001101688050355e+01
-9.574976582065470865e+00,8.246523120039444876e+00
8.115815976514795693e+00,-1.717486996593770598e+01
3.338071146267375333e+00,-2.497397873274228353e+00
9.001107641086187883e+00,-1.461785373104683394e+01
-2.102184233569078520e-01,-1.429814771163471754e+01
-1.861810857910540307e+01,3.548927169512161139e+00
-8.691462039247439542e-01,1.896882565000445453e+01
-8.551283892447241186e-01,1.157094072320122002e+01
-8.484230007565233267e-01,-1.129894713341164092e+01
-9.787365285317639163e+00,2.237697252262886849e+00
6.643212212314875131e+00,-1.193589456733209886e+01
1.050115407673980528e+01,-1.360447688922357301e+01
-5.572007908871071807e-02,-3.591648343710337699e+00
-4.891894956256733984e+00,-2.420274450803665545e+00
6.762908355916112058e+00,-6.693618606995185516e+00
4.595097311419991115e+00,9.372066067738142436e+00
-3.781778463897386366e+00,-9.789358508216739807e+00
-1.668659588510843861e+01,4.239427919330188699e-01
2.385536172414088441e+00,-6.201811545287701399e+00
-9.091989238612976365e+00,-1.358147890834309202e+01
1.853442478624078760e+01,4.105690479437553719e+00
2.531685496892917442e+00,-9.529612573289018229e+00
-2.907606342060944815e+00,2.951258756934605820e+00
-4.806468110344230382e+00,2.298917857487722927e+00
1.166333814365479604e+01,9.270093942756313377e-01
1.260391855245235249e+01,1.137149893328195560e+01
-2.103592582838968550e+00,9.689285374195080180e+00
4.002010576479849924e+00,-5.145403569040829517e+00
-9.658565280811535203e+00,1.312860391042766750e+01
-7.658433732437222474e+00,-1.571476595305711932e+01
3.452266295214656999e+00,-7.888700345743992592e+00
-5.785272223712519590e+00,-1.774201334390401996e+01
-4.869277851345838570e+00,-5.696638876387968509e+00
6.442856775351896381e+00,9.334748017347655136e+00
8.681320797029057346e+00,1.106269586065779009e+01
-1.841963835018060536e+01,-9.097958461889195381e-02
-7.212192538992991508e+00,-2.080490544008868792e+00
7.474029653676105056e+00,-1.549497229717512425e+01
-8.892769021777928273e+00,-1.292474621944000202e+00
5.811169698725793253e+00,-1.749218578460860130e+01
-9.387074827765866658e+00,-1.184702632459500649e+01
6.191339475513693458e+00,1.115040005856364758e+01
2.448746475326524674e+00,-4.206356500703377854e+00
1.630713125822136078e+01,8.889058768780218500e+00
1.538733855650385074e+01,2.167325542808390182e+00
2.530318570530407651e+00,1.227299726768323929e+01
3.792134960843973168e+00,1.259122827979211934e+00
-4.561786219283430199e+00,-8.173201753710419126e+00
-1.244609676869101733e+01,8.932159532525217216e+00
-1.216189417582579679e+01,-6.411948104045816166e+00
1.513459606649158751e+01,-8.658190456908258170e+00
1.607287277257000824e+01,-4.952867554939245132e+00
1.738747974409054209e-01,1.742426418640066998e+01
-1.139595091751257883e+01,-1.027049231506414628e+01
-6.179477305753438010e+00,-8.902455635354737495e+00
1.744110796566529942e+01,7.514093158002465245e+00
1.345611479313668113e+01,-3.155246175034077893e+00
1.148076495401948094e+01,-9.437255645885972655e+00
-1.076469936823839957e+00,2.844698660186653960e+00
-2.140673695668702692e+00,1.278329538483063565e+01
-1.740344637804220662e+00,-1.748413093913902117e+01
-5.576528730783198107e+00,-1.328759522757902189e+01
-2.074163693624156313e+00,-6.869289090676281573e-01
-7.304082352088409280e+00,9.213910905744604918e+00
1.758602793157665323e+00,1.654895956255537115e+01
-1.316494911095039733e+01,-9.827554622582876931e+00
-1.321950552078552477e+01,7.347407021483915557e+00
1.091818387803857648e+00,1.109593204182104209e+01
-6.764917271467168369e+00,6.119276511650904027e+00
1.376112994298985193e+01,2.973780510781840469e+00
-8.230143611313602392e+00,-6.209893051720164259e+00
-3.113196899871427448e+00,-2.110316819392290544e+00
4.426829894892228445e+00,-4.760251987347414171e-01
-7.448753287972373904e+00,-1.440351771576654782e-01
1.716163198559563696e+01,-2.069155579444744930e+00
-3.813934130255226762e+00,9.226397236328933715e+00
-6.165594556264611725e+00,7.853080977862043177e+00
3.103014796983967649e+00,-1.121107231150441308e+01
-4.674432617649629584e+00,4.064516284116376887e+00
1.123220350421714464e+01,2.722718931771138884e+00
7.642568576294205940e+00,-1.346289350300487797e+01
-1.285640618065267482e+01,-2.547664968959102438e+00
-4.876110428551183595e+00,5.836359018484489347e+00
6.713742820779430076e+00,-5.938639010822437392e-01
5.826514456524158447e+00,-5.200920426494511695e+00
