1.360100747184144332e+01,6.611350684874294004e+00
-6.824746638763116380e+00,1.065538831021390109e+01
1.619808145250253517e+01,-9.859351762246392425e+00
9.522899806054663685e+00,4.201379603477611191e+00
-3.362221883428296643e+00,9.724311203899345557e+00
1.890128668050294536e+01,1.712734881368600082e+00
-1.145480934548541541e+01,7.737434634225781593e+00
3.041386142379887580e+00,1.399478235150635008e+01
8.462081994504510263e+00,1.771581672741114888e+00
1.134686521262296566e+01,-3.838478686537631912e-01
5.250069657387895106e+00,1.825229674808380409e+01
1.074749805813164594e+00,1.894884058071530930e+01
7.697901768525044375e+00,3.377809584833281420e+00
2.730495223916663328e+00,1.500178845659178695e+00
9.630112938566195879e+00,-4.911115084161153277e+00
4.516514568319943912e+00,1.399481157998103464e+00
3.863728267299034069e+00,1.188818945921194903e+01
-1.418503371448132544e+00,4.761785646094584656e+00
-1.374626215507989357e+00,1.261506159421123385e+01
-4.265183362345314144e+00,-1.654600143236821097e+01
-9.546902216687186638e+00,1.996620097242824521e+00
9.631592548183729008e+00,-3.038357241882466919e+00
-1.528975710507637054e+01,2.825808513735990957e+00
-1.179731402061992007e-01,1.074976069312213411e+01
-1.338026120992844348e+01,-6.907547481549575430e+00
-2.266731568387698292e+00,-8.453283842071236620e+00
3.042413590498482368e+00,-1.424010670214209462e+01
6.570868851623020035e+00,-1.180692552691954278e+00
-7.753651490327880147e+00,7.317962410316892985e+00
-2.587999566620237779e+00,1.513603722454577527e+00
1.499483713027144560e+00,-1.232757919062192231e+00
1.288844301332455089e+01,-9.157524043096548994e+00
3.581741818947105083e-01,8.985843828632816610e+00
9.324590768797632379e+00,-1.279631056806356959e+01
1.559575084165159531e+01,-6.062732151183405804e+00
-9.564579972309315892e+00,7.151451203299130199e+00
1.080234812926531562e+00,-8.976370484891521784e+00
1.399463604501641179e+01,1.236258637168803709e+01
-3.434719272309087579e+00,-1.845049542353767835e+00
1.681981650025114305e+01,3.786596763698961698e+00
1.294159116172261648e+00,4.311815728425126615e+00
-5.533137915856238820e+00,-4.395950261232158596e+00
1.029911547207316325e+01,2.569443270157189652e+00
1.181506613948669937e+01,-7.750250954483726140e+00
-4.726722869753992584e-01,-7.979600473025985075e+00
5.971192226216100352e+00,-6.589520143276910602e+00
-1.771785036496875776e+01,-3.947131298317968717e+00
-1.357017951100407238e+01,-1.050729843173194489e+01
1.346066912058069853e+01,2.656768347082644421e+00
1.045080375049785237e+00,7.353570764799790993e+00
-6.969161266738094440e+00,-1.428968217586089473e+01
8.193270077641235716e+00,1.512514631176392754e+01
1.836814594759023977e+00,-7.282678307534905748e+00
-4.163622311828436118e+00,-5.501723097581805888e+00
1.831052586654871561e+01,5.071885768600625788e+00
-8.568799336248142495e+00,3.674309148554593119e+00
-5.241920107704874709e+00,5.083786356292257835e+00
4.796635812915213570e+00,-8.090252568954067192e-01
1.126527415139303478e+01,-2.270156200272680724e+00
1.915014168593998978e+00,9.915951599176640485e+00
1.169561761097403396e+00,-1.710930457376576186e+01
1.510486930858946764e+01,-1.149706352918659036e+01
1.513201570025943354e+01,3.253141356824402308e+00
-4.521825987920145451e+00,-7.342693976173462644e+00
2.235855683853891496e-01,-1.404189447970517435e+01
-1.226743084345138257e+01,6.081899389194550309e+00
6.568581910400194346e+00,6.220451759274631343e+00
5.339836138978796498e+00,1.479388361344784109e+01
-1.724235867679853129e+01,-1.550748696765331669e+00
-3.949669384154474105e+00,-9.022354465068920248e+00
1.583357424436639960e+01,7.237240074179926097e+00
-3.995492458296806770e+00,1.826589904218032601e+01
-1.052994115665913277e+01,5.288565149656497155e+00
3.063645389577577482e+00,-1.625747053536036901e+01
4.681125275395992880e+00,3.228506535869950511e+00
-9.732221857051895242e+00,-4.806647141013317359e+00
-1.578902028709059824e+00,-6.573073144525283240e+00
-8.690186499989808411e+00,8.905621501154703523e+00
3.389530270869277828e+00,1.838779722679938544e+01
6.110984300563489846e+00,5.204655433504542517e-01
-7.763590482139426818e+00,1.564938190293517373e+01
5.129776085140096420e+00,-1.436038686626638139e+01
1.189100803922719152e+01,1.717278777145668345e+00
-1.053590232957835759e+01,3.501876498475057442e+00
-7.163109701768054727e+00,-7.519267546939329527e+00
6.281155053576952696e+00,2.324072633740923877e+00
9.920469642880624050e+00,1.064295159860639828e+01
6.949609494911290319e+00,1.381470281645392184e+01
-8.584601916103975938e+00,-3.281735669213075912e+00
-1.872624722686899279e+00,-1.389567858172800763e-01
-5.041820124733963127e+00,1.034429821231359270e+01
2.061732945689788821e+00,5.924255548398175364e+00
1.151745711546364070e+01,6.280257787340832287e+00
1.621191059633630616e+01,-8.004499693037008257e+00
-1.601889150373846249e+01,-7.621610184786209885e+00
-1.152482046569806684e+01,-4.166974504963937953e+00
-2.057007189616584686e+00,-1.109978634442385648e+01
3.087325116131466984e+00,-2.102345179203032099e+00
-4.919326856637700196e+00,1.435583078807701618e+01
7.840070321187250002e+00,9.169882058462830443e+00
8.414986138866966670e+00,1.276126185700474025e+01
-1.785764340181970766e+01,-6.367574399671278584e+00
7.369149323302634613e+00,-7.672060508493700581e+00
-5.195376877901891177e+00,-2.653668082749959911e+00
-2.099437724270803440e-01,-3.052441435764586597e+00
1.114753024882956289e+01,-1.086780443792283712e+01
-7.595263604263863044e+00,-1.255154437554703861e+01
-8.803452000691416313e-01,7.311006756058636924e+00
1.009888216169741604e+01,-8.568214101948639083e+00
-5.742982567976748776e+00,-8.884362360681228310e+00
6.643074425071092470e+00,-1.526649142254275660e+01
6.343367832911678939e+00,-4.810058160648571501e+00
3.143280853513847894e+00,7.437977585171637429e+00
-1.220101158601213598e+01,1.290102531461742030e+00
-4.468979781306095411e+00,1.618558598188853281e+01
-3.652059920423756711e+00,-4.053046827010238495e-02
-1.636523254952741269e+01,1.341872041107281088e+00
-1.303865033312935040e+01,-3.252115921808349963e+00
-3.765583385239513969e+00,-3.666953205840921992e+00
1.442918904940970037e+01,-8.054721797173961306e+00
9.676783451444054052e+00,-1.034506709955378856e+00
-8.877414973595746162e+00,-1.405956702782294343e+01
8.051590781834494948e+00,-4.011359592750588732e+00
-6.579921361347118136e+00,8.770415591073644990e+00
-2.368458190714236800e+00,-4.930436629813958582e+00
-1.244358394410124014e+01,9.327024892760947594e+00
1.407547378415998374e+01,-5.002357712471035889e+00
1.202150218293211781e+00,2.507288886162082786e+00
7.962746287589261840e+00,5.163100501014943333e+00
-1.397813900767605588e+01,6.943648633804580861e+00
-6.024549366550295382e+00,-1.587400050788306771e+01
-1.238301873077092496e+00,-1.511191229718049733e+01
-9.671854045617612528e+00,1.439132197288253145e+01
-1.510434772608835630e+01,5.433595506052198765e+00
1.779942373091481844e+00,1.524587009160303452e+01
1.645674414168778910e+01,1.914643373907347179e+00
1.752527906088275245e+01,-1.737177566687018171e+00
-5.762319434048949196e-01,-4.767951988896931503e+00
-1.042790010541930634e+01,3.959178288427154802e-01
-9.177421489498776452e+00,-7.931551527538220014e+00
-1.100967783425003788e+01,-1.141550750874190179e+01
-6.688578579624914866e+00,3.846256800236168782e+00
1.415836227010723825e+01,1.023327453357674521e+01
6.501820665270359179e+00,-3.038816934998193275e+00
1.476003893775456932e+00,1.174132963992583356e+01
-1.889502672990333698e+00,1.594067715726393963e+01
-2.450363606570168162e+00,3.296949756659811381e+00
-5.790425727417014556e+00,-1.287238542033747279e+01
1.301727280759936489e+00,-4.806833031850795024e+00
6.433701901367638420e+00,8.057685492519938819e+00
-1.768389424333874160e+01,3.083514649877291181e+00
-3.548304889862500033e+00,1.157926687628968487e+01
5.527694029123917829e+00,-8.395577362814695022e+00
7.969135578025325906e+00,1.102161993434448206e+01
-4.218884422421891323e-01,3.260937909343684993e+00
4.585542989481542264e+00,-5.039153432016336254e+00
1.935002625736793880e-01,5.748400783343934783e+00
3.589190061639147888e+00,4.879572843477516741e+00
-7.616142416274948701e+00,-9.230151409892805248e+00
-8.833207833393224018e-01,-9.685115156769954936e+00
8.737198849413523760e+00,-1.641876296432483784e+01
-7.296986873402848239e+00,-4.929833777222698998e+00
-8.756084681265203784e+00,5.582831569849567188e+00
3.111389078578790990e+00,-3.950163311033994873e+00
-1.040540287880282477e+01,-2.786046536847332167e+00
9.128329211691990963e+00,-7.037916633213838757e+00
-1.728247195168219008e+01,5.773937393666495055e+00
-1.257513095156594218e+01,-1.410599404695043013e+01
3.044276581712184182e+00,-2.700529128882835361e-01
-3.811826447331152945e+00,-1.829363976353587518e+01
8.149073839978406397e+00,7.373936876619984204e+00
1.138460148520194437e+01,-1.274493825735491193e+01
-8.526143350306556457e+00,-1.224743134485930751e+00
5.444292383516627254e+00,4.875926776553335174e+00
1.003033069852828163e+01,1.514950281888871153e+01
-1.359683527926394397e+01,-8.735517277107296863e+00
-1.045392574116158002e+01,9.283555108591370342e+00
-1.382750293716563217e+00,-1.299750557775792892e+01
-7.840237337767617554e+00,-1.604198857942454026e+01
-1.905929591809562229e+00,1.084831265383676424e+01
1.586228419650547394e+00,-3.064329023464546609e+00
-1.424339494590497690e+00,9.080904873671524768e+00
-4.398882166669525695e+00,1.562949481435770727e+00
-1.378568140018745147e+01,-1.503127714613306409e+00
-4.572003162297053613e+00,3.374983447382881696e+00
1.522072226959629626e+00,-1.531872895399316903e+01
-2.012950260213876685e+00,-1.887011177746660806e+01
1.218162122100394740e+01,1.299103712817656664e+01
-6.115125035752760674e+00,2.106168340106933545e+00
-5.102283517181082750e+00,1.260232284954319049e+01
1.647235115913210635e+01,-3.182757841487716899e+00
7.727519162165022770e+00,1.688502757126993359e+01
-2.032864814094028638e+00,-3.042911182543348581e+00
1.024368441258707385e+01,7.670601451023864037e+00
1.081962755121151076e+01,-6.229271302111791364e+00
2.371275779041794429e+00,1.693739838914339657e+01
-5.936526989859632231e+00,-6.218095713477159059e+00
4.730405500723689372e+00,-2.747475012727517818e+00
-3.398487175850255060e+00,4.809716818561931895e+00
-6.930011094327160670e+00,5.605330677983473286e+00
5.890605787453031539e+00,1.652696748538090432e+01
-2.393962008603498060e+00,6.306137701813594454e+00
2.845373907185533735e+00,3.273113189470516549e+00
-1.070563684086175193e+01,-6.615162570221403193e+00
2.420030526011555772e+00,-1.018780383952050173e+01
-4.780121935061916183e+00,-1.449340505899836629e+01
3.174842746577206665e+00,-8.474117687986545633e+00
-1.133719888985875279e+01,-1.192390300042944329e+00
2.000237055944779352e-01,1.736455148284370509e+01
1.320741832852176501e+01,-6.596840594109316669e+00
-8.580203381665878481e+00,-6.218783262474367746e+00
-5.294854915048788691e+00,-8.410762325680811724e-01
9.942182691252233084e+00,7.164278100453760345e-01
-6.770333899305894576e+00,1.404157909604427168e+01
-3.033612655207164277e+00,-1.514678764965461610e+01
-1.403221100576751112e+01,1.473012428143883001e+00
1.466520182735967204e+01,-3.261720514757183054e+00
-4.718346071430684852e+00,8.568429565969964301e+00
1.422722341124474355e+01,8.340006989817036143e+00
1.413039452516750138e+01,-8.184446864720509307e-01
9.552999858304149328e+00,6.044550127745294432e+00
1.285451475351613837e+01,-3.594970941150834154e+00
4.743194996271805408e+00,6.611318471551384413e+00
7.717541820859203483e+00,-1.378152976808410557e+01
-6.852399943467555765e+00,-1.855845714035526450e+00
-5.855213721709667141e+00,7.145230649608664386e+00
-1.883946290746207097e+01,-2.464677942117543097e+00
9.436359664423333626e+00,-1.043115723044026666e+01
2.889245687045068234e+00,-5.800795460857205654e+00
-7.109308207746970476e-01,1.470676530414617433e+00
4.228944542571033693e+00,-6.991058398926687900e+00
-1.367048037372005709e+01,-1.256069705203817755e+01
5.569564936715973857e+00,1.043539412864060445e+01
4.690374459352253389e+00,8.535942614972181985e+00
1.701900798757909783e+01,-4.898179690754529858e+00
-4.901670910176363360e-01,-1.276496480028894709e+00
-1.004844750384254404e+01,-1.600710312106789956e+01
-2.213214671812513412e-01,-1.131963717385081480e+01
1.108438772990514076e+00,7.543927038056440493e-01
-3.901777891798476450e+00,-1.080560865873751197e+01
6.599406755121225210e+00,-1.241233455126637786e+01
-2.891546488270571036e+00,7.989900434321184797e+00
-6.630560930583524026e+00,3.638520754790541267e-01
-6.949739643624846863e+00,-1.087301912007536409e+01
-9.378163850864115858e+00,-1.226730096899059497e+01
-1.189039034955122176e+01,-7.955147868020228330e+00
-2.109418909239860529e+00,-1.668861997355549320e+01
6.275180203508900156e+00,1.218102865579688121e+01
3.538147889377644684e-01,-6.328126370989187066e+00
7.802391776747506391e+00,-5.862492416522989913e+00
-5.338640779725147001e-02,1.535107294411067080e+01
3.704930983891564278e+00,1.003141658153524318e+01
8.125212571382215643e+00,-2.114268862134232485e+00
-1.362860378933993921e+01,-5.057179791467034669e+00
7.809231668194934528e+00,7.398156050071334755e-02
-4.155956865197719452e+00,6.565757018309326121e+00
