-1.657901065392793249e+00,-1.059822626754144359e+01
2.730410776367921510e+00,-9.051833042475424307e+00
7.043863976006047301e-01,2.219862866484611175e+00
-1.597910142381399545e+01,9.657038994280101818e+00
-7.218806852692336573e-01,1.152196026163018416e+00
-1.226974568169470103e+01,-1.325149841690797636e+00
-9.974591194670567873e+00,1.361214525496037453e+01
-2.487114829443241693e+00,1.210729191791721560e+00
-1.169786411891314870e+01,-8.720801381808254149e+00
1.369512046863940569e+00,-1.278584966724086236e+01
2.005565436590726947e+00,-7.399805664428468432e+00
-2.534310138678455893e+00,1.233739108237927162e+01
3.737441081713885005e+00,3.217017329874672926e-01
6.248631901743150863e+00,5.155027879481429487e+00
-8.473493603470481972e+00,-5.414312766695517531e+00
-7.691282866135882301e+00,8.003250253248369361e+00
1.151797420370997393e+01,-8.040866299379494375e-01
2.790559898184946874e+00,-1.382689310074441558e+01
8.895774504006155325e+00,9.704121744829647955e-01
-6.130723774157416095e+00,7.059727092446349772e+00
1.074097051354461918e+01,-2.474613573141419831e+00
-4.239649891499999157e-01,-5.928527186068068389e+00
-6.451015634160156331e+00,1.667392832220878773e+01
-3.234109623224274532e+00,-4.162044265959662148e+00
-4.333896713093450259e+00,6.820178743963790424e+00
-4.532418760072012276e+00,-1.215847429717161754e+00
-7.278389404494212123e+00,1.132869946703696229e+01
-2.861778467771292966e+00,-2.441515533103137514e+00
8.030079804963252244e+00,-6.974703760233797567e+00
-4.759699784771656006e+00,8.556441017012955896e+00
4.480251921096606971e+00,-9.321688606738849359e+00
9.962900617400437753e+00,1.614430829438833825e+01
-1.741711909381909251e+01,3.846504169013930774e+00
-8.958060915348838193e+00,-7.425937766545041896e+00
7.962710462298521641e+00,-1.709812299843501648e+01
5.770435868525565226e+00,-4.305661099661592495e+00
-5.480952131567598862e+00,1.816765789529704378e+01
1.101351384717568038e+01,7.249263704331455394e+00
1.487363288101157899e+01,-4.929457952559470613e-01
-1.171436111160474702e+01,1.395686123854798488e+01
-9.861865971691882393e+00,7.133838138691232622e+00
-1.891230995204458587e+00,1.888735744769799041e+01
1.042749251692188928e+01,-4.836784520149575606e+00
-8.873294620669469168e+00,1.509570691526589492e+01
-1.128249081477934190e+01,9.349158165713763680e+00
-4.616230736118006384e+00,-2.985043759918655670e+00
1.413296624651731781e+00,-5.612689435645646263e+00
8.361563651601224834e+00,-1.376309584810583075e+01
1.133003899757846256e+01,4.246410852693940363e+00
1.115258427315992762e+01,9.068653563149844388e+00
1.350312976539763810e+01,1.086256796006952641e+01
7.739179562921721711e+00,4.180847347659200963e+00
9.440145330201707097e+00,8.161552268342326499e+00
6.955347981714422367e+00,-8.372074666365037388e+00
4.761510980955911521e+00,-1.656344943624910826e+01
4.402192107311639013e+00,8.566324468565985839e+00
-1.162919634596788709e+00,5.405233347390083765e+00
6.178902910675450499e+00,-9.983494500038204933e+00
-5.673349511214916596e+00,1.455475971743704555e+01
-7.417933849216397313e+00,-4.412312829991504870e-01
1.368198659799392125e+01,3.010111614179146411e+00
-1.003412391452766883e+01,1.066399111681708689e+01
2.640376065307371789e+00,8.921599812265853302e+00
3.407959193583756097e+00,1.180014988335805448e+01
4.473785121597797954e+00,3.910907865674006612e+00
1.405295921315038221e+01,9.144123096426117314e+00
3.171697213013083161e+00,-1.563451532326843996e+01
5.025987252355752943e+00,-1.831240575476386923e+01
5.526174371515164552e-01,-1.737865272112561810e+00
7.355502098563235336e+00,-1.139310494057292722e+01
2.262595374307690754e+00,-2.193286337501906491e+00
-8.123300393536823094e+00,-1.083041961078274262e+01
1.856530777496508122e+01,3.897487788057891311e+00
-3.578853503582696050e+00,-7.726172969072735874e+00
-6.310866754957460856e+00,1.013509148813047878e+00
4.519801113123294023e+00,-1.111897476726536738e+01
-1.012852652564223188e+00,-9.269897529495221278e-01
9.507905463760081943e+00,1.192110519588386097e+01
-3.683875574653397322e+00,-1.367140831119175814e+01
-5.432514747604675343e+00,1.276802459180169080e+01
8.992455174777454555e-03,6.785738603722261786e+00
6.536674329401950256e-01,1.434479314348033085e+01
5.301912883433679724e+00,-7.678176408987244628e+00
9.707000512683334748e+00,-6.074814194911923870e-01
-6.793065172358617509e+00,-4.793269654703209426e+00
-5.457186432109878638e+00,5.363999794417392941e+00
-2.561874490681006478e+00,6.827396282432419916e+00
9.640629833663474813e+00,1.011974415991065435e+01
-1.997819260698735944e+00,-1.442346845588607707e+01
-6.589825605231075301e+00,9.377865528005338902e+00
1.335025784098765911e+01,-7.255860963886409998e+00
9.782338570371715392e+00,-7.420216407432331351e+00
1.301313487924961598e-01,-1.123112483739211243e+01
1.580532108655739698e+01,-2.140750037717900511e+00
5.147787803103736515e+00,1.026128892124138581e+01
1.137148975600940082e+00,-1.586751821459919753e+01
-1.286381065664383527e+01,8.527611733810150696e+00
-1.259547101552340997e+01,-6.804582306824094928e+00
9.537926947787470411e+00,4.370202578691587902e+00
-1.971395495147700627e+00,1.053570639327497638e+01
4.550554233901879186e+00,5.712770862616716627e+00
1.539595011815293368e+01,-1.112525447485165486e+01
-7.290168659550140262e+00,-6.715525322895532057e+00
1.241269279282697724e+01,-9.342594697638642032e+00
5.606441941995824463e-01,3.988609916951226797e+00
-4.960316636023852865e+00,2.244057794687073670e+00
1.167561714920696758e+01,1.136402886485460151e+01
2.935593531883385232e+00,1.361196977434298816e+01
1.494675808300539721e+01,1.588984696628448212e+00
-3.640653596130911662e+00,-1.090754409285387894e+01
9.199817365333271546e-01,1.621245859268735501e+01
3.791748334871143822e+00,-6.766360586733219940e+00
-6.012796314149233545e-01,-1.782110863303068271e+01
-1.160265279812053762e+01,-3.839592852513455057e+00
-1.113590579806318637e+01,2.109301068746576746e+00
-4.416760829120656595e+00,-9.288346518152595266e+00
-1.302971348720369704e+01,1.332334580326063111e+00
2.947304775638881491e+00,-1.199134110320909308e+01
-1.207376799245880505e+01,-1.283680798032071202e+01
-1.446092854567798369e+01,-3.821835773022419502e+00
6.171309437806043796e+00,3.360435513759076009e+00
-3.881319849357883101e+00,1.489026164616526771e+01
1.569054172498028521e+01,6.987255033547260297e+00
8.417414434753428765e+00,1.513323568046362055e+01
1.005396014865361121e+00,8.263920494884121837e+00
4.985582911072334866e+00,1.832878597258397946e+01
-1.110519773086383211e+01,1.212933226791096786e+01
1.378490007506322890e+01,-3.722987410960493015e+00
8.840276335972412358e-01,-8.995751318360042603e+00
2.688998807462739116e+00,1.636199730545866871e+01
1.393150026460149515e+00,1.262889515186250122e+01
1.234161901578348097e-01,-1.434765600542188047e+01
-3.726486367410195122e+00,-5.889390293137933163e+00
8.880471286386304897e+00,-1.047604522532359717e+01
2.252006742612884693e+00,3.242377634489455485e+00
-1.574779415416200301e+01,6.201169664101696455e+00
-8.660249683152311917e+00,-1.411968384391895093e+01
-1.353991491411852444e+01,-9.149753573959870323e+00
-4.422436101871057623e+00,3.917629586353386983e+00
2.159695193498685661e+00,-3.992774610759447285e+00
-1.500024549944536290e+01,-2.081337172081950460e+00
5.668730322848518632e+00,1.466366600957783595e+00
-1.016651955314375744e-01,1.898339347309320502e+01
-6.898019496710952936e+00,-1.422486637429171097e+01
-1.276212384135517119e+01,5.687708980640043599e+00
-2.795977437036373026e+00,-1.791546686965600443e+01
3.963165778638398251e+00,-1.472002384225761018e+00
5.433572276146207081e+00,-3.349034186251059197e-01
-1.391054807495329282e+00,1.371546648550248015e+01
-1.237335967853212715e+01,3.444441491584152359e+00
-6.026544902376127055e+00,-8.184072687440586691e+00
-5.209369970533561656e-01,-7.835043199547371273e+00
5.508528671252235220e+00,-2.424285664152078024e+00
-1.679275250606541547e+01,-3.693115847924692385e+00
7.359428994461957529e+00,2.044323572274250100e+00
3.925981377276666073e+00,2.192016845689493731e+00
1.443552240656856078e+01,-9.578825640126353846e+00
-9.456017484455696120e+00,-1.246301455985051199e+01
-1.199520518601742358e+00,8.099893134031578512e+00
9.614473369988754570e+00,-1.207821678653080966e+01
1.735359436387813048e+01,7.713129342511267694e+00
-7.557208853656339764e-01,1.550617201967745373e+01
-2.468342969952245003e+00,1.616988488048508543e+01
1.205276399752409944e+01,-1.323470313158801659e+01
7.727843171670199851e+00,6.209055061800627939e+00
1.652642517124529320e+01,6.736231726323296254e-01
7.241936415828720719e+00,1.940209456005730360e-01
-9.804338702814455075e+00,-4.090258393573034112e+00
8.211600151875792619e+00,1.689112849883594691e+01
1.384693825676534429e+00,1.800866335454381328e+01
-1.291770328329868178e+01,1.263517743084214473e+01
8.011440559587008181e+00,1.286835464230194681e+01
2.334099267291370072e+00,1.403691897061055460e+00
1.153426629546814119e+01,-7.768456254814995354e+00
-2.207794967862763136e-01,9.577431456872639970e+00
1.728531397954881754e+01,-5.852182713187382035e+00
1.215742169922075355e+01,1.457381287552608384e+01
3.177119239436286602e+00,1.827835253107592095e+01
-1.419917659252686271e+01,-1.082723200851866352e+01
1.360490414258943348e+00,-9.178071209968635680e-02
-6.191172031251531038e+00,-1.780950342215420923e+00
-2.938145036750051897e+00,8.826410384963299549e+00
-1.840449860590185338e+01,-2.744368600531325697e+00
-1.412903297389451973e+00,-1.612146923371794571e+01
-1.992330927775422422e+00,-6.715599954845332675e+00
-1.466049443683545306e+01,-5.902555044664986816e+00
6.788595364093284346e+00,9.154130228887344956e+00
-8.869743664297811137e+00,1.216453111627525452e+01
-1.597190297904016987e+01,-4.728914823570926629e-01
-1.043978935512100392e+01,5.380427998437295578e+00
1.337602437038595271e+00,1.062019784348637863e+01
-5.390334881356183772e+00,-1.821366771616201063e+01
1.273584283296445818e+01,7.900550634077063705e+00
-1.307531478025582139e+01,-4.990655155820518551e+00
2.988384190754095560e+00,4.895846640676999151e+00
-1.050060161448599771e+01,-1.462536949939439834e+00
-8.315551828177067506e+00,-3.049228427039565759e+00
1.456321003502977796e+01,5.506287740675750442e+00
1.537644831942586521e+01,3.582014082019857604e+00
-7.239322805765045388e+00,1.334837316630134829e+01
-1.072842425230844654e+01,1.546055036821387318e+01
-4.196167447820546847e-01,1.136573838553347748e+01
-8.267826127984099216e+00,1.707358545294554730e+01
-2.856880021588643626e+00,3.008168997603119621e+00
9.505704025457273332e+00,6.235248263819177517e+00
4.079906468395795294e+00,1.500517765431631112e+01
-1.526652999824615087e+01,2.966525942796580662e+00
9.131089991593558608e+00,-3.543526277191972440e+00
-4.261351878188296638e+00,5.581205314883630475e-01
4.822625859279416893e+00,1.315226154413196546e+01
7.188888095564259118e+00,-3.159113000850034769e+00
-1.051267853119111528e+00,-2.720247316329255316e+00
-7.568817520581522018e+00,3.035522164539807388e+00
-1.389741585247513989e+01,-1.262770578784835962e+01
-3.675149700538496766e+00,1.853374824413863209e+01
1.288710406962194988e+01,-5.535864893910024342e+00
5.940239852691593825e+00,7.474103767066739401e+00
-1.415035988067839234e+01,4.573115624764378495e+00
8.231980931452190120e+00,-5.147663049267429791e+00
1.310831010582760214e+01,1.317992543139523631e+00
-5.504326575011572409e+00,1.089791537191236870e+01
-6.094753391407262910e+00,-1.006264937468434262e+01
-4.092464542941692152e+00,-1.542472977372620058e+01
-6.259794727817062920e+00,-1.599824924411859683e+01
-3.801230289053809219e+00,1.047185996646006423e+01
-2.404672756085437513e+00,-1.232315367434672204e+01
3.879190976532063573e+00,-3.258008553406843255e+00
-9.938273575993019193e+00,-1.068045816145342286e+01
-1.444781220690488643e+00,-4.460877028821238710e+00
-6.478629564635979499e+00,-1.186266226898176335e+01
-2.747916221683576854e+00,-6.204803165116854480e-01
2.988848696943095518e-01,-3.897712874495431024e+00
6.315820651561822707e+00,-1.288300046585860947e+01
-7.153901388873081579e+00,4.768496068699901613e+00
1.785219919879342365e+00,-1.059849224368866771e+01
-1.775442144071436701e+01,-1.092700861990262506e+00
-7.632147924299665043e+00,-9.089383722076981087e+00
1.030711290374694400e+01,-1.377515997825733685e+01
6.290428731292251108e+00,-6.195857204918522321e+00
-1.002609354484980564e+00,2.901928355528643699e+00
-5.438508804809876196e+00,-6.393676883297690239e+00
8.431395162740528804e+00,-1.868282115769744900e+00
-1.863039230716160688e+01,1.035974950293492514e+00
-2.942112031944360773e+00,5.092838762768971961e+00
-8.885385279829016270e+00,4.443154212517487878e+00
-1.213025984138746516e+01,-1.102706673534706638e+01
1.377531164912287442e+00,5.684064777159990811e+00
-1.076344761536313044e+01,-7.116488420124953862e+00
4.978845046147605480e+00,1.657254254918663960e+01
1.065121505863629991e+01,9.479843786039962028e-01
-8.389414781892964967e+00,9.924011623747256650e+00
1.087493653415675077e+01,-1.073775666175343346e+01
-1.170464884881598167e+01,7.116598957081284205e+00
4.081840978550933308e+00,-5.008417160131608981e+00
-8.302962341617725173e+00,6.158160066226977314e+00
1.168024047336615645e+01,2.429944789959743723e+00
