-1.068504546965941593e+01,-4.650507406510171471e+00
1.864676404645589258e+01,3.608156589285026694e+00
1.159412492057498234e+01,-4.885479441857555116e+00
-4.837493978710710962e+00,1.239604195964137645e+01
4.322383103978328367e-01,-2.939282326646971200e+00
-7.217950561556921940e+00,1.215180779302687242e+01
-4.529145095878950755e+00,-3.994330583261702650e+00
1.323113452710372506e+01,-4.152230380884685879e+00
9.606620241815695849e+00,-1.429887009023462774e+01
-1.066306529696771399e+01,9.109486748204508544e+00
3.988680073682846494e+00,-4.119430157949195426e+00
1.445396822284091165e+01,3.608967075335413721e+00
-1.284592907755419411e+01,1.020215253587338111e+01
-9.273242142280472278e-01,-1.149825383642732213e+01
1.232658932657241557e+01,-1.202049447680811589e+01
2.224428102810231678e-01,2.038921066245524383e+00
-5.447147730877225369e-01,-6.632504750781391678e+00
-8.017296980878027668e+00,-6.383718911167950871e+00
-8.981905837614155175e+00,1.249506635309554348e+01
-3.935674814164064728e+00,1.629865966366735464e+01
7.227271601502265774e+00,-5.922996077407291615e+00
1.004515741373504589e+01,-1.079060059847319053e+01
2.288811876095529385e+00,-1.882137437920988532e+01
-1.123390254335518179e+01,1.409510274509848893e+00
1.489024650816959650e+01,2.882568237446089254e-01
-8.636840334742379000e+00,-1.322551576185494326e+01
2.310459978629253897e+00,-1.531939874553254377e+01
8.242579376384787437e+00,3.544276383599413993e+00
1.066217887794421237e+01,-3.285739644459526154e+00
9.380197177479859150e+00,1.475239286665493132e+01
-4.578282570570542553e+00,-7.369601259671966886e+00
8.316399874314297946e+00,-1.011479395370190026e+01
3.907025804366797583e+00,-2.325842628531759271e+00
-5.911887652219308009e+00,-7.755197368757351661e-01
-7.293890171130351874e+00,-1.206589163220253802e+01
1.451784196389011328e+01,-5.479556882352834002e+00
8.941879496409228523e+00,-6.646192320352774630e+00
7.453247261191319417e+00,-7.784124621261548249e+00
1.003971792566456500e+01,3.157504487036802310e+00
1.435902353142702204e+00,-1.198995917351677853e+01
2.074985622075408820e+00,2.464074446072580749e+00
-1.475836583623829412e+01,-1.156135307462781903e+01
1.065883051057933528e+01,5.988512713833618051e+00
4.238286071180958903e-01,-1.515243085521954391e+01
6.182781497770683643e+00,-1.426428340706050335e+01
-8.557406401559911613e-01,-1.392095691523561563e+01
-1.078495181242544732e+01,-8.070687423181549747e+00
1.389270498503559281e+01,8.465680865826042734e+00
1.218947048364034913e+01,-2.407259426646614742e+00
-4.432935146663556480e+00,1.048889073584167342e+01
1.655056778871520606e+01,-5.089491006620534108e+00
-1.141317464031191165e+01,-5.630944464530351912e-01
-3.735905155554345658e+00,8.719158228659830812e+00
6.005685002540841921e+00,1.130022206764970605e+01
5.043583595812017428e+00,-1.279600892187354155e+01
-2.294841987423623664e+00,3.796403864724499311e+00
6.437472005690374921e+00,-7.100080815712225268e-01
-1.017359530081115260e+01,-1.168033258226108728e+01
-5.739575274505345881e+00,-1.306711590112501398e+01
-4.740739772419920506e+00,1.462745368500781140e+01
2.081430503254673603e+00,-8.788959918958051176e+00
-9.746775146647157939e+00,9.402387914396133362e-02
-1.127001545654889725e+01,1.098542703307719748e+01
-1.872371298129163009e+01,-1.766851782110067770e+00
-1.346162660510817677e+00,1.235530172299872298e+01
-1.024809515669573834e+01,2.937973846163600022e+00
1.132990918832322436e+01,1.311339885999514721e+01
-4.790763984648124030e+00,7.227217046692347324e+00
1.521251280480571122e+00,-7.033823611887892291e+00
-1.222105686087945564e+01,-9.090795122518620985e+00
3.942446469212964377e+00,5.442770909386077882e+00
-1.467022397264090294e+01,9.856759740764355016e+00
7.391834993588194180e+00,-4.097599378537455372e+00
-1.741731844653334749e+00,5.478588357666215991e+00
-6.213762649343541611e+00,1.022223967025425928e+01
-7.483711106781211875e+00,4.294469023755370651e-01
-4.817746365257637997e+00,-2.179835861930679020e+00
7.130215880834191111e+00,1.561971883132054195e+01
-5.477909731802499849e+00,-8.966590056136677589e+00
-8.506771409765059744e+00,3.384667796278583829e+00
2.888901171122700173e+00,7.317699922920591682e+00
-8.149907499211005657e+00,1.406789778182784367e+01
8.623199653520064345e+00,8.722085417118895734e+00
1.461165301152376417e+00,1.795704930672961197e+01
1.784222414679023672e+01,1.924156075528234311e+00
-1.006015319809569775e+01,4.798273228622742970e+00
8.619883246421769840e+00,1.810906357811242762e+00
9.132221401301936936e+00,-4.873252421363531539e+00
-6.511144965853550737e+00,-1.042446356745987757e+01
-1.488539290616825106e+01,-5.561642170942109331e+00
8.670081015513483313e-01,1.121994370510488004e+01
-1.370589101235552221e+01,6.476019088776170385e+00
4.053992208357398042e+00,-1.644670504509811693e+01
-8.605646949845880300e+00,8.668125178808372411e+00
5.701084718213259350e+00,-7.223937690111352339e+00
3.983593242717220484e+00,-1.452008443110933023e+01
-4.483805161891748492e-01,3.680793927388829267e+00
6.300093059209668667e+00,-9.198698501081709722e+00
-1.200081636523241713e+01,5.996896836918595319e+00
9.094392599620858775e+00,5.156413221438060468e+00
-1.508469801703721469e+00,1.412579221811115637e+01
-5.649330529587554217e+00,-1.538720932540665487e+01
-1.577050193614739726e+01,7.462279332286195555e+00
4.935225585295988537e+00,1.271223094334113668e+01
1.348229438132644020e+01,6.679703169982937005e+00
-1.229229843044337400e+01,8.112399046858435270e+00
9.298055436683699826e-01,7.129348368771244893e+00
-1.135138891369414926e+00,-7.433709464812693346e-01
5.127820118291536389e+00,1.111601561528583026e+00
-3.947429415146594511e+00,6.119116279796229518e-01
1.023024611835652742e+01,-1.256521157061246008e+01
-4.025476330132433667e+00,4.186025061635274547e+00
-8.790797141743578180e+00,1.634386170018101936e+00
1.245740296432708449e+00,9.409343460054973463e+00
-1.727978623644525058e+01,4.536975202544672570e+00
-3.410495389858309245e+00,-1.198122273207556709e+01
1.647390972211056348e-01,1.472988748856428920e+01
-6.277214359926411191e+00,1.370740579207449272e+01
1.014706630734569615e+01,7.744877794249461544e+00
4.368961415365221868e+00,-5.998758062255649115e+00
-6.278378425341188063e+00,-6.748535702322449481e+00
8.417704789335488158e+00,-1.198742721496361696e+01
-3.147229345476628914e+00,1.177324203715252793e+01
-3.484447205226780309e+00,-8.861596629863141672e+00
8.606631217448452276e+00,-1.238505258837530265e+00
3.330104119262760509e+00,-7.506514006415254237e+00
-1.318232430649072384e+01,-5.009475003475117205e+00
4.581757653430006627e+00,-8.862731958737724014e+00
4.473867220738906525e+00,2.760264312464931091e+00
1.148323500688204746e+01,4.321802328313316011e+00
1.747032158118310363e+01,-6.653265573332525662e+00
-2.065065776882511361e+00,1.763328290892160410e+01
1.040236392774031771e+01,-1.496479376155605223e+00
9.369438485045419540e+00,1.043009604359937015e+01
-1.179513070861731272e+01,-6.170692280937115193e+00
1.300205411674567602e+00,4.103163059830420067e+00
4.376143428240281352e+00,1.050339640361167604e+01
-5.976097939700379946e+00,1.593519711483435231e+01
-3.279045339331798203e+00,1.364017191249859984e+01
2.627321526560345788e+00,-5.663169906352529814e+00
-1.481531256565721399e+01,-7.445162393721918903e+00
-1.820411275976613119e+00,-1.888750035559420226e+01
-7.188167744051555452e+00,-8.453051479126138190e+00
1.408711027916182701e+01,-1.376875227264694468e+00
-1.166513086568181556e+01,1.281847138250050122e+01
-1.220712506728502289e+00,-1.713224724022844114e+01
1.664691673171411423e+01,5.691271606221707247e-01
1.898917070532809603e+01,5.205580402110351335e-01
2.856385456801092460e+00,-5.315381476912630632e-01
-9.932087013485331184e+00,-6.360412818833593107e+00
-1.029726598284505101e+01,6.617143659197546768e+00
-1.531496905408143405e+01,5.693174735760585747e+00
1.330639079114031098e+01,-8.829925793258960098e+00
2.187556481152439503e+00,1.451585192807197089e+01
-8.843226852453048181e+00,-4.738988900465319176e+00
6.695856382331984769e+00,9.652386665573319036e+00
-9.768103321052416632e+00,-2.946324169504773494e+00
5.519772122956503324e+00,-3.101054851159988246e+00
-2.655336158399798752e+00,-1.363478737169037025e+01
4.066131319988582682e+00,1.647031753787928565e+01
-3.082516105923732042e+00,2.205302847605040473e+00
-8.197645736288657892e-01,1.063833969972729676e+01
6.200793856456293662e-01,-1.189293298612519534e+00
-1.045037432833003166e+01,-9.868502483893882626e+00
-8.460459939511737915e+00,6.813177972600758636e+00
-1.721483989975412143e+01,-2.779353727449075162e+00
4.624085022814062640e+00,-6.563495721103965730e-01
9.733983022211104341e+00,1.223726748846976342e+01
1.571070448614451642e+01,8.570248589810372408e+00
-8.900362078994884740e+00,-8.019675633395248582e+00
8.001208657059712959e-01,-5.417331398197866577e+00
-1.384343316653788314e+01,4.396539050519308489e+00
2.479198761531576367e-01,-8.293042166874634802e+00
-1.250224978770254936e+01,-3.205917885118064081e+00
-6.647333173303156428e+00,6.514890918727225255e+00
8.823523828994442653e+00,-3.040295194633217957e+00
2.593022208961837105e+00,-1.051023871879924876e+01
3.006820899146392723e+00,9.158856844390147245e+00
-7.835497758137864865e-01,-4.574146335315379730e+00
-1.471120948742846579e+01,7.297529327462638771e-02
3.112007999126896518e+00,1.287384621738694435e+01
1.131590071894488148e+01,1.910098416335722638e+00
2.178877737057709485e+00,1.633384942544957141e+01
1.608131158209307543e+01,-1.606211832728426270e+00
1.058989526983993734e+01,-9.120869216259983148e+00
-1.039254096908364566e+01,-1.342383598549887935e+01
5.083511223294650883e+00,8.871205756010391852e+00
1.039688566204769876e-01,5.540036324605473794e+00
7.046646570807819643e+00,7.835969432592954753e+00
6.350546674812169279e+00,2.778432319564809294e+00
9.543756743438407852e+00,2.639836680834207749e-01
2.705864826574274407e+00,1.113497370373277207e+01
8.011042170799161255e+00,-1.556331232233340955e+01
-9.440578064957096061e+00,1.072548672154346150e+01
-7.594646721069003625e+00,-1.408634106619254034e+00
-9.648374411327253597e+00,-1.507072205883116922e+01
1.512042827098285969e+00,7.365653801174572024e-01
1.074317021591246935e+01,-6.438477924276249986e+00
1.346790134804369155e+00,1.293415141211371733e+01
-5.747637455886722258e+00,1.012004582692440646e+00
-1.489505039362004446e+01,-9.261963772768329051e+00
1.175451076332893408e+01,-1.374039030877255207e+01
-4.026531751679647719e+00,-5.684295458061441764e+00
1.180249257792395490e+01,-7.846843072119273010e+00
-1.303410683030069528e+01,-7.515151948565192974e+00
1.666030377518734085e+01,4.759362648797657691e+00
-7.683800592517384231e+00,5.002674278586601631e+00
-6.565031503483892195e+00,8.402987481552953497e+00
-1.343201449639032541e+00,-2.588435431114751495e+00
1.379418616475819626e+01,1.742997250835219170e+00
1.129024512929037449e+01,7.239851941470817898e-02
2.134887934361382023e+00,5.721826166772425282e+00
4.344914203318845480e+00,-1.113356716476995878e+01
-1.548104183453765259e+01,-2.110576778203192116e+00
-6.124400633548284567e+00,3.875184305361951687e+00
7.887511380308149356e+00,-1.374651140875463717e+01
1.313057007398019849e+01,4.950771705162943626e+00
6.266694990755485861e+00,6.239907484953227446e+00
2.109805500639767128e+00,-2.196696400390397486e+00
-2.860780246093800328e-01,1.721505658351568258e+01
-4.350177704175737792e-01,8.865569324544203766e+00
-2.227978905647316488e+00,1.574335649899501632e+01
-2.543961268401446763e+00,-4.588087577293312513e+00
8.010692439877882265e+00,1.360649633640678147e+01
-8.934754526239160333e-01,-9.729684470982101985e+00
-2.317105107830867539e+00,-6.427843818093591288e+00
-9.550027222603683086e+00,1.528965452947497106e+01
6.773160551745633917e+00,4.556829273580360606e+00
-7.161118463703838088e+00,-1.430805244306147550e+01
-1.433910801807510538e+01,-3.606134772613030393e+00
-4.357575782995588121e+00,-1.039819105882408579e+01
4.030757407388692037e+00,1.460284087076717618e+01
7.225283281993833739e+00,-2.321164888600780518e+00
-7.071509909830523632e+00,2.205904387290941404e+00
-4.846819459414532183e+00,2.591957914952665032e+00
-3.505250073576311465e+00,5.873011499692749382e+00
-2.172238425676026541e+00,7.006120338237435963e-01
4.681429788091247879e+00,7.114250661571309031e+00
3.371006750804251606e+00,1.200367470534775105e+00
-1.786890353374591900e+00,-8.147275051814450109e+00
-6.271287409985133898e+00,-4.661364137170493471e+00
-7.946098403386644193e+00,-3.205629485432670567e+00
6.909692414906324132e+00,1.057621317833041141e+00
-3.088539937462951634e+00,-9.605024553150006694e-01
1.421774152705053851e+01,-1.052217103879187654e+01
-4.330467994605786686e+00,-1.418207079417170391e+01
1.980095429263915241e+00,-4.029860579162678036e+00
-1.138296877573668764e-01,1.897407141678189646e+01
-5.245667404549418933e+00,5.447500466951670006e+00
5.773803235688903079e+00,-4.895386757342313544e+00
-1.261572113246786842e+01,3.106279980685922926e+00
-3.087439650028043214e+00,-2.865168791801585790e+00
1.276165113336704593e+01,-6.281747778440746721e+00
-8.844505177985890754e-01,7.105531276286789932e+00
-2.562158068158940427e+00,1.007471160502201890e+01
1.231467801364641979e+01,9.427220844603004579e+00
