1.504970605660999050e+00,-9.104792142883331607e+00
2.790296489795116130e+00,1.877165849001411502e+01
-8.224351688773754887e+00,1.712524529925220307e+01
3.194660038056665208e+00,-1.758196829926433225e+01
-8.868100092847541749e-01,-1.372237098258749377e+01
-1.014717500984895437e+01,-6.058412576609308431e+00
-2.055105643790315018e+00,-1.220308179651890512e+01
5.543782180001668003e+00,8.856803255730881119e+00
1.692786493542965331e+01,3.702998642727600931e+00
-9.301304612851408748e+00,-7.651546428814844703e+00
1.533521448269894893e+00,5.302586655911250446e+00
-1.247895981114523156e+00,1.397303784005779725e+01
-7.745674165952759260e+00,-2.403592939390552186e+00
1.057601933276192341e+01,9.849488811741508698e+00
-1.489949568253088508e+01,-1.138245995937408850e+01
-1.011474297018218671e+01,-9.656770820453850490e+00
4.929729218611176300e+00,-1.729406397380545002e+01
-4.747987302857274994e-01,2.041823540811151805e+00
-2.394565900535142067e+00,-2.649623424577901787e+00
-1.462781497189138236e+01,-1.112409151645809446e+00
-6.385556204075107267e+00,-1.266018989409128936e+00
1.113366036405129655e+01,7.765382887503417209e+00
5.111670734072867539e+00,-2.373442074670613522e+00
-6.654812994216010580e+00,5.195819743149940884e+00
2.731539541868110987e+00,1.151699713718434204e+01
6.015492631477631136e+00,-3.967477277560805149e+00
1.474255752773933992e+01,-2.470046910992232281e+00
3.458236194063108115e+00,9.871642877843099129e+00
-1.088056512116677421e+00,7.518950016001123338e+00
-9.796008551185767743e+00,2.434152231829745272e+00
1.702738672148093269e+00,-2.599220759151073867e+00
1.265286908351129114e+01,6.105263583812990724e+00
-7.633735038312495114e+00,-4.284267333054116556e+00
1.671634076949258230e+01,-1.085544878458087670e+00
-1.045287261272143731e+01,4.289103031312973435e+00
-1.482261158893790132e+01,1.184262896978814616e+01
1.549715164983018489e+01,1.428239000000563808e+00
-1.587172607187366147e+01,6.778213422845780656e+00
-1.603124122004939478e+00,-4.295989150555052483e+00
-1.388613170590093038e+00,-1.095166250999305646e+00
-5.264242848926734553e+00,3.864444560893900427e+00
-9.862227854604199706e+00,1.622322152196126055e+01
-1.211761869671264868e+01,4.913257974800315786e+00
-2.042165497542781871e+00,-1.558154296785861526e+01
1.048824412917069893e+01,2.027404619067656455e+00
1.295151794670486467e+01,-2.096952818423632348e+00
2.616069859608545656e+00,3.832180634329146240e+00
-5.234673202169839890e+00,1.497741259313185580e+01
-1.117823494684140151e+01,5.947763203037857993e-01
1.080144238477460483e+01,-9.062112460325392194e-01
7.939984706438647954e+00,1.154942001406755514e+00
5.112548038323816435e+00,-5.521489825467049251e+00
1.495320828454178574e+01,-4.270122628511657581e+00
-7.432383783603581762e+00,6.991972940305799078e+00
1.188051807832874829e+01,3.362923641624419702e+00
2.106631551478003850e+00,-6.693805153635107308e-01
1.030294265272570442e+01,-6.387585399693208821e+00
8.109706316318009200e+00,-9.991759218925043484e+00
-1.384453408612000480e+01,4.164423764203639244e+00
-1.283423277954972264e+01,-1.376415770130671179e+00
5.259108549310013814e+00,-5.904179490310544898e-01
-3.023566918551169991e+00,-3.913317217535554615e-01
-1.169095458089793915e+01,-7.500853899142549963e+00
1.568021795386449746e+01,-1.070935504634964808e+01
1.509161297132415758e+00,-1.573394788006944367e+01
-4.707496465351397319e+00,-6.527989384198448874e+00
-1.047728882362510916e+01,1.366123939630525186e+01
-5.925169849217572171e+00,-3.200627422365411423e+00
1.511470399225394701e+01,3.427831118154992307e+00
-3.054374430862317524e+00,-1.035594920824785525e+01
5.508046529999719887e+00,-1.295966680127348880e+01
4.320269804626651222e+00,-7.240665147545398028e+00
1.194646444922192297e+00,2.660010096686125092e+00
-1.615814877942934658e+00,4.455914366823481743e+00
-9.495454554631104216e+00,-4.305327140009409526e+00
4.521676980700322979e+00,1.135473160544367310e+01
2.410172394831433529e+00,-4.232361641766160254e+00
-1.386825245636645754e+01,-1.298167549488562678e+01
-9.410309415567493119e+00,6.598511118170962142e-01
2.662119214189926364e+00,1.673042358365097515e+00
-4.174037480822342161e+00,5.651533717625660813e+00
-1.376921277611742944e+01,-4.781262817205249149e+00
-6.879574364252769136e+00,8.747350049452801812e+00
1.071816683690656902e+01,-8.135821586987530551e+00
-2.177655905231778100e+00,2.628468362424652316e+00
1.716561133949589291e+01,-7.695691060407114037e+00
8.950985950255923029e+00,-8.422678562767947241e+00
5.202736899662440351e+00,7.035610755661177329e+00
6.956647214016175695e+00,-8.557710649402094916e+00
2.034010164445872793e+00,-1.395885065272395131e+01
-1.157491303551967654e+01,2.311099254328566666e+00
1.123972953402604347e+01,-2.682049261930964157e+00
1.303790091839825394e+01,-1.276087147455075943e+01
-4.370076377474338969e+00,-1.617138336170552293e+01
-1.347455430405409160e+01,2.442086308905790926e+00
1.386414438160865892e+01,7.337219458453332344e-01
3.600030944277562650e+00,5.621442329999693399e+00
8.810358087355604439e+00,2.767344462903265967e+00
-5.765165419941630454e+00,-7.949832674157343959e+00
-2.383820023185687642e+00,8.723791478623164508e+00
5.211822258800316021e+00,-8.838966949550883356e+00
5.288159877737514059e+00,3.440973588554379070e+00
-8.587932907659594051e+00,5.623671574358786174e+00
-1.064709026583767049e+01,6.162478227393330954e+00
1.337309818768429803e+00,-1.232156730329335481e+01
-8.310780929566877973e+00,-9.241933877905893269e+00
-3.474704206286356012e+00,4.013859578323259569e+00
-1.259313993994102931e+00,-7.200606889007049816e+00
7.021000588699578771e+00,-5.424421368383104181e+00
-8.742166132830412550e+00,3.836577430169931358e+00
7.115054582405996975e+00,4.528304555620443317e+00
-9.272402623488483542e+00,7.280756186629677273e+00
-1.519090182930974642e+01,2.897239359059661012e+00
-6.977364578487193825e+00,3.468713745397558945e+00
4.577467720811697061e-01,1.601589112609030252e+01
6.662790871135336523e+00,-1.778750758795259657e+01
7.071424837412201292e+00,-4.126558693924474719e-01
-9.508775458374929102e+00,-2.542813263672413449e+00
-4.805799067186039331e+00,6.520545906244527012e-01
-3.165597249486533205e+00,-1.795766365863711300e+01
2.187075932798287159e+00,6.936316450510846998e+00
1.379316073463997050e+01,-9.354543086698120291e+00
-3.884355179133699654e+00,2.147593328533495161e+00
4.171011347267295832e+00,-3.969609749751184413e+00
-5.970222680920111991e+00,-1.742918328076915913e+01
-2.099851234097059649e+00,-8.765493941494975516e+00
1.043051528992736365e+01,6.090884899182785084e+00
6.054930116997782719e+00,1.085706744141307523e+00
-1.055174790718301026e+01,1.178229917003649518e+01
-8.715304180511250776e-01,9.664254238451754020e+00
-1.478731593319199256e+01,-3.282802996430192799e+00
1.235551509721126884e+01,-4.917233759417016792e+00
6.992192104320633206e+00,-1.147043038099832124e+01
4.196813152224923904e+00,-1.064584860286256429e+01
2.379057336778015230e+00,-1.080268838734249748e+01
3.745194174357786565e-01,-1.708511004687351686e+01
1.397367835604480035e+01,-1.115558196641680944e+01
-5.785560828040362535e-01,1.754829488023426265e+01
-3.136751020251407063e+00,-7.351019297998826474e+00
9.478305794196030254e-01,1.163825399465104304e+01
8.989240018131157584e+00,9.064777342363287360e+00
-2.825684351203825884e+00,-5.571569401306018854e+00
-1.192400811345829581e+01,9.854500355220269014e+00
8.959351570932151176e+00,-1.574734685246557353e+00
-1.325925246302326954e+01,-8.437975315186250214e+00
-1.502294706449530182e+01,-8.535158555551571880e+00
-1.117848227629668756e+01,-3.234204158539498053e+00
-1.173965529675903419e+01,1.491919501924929570e+01
-8.671755229684304567e+00,8.963566103412103914e+00
6.298855918793327291e+00,1.151984212142032149e+01
-6.078366339787995010e+00,-1.417685261014235287e+01
-1.242024440455475620e+01,-1.407110885864612193e+01
8.279646652446130517e+00,1.121724138410085736e+01
-7.975318896162494120e+00,-1.676731612571407837e+01
3.303275908240660197e+00,-5.795414550791172736e+00
-3.535231549625908354e+00,7.399383072720771004e+00
-1.301957947053607789e+01,-3.180279675569967601e+00
1.678738040512125806e+01,-2.862646671450045588e+00
6.892599886504114259e+00,-2.219351471354948035e+00
-1.442993122297201403e+01,8.088058356899024304e+00
5.793604528643341744e+00,1.319863918650218793e+01
9.535832546220671446e+00,-3.299902581182431405e+00
2.034252539327612741e+00,1.709936533195687858e+01
3.932832404985894037e+00,-1.406352875933614577e+01
-6.088290398057865538e+00,-5.319231697692131888e+00
-1.464269037474997814e+00,-1.729544426648430644e+01
7.130453570033865596e+00,8.023893680343849866e+00
-8.651879067019251579e+00,1.114341724931891520e+01
-4.586940880704517554e+00,1.698788257151758430e+01
1.045937855948115391e+01,-1.362703580501727885e+01
-5.038145795273654137e+00,8.449204871038780595e+00
-6.879969492573064116e+00,-1.131763767209815441e+01
3.362273952989775161e+00,-1.943979306802179563e+00
-8.217088696184990937e+00,-7.058550165981756219e-01
-7.171090452780829239e+00,1.215369249643375049e+01
3.509532918208335239e+00,-1.581972356099343813e+01
9.569676392552272759e+00,4.515337475181628313e-01
8.577946801427147605e+00,6.883577228607903997e+00
8.120816815262394073e+00,-6.810834159156616607e+00
-4.560434841322199340e+00,-1.134894828129746180e+01
7.323605705825439571e+00,1.409109348956118879e+01
6.945502852152891649e+00,2.698490032824155893e+00
-2.615969200470878442e-01,-8.858278045044571058e+00
5.818611307340163519e-01,-1.065746066720122798e+01
-1.190828262436930984e+01,-9.651512004740254724e+00
1.106187053376552676e+01,1.302472104922127549e+01
4.310847568833607313e-01,-1.277088336015877346e+00
-2.732941638514045923e+00,-1.383330145796787569e+01
-5.621538859810282673e+00,6.714784752532724887e+00
-7.544561699816759948e+00,-7.639047825134564818e+00
8.676761103556083654e+00,1.294649290767618588e+01
-1.543158144629878414e+01,5.044431592104701600e+00
-1.078001980472653543e+01,-1.230178197504990578e+00
-1.812012287873080219e+00,8.877822059880379202e-01
1.226690809733495868e+01,1.549771761890622823e+00
-1.255446785846992430e+00,-1.044247605287748470e+01
7.828841618950991510e+00,-3.846712678504432326e+00
-4.816685048536593960e+00,1.019240953210877088e+01
3.762663200414482212e+00,1.575176878766158062e+01
5.824608478645139087e-01,1.419486177769633528e+01
5.541831331584778475e+00,-1.494084066069633110e+01
-7.381182035020592558e+00,1.549857044227005787e+01
1.229738448397087874e-01,4.064227604680442418e+00
-6.678925636608910921e+00,6.318509352590588879e-01
7.026467887095203757e+00,9.808911992686354608e+00
-8.282910305804934481e+00,-6.001607239644415337e+00
-7.774863471381420865e+00,-1.489803888601709048e+01
-5.319213332798693461e-01,-2.787203028351433076e+00
-6.273386033111942872e+00,1.791574008992801836e+01
2.236102704588162293e+00,1.355510422531859405e+01
8.926543761977181468e-01,9.830706949096983394e+00
9.007795390927626045e+00,1.492892709094474135e+01
8.787596156292151406e+00,5.131950535776685918e+00
-2.488811066654536830e-01,-1.536765039011157263e+01
5.476140992435742483e+00,5.243830384659932342e+00
1.344454354959537845e+01,4.276247808360641223e+00
-2.954548739961855741e+00,1.047424050688577779e+01
2.512604100501614202e+00,-7.477342717519957382e+00
-6.561284059143697611e+00,1.050661154337008441e+01
-1.675554462731992444e+01,3.857966716942715646e+00
1.455134483755484487e+00,-5.804120401558759745e+00
3.636931874239941465e+00,7.992479455632699015e+00
1.013694967888619836e+01,3.932740560589964574e+00
9.034642876284253887e+00,-5.162842104104108820e+00
1.495300829173325141e+01,-6.535202878679083893e-01
4.117249127136321185e+00,1.754421106906159622e+01
-1.706049946090178437e+01,-5.926968297996795698e+00
-2.289340727604284087e+00,6.102788756175761442e+00
7.003256803712814005e+00,-1.602219509676944398e+01
-5.787643192662868863e+00,2.176738574408779048e+00
6.112458686408713149e+00,-6.992683312545360685e+00
-1.333882460331155251e+01,6.361169509021569191e+00
3.660544860871143946e+00,1.624898374957937097e-01
-4.436508549722179673e+00,-4.731083685268414385e+00
-4.170505355220162080e+00,-2.962760441977563719e+00
-1.007648640794042905e+01,1.004663783532815913e+01
4.026683709958656543e+00,1.338046653636344274e+01
8.523635616926917180e+00,1.672777886643303091e+01
5.941945617686780201e-01,-4.173443314980052499e+00
-1.040681971191388833e+01,-1.451323941134874396e+01
7.180554768907988716e+00,-1.356831422812905430e+01
7.090200799990054037e-01,-7.391026903775607337e+00
1.064566445154465191e+00,8.503409936901275001e-01
4.452989344617368062e+00,1.882542184135863161e+00
3.443362725898953869e+00,-1.232381155647072468e+01
1.232192520386516676e+01,-6.680986620036929224e+00
-3.385074534075639963e-01,5.863609646461501512e+00
-1.853198806189918457e+01,4.089524492172358805e+00
-1.385190025826799065e+01,-6.641917545731629069e+00
-1.878080179957940032e+01,9.584911989805030563e-01
-4.591413061837406495e+00,-9.422894583175578376e+00
-7.946554357004112390e+00,1.924944656696554679e+00
-3.928585557051224697e+00,1.196436403469328980e+01
-4.629109758871772229e+00,-1.215673638023925252e+00
-3.536927825478185516e-01,-5.651416463290150460e+00
-6.625118471318517166e+00,1.385263644625518786e+01
