-1.658539907574447980e+01,-9.214673564788380844e+00
-6.930429199985330690e-01,-1.385362525727792615e+01
-5.251684676472651248e+00,1.081433734661235846e+01
1.241106133344887219e+01,1.381408744408712153e+01
8.984357268411114816e+00,-1.779250218362772973e+00
1.752952331932661068e+01,7.303597057715915497e+00
-6.998677414943161423e+00,-9.343894239975226057e+00
1.165030425668197811e+00,7.912364749218902205e+00
1.226565289179376528e+01,-1.433910206228093820e+01
-3.381266089638997663e+00,-9.543132278118998002e+00
-4.905923759465334655e+00,5.917465640098730439e+00
-4.986064790384361345e-01,-1.138537296094362894e+01
8.846828355721232384e+00,-4.765724203315471641e+00
-5.648577083665576204e+00,4.239766800485190501e+00
1.215314764846942275e+01,5.868944081212731589e+00
6.176371555013512094e+00,-7.752986302146388509e-01
2.652709730342704297e+00,-1.549903455794946616e+01
-1.484155912898441088e+01,4.693729289911559022e+00
-5.793440574281269129e+00,-2.900932847732811570e+00
1.030256061169212067e+01,5.279660588898014595e+00
-2.234852256848818275e+00,-3.736836368545416232e+00
-8.837721265863808240e-01,1.158786056807515052e+01
-7.039890654211466980e+00,-1.647216817823069235e+01
1.596602760604451632e+01,-4.236729859764047923e+00
-1.488837841648305016e+01,1.178486105720223698e+01
3.023036519206980355e+00,1.821854245011921059e+00
3.697312544272305601e+00,-3.632754873795717820e+00
5.641891853775593546e+00,-3.164755474230855903e+00
-9.126516233909816478e+00,-1.645879375409359469e+01
-4.003018724313869292e+00,7.482448415386566687e+00
1.470293684979843718e+01,4.413572239553859688e+00
1.321972292548219485e+01,8.976849722065537662e+00
8.260026929739700208e+00,7.265177714643766826e+00
-3.089461475134169799e+00,5.688831592677856541e+00
1.195020435802816117e+01,-3.019380000299594524e+00
3.759882814959211034e-02,-4.941599645066658830e+00
-2.168551421557433218e-02,6.480411335340304113e+00
8.353139679537456175e+00,1.544814724294099406e+01
6.764288104374750477e-01,-1.824423871526450913e+00
-9.044989251144951226e+00,9.710458774879979771e+00
1.373706303752917179e+01,-3.384292841556758358e+00
-8.998673807258239066e+00,-4.457392536199209054e+00
7.079035411191619609e+00,-1.680918273534913965e+01
1.354364226845255814e+01,-6.905771037529710554e+00
1.559804914762356454e+01,5.958708157199798627e+00
1.117059767450810170e+01,2.293916104129409828e+00
8.148503238891295908e+00,9.524600371179612779e+00
7.298541614150200196e+00,-9.685858021662671291e+00
-7.324551269488356553e+00,-1.284012692814292578e+01
-1.748729027709415362e+01,-7.374739668163382333e+00
-5.146326198889245029e-01,-3.268787447046068273e+00
9.449148747740943932e+00,1.653133354714478198e+00
9.909510889972763081e+00,-3.329430511198273823e+00
6.698728310764328953e+00,8.484380860066121244e+00
1.519778256462956101e+01,9.548013655677362266e+00
-1.324747446852481225e+01,5.572599423152336584e+00
1.340281414093269508e+00,9.362481318726013219e-03
-3.744641429811912836e+00,-7.320436358986500913e+00
8.507502620845730945e+00,5.441504004349279278e+00
1.856865302767684511e+01,-3.977876658664253995e+00
-1.169903465450949476e+01,4.390523664534622839e+00
1.138893587061837920e+01,5.277439394245930782e-01
4.912671658814531384e+00,-1.494794135882315800e+01
-7.098486795603836441e+00,-1.635704402666750656e+00
3.791938454487230548e+00,6.321057412921873286e+00
-3.542631841285849514e+00,-2.211009396460549503e+00
5.934398779975407656e+00,1.072445277155032350e+01
-1.463164580894429356e+01,8.954754291434849023e+00
-1.564889152046291620e+01,-7.725432562661402436e+00
-4.576946728498212380e+00,-1.705990935862309499e+01
-5.967693346167203039e+00,7.469645182932212357e+00
-1.120574356746287670e+01,8.546075803809543459e+00
1.096017346053476338e+01,-1.293966024746069898e+01
-5.609225906267015560e+00,-7.087926546254273319e+00
1.252179056718336625e+00,1.094746440100782259e+01
4.387766851849756122e+00,-7.673080937504197507e+00
-5.011129079857544966e+00,-8.784910710132951550e+00
1.004130226455158237e+01,-6.187538810269197498e+00
-4.763989340365873737e+00,5.297972305032401241e-01
-9.012102581085565944e+00,3.040337147816203345e+00
1.260602403266012805e+00,-1.171633284449067425e+01
-1.411263963982682590e+01,1.646835749422282391e-01
1.523478923297983201e+01,-1.008152835724531471e+01
-9.203175189457502015e+00,-1.277207318977596806e+01
-1.592051868903138967e+01,1.032686405392116846e+01
7.195233025603671173e+00,-4.098625142142284794e+00
5.683365145633402449e+00,1.250563255914057059e+01
1.019794253370539927e+01,1.559818386523503442e+01
1.182982780634007369e+01,-6.510470063529804285e+00
6.569815235118101171e+00,1.043815028059038807e+00
-1.592375101984965546e+01,-5.842202811714644284e+00
1.190027477279836177e+01,1.048925600617132581e+01
1.331643157155963664e+01,3.194654037299049509e+00
-1.149336392901577319e+01,6.273837237505341946e+00
-1.242186400148314540e+01,-4.653234636131287516e+00
1.890914012541355405e+01,1.486466168399209087e+00
3.500075948118731350e+00,-1.364689250141875121e+01
7.161676192506836180e+00,-2.284700061600827059e+00
1.739332768722389488e+01,5.459341953612233844e+00
9.174059765060484040e+00,-7.782306357958690413e+00
1.646061885241501210e+00,1.464611691498007673e+01
-1.420793452344524077e+01,-1.092821870415227004e+01
-1.114121244225514173e+00,1.647830744899691879e+01
-6.768491922580938791e+00,5.606296824929178690e+00
9.382530791319459995e-01,4.907140289091370455e+00
7.160638786265279832e-01,-8.223282613636087035e+00
-2.138012573387780169e+00,-8.210857329763033619e+00
1.061659009009765420e+01,-1.112659423777572520e+01
-4.404495929579615776e+00,1.491441890775808687e+01
-9.084986659732463110e+00,-8.171550916983886026e+00
4.984808729702767671e+00,9.187874249372999458e+00
1.411923377152345438e+01,-8.698475001054871925e+00
7.342907725706121269e+00,-1.358298612276808193e+01
-1.118933212655032960e+01,-1.026952355148878482e+01
-1.395364002916060997e+00,-1.557234064975570220e+01
-6.878166931596594758e+00,1.011068792069984923e+01
-1.018347975254091686e+01,-2.892360913290918378e-01
-1.570916330106604697e+00,1.823066086423571264e+01
2.156708349888514675e+00,9.389596054019232696e+00
6.738644196120391783e+00,6.377185768862371873e+00
1.075955459714259987e+01,-1.618396333049394231e+00
-5.519217113682898912e+00,-1.547352885647033283e+01
-6.160171012835902182e+00,1.331028093714503058e+01
6.060265654193570661e+00,-7.040409234120756921e+00
-1.385977279294170827e+01,-7.500868731147035007e+00
-4.043197979001339704e+00,2.241581691659026543e+00
7.392509794616667129e+00,1.389619075402742965e+01
-1.184285247560173637e+01,-1.452192026237812250e+01
-1.320986091638136273e+01,7.892393945714668568e+00
6.364172548338939528e+00,2.872672651940758382e+00
-1.080507415097044088e+01,2.764591287610719483e+00
-1.563476734346539132e+01,1.912420558911631874e+00
4.628199082057007807e+00,1.453227147931664409e-01
-7.342387647741531076e+00,1.518933431559752556e+01
1.712412641466919894e+01,-2.899069382673757023e+00
-8.911783215118729728e+00,-6.275238233504742524e+00
-1.331799061587323196e+00,-2.030001958671112383e-01
-7.714829700880704522e+00,8.479401301976311700e+00
1.393084387797256873e+01,1.423344041743872079e+00
5.822285897564409396e+00,-5.219816398666957902e+00
1.398131085010018104e+01,-1.144592232976723345e+01
-5.761071579673955334e+00,-1.365122512323904047e+01
-1.401679922429440772e+01,-5.723622405569703808e+00
1.535214860170599138e+01,-7.122754274996961676e+00
-7.934337913399198250e+00,1.352266813898064868e+01
-1.574850205831856087e+00,-9.927249251777434225e+00
3.029826607727529542e+00,-6.204096537702278313e-01
1.218575059639245506e+00,1.828250338103121653e+00
2.594826170641497676e+00,-8.538692850380844135e+00
1.402163313775752540e+00,-9.898635076070105399e+00
1.668514402585466883e+01,6.370162005435056063e-01
3.129849701490808211e+00,1.216873999642061399e+01
-5.798064151854649850e+00,2.100537449621442398e+00
3.613186516359522482e+00,4.474263548085240849e+00
-1.667344659739844248e+00,-5.469676301934997653e+00
-1.731032433091786515e+01,7.767863197339786030e-02
-2.229337389240575007e+00,7.279010194210036033e+00
5.410823829868721013e+00,-1.251165983508398227e+01
2.540122800310332885e+00,-2.305813600612604652e+00
8.827696618701134312e+00,1.132392562292112359e+01
-3.819636366345099177e+00,4.048061779757940570e+00
-3.244949567315845940e+00,-4.642508730878515677e-01
1.468755754552850412e+01,1.182076093528319660e+01
-2.519069849591038857e+00,1.178386745801252689e+00
-7.375153827264357531e+00,-7.563141348769789829e+00
-8.241915517981148298e+00,6.711893030969020124e+00
9.192464612047025696e+00,1.338326622959213097e+01
9.162103584119925870e+00,-9.605934860165813660e+00
7.500203675903719613e+00,-5.947597563796542808e+00
9.733462780408714821e+00,-8.401182762497777512e-02
-1.365772973554199154e+01,1.319153363834590920e+01
9.817010168361340661e+00,3.590778304324705239e+00
1.790972967088675460e+01,-6.173904893266922933e+00
-3.751106636529026872e+00,-1.862235366227236355e+01
1.576059853885741724e+01,7.724055797473874385e+00
-4.045237080253716755e+00,-1.303655174310124032e+01
-1.219126285457160286e+01,-6.786631040817874272e+00
5.664961764837408431e+00,-8.906871244041454361e+00
1.163367629600444353e+01,4.065868887179974855e+00
-6.641029814277432664e-01,-7.027214276001295445e+00
3.864060918187112392e+00,-1.148872111932312379e+01
-1.222777787079204792e+01,1.010350693318966719e+01
2.267380502631289652e+00,-5.019173590591927692e+00
2.875358814831873389e+00,-6.754132853345921284e+00
-3.447316073247743695e+00,1.119263028618074785e+01
-1.254057561423874390e+01,-1.161914287980468963e+01
-2.993662546897602805e+00,1.692927982011581278e+01
1.285203050882473619e+01,1.198993060067103400e+01
-3.156176687113404267e+00,-1.137789283695069997e+01
1.752136429448943877e+00,1.648671988221932594e+01
1.145354908239654712e+01,8.747887112904864537e+00
-1.272515469062250659e+00,5.135016253363468230e+00
5.261290413265350630e+00,5.278005398322292763e+00
-3.747453014804800642e+00,-1.482195714706922729e+01
-7.218136711006389206e+00,3.289363372674800168e+00
5.749363427267506488e+00,-1.071356203724525713e+01
-3.527189145931926895e+00,1.864256899574506576e+01
1.502159288163424655e+01,-4.880125567757762767e-02
-5.077499292206536730e+00,-1.260143365897002932e+00
-9.539214101246601629e+00,7.995749820784646467e+00
-4.256757986739642341e+00,-3.882472469124593317e+00
3.606656686277159185e+00,1.042596001677947903e+01
1.110532083641256662e+01,-4.704577921045643762e+00
-2.020255736708655103e+00,9.952799271106950840e+00
3.475124344983223423e+00,8.107492843047126030e+00
5.222874138344469230e+00,7.417775000630882687e+00
1.136088658449047190e-01,3.293453790390752367e+00
1.090127267394602750e+00,-6.433225324916506338e+00
-1.861730183601644484e+01,3.339400204874336087e+00
5.665156985961983693e+00,1.434976770794020240e+01
-1.740666350554544906e+01,1.950997840656313098e+00
6.949986710658563993e+00,4.528293136884028236e+00
-9.353172202683781578e+00,-1.459837656601889755e+01
-2.097372801070733483e-01,9.912423528610942114e+00
-8.336634393633730156e+00,-2.999608227268049099e-01
1.070919260902443382e+00,-1.462050410278891199e+01
-7.597447397456060791e-01,1.678202298906430467e+00
-4.911776596710574871e+00,1.671393288163360324e+01
-1.768421296875352544e+00,-1.977683406535649446e+00
1.383833204344967704e+00,1.278095734636342229e+01
-1.747522505550539762e+01,-3.449878007576278272e+00
9.598852470505283563e+00,8.428930705391890044e+00
-3.472769542349236183e+00,-5.552113303813679401e+00
1.733834918513181123e+01,2.419516011597960592e+00
-2.008615125856722194e+00,-1.801559117085686523e+01
-1.579252099552443767e+01,-9.628393125815204456e-01
8.148809587187088255e+00,2.899651090524015373e+00
-5.426145621208520176e+00,-5.322091837559294270e+00
-7.455149598739981620e+00,-1.467267744327550716e+01
1.214598917792819810e+00,-3.591106405912515509e+00
-1.295901680982131055e+01,-9.019581565107957388e+00
6.768336486237071625e+00,1.770800499237283532e+01
-9.178844070431345870e+00,1.565275565215415199e+01
9.085026785987125209e+00,-1.314836733588238360e+01
4.011188736955768164e+00,-5.380691028524448249e+00
4.855102278003764482e+00,1.926492581716256147e+00
-1.569186965872664175e+01,-4.048163947744742863e+00
3.997287973864571686e+00,-9.740068050136613920e+00
1.455871809963058716e+01,-5.368376945922445742e+00
1.827362029035039725e+01,-3.219552863715083313e-01
1.640474393946745124e+01,-1.227317402650994982e+00
-7.457576914620380748e+00,-1.108191147553313805e+01
2.026837033665755960e+00,6.301103735907458869e+00
-6.900757829503050278e-01,8.171327389361643156e+00
-5.422098878094101515e+00,-1.176745772478829721e+01
-6.466304620072102161e+00,6.588786351740413827e-02
1.533211190183214256e+01,2.682113940279883924e+00
4.336314198179445967e+00,-1.842983717254335518e+00
1.077478950951006809e+01,6.992041489511915842e+00
1.172770849908254975e+00,-1.760103668243496600e+01
-4.286748450855723647e+00,1.307389896958612141e+01
7.897411574519112243e+00,-1.920758994174970868e-01
2.090678738437325102e+00,3.444917065086053221e+00
-1.951352630081849338e+00,3.480453041555030325e+00
-1.405074601702346193e+01,-1.277356767336057253e+01
-7.185893474462447195e+00,-5.765983744585617465e+00
