9.191988233651890994e+00,1.200414950765885536e+01
8.029306260782584914e+00,-1.632616771419667856e+01
1.889582970312032373e+01,-1.935829172446157154e+00
7.111443850228350350e+00,8.665836747283201191e+00
-8.333058869566544402e+00,8.151265890832831928e+00
1.612903080517837395e+01,1.001784130493556724e+01
-1.462465826932401036e+01,1.453364300252965036e+00
-3.538532270469822549e+00,1.392211516958242079e+01
6.413633638538897230e+00,3.363118425987026594e+00
1.116707613965638934e+01,5.107767593053305077e+00
-3.417960034594750507e+00,1.866254319900768621e+01
-7.584900797998321842e+00,1.741923167205064615e+01
6.706257253374276139e+00,6.839078290944609506e+00
3.414792718861328957e+00,4.312051851930324808e+00
1.128242995181170016e+01,4.220877875864190859e-02
1.303400807367484981e+00,3.224385991224473225e-01
-1.588850603268403328e+00,1.371488667156042673e+01
-4.778089562775367227e+00,4.233802185809929952e+00
-3.400258183195928652e+00,8.785272884833289497e-01
3.633913423760852357e+00,-1.646316296333424845e+01
-9.289729430203580662e+00,-3.628786004635851103e+00
8.580135323381837154e+00,-5.897006609749946726e+00
-1.486762684661756317e+01,-4.340498759163082809e+00
-5.111220451431557343e+00,1.012102679997613564e+01
-9.043686413438342342e+00,-1.215366638998337656e+01
2.585251198442131582e+00,-9.968244871880855840e+00
9.143509135532204013e+00,-1.129472857181518464e+01
7.518789426754025840e+00,1.545163609850880970e+00
-1.051529482912245683e+01,3.342383114871133820e+00
-3.989897799412461143e+00,-2.701997729958690364e+00
3.554995237864380986e+00,-1.960346486646783681e+00
1.660246587278237129e+01,-2.325211679508977003e+00
-4.151032007200214480e+00,8.629173839474594487e+00
1.396043481698058031e+01,-7.242069706932530160e+00
1.777644070831916778e+01,1.433176123969715166e+00
-1.348408300219614553e+01,2.962746234418010438e+00
1.628240232601674364e+01,2.355293295266379427e+00
-1.764315966469217845e+00,-1.462571438660454248e+00
-2.757339704287083748e+00,-4.908008969712309266e+00
-1.785562228719271172e+00,1.551878128869560136e+01
-1.563994298564609142e+00,9.918566959407026928e+00
-3.988131232997011111e+00,-6.533253075134465959e+00
7.407737783026870027e+00,-1.445754959317616617e+01
1.482763594355212433e+01,-1.739386757983205190e+00
3.610263704781447647e+00,-8.547641952057887238e+00
8.613294892825743787e+00,-4.082132732662996588e+00
-1.419803442525292958e+01,-1.122984384452723639e+01
-7.416932680660124788e+00,-1.553790989550114432e+01
1.099790634739258444e+01,8.629896235710090124e+00
-2.365977725278974209e+00,8.190489759892287225e+00
9.955408479576094774e-03,-1.551926866078074596e+01
6.519732964938603770e-01,1.753057941730881453e+01
5.041235574122021390e+00,-7.089596648632136677e+00
1.110054753287797125e+00,-8.988340060807569643e+00
1.401839985879869310e+01,1.279911639801818701e+01
-9.845793464186375132e+00,-1.941605753603591333e+00
-7.434212024120487428e+00,2.435395445496898681e+00
5.703449361769791004e+00,1.738956400470704322e+00
1.179574798296069815e+01,3.410228341111220196e+00
-3.311161342553750053e+00,1.023075335262013397e+01
9.231623556189008539e+00,-1.487653389418616889e+01
1.861769368166159921e+01,-3.667426476010843484e+00
1.218121562729383101e+01,9.976125674114824093e+00
-5.310809155899144374e-01,-1.139837120777957580e+01
2.704134018602423417e+00,-1.799205511183459194e+01
-1.404487781151016179e+01,-2.946563144301036496e-01
-3.593583819387639267e+00,-9.787106354769293803e-01
9.809714607649591134e-01,-1.707606430056094382e+01
-1.469676712990302825e+01,-9.062890355432836387e+00
2.750538082696445397e+00,2.644693734084262893e+00
1.054417539662102143e+01,1.377484928844394929e+01
-1.185323806030598348e+01,1.467341903556859606e+01
-1.134616695598850100e+01,4.523746103964480514e-01
1.133955423616896319e+01,-4.905875297600130303e+00
3.209617311551147711e+00,6.211587456962316622e+00
-7.054459252074853914e+00,-8.519077233322402520e+00
1.543598196999370398e+00,-7.276106720356731117e+00
-1.176794815123939308e+01,4.898301305124979521e+00
-5.270771711724903774e+00,1.823880400948237579e+01
2.432332795993334962e+00,1.052919590452171761e+01
5.511109055179433724e+00,-8.847007930436030065e+00
1.099854121801893037e+01,-1.049592767729225073e+01
1.012029416142171812e+01,6.591609171534575040e+00
-1.160523934800539081e+01,-1.355035997131792902e+00
-3.580251418479677206e+00,-1.024082095985112772e+01
4.961010265949147957e+00,6.433692659784979284e+00
1.726777643303751475e+01,-5.718495467329058890e+00
5.803224812329862287e-02,1.580717890492382161e+01
-6.241377009267892184e+00,-6.916759698207981977e+00
-1.712638496982193059e+00,3.127778480743531597e-01
-9.600096204360641039e+00,6.880223722980083778e+00
-9.781362756593927621e-01,6.915603558723377731e+00
-3.039892491986540879e+00,4.493824886020823861e+00
1.878264754110366752e+01,-1.549657780712299648e-01
-1.089082883546533687e+01,-1.403210389128111224e+01
6.868444254525473802e+00,5.072647903757032672e+00
3.106405340157277983e+00,-1.173736922863320764e+01
4.706223961901313757e+00,-4.503463794849498214e-01
-1.066672653558630302e+01,1.052789327459817770e+01
1.995168880967536085e+00,1.223713667424432927e+01
1.903964965308965196e+00,1.583116422461081463e+01
-1.269309698101450223e+01,-1.405504510358002257e+01
1.030052397621132698e+01,-3.457279918185577561e+00
-4.510808100351299643e+00,-4.729240331011207665e+00
1.404345257289341564e+00,-3.733134730635616183e+00
1.478920195996918174e+01,-5.320267220949019382e+00
-1.745973646269461943e+00,-1.489376174487253124e+01
-4.630820356980460240e+00,6.795959594276818727e+00
1.339343199187169553e+01,-3.794717659538628052e+00
-1.742324877514539239e+00,-1.006755210904420572e+01
1.277945912485918178e+01,-1.067589316320823123e+01
8.925890293148748711e+00,-2.224018936710360883e+00
-3.073762622778321574e-01,8.628812207276764568e+00
-1.139419843101454077e+01,-4.292837312171419839e+00
-1.083366866253588512e+01,1.311893882518476495e+01
-5.055564467724689592e+00,5.962416118466811604e-02
-1.521453834701129182e+01,-6.140219873821610719e+00
-1.058420337884033380e+01,-8.898761452278700190e+00
-2.176121615696334111e+00,-6.637138341347218251e+00
1.672748312419902561e+01,-5.351469388657370541e-01
1.000712442131064783e+01,3.763864743254764722e+00
-1.566364184549070560e+00,-1.672440878461343416e+01
9.535503409953198783e+00,4.652024565938577272e-01
-9.889312410177147683e+00,5.071259435719328579e+00
-4.104814445279703627e-01,-6.817782366925669635e+00
-1.201814348048315573e+01,1.166076656804888501e+01
1.451164412869007769e+01,1.793651755394885416e+00
-1.277060844903509684e+00,5.182666170651899051e+00
4.906379598060103930e+00,8.263458737440105395e+00
-1.582743867227714318e+01,9.282945243853581163e-02
1.090232720618553230e+01,1.889160778835442533e+00
-3.959776182115613552e-01,3.623468174178988033e+00
-1.508583789433361666e+01,8.604305270353915347e+00
-1.511306736545198781e+01,-2.537200495337672557e+00
-5.297503760679751039e+00,1.426027083178423638e+01
6.230605564762018211e+00,-1.613873075767521570e+01
1.650180841972126089e+01,6.561561323542270507e+00
2.672333335524556652e+00,-5.122890982158657458e+00
-9.673974278900409729e+00,-5.432009841244225257e+00
-5.919140883959205901e+00,-1.153467139569796096e+01
-5.103730382959220435e+00,-1.503659240022931520e+01
1.511612113245375610e+01,-3.476565577633325077e+00
8.049442007624472595e+00,1.556197239531914356e+01
8.105356945504814448e+00,-6.468876787287515251e-01
1.434532802434932863e+00,3.828112152061007301e+00
-8.862132814293447680e+00,1.333690889224552123e+01
-5.588204920351216742e+00,2.055942186262178062e+00
8.647076283236525551e-01,-1.390831581416897933e+01
5.542637453577407669e+00,-3.876694041265055013e+00
-4.150578560169892461e-01,-3.213653809833477926e+00
2.639708708315716912e+00,-1.342837408556948375e+01
-7.166756850661395895e+00,9.595995862701565571e+00
4.560642561276400997e+00,-5.368617460399208952e+00
2.083586714480792690e+00,1.404351456216349803e+01
-3.828273543658298639e+00,2.628728713739532985e+00
7.133482070951357557e+00,-2.890358264627617579e+00
-2.807619980898247380e+00,6.408880577616289820e+00
8.330545278864160963e-01,7.275554923503793958e+00
-2.509379609021263224e+00,-1.184962033900968237e+01
4.361455739252972919e+00,-1.018623018252036161e+01
1.509516109538613904e+01,-1.078759074220854508e+01
-8.575883116396381539e-03,-1.398510380058325842e+00
-1.699678489781251756e+01,-6.727565659588524483e+00
5.573372853276221228e+00,-2.062603190561703936e+00
-8.147385122399752433e+00,-7.060222957580660541e+00
1.193677645247129249e+01,-2.766429984320802227e+00
-1.824382284798805998e+01,-3.043552403576587295e+00
1.659517775846616860e+00,-1.981715122302293519e+00
3.935338892020399104e+00,1.334435545040167703e+00
4.511041609348414916e+00,-1.826757560494310795e+01
4.220605705104279792e+00,1.070228734926652514e+01
1.574804287812520798e+01,-6.867732279789936278e+00
8.903436268635783746e-01,-5.466664634846921444e+00
3.111381420742613368e+00,7.965608759641860104e+00
2.331566629249634648e+00,1.811271476757240251e+01
-2.278061232576534145e+00,-3.216254823777974448e+00
-1.419873623075603497e+01,4.689678789817420146e+00
4.904567446564731092e+00,-1.214265616423351979e+01
-8.221119276037502921e-02,-1.852325483732102285e+01
-1.187249538603396637e+01,2.212668196751443883e+00
3.777522111300681829e+00,-3.743229849014121147e+00
-7.079699550398625973e-01,-8.581572906458708516e+00
-6.494950596023218559e+00,-9.991790745846550470e-01
-1.170099216617279225e+01,-7.467391678357202522e+00
-6.793448764209246704e+00,7.484394933691563834e-01
1.215798541104244102e+01,1.297330560104530761e+01
6.250517466813455769e+00,-1.792996186221515842e+01
5.490164138436236740e+00,1.713745208103789253e+01
-8.023712143459258428e+00,-1.992980417621752043e+00
-1.081754960015051914e+01,8.663153116563407252e+00
1.665018754707602611e+01,4.721676979040544175e+00
-7.553623859983831235e-01,1.865886577616328879e+01
-9.024743701275542707e-01,-5.004418546161025994e+00
5.948316622474538740e+00,1.134594556593080483e+01
1.304700759032982127e+01,-1.326966920581639009e+00
-6.010640701878102732e+00,1.596147618555088421e+01
-2.567638239340828576e+00,-8.379603418295653583e+00
6.490146844885243738e+00,4.154356359974294144e-02
-2.044768519562708331e+00,2.973769362337209454e+00
-9.205122133939363849e+00,-8.831225869398233452e-02
-2.147069644623205154e+00,1.737849933650585754e+01
-5.913692760081532107e+00,5.586904070813008438e+00
1.490395562966428722e+00,5.607305464410884177e+00
-1.293594948979723647e+01,6.395503568178622977e+00
7.303876568588460572e+00,-8.682699730216784317e+00
2.129599484936655518e+00,-1.526947331184335077e+01
8.858390891586061855e+00,-7.672078845133387226e+00
4.826250706621656228e+00,1.287452526319582446e+01
-7.830082299035088234e+00,1.556583913716487722e+01
1.499991929632697563e+01,2.445914604662643987e-02
-5.648627738240710627e+00,-9.716689517615098026e+00
-5.708759774326924052e+00,-3.365817637597181111e+00
8.690547951686230732e+00,5.487066724372538395e+00
-1.244079014363726010e+01,9.558549080986175284e+00
4.193450742864876624e+00,-1.442984671673917241e+01
-1.317495113880529978e+01,-4.940540795367951432e+00
1.488548312965401443e+01,4.659026944674188542e+00
-8.160104415549943369e+00,5.658023199117576674e+00
8.595425763881587855e+00,7.486169113777207507e+00
1.300948870977279093e+01,5.599703854682327453e+00
-7.305654616590790962e-01,1.814131382615464139e+00
1.356522836050372049e+01,3.289284388054269037e+00
1.549916919547850824e+00,8.963775935637098513e+00
-4.336639331664417618e+00,-8.420501637490531266e+00
-6.252465935236073413e+00,-5.050124936133957299e+00
-8.768362561458792115e+00,3.676408078768904186e+00
-1.581202584770683117e+01,-1.046943036020561379e+01
1.304369144586184071e+01,-5.621338932174796632e+00
6.971084125668013165e+00,-4.993472994815877364e+00
1.018735174986866276e+00,2.058287152156389244e+00
7.236109390915362205e+00,-1.233879627447411487e+01
-6.581546216216699108e+00,-1.735138272502602419e+01
4.648542803442748950e-01,1.132835290996882449e+01
3.904197337011205082e+00,1.441382315477412490e+01
1.780548140000009383e+01,3.369484933438587237e+00
-4.373116142383835836e+00,1.664131963856959473e+01
-1.876574214355710701e+00,-1.882391731675372171e+01
6.109705527751625453e+00,-1.084710858793462762e+01
2.968847239943020355e+00,-2.280401174944085285e-01
1.220864580135827548e+00,-1.191413578274318574e+01
6.908455932990594128e+00,-6.953829919684570982e+00
-6.914203640808117335e+00,7.084157405256462425e+00
-7.466120164739078469e+00,-3.710925947766842370e+00
-1.286590602627549318e+00,-1.319338413835380663e+01
-3.358498828969520122e+00,-1.566233904269924793e+01
-7.245770913356462728e+00,-1.273923266949905653e+01
5.149416865936818688e+00,4.600136617592488264e+00
2.817422316805319737e-01,1.402886113515765665e+01
3.242605287157576122e+00,-6.789220686552638107e+00
1.060360669265390143e+01,-1.601808451484385332e+00
-7.066928212664826070e+00,1.369044857998335729e+01
-1.555567664077135204e+00,1.177683232002527269e+01
9.160693618422167006e+00,2.196246665469666848e+00
-9.965096175610929308e+00,-1.056299620851268983e+01
8.226531573170802858e+00,3.708387903260312868e+00
-7.075966809449162120e+00,4.181159799139735789e+00
