8.843709276154966048e+00,-8.645453019745373169e+00
1.221085072448854447e+01,4.457843210640187515e+00
-6.224278005100977396e+00,1.226903396049717898e+01
-2.990736206277953446e+00,1.286484670680417430e+01
-1.633650769473263820e+00,9.707594259174618045e+00
1.530288825765222072e+01,-9.676447011381061003e+00
7.582959982009565891e+00,-4.177042816273130121e+00
1.098927686781141766e+01,-1.331868326428891258e+01
-1.471616645720722971e+01,2.624683369468750471e-01
-1.167661311803575863e+01,-3.464619906791731818e+00
-1.241289052679773741e+00,-1.668384024384624453e+01
3.819719787987588155e+00,-1.682181688968368860e+01
-6.941994367620725193e+00,1.571059716647140192e+01
-5.967660145837490049e+00,7.060371364613290401e-01
-5.575647575658306820e+00,1.050419287838962035e+01
-5.185725121019145512e+00,-9.135508188286104669e+00
-1.748216350974266531e+00,6.455411219633826470e+00
1.154378575540587448e+01,-2.961601465212819306e+00
6.105855099616514181e+00,-1.492345761963139239e+01
-9.181701613705810061e+00,-1.769344774278785726e-01
-9.831134294150272623e+00,-4.353858657253568687e+00
1.147156867290613391e+01,2.709397237042352913e+00
1.238476247365599114e+01,1.198253892215830518e+01
-8.900393992204493898e-01,1.728196004689025145e+01
-7.732051395640206159e+00,8.242053384773657676e-01
2.243495853360261805e+00,-1.292309522401722077e+01
-2.085388149181728767e+00,7.001849495910373866e-01
-1.787713690841094660e+01,5.622760809150339156e+00
1.460497436886202038e+01,9.719576247155428561e+00
6.988181772804331615e+00,-8.170562821112872243e+00
2.412593384615172587e-01,9.519872972367915409e+00
-3.908350061148222476e+00,1.135220456343246020e+01
-1.141074179963279711e+01,-5.226628898677541990e+00
1.134429836633718125e+01,4.690953663284328501e-01
7.017373403101200502e+00,9.099011036530887608e+00
7.392520220005350140e+00,1.083749400520555817e+01
1.397229223182391422e+01,6.425281010509030999e+00
4.683384877593192996e+00,-1.096533425655061400e+01
1.181973386093310197e+01,1.406854871016950881e+01
7.531438974600339620e+00,-1.365628649060376887e+01
3.408575089508604883e+00,-9.482460422771808339e+00
-1.322443113716131435e+01,1.271979703539682927e+00
2.534086993960477319e+00,4.188618200054023966e+00
5.867367736515297416e+00,1.806902327867461722e+01
-1.068918566665588799e+01,7.652662647096406090e+00
9.242918660196560054e+00,1.636054635887085595e+01
2.598716042799974701e+00,-6.170932497462229271e+00
-1.223183629227972524e+00,2.846417688029020177e+00
-1.498956232431925883e+00,1.386726905524636955e+01
-4.054935716481576691e+00,1.687137440017359680e+01
-3.582243875600215621e-01,1.312044368376357850e+00
5.278914405502511009e+00,9.428572035084100023e+00
-5.995305202012945145e+00,-1.727586633273678629e+01
6.870957504662118076e+00,1.263124368127461850e+01
1.492446919435717589e+01,-4.308358587191388089e+00
7.655236886572433619e+00,1.737338791030288476e+01
1.223295158860104159e+01,6.703499722513285519e+00
4.365746975944540864e+00,4.542845705579217075e+00
-9.475048021204685256e+00,6.305867396246460643e+00
-5.801889985881948597e+00,5.599185597869476005e+00
1.035108900758330952e+00,1.503818342601632985e+01
3.912900734641740819e+00,1.061985816037778640e+01
7.446198543534173098e+00,5.979335489263586378e-01
1.712531478673877450e+00,-1.469133257220015842e+01
8.587151506062178363e-01,-1.131763358776723294e+00
1.788704627811468217e+00,-8.035010996352095702e+00
-1.654169789342899222e+01,-7.658744500976936820e+00
-6.760506974116285761e+00,2.340710507270741036e+00
4.676451877718292849e+00,-1.356330125501400641e+00
1.679852283534965096e+01,-1.815468392135631159e+00
1.605391430691077659e+01,5.562474548974956079e+00
1.180835123241037898e+01,-1.488162872748564247e+01
2.886746374651691038e+00,-1.125623748619691966e+01
-7.013659748187654586e+00,-9.336287860651799164e+00
-5.658527081719658014e+00,-1.521948322848381352e+01
1.913265189296915469e+00,1.016114766138384695e+01
5.274046028313380319e+00,-9.259738511865974075e+00
-5.276263845336693237e+00,1.480155359524194481e+01
8.769381345796023464e-01,4.932622983167380681e+00
-8.023321856110742445e+00,-4.107383260060895935e+00
1.071357982438960832e+01,5.490244206501611046e+00
2.874661592559995427e+00,2.399777021355526951e+00
-9.807947181208357179e+00,1.517148456810847978e+00
-6.929273798041883481e+00,-8.206605622368873254e-01
-8.979484596473948921e-01,8.066504947563776895e+00
1.505768787163702171e+01,-7.846245391971636174e+00
8.139576939220383167e+00,-2.480830403733101264e+00
4.671109499447797297e+00,2.752513157082482120e+00
-1.768358249004337468e+00,1.156876453501408974e+01
-1.100980210509649915e+01,1.347927326376360119e-02
3.774263618173560708e+00,6.372402142438601480e+00
-2.058837768085702291e-01,-4.341405061777164676e+00
-2.727001419993165143e+00,4.957422309815380679e+00
-1.623805732662113854e+01,6.484167073874982812e+00
1.876429462213352650e+01,-2.592429399689891056e+00
7.438397522493573888e-01,3.052595282982013991e+00
-9.016657768992207167e+00,4.580869981487230014e+00
1.027443575127156894e+00,1.865472988425486633e+01
-1.341441245237099267e+01,-2.727923998501385228e+00
8.219515686058269210e+00,-6.773257310869890802e+00
-1.535449881203770905e+00,1.893270537715732971e+01
1.017369509321429533e+01,1.482344917268077644e+01
7.312086558367423272e+00,5.592154957016143513e+00
-3.431912753488358003e+00,1.509049427851406833e+01
4.475126643171716267e+00,1.695852470982185523e+01
2.919147048367083386e+00,-1.871611081445527791e+00
-8.573260373115175526e+00,9.360084721101431526e+00
-1.269598275665978715e+00,-2.904414025861423720e+00
9.101199163445758966e-01,1.685707520163126105e+01
-1.013790712677988637e+01,-2.590136447995948998e+00
-6.845654858832118883e+00,-2.685900632223157558e+00
5.668032108531444457e+00,-1.256040435812972333e+01
-4.614384406256792914e+00,6.966613408832975196e+00
-6.796850589465818437e+00,9.065074759341547050e+00
-1.869452064172752159e+01,-2.907262683226291333e+00
1.441193048940282440e+00,1.391627194767109277e+00
-1.046961265618737036e+00,-1.896616024937298661e+01
-1.170468077646552274e+01,-1.606293017948208890e+00
-1.511056426663313701e+01,3.458085416204114360e+00
-1.130183772533029263e+01,4.807018380660993628e+00
9.360745044308353968e+00,-4.166039284092430073e+00
8.671749204418530255e+00,1.227785139446958240e+01
-8.514175042044019648e+00,-1.861631941184318961e+00
-7.673026900403486117e+00,5.835778107882752863e+00
-4.062648557391216109e+00,-7.712063203330326466e+00
5.791392270511739326e+00,-4.432494297308202214e+00
1.527842782451436499e+01,6.697708899177866604e-01
6.763962892494179258e+00,1.458874343394017536e+01
2.872392432144744490e+00,1.876618365720836934e+01
6.785812209862043254e+00,7.353446553131881558e+00
1.313094000696371744e+01,-4.777403257958293459e+00
1.464342246534553027e+01,-6.097500767680243960e+00
-1.241979631415063601e+01,8.666996040847211091e+00
5.599583682492850656e+00,2.660828753846630756e-01
6.579563882933133989e+00,-6.047076492899185141e+00
-1.523535537167283316e+01,-6.136186346559515670e+00
1.295185499655595152e+00,1.317302535066963820e+01
1.129960136370576240e+00,7.985958706210668723e+00
-3.874183908237166296e+00,8.575522942811433236e-01
8.480500632132319527e-01,-6.540445131089146713e+00
-2.446618452778178909e+00,-7.026044898400727767e+00
1.770879934246611853e+01,6.275172015158957173e+00
-2.060199537289761018e+00,-1.063600806626377882e+01
-6.366438409123322373e+00,7.304445188507687980e+00
-5.082802193163384885e+00,-2.413647653053499376e+00
-1.153171584326786459e+01,1.935366915356430129e+00
-1.597195012009686943e+00,-1.287787663499062241e+01
-4.085306583907514444e+00,3.778564264368706738e+00
9.260975329470792161e+00,1.057168743848824555e+01
1.003153934324422281e+01,-6.967840563870056236e+00
8.535955312183229893e+00,-1.522115158781040911e+01
-8.985722092379421211e-01,4.626934989098498541e+00
1.010935866601295707e+01,8.995267058545874050e+00
1.506435815895586927e+01,2.435786509308939252e+00
2.500986666414326098e+00,-3.647522716566388823e+00
9.322440923283192848e-02,6.533435587394005317e+00
-9.717248485173046291e+00,-7.000704547854120996e+00
1.569307697459077744e+01,7.316131055975390929e+00
5.060995917768926905e-02,1.127089226137522004e+01
-7.413516575041364298e+00,-1.111285989263499197e+01
-4.327243309609687394e+00,-4.062481966466904737e+00
-9.484843705671014646e+00,1.086833095844490771e+01
-1.435321822556327476e+01,1.050310229618950508e+01
8.967924981753343516e-01,-2.945834328393275747e+00
-5.041632651934018661e+00,8.705943003647094613e+00
-1.030233130466815084e+01,3.319982279836942052e+00
4.977144802471891616e+00,7.679341392739346794e+00
1.044478304184557160e+01,7.271064225513239165e+00
1.229045845308763063e+01,-1.015317482077528055e+01
4.012622851972955651e+00,-1.331417285464008771e+01
6.012436981893605648e+00,-2.662793759899118040e+00
1.080036483229125377e+00,-1.157066178747649587e+01
-8.680098303731070830e-01,-6.107702356770390750e+00
1.767275657301923886e+01,-4.017889811076832629e+00
9.129639573729747326e+00,5.722873876166946483e-02
9.959844178534995152e+00,3.809029958298116192e+00
-3.020941688172676720e+00,-9.305541452685813786e-01
1.688331394397673080e+01,-8.690548216091631417e+00
-3.516938101556969176e+00,9.574522105975656672e+00
1.186513330835114921e+01,8.567893207055680804e+00
9.978342221723393024e+00,1.735466296032867950e+00
9.916214402833972485e+00,-2.299274985150202788e+00
1.494531548183604208e+01,1.155825429031000517e+01
-1.561162319758677164e+01,-1.388496925475806387e+00
-3.828993084266576918e+00,-1.108852894291678304e+01
1.330793945240716880e+01,2.729568319800971032e+00
1.060475146621660336e+01,1.257576850097739829e+01
-4.847357313056609662e+00,-6.489824056764733617e-01
6.309887758879887620e+00,3.984670728646218851e+00
-3.067643782150453635e+00,-2.714592641220812563e+00
-4.995100788289803084e+00,2.271674985129535695e+00
-3.346421412226569636e+00,-9.348812762865652104e+00
1.398368124070174368e+01,4.534447366132186019e+00
-1.337264743945807410e+01,-4.954359271588671731e+00
2.874970859246838373e+00,8.577044045448641185e+00
-1.106316912915569972e+01,-8.743671671029915160e+00
-9.014332639320038476e-02,-1.404379237499468758e+01
8.928827420348863342e+00,6.348701850611023545e+00
-3.542051965014107129e+00,-5.654605212453980734e+00
1.244377736709614624e+01,-1.378157092755268209e+00
8.244346616014709639e+00,2.207039003008310907e+00
8.152548159783078674e+00,4.031540670210949528e+00
1.052153557819149121e+01,-1.004228472179334730e+01
1.668661180440623326e+01,-6.240017082580313179e+00
-3.040452943749158532e+00,7.799664258916011228e+00
-8.723987781412393616e+00,-1.379722195679210728e+01
9.717723945842998035e+00,-1.202117580275009878e+01
-2.539365864557683761e+00,-1.797024203306625978e+01
1.975863360290649018e+00,-1.715648874140863711e+01
-1.834609820885809484e+01,-4.772937507525552014e+00
4.154142750748075485e+00,1.339682065916225184e+01
2.346502818876149199e+00,-1.291487962947455714e-01
1.288264666289409455e+01,1.013012937231120780e+01
8.543771021735672377e+00,8.097392719595267963e+00
-1.158908676497591106e+00,-1.023729287463063020e+00
1.358309651372267446e+01,8.141402698902620472e+00
-2.990600845442732858e+00,2.383178896108251177e+00
6.870575999684674251e+00,-1.058998533779918372e+00
-8.331251798764105487e+00,-5.865370897532153904e+00
8.494654118527472875e+00,1.407700039580341134e+01
-2.118204084190571379e-01,-1.027886287963487177e+01
-1.660921068149409319e+00,-8.738251767848543849e+00
2.008859158732928751e+00,6.326219329775497613e+00
-1.116513343246854539e+01,-1.225155629413532132e+01
-1.155851855274038442e+01,-6.977493285125519584e+00
3.898900091529537093e+00,8.089947462648086063e-01
4.369655370075448353e+00,-5.490850823953596027e+00
-1.658287394356879929e+01,-4.917982977786722998e+00
-6.617862649922078511e+00,-5.174326988011308970e+00
3.568116675820723227e+00,-1.505764832000530085e+01
-8.567995544579471101e+00,2.877188851768917477e+00
1.635074482743798185e+01,3.785820808193895548e+00
-9.891660615362873443e+00,1.446698303881887604e+01
6.346265786378519458e+00,2.018629173443639235e+00
5.501367152684998096e+00,5.924410434386223834e+00
-7.517340102329214346e+00,1.743454969517099684e+01
-2.249883794848875684e+00,-4.364037931476937082e+00
1.431017690105865547e+01,-2.645974155352845969e+00
5.394802734444568593e+00,1.157009927594475407e+01
2.626953417945763203e+00,1.618240728445849541e+01
4.330649001709575785e+00,-3.327014598708657900e+00
1.113963908120601509e+01,1.070216393479742933e+01
-8.153547210803465006e+00,7.534080867215979360e+00
1.421553667262238108e+01,-7.624717388264954376e-01
-1.056585793880765678e+01,-1.524954822362769846e+01
-1.352354839967477673e+01,-7.651344549448809040e+00
6.863065421834620317e+00,-1.004345783845720597e+01
1.347775990402608848e+01,1.337336312677410000e+01
1.640119067604250525e+00,-9.824454395995909195e+00
4.157990261706675739e+00,1.521262775506101939e+01
-1.709005550633913906e+00,1.566934270577548816e+01
2.525172744007265102e+00,1.189379537108526819e+01
-5.272878020955516831e+00,-6.398693919956280673e+00
5.403319209580485172e+00,-7.408086393720523688e+00
3.570187278968064870e+00,-7.706527653317128745e+00
8.435993843497380240e-02,-8.528299625211209545e+00
