-1.091640126898539620e+01,6.302253527787937237e+00
-1.054511958498806123e+01,-6.758902593858696406e+00
8.927143191475536810e+00,-1.047470158740559398e+01
5.933086228995107625e+00,-1.180802745920448160e+01
4.039941876673012189e+00,-9.097938608585531384e+00
-6.979423546933653633e+00,-2.199415655038997386e+00
-8.464373421918894635e+00,2.792146095774031611e+00
-1.377461213625947067e+01,1.031110385364936022e+01
1.449351539167655289e+01,3.271438369333560914e+00
1.056630950855437945e+01,6.321354708511000453e+00
-2.695394276443162873e+00,1.651878532501985930e+01
-7.677594427086102513e+00,1.545777263220253595e+01
1.044509408865164701e+01,-1.364998935079363207e+01
5.920456393713206644e+00,7.033481461885141561e-01
7.877208842099665098e+00,-8.883517394199538231e+00
-4.799625635009903135e+00,3.464640119152504028e+00
3.250049332534455271e+00,-5.900907531627598068e+00
-1.185678597866864692e+01,1.102344126288769210e+00
-9.435108982553790824e+00,1.306487023811065562e+01
8.554030026767382111e+00,2.121933969879699511e+00
8.424250481585595196e+00,6.822177464123352131e+00
9.730178086922697034e+00,3.472756263890206085e+00
-9.202179844520946617e+00,-1.456863065884126307e+01
4.993058815594900501e+00,-1.656271666225319805e+01
7.669293516612484041e+00,5.112366051602394990e-01
-5.287252710543071110e+00,1.217175904425770483e+01
1.246070779246589488e+00,5.503497049874346292e-01
1.871375125261072725e+01,-1.259023243718688123e+00
-1.192786879728354243e+01,-1.288186190277397714e+01
-9.136949971223296885e+00,6.422562426304297745e+00
2.251093483006699536e+00,-9.345913099218382314e+00
6.453624365801848839e+00,-1.010365973115954041e+01
-1.757401184016411433e+00,7.014025836657721058e+00
-1.109094882162630569e+01,-3.029581566424581318e+00
-4.783453408354208847e+00,-1.062820528517014296e+01
-4.616718557536328760e+00,-1.241985512976134487e+01
-1.257851669160704056e+01,-9.726869414653512180e+00
-7.068287869838619564e+00,9.787246748899313786e+00
-8.207785115869841164e+00,-1.645226909850478947e+01
-1.052195888545933222e+01,1.151391192766840810e+01
-5.239361331693404011e+00,8.527016798305956158e+00
1.330019678065439415e+01,1.892266489766790238e+00
-1.370658855352616445e+00,-4.639482455327035737e+00
-1.524413720691119689e+00,-1.893169447225564994e+01
1.206956782897388081e+01,-5.036163225806840948e+00
-5.151521026528969038e+00,-1.808245814061616485e+01
-4.017664352798560046e+00,5.136944982959401607e+00
6.650529084419114501e-01,-3.121083782703534482e+00
4.676406388771472855e+00,-1.304190369364781255e+01
8.465589851541651001e+00,-1.502827752230148839e+01
6.287005225165673838e-01,-1.268923848896921891e+00
-3.008429495789218588e+00,-1.065208238483860370e+01
1.778278142653027416e+00,1.823386248919310049e+01
-3.698496699459596471e+00,-1.401957099161191245e+01
-1.554140246589334495e+01,6.718479969598956103e-01
-3.343409578168911711e+00,-1.869057853663026236e+01
-1.097350378859920816e+01,-8.963207875159898919e+00
-2.673103087383922993e+00,-5.961087577291790396e+00
1.063565649231477295e+01,-3.934591729099432555e+00
6.939729113606935229e+00,-4.070678358691599996e+00
2.505323444243117592e+00,-1.486807544268108927e+01
-1.227278970721566775e+00,-1.119802558094488454e+01
-8.740745397940738570e+00,-2.497389282258734244e+00
-5.102390552837973381e+00,1.403045528719945345e+01
-9.600665331961734106e-01,9.665395701503627368e-01
-3.662090286783810100e+00,7.474868964850260866e+00
1.428207238331142293e+01,1.131652245685876501e+01
7.469265498653222757e+00,-1.332762321637866343e+00
-4.377041101019128355e+00,-7.016616406402714778e-02
-1.676209644983758196e+01,-2.176833458231370422e+00
-1.439373942940281736e+01,-9.453434243271527038e+00
-8.883977330393740601e+00,-6.916414606981703406e-01
-5.359820315890325482e+00,1.034706666553192811e+01
4.647257695336654670e+00,1.072979866094143198e+01
1.940617591828751820e+00,1.611028191891409378e+01
5.948490161713596569e-01,-9.958652880192158108e+00
-6.838926907676342815e+00,7.467707749973160780e+00
8.596451305289475542e+00,-1.315261364852729464e+01
3.600376299827388049e-01,-5.140536615352840677e+00
6.856779963036962577e+00,5.799913588283378552e+00
-9.108930047620166448e+00,-7.816037610930700374e+00
6.624308192221117331e+00,9.550035280768094381e+00
9.903141128091569101e+00,9.464465272470179436e-01
6.780655463481345180e+00,2.503263373475634879e+00
2.908683910681284956e+00,-7.707030082135914562e+00
-1.646512324393964732e+01,4.084689612011003668e+00
-8.347901488709045026e+00,1.039943072413009872e+00
-4.198642005047044989e+00,-3.247474304044803972e+00
4.462589346763266462e+00,-1.083747897524932391e+01
1.136983298429125000e+01,2.732883057886911882e+00
-1.897811613613673787e+00,-7.563624614997568329e+00
-6.630847696034368743e-01,4.442894210121624887e+00
4.908533509162324115e+00,-5.094348007643450416e+00
1.730063229904817490e+01,-2.499187502601010635e+00
-1.886052202324594163e+01,-1.898275019397741126e+00
3.653941409536578977e+00,-3.819669313664219690e+00
9.688789378315313172e+00,-2.377417845982059408e+00
3.384604257741642641e+00,-1.834616725536561077e+01
1.342772020395753785e+01,-6.166381151643248515e+00
-9.601028577406745868e+00,4.608702145433593245e+00
5.957049615974828960e+00,-1.803937456448696253e+01
-6.471289541945605350e+00,-1.682022736962992937e+01
-5.841611909591795104e+00,-7.279826595572615133e+00
6.934528776972721964e+00,-1.384262111243672599e+01
-3.326165774855039947e-01,-1.753950906560043421e+01
-3.011106942832327604e+00,1.210707121292930344e+00
1.053526260628951583e+01,-7.167544972940206982e+00
6.192978629664388501e-01,3.061491547914578781e+00
3.228600389791368652e+00,-1.659260855759758613e+01
9.149614255273482044e+00,5.186265764489129459e+00
5.958043067558494776e+00,4.230718502715988372e+00
-8.482686085449266500e+00,1.090173295749130311e+01
6.409895472181962539e+00,-6.243459604548019293e+00
8.712693973913278711e+00,-7.224741189691931353e+00
1.748117423589376784e+01,7.212991095068871594e+00
-1.130529628003696940e+00,-1.822337705820295639e+00
-3.433472575922888570e+00,1.867681470861517923e+01
1.124548458814583540e+01,4.518567948741854856e+00
-1.401339717771772797e+01,-7.704002750268008626e+00
1.200870298064705821e+01,-2.194171432774428165e+00
-1.015274960957048833e+01,1.804277868281122243e+00
-5.562888685625420493e+00,-1.403335986816360403e+01
7.797625051740744162e+00,4.044876027466417945e+00
8.718483175352030656e+00,-3.877904455923555371e+00
2.248184454923348508e+00,8.532904898287965167e+00
-6.713076919151906630e+00,3.137445195196114867e+00
-1.472199354405345062e+01,-4.203105556090521056e+00
-3.185866902939865408e+00,-1.575280677451587152e+01
1.614921587815662640e+00,-1.890089019271892568e+01
-4.922434066021309285e+00,-8.856879510447548398e+00
-1.388559075765286366e+01,1.574541436476612821e+00
-1.568464927091282846e+01,2.506952188239629287e+00
1.508569046378380385e+01,-5.356864344295657610e+00
-5.193199237314964911e+00,-1.775319842676216897e+00
1.004770067869382943e+00,-1.360938433314022689e+01
1.337825231425814465e+01,9.555093622074943838e+00
-4.239101705518811158e+00,-5.033977852699520916e+00
8.613436946014417783e-01,-8.173153038564814565e+00
4.124493337808764259e+00,6.886305722022474374e-01
-2.264018091563451129e+00,5.300241535654698133e+00
5.654065863180350870e-01,7.799755906536334216e+00
-1.587373409006692881e+01,-1.043878442836397014e+01
-3.292905344967128611e-01,1.115808991303571851e+01
8.101960047579249036e+00,-5.530289637602389341e+00
4.215025570792309217e+00,3.944148954417359132e+00
1.167147950041218962e+01,9.808212942601330919e-01
-1.475147123910243163e+00,1.291401617403832169e+01
5.278591378120562005e+00,-3.116860071497633999e+00
-6.549613888949934903e+00,-1.245086587590717997e+01
-1.140093208617799903e+01,4.386725004777657588e+00
-1.184556551945100189e+01,1.279498645211817554e+01
2.029310085411065945e+00,-4.581181356708717622e+00
-7.804922385889482506e+00,-1.112734109028901131e+01
-1.406895539090583291e+01,-5.900548830641789699e+00
-2.975725764684539865e+00,2.975956153347918853e+00
1.482193384516649504e+00,-6.492542766867995141e+00
8.100158448649992238e+00,8.551393485735310662e+00
2.733485796431474935e+00,-5.354547633134905116e-01
2.640903607671169162e+00,-1.116906648466800789e+01
4.607909979626219510e+00,1.253553749957187158e+01
2.957157785787970283e+00,5.204288137322361507e+00
1.235448535104807632e+01,6.741652993523579163e+00
1.623754381875001584e+01,-7.446388745959605870e+00
-1.191595737509933528e+00,2.726843246486545969e+00
2.343069666386900174e+00,-2.575103474013368920e+00
1.097044320847678200e+01,-7.442492802645646055e-01
-3.110375697996923261e+00,-8.894262062176439443e+00
-9.435162984241028283e+00,-9.899724697386091066e+00
1.685103489283242340e+01,-5.715054727815982893e+00
-7.093508457357881269e+00,1.200385866310648098e+01
-6.547897678597513149e+00,1.337156994843992086e+00
-3.806384534942029774e+00,1.123149632165744372e+01
-1.773349253492272071e-01,6.184648273151410081e+00
-1.810688821782704494e+01,-2.407294934466445158e-01
1.823131504382893564e-01,-1.525307772791838268e+01
-9.082697982871964726e+00,-5.756182668761947951e+00
2.570168995351593377e+00,1.727419954115165579e+00
-1.844278786509374868e+01,4.499821627937139468e+00
5.713252004443303278e+00,-8.452780473937341554e+00
-9.636301971318095738e+00,-1.170990597186922599e+01
-9.617660468414642949e+00,-4.051744308363706359e+00
-1.071815541421623585e+01,-3.483003143549781022e-01
-2.396148315467019785e+00,-3.116850622996800713e+00
1.484841858611715004e+01,5.052235182843881844e+00
1.304118225864571157e+00,1.187552351881466706e+01
-1.233282774320662867e+01,-5.630629759117079303e+00
-7.365737234757785856e+00,-1.469558108960791110e+01
4.993936317955138371e+00,2.225209331422097314e+00
-5.966756778687068774e+00,-5.500995576464933201e+00
2.349151032718223231e+00,3.491425783733903998e+00
5.683801738121787572e+00,-1.065300084762504262e+00
1.246261656536078899e+00,1.007958971431868633e+01
-1.219555655731430477e+01,-7.554128632964029144e+00
1.184178074749569376e+01,8.447200609669156535e+00
-1.061518931172901414e+00,-9.132265013123332054e+00
8.705730662604219461e+00,1.108644818578284230e+01
-3.225675562955922615e+00,1.368631101732610134e+01
-7.335492094503146099e+00,-8.293102640526225144e+00
2.025870309009188297e+00,6.765366718757523934e+00
-1.241534312139339313e+01,-1.574726082205874400e+00
-7.694931897258820541e+00,-4.255505157448899567e+00
-7.453658398275524455e+00,-6.502865740087179880e+00
-1.259091869472426595e+01,7.294036478933018763e+00
1.344065384379356587e+01,-1.147672795105952659e+00
4.719002090729013332e+00,-6.927477297291563474e+00
5.226517976246648267e+00,1.543331404450773015e+01
-1.225209891638943915e+01,9.421609991888784563e+00
-1.729226024400999151e+00,1.808718641262075622e+01
-5.945056839738944277e+00,1.621606754534892048e+01
1.670273177597711012e+01,8.954117038452954702e+00
-1.067104643156050914e+00,-1.397196095642408942e+01
-2.130011753852943723e+00,-3.437218750113401611e-01
1.803129947314835491e+01,5.242297120470407634e+00
-6.445312577886174843e+00,-9.929012111119778439e+00
7.015161661039833518e+00,-1.609636360734034355e+01
-1.138008243427082000e+01,-1.110963972744225536e+01
3.966318488167130507e+00,-1.806787538495766565e+00
-6.891814349047791666e+00,-4.157131939851623215e-01
6.474309883474047567e+00,7.612302592705439075e+00
-4.946573472525184201e+00,-1.570355220274786312e+01
-2.065508113489183728e+00,1.058608705310470555e+01
-4.060302559305057901e-01,9.335488418861677573e+00
-2.886573338057359939e-01,-6.831733547536430251e+00
7.960766138370028777e+00,1.451951115982094365e+01
9.780346767077702452e+00,9.618813032625901371e+00
-3.373018598809994550e+00,-1.630663730352851948e+00
-5.870359003104690387e+00,4.851503815200288727e+00
1.495884524561320994e+01,8.673816101873189410e+00
5.045439721326715699e+00,6.356381521961608883e+00
-6.995326042979411518e+00,1.381422793448833275e+01
9.136554322607175038e+00,-6.474696353749297417e-01
-1.577545014843110671e+01,-7.195942116584206794e+00
1.300670528651065538e+01,-1.173954714439137170e+01
-5.929778721744036751e+00,-3.648421069145102003e+00
-3.998686829853925762e+00,-7.161230516538158675e+00
1.139935687428976507e+01,-1.518628700269111675e+01
1.127927403301404841e+00,4.893137771418059501e+00
-1.450373439255324293e+01,-7.964502766197152361e-01
-2.522510825914131782e+00,-1.253673941125677516e+01
1.390548081455213358e+00,-1.667823204910543211e+01
-4.799058565052717107e+00,1.631775271765804725e+00
-8.323855096169571866e+00,-1.298957463859014716e+01
9.859453964054052832e+00,-5.517621220521860437e+00
-1.398711369030660912e+01,-2.569607341188297589e+00
6.687044099631159533e+00,1.728556092543675149e+01
1.131633547194014255e+01,1.061406962423909306e+01
-8.334965802569451299e+00,8.432924375090747660e+00
-9.963377200324190497e+00,-1.615690973934203001e+01
-3.725676961341172877e+00,9.468901178692364695e+00
-1.394041439520863124e+00,-1.611062904232501225e+01
5.325934398005581549e+00,-1.481275738297313360e+01
9.581214516332315911e-01,-1.168149116047987057e+01
3.698198150794860251e+00,7.497727257588638672e+00
-7.398275113060813091e+00,5.777311620063386499e+00
-5.193086310686214624e+00,6.527073229547729838e+00
-2.109501826858299456e+00,8.762823497723189803e+00
