4.262345238326959440e-01,8.322878815866442181e+00
-1.347985677068351151e+01,4.001823862624461547e+00
-7.852954501354369121e+00,-1.602402340984872708e+01
4.094814080190433359e+00,-5.073147699164938906e+00
1.481729346231562694e+01,7.521419254278076671e+00
3.452156663399940317e+00,-1.868078152270919290e+01
-9.337425631458353692e+00,1.050054335790926707e+01
1.134434717108110569e+01,-2.368848596825985364e+00
-1.672446825693464945e+01,-8.968225175669793714e+00
1.274559289501311987e+01,-1.391493640965628487e+01
1.722749268844401982e+01,-3.095308298143067738e+00
7.147963416315570306e+00,-9.759281245884425360e+00
2.756483964130899689e-01,-5.353007800553042372e+00
1.566986323490160160e+01,-7.033585413703976386e+00
-1.046557569786294373e+01,6.562763141695094227e+00
-4.339026414601334203e+00,-8.418118290630058453e+00
-1.541697687701540609e+01,6.570022793416803175e-01
7.300601041453240458e-02,-1.553706553587426420e+01
-9.767732364282146307e+00,1.279761667688926607e+01
-1.680484781114556014e+01,1.753047327016416190e+00
6.866383392696559618e+00,-7.413777864957256103e-01
-2.289757841060834354e-01,5.365254387033925099e+00
-4.018025878044584331e+00,-5.184061533276953071e+00
-7.296576127190575356e+00,-1.430056628858156742e+01
-6.313048233035187806e+00,1.221724808505165605e+01
3.871580618023665821e+00,-3.100565871853419697e+00
-9.808348531696710282e+00,-4.758448222038666131e+00
-5.772302265962347079e+00,-4.851370240939069767e+00
1.060678806021801535e+01,1.574591605683746920e+01
8.364689411694802290e-01,-3.615434908744792786e+00
-1.067179297960506812e+00,3.701917080408195115e+00
6.086036718870431628e+00,-1.413743986767406824e+01
-1.362381452414136662e+00,-1.064956329480898134e+01
3.388567666387136246e+00,-7.101295424936157730e+00
-5.154709924679605315e+00,-1.295615508264584115e+01
4.351054976627565907e+00,-1.343928418144489534e+01
9.634038499663345689e+00,-8.524262626280615374e-02
1.391679722350959203e+01,-1.164069376449009852e+01
6.170955427340222954e+00,4.131644409202410273e+00
1.237999581728299248e+01,6.054613263920096244e+00
-6.943681146050004749e+00,-1.253826748588484818e+01
-1.461275680175735836e+00,1.115112780061099329e+01
9.694353181259879326e-01,-7.434514302448421041e+00
4.226513416270988976e+00,-8.653575191764399932e+00
1.954214682552979587e+00,-1.585025473804266127e+01
-1.270934224006714741e+00,-1.318802483184512120e+01
2.147915826429182662e+00,-1.042266413906127553e+01
-1.155359940677458574e+01,1.228951107291979739e+01
9.296649179171783572e+00,1.115328213009910741e+01
6.836868164823981964e+00,6.682313976958522694e+00
-7.766459729561160152e+00,4.760841947822219034e+00
7.501702730227625127e-01,-1.151561220173164735e+01
1.430951332589932079e+01,5.618290714478788139e+00
-4.962416810833405467e-01,-1.723728802697207385e+01
6.992671722511433430e+00,-1.765883502941822414e+01
8.390263874922784026e+00,1.273613805688165890e+01
1.186848989489801909e+01,2.750644993911942837e+00
-2.033777221493253240e+00,5.681171396025191278e+00
-5.868837667588649332e+00,1.903772351590238499e+00
7.488654576846436761e+00,2.878720760328879802e+00
7.772194119890059483e+00,-4.718267001297043350e+00
-3.090772394013651780e+00,-1.355887774470680718e+01
-1.621533367493651312e+01,-9.688014798189543697e-01
1.066370240847190759e-01,1.015614484677178453e+01
-4.737294845198044335e+00,-3.240828854241009971e+00
-2.669740714007151183e+00,7.444209847696727778e+00
4.156028056111185975e+00,-1.296308191679630850e+00
1.263948199502221392e+01,-3.645183501406133342e+00
-4.743505896563850577e+00,1.689167951129806866e+01
-4.047376753885907341e+00,1.832050525655914752e+00
8.142888568451551734e+00,-1.516023278182235856e+01
1.050028448919397661e+01,9.688952466904700245e+00
3.316019315881396867e+00,7.735586167402345836e+00
-4.999011738973054619e+00,-1.455397595677341949e+00
1.090735097734440018e+01,-4.119516541760550155e+00
-4.429273801894750839e+00,8.689984466597376667e+00
1.354382734630347684e+01,-7.100523722320509101e+00
6.759135718178078456e+00,9.982145144787807567e+00
5.311660980476301752e+00,-6.864753754563206023e+00
-1.150078547205293233e+01,-1.010168386695961296e+01
-1.221351866162582134e+01,2.698507147528337313e+00
-1.159148705654510358e+01,-5.229432405029633024e+00
1.650766586883743781e+00,6.930184981863182436e+00
2.795384959481542975e+00,-1.428495445944916931e+01
-8.422549612014355702e+00,-7.033843037037089685e-01
-6.924787582958955134e+00,-6.264979949690988370e+00
1.197152678052056451e+01,-8.479793087532948803e+00
-4.251375472541327305e+00,-1.595638482311408168e+01
4.993260398529599797e+00,-1.686975970755818466e+01
1.033422372828102986e+01,-9.487684807377412710e+00
-3.914600050013895771e+00,5.489428581786206074e+00
4.253283528714161266e-01,2.595269867274849762e+00
1.322888092423342954e+01,-9.853038112113431168e+00
1.512634032167039422e+01,2.943976594804265545e+00
1.343421271567758701e+01,-1.156486415243522359e+00
1.161075153765531098e+01,1.226529719267738905e+01
-6.880913482940794523e+00,4.078168791669016802e-01
3.211834684559428776e+00,5.852281926313127158e+00
4.793865301179343619e-01,-1.879089365199368800e+01
-7.416745986921025047e-01,1.382137145440319337e+01
-5.009149257749025530e+00,3.353467539878121073e-01
-7.845015785499864336e+00,1.707711286315903010e+01
-2.996119003469275288e+00,-3.664540277002267477e+00
1.313486032030146156e+01,4.309090968728499504e+00
8.459437873634183092e+00,9.482567517496887533e+00
-1.045493100455444235e+01,2.273635830042345596e+00
-9.348122260069287037e+00,3.800349578473671386e+00
2.154444639034033937e+00,1.275358962531195672e+01
1.597731095677281665e+01,1.267129207101949984e+00
-6.338544016009280746e+00,3.654020015830549806e+00
-8.028869240684310959e-01,1.570377925079994341e+01
-3.318827047701233129e-02,-2.039880835897033062e+00
-5.428809555127694253e+00,1.018493777745702644e+01
-7.404014653775967680e+00,1.375901827290245016e+01
-1.504195856346331617e+01,4.930727013651682533e+00
1.872915095244451988e+00,1.520849070934566116e+00
7.043224171892124019e+00,-6.346436992280732881e+00
1.875528724030359129e+01,-1.988313626209335716e+00
1.012919644909313277e+01,-6.955092844415453612e+00
2.284111168115467549e+00,-8.625481396802667788e+00
-8.547664442402531648e+00,1.067493189559195033e+00
-1.398833954341035124e+01,7.525547719571691552e+00
-1.704994498494205502e+01,-2.789316073237848581e+00
5.029545320599892122e+00,2.789678916397657193e+00
5.125311070470161212e+00,5.552349064705621728e+00
5.077804053085224645e+00,7.348945049003027030e+00
8.325667306432711356e+00,5.635379044390540493e+00
-1.145421247884541671e+01,1.510675185160172340e+01
6.529457716390592026e+00,-1.594219474077820209e+01
4.847238625383420541e+00,1.466279109792185231e+01
3.925211939230737190e+00,1.347832572947691876e+00
-1.383371854736889084e+01,-7.565100556249396702e-01
-2.507945297022427411e+00,-8.463661015823801037e+00
-1.524979877363299963e+01,8.855638899158780220e+00
-2.782604417072992664e+00,4.068619617470935701e+00
1.977377395740869570e+00,-1.771679650572497522e+01
-5.546306364285479518e+00,-1.474021784715891137e+01
1.010882268611134549e+01,5.834344718016523323e+00
-1.349831436448253097e+00,8.851587642874312323e+00
-5.785180860362125088e+00,5.384901541332457242e+00
-1.139933022925088757e+01,9.057605745903085648e+00
-1.215505922090322777e+01,7.405338270712450210e+00
-9.624976166491856944e+00,8.625397377585525049e+00
7.237334634537113232e+00,-3.039662840503100316e+00
-1.864356337574561984e+00,-2.287381171762082221e+00
-2.825967269103066837e+00,-1.176348002680255789e+01
6.576548730091385409e+00,1.550150576308025840e+01
-4.918299884733426275e+00,1.489200834841570398e+01
-1.007561018552380538e+01,9.589246188910674484e-02
1.512340599371836625e+01,-3.506770120365294008e-01
-2.550113541046728383e+00,-1.671074843689128286e+01
2.434611069741546618e+00,3.237650082714413458e+00
1.275944635455861942e+01,-5.451752716337064264e+00
3.484953812257411521e+00,1.149270835714092698e+01
-1.005670454129479019e+01,-2.557724204007232327e+00
1.132914988094643416e+00,-7.118308528919722322e-01
-1.321533918538829511e+01,-4.099415838948522683e+00
-1.548459329326233025e+01,-3.906190301348270832e+00
-8.259518660249453248e+00,-2.511601039814428837e+00
-1.471252803904367568e+01,2.591929686860480864e+00
-4.908713823327587100e+00,6.979759742007823675e+00
-2.629602395146345639e+00,5.724299907242968999e-01
8.648156486173281365e+00,-1.688977184655591657e+01
-1.344284453189405326e+01,1.288759989373520431e+00
-4.005186666954293706e+00,1.137990289155493251e+01
3.749442773948475249e+00,9.716399132182194975e+00
1.130841635352517827e+01,4.462951213829193797e+00
-1.580857483027373966e+01,1.053474894899368941e+01
-9.344942192412098336e+00,-7.871102015292741783e+00
-4.677694353561412832e+00,-1.121486248281778941e+01
1.583430157550797368e+01,1.045523101325318649e+01
-8.679536065307864590e+00,-1.287301744651458968e+01
5.247787741649589499e+00,8.819278922796046360e-02
-1.625570407721485466e+01,3.620656924896213713e+00
9.381293392064595782e-01,-1.395468802047001944e+01
-1.279213825825074835e+01,5.626949326174227828e+00
-2.954871556668391630e+00,1.303910388961861777e+01
-1.364238748941959933e+01,-8.661184557308230225e+00
1.460835616244385449e+01,-8.577158416203527480e+00
-7.562798354032946868e-01,1.157671929795722088e+00
-1.485860774381000660e+01,-2.253585176767408882e+00
-1.176441119430410254e+01,-8.233076125325139216e+00
-1.181069582027595644e+01,-2.898664179216265513e+00
-8.684778537053706060e+00,-6.152497218885637942e+00
-2.143107851189914204e+00,-5.355376898291901888e+00
-9.537003131633953856e+00,1.455410223464886776e+01
8.486814257473101364e+00,-1.709500806635384285e+00
-9.975686566038901582e-01,-3.985979995155486844e+00
3.917113381963708729e+00,4.186988342990676237e+00
8.919976770465805060e+00,3.974420169686640580e+00
-8.637337329869255731e-01,7.024364816279813795e+00
1.601092238638232601e+01,-4.519176641824112828e+00
6.574073439025132082e+00,1.365150975246215026e+01
-7.910858278940133381e+00,2.777053110725570484e+00
-3.325102626028989761e+00,-6.832664876556322042e+00
1.546533566896303391e+01,-2.200820654697163814e+00
6.765492082844438926e+00,1.187024391588559169e+01
1.083885067591258533e+01,-1.117263631572999216e+01
-1.170609930726299730e+01,1.003075235247123720e+00
1.123568545423232656e+01,7.935500326845059682e+00
1.954295124012141338e+00,-5.950493962600778453e+00
9.499298384978031251e+00,-5.235124097909745977e+00
-1.204353327677166741e+00,-5.853610665078965436e-01
-9.972729797057770185e+00,-1.613235048337135780e+01
8.508092856366447521e+00,-7.776899511624192129e+00
6.659977876202620273e+00,-8.062104377115950626e+00
2.529021150637906334e+00,-4.250740972276385143e+00
-2.950659006768812098e+00,9.684219186128952828e+00
7.676355946841725952e+00,1.737486645669583396e+01
-6.795646491059124550e+00,-1.388309661208520618e+00
5.794435105257649710e+00,1.711850607985018513e+01
3.793762148448752480e+00,-1.108810851112696838e+01
-1.261471153525949696e+01,1.376023367718489787e+01
-4.582148195042556438e+00,3.546851300881207258e+00
1.654055793293286447e+00,1.107063888377089178e+01
1.023028311791632783e+00,1.423374917747913848e+01
5.748637138111703848e+00,-2.099795557309867444e+00
-6.067547036551238726e+00,-7.924491241787626095e+00
2.948017882410536750e+00,1.451090534476576188e+01
2.025785939768503852e+00,-2.266148222588531436e+00
5.520253823806985594e+00,-3.916274920484937194e+00
-7.493156502319028300e-01,-8.428746565899267296e+00
-6.585196070411401870e+00,-3.220468308721897266e+00
-7.356023962386946558e+00,-9.187013707377980509e+00
1.534623824304971906e+00,5.144288975654156104e+00
2.177159327060684380e+00,1.649574619553746402e+01
-9.061206820060926148e+00,-1.463325975443518345e+01
-6.440266845388446626e+00,7.917393652850425845e+00
-1.320441272202899974e+01,1.151622179736041574e+01
-1.549259450097622892e+00,1.730528245532206100e+01
-3.181312165626959843e+00,-1.106910716675718165e+00
9.129985586384949059e+00,2.028275905939666224e+00
7.927639063528170382e+00,7.134389156649861841e-01
-2.220676709062410215e+00,2.347684614525685998e+00
1.277889774483949203e+01,9.607436860103261367e+00
4.511888051161537239e-01,-9.740224826870061747e+00
-1.701049972576802816e+01,8.404826025272475576e+00
-1.138301371068460277e+01,-1.081401522141789195e+00
-2.314644265606600637e+00,1.479925675314533251e+01
-6.501570110146992043e+00,-1.071745397187611992e+01
-8.013190141459102023e+00,-4.385929286538193139e+00
5.291117147696156486e+00,-1.005064802153131254e+01
9.323342788909796397e+00,-3.279527397445536785e+00
9.550893317080804135e-01,1.894365159909377994e+01
1.124366477377143170e+01,1.411105454081476651e+01
2.026877062136658303e+00,9.271342469970649702e+00
6.329181020933908997e+00,1.527527708645922022e+00
-1.843666927799725741e+01,4.525567294136471297e+00
5.693828798092877008e+00,-1.218241167880511533e+01
-1.844453936908407243e+01,2.701972995162543079e+00
1.395307480580996184e+01,1.499946069422690265e+00
-3.316831980386140799e+00,-1.002532197794692870e+01
-6.427266419916953133e+00,1.600914960852925972e+01
-9.137614956858124415e-01,-6.674117540252867187e+00
1.454400061760150464e+01,-5.517377581651259355e+00
2.824999174521807266e+00,-1.089173318197296930e-01
