-7.349356844206319295e+00,8.899630903528912285e+00
-7.418411821120404426e+00,1.236987535329506649e+01
-9.076754404405527055e+00,-8.930707757074957343e+00
2.181302735632145051e+00,8.043469782150017622e+00
-3.518658169457669072e-01,2.717589345566575609e+00
-9.131711886109424026e-02,-4.630606156890748615e+00
1.737513524987285862e+01,-5.395883222962981618e-01
6.502335435824866394e+00,2.073469045399450872e-01
-8.202967012425498305e-01,1.515319971532521492e+01
-1.081853998171083830e+01,6.970458121920295014e+00
-9.119493516548924816e+00,3.814618458258848932e+00
1.013735340746839420e+01,-8.200980526530845083e+00
-3.706818958285739374e+00,-4.218273508518336712e+00
9.765478677951499042e-01,-9.714456454528434648e+00
-7.619457040278896365e-01,-7.995874728994476044e+00
-7.341799265371121486e+00,3.996898120594132742e+00
1.277345043122923229e+01,-3.069322146549487762e+00
-1.256442618730859984e+01,6.262637526043227432e+00
-5.917096603004155853e+00,-8.966441347221417502e+00
1.084322355117039116e+01,3.633572464341217056e-01
-9.522772179346725707e+00,-7.117698723832430296e+00
-6.703485729387542058e+00,6.651731583332431086e+00
1.709372654622983490e+01,-4.640392760787950266e+00
-2.828087940842596737e+00,6.821719481732866797e+00
9.840953481816066883e+00,-1.091051098336227154e+00
1.479917829505632998e+00,-2.710032798761751405e+00
1.413711538296187520e+01,-1.956179072365207272e+00
-6.824045968008163321e-01,6.824637003491718090e+00
-1.151388121617841520e+01,-1.398961896757972223e+00
1.160256379851833053e+01,-1.622958413805284161e+00
-1.062137017182005749e+01,2.620407247828162145e+00
-3.537845122328836522e-01,-2.819445739797422412e+00
1.280665364839922482e+01,-6.989734107836288679e+00
-1.525432581300244284e+00,1.353804647850153842e+01
-1.829595318095857337e+01,4.212540789452260626e+00
-7.270104699767324874e+00,-2.766265986547151723e+00
1.745385548739726289e+01,-7.500610873436277082e+00
-1.302114934998785056e+00,-1.396682610278899794e+01
-9.753262463741998900e+00,-1.242877152095646842e+01
1.853728123854248722e+01,7.792265838801317734e-01
-2.719428382591329907e+00,1.950548571660382535e+00
1.588352586079451534e+01,-1.041691735250312867e+01
-4.563242792297649508e+00,2.163921738672252015e+00
-5.492603358604545960e+00,3.802200252308604700e+00
1.439025861326347666e+01,3.194456238833918160e+00
-3.263881341339012643e+00,-1.228994167662121439e+00
-4.593430990163937189e+00,-1.228112278393607859e+01
-6.728059532762657113e+00,-6.375985113227101486e+00
-2.865840302731596623e+00,-1.300661159082257612e+01
-4.167240682142399066e+00,3.490253032786362897e-01
8.043773989846698669e+00,-7.867631027228847884e+00
-2.696058640516205251e+00,-1.102588775889396011e+01
1.294108634830007487e+00,-1.334599427685052930e+01
-1.166627304063978343e+01,9.516989066726362356e-01
-1.586776773769753568e+01,6.623340860466688795e+00
5.699654189091667433e+00,-1.107651196411472050e+01
5.801402238053642080e+00,-4.229128718272389342e+00
-6.484605867541436197e+00,2.278512107849516521e+00
1.526355317668727096e+01,-4.860418093705411557e+00
5.713923436364032327e+00,8.660980034578782849e+00
4.373966511296588422e+00,5.388616745121513674e+00
-1.083175893803896450e+00,-1.110977899638656563e+00
6.203156099897685571e+00,-9.359692027789266788e+00
5.776191431261752385e-01,1.230461267390976943e+00
2.788551012901470560e+00,-8.624760055970153161e+00
-1.524620346515073166e+00,-1.724630627298747498e+01
-1.417454148306889117e+01,7.181971198139168067e+00
-1.751973713364722229e+01,7.352469705337289163e+00
3.981827953647424589e+00,4.240501799241327419e-01
-1.374804534282709945e+01,1.247724577560413328e+00
-6.785602967928303642e+00,-1.028364778902224996e+00
-4.126016205079393373e+00,1.309099459726202141e+01
-8.352484090249724602e+00,-1.704656852030637282e+01
-9.547144442192470493e+00,-1.067533226690466286e+01
-2.229940185361357408e+00,2.498003560511093402e-01
-1.240399794081133500e+01,2.571182883666967900e+00
1.002557980359805923e+00,1.563089064495540903e+01
3.893780954153430507e+00,-1.509874323747511937e+01
-8.888902225651161615e+00,1.126556216474197569e+01
2.245879585573610893e+00,8.329406217185355774e-03
1.427622507631517834e+01,-9.320814713870499091e+00
-2.592712697782998177e+00,-7.719233746623942238e+00
-9.868039208429078002e+00,9.136199198965448964e-01
-7.503599958597733988e+00,-7.993983771825062590e+00
2.543755296843955183e+00,9.824715014989457984e+00
8.965471069129327120e+00,1.583562704098283014e+01
-8.353497069421443655e+00,2.147044839982188869e+00
1.426032435167389245e+01,-1.109910122176163760e+01
-3.083731697043739395e+00,1.460027405663177902e+01
-2.593418522625468903e+00,1.199897956783699371e+01
4.766466192828761272e+00,-2.735763774047090813e+00
1.406762193730995314e+01,-1.162924995106421749e-01
8.555133780436168678e+00,3.167079306062753119e+00
-1.162889506944896212e+01,-1.237971177898191044e+01
8.329686242075187153e+00,1.304738784138041174e-01
3.989097809180445875e+00,2.222342843857013417e+00
1.505872085021421114e+01,4.996161201972095789e+00
-1.162790171389567995e+01,-1.055562058954260607e+01
8.030462657578992136e+00,-9.620133734611931331e+00
1.091142919619784202e+01,-5.603805792220446946e+00
4.295161535206841741e+00,-9.800982779954638957e+00
5.752298677035981633e+00,1.840697316215114343e+00
-2.616753169848349270e+00,9.962027374902527654e+00
-1.525353480951080876e+01,-4.147774268017819566e+00
3.392639962700303879e+00,-5.242744481717255489e+00
-1.872356146532435206e+00,3.605312419441231153e+00
3.305254732792941130e+00,-1.527116300158570139e+00
9.267307584280539245e+00,-1.092248936645152213e+01
-7.877874170475775095e+00,-1.272669396587778579e+01
-2.127497231244604325e+00,-2.581617039518790957e+00
2.750959017034342313e+00,4.573643627938628775e+00
1.515622317321627399e+01,1.106207802199191725e+01
-1.383970453487800789e+01,1.148004452175306511e+01
1.452370926759146208e+01,-7.512781854406030746e+00
9.074359528668006547e+00,7.585180921201040150e+00
6.400583572248342179e+00,-7.065316787154104716e+00
9.484361918443447337e+00,9.835861926350270679e+00
-1.043895724009627557e+01,5.086870657652201366e+00
5.240232483731973367e+00,6.954249955462905142e+00
4.958792545150726205e+00,-8.118010523227068731e+00
-2.036460806295429915e+00,-9.390678600000288867e+00
-1.208035150732367918e-01,4.553109828730755204e+00
-4.136333443960568346e+00,-1.659290449962980674e+01
6.733893177195588109e+00,-1.595952519249940593e+01
4.990695757005484623e+00,3.674375699842164611e+00
1.109523442383491521e+01,-1.542075608818172050e+01
6.183458732942796132e+00,5.394499592318388714e+00
-1.084493820597755587e+01,-8.439319516369327090e+00
2.874518139965458907e+00,6.377847393751076233e+00
1.105999594890091231e+01,-1.251942265611782190e+01
-8.518199618650575289e+00,1.603825528107095266e+01
-1.134838238915473063e+01,8.744991905947809840e+00
-3.591352878654089587e+00,-6.055871195477975810e+00
-1.337496240142774084e+01,-5.880748526788810437e+00
1.958041420084569495e+00,-6.279343140545042168e+00
1.425413957198079551e+01,9.075672421390867939e+00
-6.045962005582967258e+00,1.552676054789651872e+01
2.108630707748953004e+00,1.704786760071774765e+01
9.461122848789774054e+00,1.564058834815784893e+00
-1.462486091991658022e+01,-5.649508976577100050e-01
7.654559229871161108e+00,1.315093431646700850e+01
-5.053488412202754354e+00,-7.114468514979780167e+00
1.683759796981122658e+00,1.249298161944697938e+01
-6.363556947401479702e-01,-1.045331820207670681e+01
1.242861127961906043e+01,6.493653264921663393e+00
-5.960274777660962364e+00,5.977687510664254633e-01
-7.520772216445362091e+00,-9.906986801633417272e+00
8.642634117276209338e+00,4.961378233633965351e+00
1.196713417068763441e+01,-8.556132430603939909e+00
1.090928142232470854e+01,7.644076707548149940e+00
-4.089065803769999619e+00,1.104764218957805078e+01
-8.214914926628630099e+00,5.573160993272501251e+00
-6.900961806249862107e+00,-4.538894214569288543e+00
7.180067767006326207e+00,1.529751247079492771e+01
-4.424346884980976391e+00,-1.046801840954326757e+01
1.438349351749398097e-01,-6.381356855548899532e+00
-1.651395866322937067e+01,-5.493193931818314724e+00
-4.289885458620142700e+00,1.599112799114480055e+01
9.263671104927851729e+00,-4.795698952118091718e+00
-1.613506040348000425e+01,4.217353999066916770e-01
-4.670150566129488645e+00,-1.835329971788734582e+01
8.024046479223840844e-01,-1.080251153167324452e+00
4.336503054153325598e-01,8.431257200939855423e+00
-1.787650969467368611e+01,-1.323121940388058748e+00
1.034929122163340987e+00,-1.155941050539064641e+01
1.155387804038341848e+01,2.121709577803165825e+00
-1.842746573922697362e+00,-4.430181180006153241e+00
3.190433638027819985e+00,1.146892425833530638e+01
8.218096220522006945e+00,-1.693561623280259454e+01
1.327739497404748903e+01,-1.261826722467110606e+01
-1.107954283865826284e+01,-6.235162215850271750e+00
1.594679950722371942e+01,8.558727186499734074e+00
-4.117059699814118012e+00,-8.611494006448882743e+00
-1.338784691158086737e+01,-4.006595516703886695e+00
7.427424637678373465e+00,-5.614084810218548327e+00
-1.530341844868667600e+01,-9.931209554231580583e+00
4.040230112833614662e+00,-1.854320035571016234e+01
1.232854319811668731e+01,-1.416221729564312781e+01
2.870487390261450833e-01,1.794246046837709585e+01
2.281045894008060237e+00,1.777431232201008626e+00
3.939054922017044102e+00,8.179559631824773192e+00
9.485771414524176492e+00,-2.966457981440989489e+00
7.514115098850751018e+00,1.693998226413748975e+00
-1.199751212678578582e+01,1.106553599572861302e+01
-5.642255540419124138e+00,8.055891812988841494e+00
6.870852750102084627e+00,3.715681698705531666e+00
3.978077669114980619e+00,-1.173794611514095720e+01
1.566764583185895532e+01,-1.010892154071116877e+00
-5.230536302580413022e+00,-5.274293754697363390e+00
1.151386127809500692e+01,4.915760544969348445e+00
5.044550900996534359e+00,-5.930043793517691064e+00
-1.098047396207842752e+01,1.550367314086367365e+01
-2.201388009014795255e+00,-1.560648985399948074e+01
4.188340570584971445e+00,1.344037143562469439e+01
3.580490537619955838e+00,-7.003673185440733029e+00
6.168157980786376449e+00,1.036259994532419171e+01
4.345165789782289067e+00,1.001707102072057864e+01
1.334498809283119147e+00,3.405964201984545081e+00
-6.697318936234109898e+00,-1.436673080916138900e+01
1.565384255765596677e+01,-2.890382524872792569e+00
-8.361172386444810645e-01,1.156728636207862415e+01
9.387403674445973678e+00,-6.551716031119467765e+00
1.863763600843775237e+01,-3.609192096128493343e+00
6.489805328468579937e+00,-2.350412055263346289e+00
-1.261682944749648261e+00,-1.210552214028642659e+01
9.158918891551364183e+00,-1.274040907009416657e+01
1.186779368877622254e+01,1.015023341850185012e+01
-1.726671520577019114e+00,-6.184042585219657440e+00
1.054307204322325386e+00,6.441493045560623187e+00
7.454528471800593081e+00,-1.215061756121548520e+01
-8.669543120781590062e+00,-3.905234305719107901e+00
-1.714662409364415607e+00,5.390884668528955537e+00
-5.322599085152281972e+00,-3.238352692112971720e+00
-1.321228368179356183e+00,1.878541515498706360e+01
6.427078472379678109e-01,-1.607274370324932988e+01
-1.258651438799589961e+01,-8.942910947572306313e+00
1.064149608928403046e+00,1.078956711681816039e+01
1.250751773614866735e+01,8.364867269071895706e+00
-1.164871597819876570e+01,-4.543375115689295640e+00
-3.098281848730335408e+00,1.744490599298926270e+01
1.602506090018160378e+01,-6.468405463688858603e+00
-5.910640943332058583e+00,1.141350022178256296e+01
-7.909729239799271339e-01,9.763344602301817332e+00
-1.038403739040334983e+01,-3.314279379226787725e+00
1.266352267170359269e+01,-5.113036011051579344e+00
1.087770020542519811e+00,-7.860940418142799757e+00
-8.288710952186637115e+00,5.652309880077315690e-02
-5.048987623191625751e+00,-1.374529200096060721e+00
1.681509036068617569e+00,-4.530909818433300096e+00
-5.906075541803924800e+00,1.332732529269905974e+01
1.108406338174652106e+01,-3.764131458682776099e+00
-3.673851206891555421e+00,3.790443863657837920e+00
-9.741657609059267031e+00,-1.641573009102164082e+00
2.597039176406781280e+00,-1.050283087196156551e+01
-1.598871906303775781e+01,4.749343703917625170e+00
-8.363623515453905810e+00,7.390346603426328542e+00
5.703362281059186634e-01,1.392903542012679097e+01
7.639073186934026261e+00,6.516367178976523178e+00
7.709010031930682239e+00,-3.791047861853692691e+00
5.128547832543094209e+00,-9.799523708608512962e-01
-1.771833562575952703e+00,8.299117069296315208e+00
-8.388699979668633233e+00,-5.783566982064918705e+00
1.235512531374295797e+01,1.401856741947142737e+01
8.131740816395724991e+00,-1.643101100328793640e+00
1.007652840407589423e+01,6.045846586091249364e+00
-1.371877443776181371e+00,1.696252979632129509e+01
-5.217502816588674541e+00,5.679960784609812130e+00
1.598927277074528597e+01,-8.639998227307623679e+00
9.596161073216009640e+00,-1.445995409222649641e+01
3.124543713171902493e+00,-3.439026010845793735e+00
1.360497116746667956e+01,1.616441606113442786e+00
-1.530677357734453814e+01,-2.350566982523921489e+00
1.327932787048480812e+01,4.647589621482366873e+00
-4.234877082533594184e+00,9.252658241195314659e+00
1.034220026180793184e+01,3.534191801830522284e+00
-6.076755140628312013e+00,-1.107151131587198201e+01
