-1.273575302551997801e+01,4.575864226111907129e+00
-1.298020315403081959e+01,-2.312957405368549324e+00
5.140686125158343778e+00,-1.291443527386783607e+01
1.490350029164472012e+00,-1.384672841735841509e+01
-8.531139773515006297e-02,-1.127326274769291103e+01
-8.127957353364868354e+00,7.268909590423967559e-01
-5.689928375402264038e+00,7.112370042007103876e+00
-1.836214831040741302e+01,-3.199410324708670039e+00
1.582985134203389421e+01,-1.885264455267174455e+00
1.349550717938396183e+01,-3.161651572780800112e+00
2.795360887674511297e+00,1.622628811491039258e+01
2.314903108889811101e+00,-1.980769336992856289e+00
8.803171321013953943e+00,1.409654930445774745e+01
-1.225597120194902168e+01,8.661022268962653925e+00
5.323263709731516080e+00,-1.106587247976576904e+01
-5.317053719392763611e+00,5.316582021888496712e+00
2.509105456282291757e-01,-8.003526913577065471e+00
-1.089310309659179055e+01,4.557161298853948495e+00
-4.717225682087412331e+00,1.666187326112933320e+01
4.999433777338887497e-01,1.720298564195362090e+00
1.138186353482052660e+01,3.859265039476204251e+00
1.154027031671652104e+01,1.154767491499367305e+00
6.780615431063615084e+00,5.906615468304813099e+00
-3.519408702497521801e-01,-1.748019692952892967e+01
7.600990950107639144e+00,-2.152472620788719038e+00
-4.951706744355268697e-01,1.401088981756114649e+01
3.883763671297939535e+00,1.824652504164719025e+00
1.726978719653994787e+01,-7.402383376867050835e+00
-7.393617609519544942e+00,1.285424959173437998e+01
-1.420970412097320557e+00,5.188308540992895956e+00
8.873361851142362866e+00,-1.299651093958853032e+01
3.316934494585050963e+00,-1.307910633961310687e+01
2.755800149845044067e-01,8.610584835752028710e+00
-1.146206430586803116e+01,1.028486278837471346e+00
-7.781556401753459973e+00,-8.543811627199561443e+00
-9.078894378414076982e+00,-1.042617613854430125e+01
-1.519774122909037573e+01,-5.111690365678500214e+00
-4.623853181903986531e+00,1.462205823611946620e+01
3.953468107016369970e+00,-5.885220754661303622e-02
-6.507616855983331838e+00,1.447011768193333658e+01
8.866142799405313468e+00,9.058873807428607705e+00
1.411552500347895034e+01,-1.450674109166813830e+00
-5.926417892670831300e+00,-3.492238270010565415e+00
-7.713849264682558271e+00,-1.736339600134039074e+01
-6.384754157351943071e+00,4.285200803814665504e-01
-1.085313226248451635e+01,-1.558848207814988207e+01
-3.439098326179899523e+00,5.058400889893611918e+00
2.799231423747759462e-01,-4.945786979637595948e+00
-1.142579707986787518e+01,-3.275016790873829020e+00
-2.835518826654340518e+00,3.287899981610650890e+00
1.216669983293357848e+00,-3.364702484733417709e+00
-6.014753772536209908e+00,-9.046539054637406707e+00
7.785987679005104134e+00,1.657266979730310297e+01
-7.946645130127834022e+00,-1.239049258933881248e+01
-3.161679243428550556e+00,3.001515892083185810e-01
-9.298031104319324669e+00,-1.651394713812966941e+01
-1.355454928377513113e+01,-5.846772315793973718e+00
-5.826204468661246416e+00,-5.271171060618468296e+00
8.922605827094649555e+00,-8.522946758224382080e+00
5.603042384557555877e+00,-6.544069320106101983e+00
-1.654295095652030811e+00,-1.535958951215458690e+01
4.886090206884281528e+00,1.254995212870124099e+01
-9.862148743333099432e+00,2.575163052608141490e-01
4.681321949292613915e-01,1.553934648462350232e+01
-1.806589527091748915e+00,1.827622735674682808e+00
-1.477683223196929907e+00,9.121598485618021002e+00
1.715759350266807814e+01,5.912172587942632340e+00
7.113098534853853572e+00,-3.873048585718282588e+00
-5.716633883220159973e+00,2.199165315731835602e+00
-1.650232604356341426e+01,3.468624891840564661e+00
-1.674137496945804671e+01,-4.217525203830099656e+00
-9.623705468413131570e+00,2.060792887961805597e+00
-4.377738527838694438e+00,-6.337074525504093003e+00
-7.229282168571200096e+00,1.068627647532107794e+01
6.994164898557192700e+00,1.453269659856044171e+01
-2.687435357700216798e+00,-1.014202794846251798e+01
-3.903988292274977123e+00,1.036388922281109259e+01
-1.075407009952912496e+01,1.543229644638963194e+01
-8.442407004970574391e+00,7.470760097823554879e+00
9.661272579604309740e+00,3.055849710629841454e+00
-1.199873153017864169e+01,-4.984203254694101304e+00
9.896812299632070875e+00,7.240101762801372409e+00
9.962753927676661903e+00,-2.085395966706460769e+00
1.253245041721802178e+00,-6.493998632773113400e+00
4.148130117404355666e+00,-1.925147855489465876e+00
-1.411115071302328694e+01,9.565503991214754365e+00
-9.205226263433955225e+00,3.810164057875808474e+00
7.215051432519753227e+00,2.420933297646599591e+00
7.213194942776139484e+00,-5.752318987205228495e+00
1.186284659544564768e+01,-1.522961958747200306e+00
-4.313589469411657440e+00,-8.103882281371944885e+00
2.977392981853332898e+00,6.146021564160797368e+00
4.126805305731631179e+00,-7.484768913137586743e+00
1.568436733187750498e+01,-9.224361916731206534e+00
-1.844687389161231295e+01,4.506617671782501944e+00
1.717229718379009995e+01,7.744926519561677658e+00
1.014790357092218542e+01,-6.791008123476176550e+00
-2.798649258913170179e+00,-1.878582009230808580e+01
5.487762908200781720e-01,5.573064270021622413e+00
-7.410471230527758024e+00,8.887146987625838435e+00
-2.282698273101949837e+00,7.513200972706351344e+00
-1.221603285113515724e+01,-1.393726333354861069e+01
5.990513258535004937e+00,-1.448024436994533026e+01
-5.564856998124855236e-01,-3.349544641590009419e+00
-1.622679153359360971e+00,-4.805415801442610046e+00
-3.969741344746550826e+00,1.910860448849639237e+00
-7.433868824479628046e+00,4.341588620018673517e+00
-1.806797878951823977e+00,-1.174702283857606133e+01
-2.118390659498214479e+00,-1.715492669073573140e+01
1.042550758310444436e+01,-3.313031063571220125e-01
8.141537190891504849e+00,4.028784408284655782e+00
1.314689556902177925e+00,-1.879958533608756355e+01
4.344704604297931816e+00,-9.234718390642967734e+00
-2.959447221174395182e+00,1.668425390978286060e+01
1.882242012338182846e+01,7.915305237461253141e-01
9.767099664026268613e+00,-1.006679477903272968e+01
2.424824150102261822e+00,4.448619442010088854e+00
-1.098398634804260610e+01,-6.444821857163704593e+00
-5.398921797195963102e+00,1.303008069416426906e+01
-3.944289685752129238e+00,6.772151599616648809e+00
-8.918739434831048030e+00,5.572192075392116806e+00
-9.384402533714737871e+00,9.101971263033698634e+00
-4.110204168331561547e+00,-1.344653122418920965e+01
7.443180374051248549e+00,-7.497920709778835402e+00
5.973528194498281430e+00,8.791892385075090743e+00
-1.385677672917415393e+01,6.053840473478536488e+00
-1.514907210707742458e+01,1.265019496960639867e+00
-8.662265808407251910e+00,-1.423137893102669516e+01
-4.556521024835036293e+00,-1.843419275475343966e+01
8.931923456103058712e+00,-5.354151442652316462e+00
-1.227758519106854074e+01,6.890090582424887700e+00
1.710264930150718898e+00,-1.201123678671858563e+01
1.309632168584677636e+01,-1.091385297858542991e+01
8.624613792459372874e+00,-7.072912671627595849e-01
-2.334027054411159874e+00,-1.370977904398265856e+01
1.578917799698966462e+01,4.559974125499017816e+00
-7.330033682655010097e+00,-2.389892254984194775e+00
-2.547990336399617917e+00,-8.273160035936369283e+00
5.652851392068821923e+00,-1.003850126523006425e+00
-5.876791551443207862e-01,6.952868496755647776e+00
-1.705760605465363611e+01,5.372305208652706776e-01
-1.831018338776291898e+01,-5.067187454810778924e+00
3.869480176103513802e+00,1.090063420313064846e+01
5.956933122275939851e+00,-8.505247021225633475e+00
1.250486694282580658e+01,-7.455510287670322533e+00
3.904680598859843421e+00,-5.669946979179523616e+00
3.271100325912590367e+00,1.347730033128298466e+01
5.398925067618505658e+00,-4.624690472537050567e+00
-1.090309431146015084e+00,-9.315514961350279677e+00
-2.315138746864597863e+00,-1.443027730778027928e+00
-8.316713782180869430e+00,1.611183986741932017e+01
-7.227956025188427169e+00,6.112546088508374886e+00
1.588614262761448259e+01,1.759502555535351398e+00
-1.563293718954347966e+01,-6.181041909377561483e-01
-9.470680422213915151e+00,-7.925586581762463112e+00
-7.217095550236001245e-01,-6.436034628957288284e+00
4.075695092078088777e+00,1.758427991226959008e+01
3.788620546045577075e+00,-3.794621040305444115e+00
2.158897650306335958e+00,2.548558027050059405e+00
-3.395336370732807474e+00,-4.768843189490089784e+00
6.262426000851096575e+00,4.206066757710332560e+00
1.413613097547202635e+01,2.154871121596265926e+00
-1.044103756517453796e+01,-1.382892112763477854e+01
7.493949084134009508e-01,3.793332031419057060e+00
2.208187302338231461e+00,-4.987683249104314598e+00
1.060923425193647773e+01,-4.562257694664995533e+00
-5.903737858499135349e+00,-7.231268279857838266e+00
-1.249456078430373296e+01,-7.407714827815265579e+00
1.485553693310983903e+01,-1.113967564385667686e+01
1.169986294484712808e+00,-6.480789975916824153e-01
-4.492957090325226055e+00,-9.983579595148679431e+00
-4.082221652105550436e-01,1.132919028998535893e+01
1.561392199275272841e+00,7.228023132504850956e+00
-1.718102932328163135e+01,5.777309502762691729e+00
-5.112777362307958207e+00,-1.490104886232571779e+01
-1.007632636014635352e+01,-2.044010785666856567e+00
7.696429925615455581e+00,7.673422116460606013e+00
-1.587731209406089050e+01,1.033745892701459290e+01
7.514146901635596620e-01,-9.685780637381364855e+00
1.460665710665932870e+01,-6.634841343729990903e+00
-1.146234351668003271e+01,-7.712741822741672193e-01
-1.137177315006471368e+01,2.812747571277597558e+00
-3.473310140077274344e+00,-1.586860541712577088e+01
1.610046194285986942e+01,-9.615541046469085196e-02
5.695855180324698175e+00,1.098596828854212326e+01
-1.383536660630318238e+01,-7.247998613230366427e-01
-1.190826519721408872e+01,-1.146229810044008879e+01
5.553479625027613054e+00,7.704230718061689798e-01
-8.839608856325348540e+00,-3.336902554207154648e+00
5.465998365148557525e+00,2.580803941999267437e+00
5.694081461454231885e+00,-2.816358687074019151e+00
-4.440776517304866888e-01,-1.533726811140077695e+00
-1.394719128599467339e+01,-3.879498375954398615e+00
1.403304237999195081e+01,4.014858263595678878e+00
1.379908782100917719e+01,-5.043242376611637212e+00
3.672010636686229734e+00,7.891682400717455970e+00
1.522021394592798726e+00,1.397886718634191894e+01
-9.266245761132942960e+00,-6.116932844463036645e+00
5.371796744188969797e+00,7.046111788448690127e+00
-1.373324710622799572e+01,2.846254753858510345e+00
-1.053381020797817591e+01,6.313258469653338700e+00
-1.022897296727390959e+01,-4.594966814922365472e+00
-9.443320143025484725e+00,1.106025389164661910e+01
1.213800444878703466e+01,-5.663084237904514318e+00
3.524543748277967126e+00,-1.125731366917506016e+01
1.010026158570798671e+01,1.282818887827797916e+01
-9.170896066902185950e+00,1.283052359124200414e+01
2.360546731152521893e+00,-7.899627700176221623e+00
-4.180564118315595046e+00,-3.068361046871582065e+00
2.558851603772080541e+00,-9.711977731602731367e+00
-5.858799399727554480e+00,-1.273548505820401466e+01
-8.503542928625350328e+00,-1.021793885806593583e+00
1.874492733957758972e+01,-1.087764334382324449e+00
8.148966464458755610e+00,-1.126892149591422232e+01
-1.354961930538326342e+01,1.276708288354724274e+01
-2.409996948762057389e+00,-3.234048387007534942e+00
7.436221486438122419e+00,6.046979948452686493e-01
-7.876133265133692163e+00,2.561792069602378596e+00
9.966839079162250314e+00,4.940445530106345906e+00
-9.851897395183202732e+00,-1.215418500291720960e+01
2.366156751300812822e+00,7.966529181907330281e-01
-6.513025199800647869e+00,1.636193959318516633e+01
-2.511084390393089727e+00,-6.402176952407089061e+00
1.236915300981451971e+01,1.102511462575318291e+01
1.243050999427912373e+01,5.825785214911944010e+00
-5.931612723931086961e+00,-1.296842996104476509e+00
-1.056497683497725770e+00,3.470752146238948566e+00
-4.104254457707204651e+00,-1.247897792972977093e+00
8.569932767395918916e+00,6.034980372350773337e+00
-1.273748456244659932e+00,1.583355356652730528e+01
8.910337353614135480e+00,-3.563559170416810584e+00
-1.779792775120560933e+01,-1.253196293580479015e+00
8.380298129441516863e+00,-1.542800253518452358e+01
1.744019783054262618e+01,3.660729136774545811e+00
-7.405127286554541222e+00,-6.172271946572809753e+00
5.668393486682874460e+00,-1.809007969656623160e+01
4.604711716375062380e+00,5.111831638725402804e+00
-1.481969139062856300e+01,4.291455070253336501e+00
-6.024022701384001088e+00,-1.094673156370380163e+01
-5.016694543036897436e+00,-1.670757439340356143e+01
-4.680919291289580286e+00,3.647916322513910181e+00
-1.198773591042682796e+01,-9.592047181161001745e+00
7.377046988399913907e+00,-9.649716844548404282e+00
-2.135912124375848986e+00,1.083834325418371058e+01
-2.174700075738907223e+00,1.325347791176185908e+01
1.416944379380743690e+01,6.219434500131455046e+00
-5.457973253906502897e+00,1.120745392841618226e+01
-1.491691175740539066e+01,-1.173568256177141755e+01
-1.366712389581383968e+00,7.068861877048747411e-02
-6.635082627136486444e+00,-1.583812491387707411e+01
8.710067765187308464e-02,-1.568831315661264014e+01
-3.634172564627524249e+00,-1.166145194333892476e+01
1.309449248661167253e+01,1.322533477458703466e+01
-5.598343961277053360e+00,8.903424141537531256e+00
-3.784017354418485635e+00,8.574245770775389630e+00
2.072110557506979589e+00,9.037395345057028351e+00
