1.652610081172600109e+00,6.883299997141726356e-01
5.621389561169228166e+00,6.228117463932445474e-01
-1.697431477686058798e+01,-8.522407777831499942e+00
3.268115081577129821e+00,-1.561751891652505009e+01
2.251515868335096204e+00,1.143729191077100360e+01
4.963478190337593965e+00,-6.910828789730995680e+00
1.308280796753591524e+01,-8.750667153466864079e+00
3.506436272689361200e+00,-8.357129756633815632e+00
9.771334405599044204e-02,9.551894267635876901e+00
4.931166632128481275e+00,3.196341076969317019e+00
-8.571360196802967124e+00,-1.475220420188870918e+01
-9.239538961402578465e+00,-5.174149796288884939e-01
-1.356679165608933646e+00,-1.248404859153446012e+01
3.637095805146201233e+00,-4.913534609651236451e+00
8.960416858884817870e+00,-5.525349065681996130e+00
-6.664742463081275936e+00,-3.935790206318074969e+00
-1.390145691372777392e+01,4.599904567387228305e+00
-1.128375250103706051e+01,-1.185280646878956823e+01
-9.133473223941534158e+00,-8.293773236430658002e+00
3.671419380932279708e+00,9.899739269827778188e+00
1.098821548726111175e+01,3.441309929243041132e+00
9.744344780754312652e+00,1.555650243108241604e+01
6.734038468733777094e+00,8.001787533810908570e+00
5.144166203236954615e+00,-1.491100636166879667e+01
-2.640790390376080765e+00,7.483955976205667326e+00
-7.903224435006817927e+00,8.853755969700420891e+00
2.817628522363918808e+00,-1.958938227770758544e+00
8.105063883529723512e+00,-7.839249307189502858e+00
1.571943208696976768e+01,1.437582966106990101e+00
7.039855551595668004e+00,-1.188502503054363757e+01
1.947044223539778351e-01,-2.504672041338411592e+00
-4.735674167623125541e+00,1.023171637630747455e+01
-1.681617769574743626e+00,9.873419417375576046e+00
6.501267751567342934e+00,2.262462075483570700e+00
8.694309189058541776e+00,1.383173937482208693e+01
-1.089455022154127661e+01,-1.428862340494208638e+01
-2.890945101897241631e+00,1.742358390507430466e+00
-3.993301625759027917e+00,-1.102717018455887654e+01
1.032011360354137786e+01,1.204235983254467968e+01
-1.196253078492905431e+01,-1.382793757457737360e+00
4.400262669455916154e+00,8.227755656327879308e+00
-2.489912065012795939e+00,1.648351260062901247e+01
-2.218967577225859245e+00,-1.066943261055641123e+01
4.268484240437119936e+00,1.372312703691023827e+01
1.343617354241392725e+01,1.294077553741307174e+00
-1.215435807929733159e+01,9.603957110700619637e+00
4.638111580242017418e+00,-1.842254429415060457e+01
8.946524893628446051e+00,1.088265771198034848e+01
3.962364739042630202e+00,1.186611584739178760e+01
1.935144680290521002e+00,5.803130258324941337e+00
-7.153784127636003021e+00,2.625751350660608274e+00
1.747918681642631356e+01,1.599741047331068033e+00
-4.521712395936119955e-01,1.703448426627303292e+01
-1.098026215524744131e+01,2.157901966179597841e-01
-3.568644640418484393e+00,1.802225816447556994e+01
-7.935047311189661556e+00,-5.747678207233790637e+00
3.641508354276442594e-01,1.133940147136181942e+01
5.805747571288428333e+00,4.764690143409080925e+00
-3.166642390975926702e+00,-1.274491085632620191e+01
1.240137601624056352e+01,-6.697437398268399456e+00
8.949339651233874093e+00,6.030820118551024400e+00
-1.311241478627802337e+01,-1.146188718689966990e+01
-1.291456015752150410e+00,-3.521380836961530481e+00
-3.004634748179399129e+00,1.117883501950223568e+01
7.647744134208537936e+00,1.239750248134089361e+01
1.189259288450329688e+00,1.779619329538963868e+01
7.540716908702237653e+00,4.462869934082265289e+00
1.736068093255494915e+01,-7.670060408099327098e+00
1.325718733636912106e+01,8.138051690125669424e+00
4.030485601753968083e+00,4.715464087800521398e+00
9.354051695756091078e+00,4.180073179475962242e+00
4.487962167612247200e+00,-1.413635756694295642e+00
1.118338954823754339e+00,1.598523668090009586e+01
-7.264240305233779615e+00,-1.251555043948871138e+01
-1.506949160822410505e+01,-3.975737324858055199e+00
-9.551884536122109637e+00,3.310084055316206531e+00
-8.734975215558590023e+00,1.668900131084109972e+01
-1.400937252660616217e+01,1.013735547334367126e+01
-1.129499571760039522e+01,1.441914815863191279e+01
1.183751507006510728e+01,9.509972353838092474e+00
6.732883825956629487e+00,-6.631088534404869783e+00
4.640253696073789236e+00,-1.319285313071493704e+01
-3.127971511517857905e+00,5.708546603502702155e+00
-1.267071115763670486e+00,-7.115864017151509735e+00
5.770075335045168785e+00,1.246731756346579978e+01
7.198472160532642938e+00,1.718175470244056413e+01
1.029817613642219243e+01,-4.214948292683597053e+00
-1.141519512823893967e+00,-1.848773602952659445e+01
-6.765317843943440046e+00,-7.081474958210619342e+00
-1.001348003375010798e+01,1.011068087695976736e+01
-9.563063389429204975e+00,-1.131672199476022023e+01
1.852751408759519158e+00,9.715294242757034127e+00
1.258645436604188284e+01,-3.080989137539413392e+00
-3.355117894267623413e+00,-5.721903067772929674e+00
-4.929358647443025099e+00,-6.626781208024508985e+00
-1.079628355333523970e+00,1.533595026665469518e+01
-5.791152500554335170e+00,-1.047086956840757566e+01
5.692767122932177237e+00,9.527079036697271519e+00
-9.600226237683544994e+00,-4.914951462113528180e+00
1.451697357262941601e+01,2.763442812994991726e+00
2.737698896642255075e+00,1.679895971121569431e+01
-8.057247006088996244e+00,4.241220325746307473e+00
-9.408026799315925004e-01,-9.874863342245779885e-01
-3.058840146952003458e+00,-7.486102167324643730e+00
2.932835056730679124e+00,-1.383830430829593006e+01
-1.235184088866023444e+01,-9.733704715273216124e+00
-9.433133778903016520e+00,-1.320665510473188320e+01
-6.593003263158029092e+00,1.503261805193200651e+01
2.764214132205421226e+00,1.875732368064980449e+01
1.528361097701824356e+01,-8.335745371392190961e+00
1.477347135163846836e+01,-1.718478365715221112e-01
-2.985526134995061920e+00,-3.990952730333900966e+00
-3.126370981371867863e+00,-1.457194678609451977e+01
1.611089172255251967e+01,3.560552922557967293e+00
-1.385163633874774547e+01,8.340426350812450096e+00
-7.731164904081665235e+00,1.353264494408103857e+01
6.385162931072927428e+00,-1.356142821132359089e+01
7.124248121190591476e+00,1.062779794390407240e+01
-1.285899785007628182e+01,6.064811711206328226e+00
1.760060086977759752e+01,-2.412674406142684802e+00
4.073094923999105887e+00,1.559371350978271620e+00
-1.844388462991730293e+01,1.813615410799768846e+00
-3.697523657168835243e+00,1.307653456856031049e+01
5.602417216073514616e+00,1.635090820230455222e+01
-1.319396090851548298e+00,2.596770875866339257e+00
1.311554804297956167e+01,3.845880950319565450e+00
3.314074561411197273e+00,-1.095229546357056449e+01
-1.087632933980142980e+01,-3.691278784226533549e+00
4.210078567924531723e-01,1.425781752088225396e+01
-1.744932426792829006e+01,-2.680159831665174242e+00
-5.296750221514772150e+00,-8.437658752293140552e+00
-1.642091595575521978e+01,1.740290556859223958e+00
-1.211823066102492419e+01,-6.138868773068956841e+00
1.531475464862069380e+01,-5.337021237055287415e+00
7.860418637539434705e+00,9.931923716767068200e-01
8.570542957024605002e+00,-3.690792900614026095e+00
-1.583791704971512182e+01,4.630053529627612185e+00
1.166751442468961919e+01,1.678549712574883612e+00
-2.470177526888725605e+00,-1.857401624511602511e+00
2.938807124260520848e-02,-8.369268589824541138e+00
1.616174705653328303e+01,-9.960277177107570878e+00
1.056013236329961202e+01,1.384240432293264611e+01
-1.420343326697595465e+01,-9.840504970569879717e+00
-5.859264992556570739e+00,-2.232590886567679789e+00
7.814210635535791205e+00,1.542209569385385848e+01
1.351571491077554033e+00,-1.301747847645303757e+01
4.018303089317272203e-01,-6.308787675224334812e+00
-1.534680589631980574e+01,-1.118703571532081575e+01
9.948755314686231088e+00,-1.091526673446204754e+01
-1.054563346230495746e+01,-9.822083374129592315e+00
-1.276214742002539460e+01,1.387794771417748985e+00
-1.561643329243262812e+01,-1.164601330185738526e+00
6.219885426525037175e+00,-8.371709096514983628e+00
-8.919361064604077072e+00,7.389199884520636807e+00
-1.468093105537406373e+01,6.776141979725141873e+00
-4.659191744611262287e+00,-4.761236461216540872e-01
-1.394397980138211857e+01,-5.664482426120309722e-01
1.463486268726757356e+00,-1.117481660434701674e+01
-4.299303498826448910e-01,-1.088486254157897193e+01
5.578132794617979284e-01,3.481055016203119745e+00
-3.342148535496590966e+00,9.097704204639864400e+00
1.258507593580479478e+00,-1.102769084675856215e+00
-7.668818334951613913e+00,1.164363361851457590e+01
1.129527267425648773e+01,-3.459645042780633284e-02
-7.743055579629539054e+00,7.276043095201770727e-01
-6.031813938963837884e+00,1.274260868015565817e+00
6.473836381912757787e+00,1.416443002071201285e+01
-1.036361152427298826e+01,-6.546973770935161419e+00
-1.656308216499786212e+01,-4.889134128925398670e+00
1.349596362733054988e+01,1.020517766406655014e+01
2.632333440399508007e-01,-4.536617454195940091e+00
9.454009655873536033e+00,-2.082691158870485726e+00
-1.215186266497624779e+01,7.737437546989089476e+00
3.287322958247196336e+00,-7.250407344124504272e-02
8.211715523323940502e+00,2.756454521916416489e+00
8.148557238213591347e+00,9.136358201740737428e+00
1.873138886620166810e+00,-5.267555384430925081e+00
-4.110659580808834868e+00,-2.539549275113258453e+00
2.373724949881835133e+00,2.315822836301273391e+00
-7.905573677919703002e+00,-1.736336670792225867e+00
3.600862776083959105e+00,6.633087380337820527e+00
-1.328711737475004373e+00,7.950730896379031298e-01
-6.446750620685985034e+00,-5.511827010158361073e-01
4.153175237398592401e+00,-3.146256077156827313e+00
-6.337953096676596232e+00,7.543448155166577074e+00
-9.415776655340227563e+00,1.448894382935093539e+00
-1.835484117686887018e+01,-4.886797724882836036e+00
1.121709515807988922e+01,-1.845675645405257415e+00
1.457007193028468928e+00,-1.509620006385418733e+01
-1.519581219152052931e+01,-6.093361953864659952e+00
7.222997737804615959e+00,-4.947373376950525703e+00
-2.883283375497649903e+00,-4.166904298514028521e-02
1.350148404210931119e+01,-5.278921861468521826e+00
-1.567222910367153688e+01,8.478033378018494659e+00
-1.268992593398710733e+00,6.210727432295024997e+00
2.590466297127988482e-01,5.282643387018135961e+00
9.709238368721717194e+00,-9.035804919929077528e+00
-1.124103758191439262e+01,3.906516223790540199e+00
-1.508574168237056234e+01,2.995720498152562250e+00
4.354610548500932765e+00,1.773381373162613528e+01
3.126905955836730477e+00,-6.633946067814027181e+00
-1.309784561453260743e+01,-7.738718443758640042e+00
-1.307532817754677668e+00,4.422344090919679616e+00
9.862948579693123108e+00,-7.065352151897068111e+00
-7.419551536362038568e+00,6.007454634224525414e+00
4.734738592970145987e+00,-1.664894982033542803e+01
-5.816831805153545254e+00,1.167987704721283748e+01
-5.211739646516127422e+00,2.894292136597801601e+00
-1.700301491860363967e+01,-6.755619895512789519e+00
-4.403308365320683038e+00,4.497551367186506610e+00
-1.109499895363471644e+01,2.107614488508057438e+00
-1.542500573952425347e+00,-5.260893470288418250e+00
-4.574575953138366735e+00,1.657536543168438214e+01
-1.270670947376950910e-01,1.899856188157469816e+01
-5.726376924262924106e+00,-1.708546566934974820e+01
-4.709102774065700991e-01,7.885173300081752323e+00
9.549427326614917888e+00,1.694543558600747901e-01
-5.124782152672346491e+00,6.104743322785886939e+00
7.090845281624172713e+00,-2.678705537420126515e+00
-3.823696997300702893e+00,1.483328123194857895e+01
1.131528137281673629e+01,-8.140419911548821830e+00
-1.072719613801000982e+01,6.677563712031526322e+00
-6.290425397650385442e+00,4.525606587265667002e+00
2.338114325702009832e+00,4.067617042115452719e+00
-9.499580945780662589e+00,1.461376485457918051e+01
-1.748203112039316309e+01,3.306649683981268684e+00
7.124253030889916793e+00,6.212117604256211401e+00
9.893583493999939193e+00,2.007924365754745644e+00
1.508604254126337807e+01,7.767266118245491846e+00
-9.252711040907470874e+00,5.539624939172748341e+00
-8.384566647640138370e+00,-3.569262718574659488e+00
-8.393326941723014301e+00,-1.000748723048006994e+01
8.092317331033326511e+00,-8.602973133906973713e-01
6.321379680746398222e+00,-9.973833869175696698e-01
1.867106921030908584e+00,1.317207453941227513e+01
-4.820475733607754165e+00,-4.348583681224870823e+00
2.379530032936170714e-01,1.739855656897380864e+00
-7.098104886863984220e+00,-8.820827797131270742e+00
-1.489422552267166111e+01,-8.151833927856394268e+00
1.387505529410107741e+01,-1.039007549770549943e+01
1.255801755074553050e+01,6.250516290175881728e+00
5.386921857792352775e+00,6.704580570303113163e+00
1.712326365520570048e+00,-3.445401399619682170e+00
-2.908928490029519587e+00,3.543262762854307635e+00
1.309163636738803227e+01,-1.200335652527867403e+01
-9.663909011761919743e+00,-2.255463656157363328e+00
-5.433633382052073024e+00,1.360752393457525145e+01
4.645254612812735218e+00,-9.737424150587720817e+00
1.077116319968035718e+01,5.996130789119355597e+00
-2.141951575693634424e-01,-1.451339014672370098e+01
5.766044617766572955e+00,-3.881936333297836494e+00
1.748077648964764252e+00,-7.729603351449185311e+00
-3.678931395646117153e+00,-9.273039694272151579e+00
6.604876951899257165e+00,-1.641634192817663873e+01
-1.365733389554620736e+01,-5.097132681438719892e+00
-1.130616414123015545e+01,-8.211940487705362557e+00
