1.015995163352797803e+01,5.188888576383123841e+00
6.133812913815347656e+00,8.132840096581094969e+00
-3.229588071811131389e+00,-2.431501184223459622e-01
2.951271550881469086e+00,-1.289649175684101090e+00
-1.550782666636785212e+00,-1.088219237541092843e+00
8.396170270157490734e+00,-9.123685123907490535e+00
-4.955928586757511134e+00,-1.658732144987326151e+01
4.824303748063491493e-01,-3.866729924825831333e+00
1.492083144391674310e+01,-3.989093795866397230e+00
9.478838048980199105e+00,8.750583777975700528e+00
5.013308273445432839e+00,6.776170050264542333e+00
-9.780476860731344146e+00,-8.262617491668368785e+00
-2.337772328171880964e+00,3.237109136882488691e+00
-8.297866596569429376e+00,1.383916436177798026e+00
-6.207673717106370503e+00,-7.620632969353856367e+00
4.731144207577060889e+00,4.906902992654218032e+00
-6.157776369574491149e+00,-1.118291901579578251e+01
9.268062092226847071e+00,1.058332649707720918e+01
-6.131778269316193075e+00,7.012141557022839145e+00
-1.922088715911564494e+00,-9.748453659122134241e+00
-4.593578581735291877e+00,1.022979156765230080e+01
5.785990485600050803e+00,3.418079207161771826e+00
-9.377878251973422508e+00,-1.531418241952992609e+01
5.814936375280349345e+00,2.007456639935172316e-01
-2.559430651761894993e+00,-8.092032833609399844e+00
2.159332825990323834e-01,-1.355248250263938248e+00
-5.339700563066334560e+00,-1.281854834259127429e+01
4.769029298771993552e+00,-1.556972213791791182e+00
3.451924864912073176e-01,1.133372626690989549e+01
-4.006182905714739562e+00,-9.570169027209034951e+00
5.010105557164441947e+00,9.610018879146993598e+00
-1.888399886339436762e+01,-1.807167932931974752e+00
7.453413305077970286e+00,-1.619183229655185485e+01
1.253403340689456158e+01,-2.259201956074075923e+00
8.758198743910529771e+00,1.666463079840285744e+01
-4.704475960173848947e-01,7.113635795579530630e+00
-1.117251002003452953e+01,-1.534961530591730750e+01
-1.256239013635080326e+01,4.548335288332824966e+00
-8.621054797377349033e+00,1.206523285461508266e+01
-3.981538903364726600e+00,-1.807252068405482959e+01
-1.657564409176055964e+00,7.167001673055231059e-01
-1.395164870143598712e+01,-1.286340284798374078e+01
-2.431915175550926289e+00,1.145908584443790090e+01
3.550936725770483804e+00,3.526551142537657224e+00
-4.684319852508074256e-01,-1.460350036402796903e+01
6.055696322951415134e+00,-2.873560239906584268e+00
3.142916932080296100e+00,5.691406116052372788e+00
5.888894648101964613e+00,1.497499019767714579e+01
-1.054246937171073206e+01,6.295250317991797573e+00
-1.399404154020953506e+01,3.386173414385987623e+00
-1.685210676003018193e+01,4.135800328853506791e+00
-9.302441199414776207e+00,4.931944434201240846e+00
-1.207302430230913437e+01,1.709093145359421362e+00
2.845733627563650447e+00,1.122692993374084658e+01
1.040967279792491773e+01,1.370543778077376551e+01
-9.728266303509606416e+00,-1.674432172419757725e+00
-3.631658402226996873e+00,-3.924194157678356554e+00
2.836790608510331158e+00,-1.505671959323963272e+01
-8.621610472249184198e+00,-1.371252202627372441e+01
5.196040039464723037e+00,-6.317972257109387257e+00
-1.068666795413323989e+01,9.038798608776820842e+00
-2.286897274770196997e+00,-1.474294845986566038e+01
-9.261345509220582528e+00,-3.432773640647225122e+00
-1.177847911013338056e+01,-3.834354735695490568e+00
-6.551828684926571889e+00,9.964786012421743555e-01
-1.585541021499166092e+01,5.734263596726593804e+00
1.056826720032736056e+01,1.188706816348058481e+01
1.154294013465603541e+01,1.505033090382822003e+01
1.628987813840136800e+00,2.625504674013007911e+00
4.605879094728874357e+00,1.274626749495726585e+01
-1.594890551745732979e-02,4.236370536147981092e+00
1.401088501090693228e+01,2.949183037941260355e-01
-1.436775777893597450e+01,1.243251931049474557e+01
9.416942964531124005e+00,3.514243347037588450e+00
4.265708281319557926e+00,-7.884364929022560808e+00
5.743626511039134463e+00,1.122985226882745913e+01
2.155194599751047768e+00,2.846771749168042209e-01
-1.525350605623457234e+01,3.766532872612242122e-01
1.313832541786771024e+01,5.264846419016081747e+00
-7.248488613700988736e+00,-1.261252661219014470e+01
-5.440453939506508796e+00,-4.137800470129592512e+00
-1.182987375170584698e+01,-8.080836043918301570e+00
3.210509338529076384e+00,9.355623756526995294e+00
-5.046189850917602193e+00,8.440580983787018710e+00
7.593775070402483784e+00,-3.930915761389657703e+00
1.313446460622628642e+01,-1.268928781291437247e+01
-4.113112929164477904e+00,-5.777869038825907744e+00
-1.387810081458881228e+01,1.546996129021688260e+00
1.306877757009041296e+01,7.097090642632983837e+00
-2.730345681389053425e+00,-1.133612901528627681e+01
1.880623516087506497e-01,8.813409266363072092e+00
-3.595454035656191927e+00,-1.354924161744330569e+01
1.414152685867191117e+00,-5.976416505515429023e+00
-8.663429245090382480e+00,1.396467052501660078e+01
-1.145891068001738056e+01,-2.096423762883280251e+00
1.193133407531743728e+01,1.048178328304426010e+01
9.981407026106036140e-01,-1.558282681091358590e+01
-6.884252962763784289e+00,1.393776027841054521e+01
-1.029705913553933350e+01,-4.873031678613648943e+00
-7.972678453717114699e+00,-7.981098411843634999e+00
-8.423114649049864511e+00,-4.182416655627444468e-01
1.588901585520740456e+00,-2.483884332520855942e+00
1.008290980397842773e+01,-1.574962410356283815e+00
-1.064929760472340357e-02,1.549958017418576084e+01
-4.522240462129611061e+00,-1.864635323426272251e+00
6.336779991068829387e-01,1.183930377635704634e+00
-1.612163630498463363e+01,2.487140206672317166e+00
-1.276300182522969529e+01,-5.861208702160428885e+00
-1.029561808992392535e+01,1.092848470241425396e+01
1.143891403112317739e+01,3.936168107977069397e+00
-1.367717287362252598e+01,-8.895838531598700527e+00
3.354908577266805025e+00,7.541456919471840159e+00
1.456622041117585553e+01,1.039393114142471397e+01
-1.173174866752399126e+01,-1.169792399394583882e+01
5.069527820683785713e+00,-1.010150885376704721e+01
1.076195975025213336e+01,2.289814824946834637e+00
6.642226005168309300e+00,-1.146031962164402174e+01
7.080962468855583225e+00,9.758765362800298604e+00
4.077657461843456232e+00,-4.769942454318023550e+00
1.180049902923625282e+01,-9.203680823754586626e+00
-7.151720101036640465e+00,3.580027923003628043e+00
-9.062019809338210052e+00,-1.188251089196268140e+01
-1.502544543198310478e+01,8.228520090927366581e+00
-1.707234096295641024e+01,-2.435368935828397419e+00
-7.479534674499112690e+00,-3.959711948931615044e+00
-1.759328602562995414e+01,-7.151882787784068718e+00
2.286977422449211872e+00,-4.279139484260606530e+00
-5.212310118606946929e+00,1.318725015835129177e+01
7.291718795517291518e+00,6.808674340558891203e+00
-1.490599096598214857e+01,-7.547899599741024090e+00
1.772730385527284724e+01,4.238444892711304313e+00
1.133506960754831105e+01,8.793700414943772969e+00
7.693529747934515051e+00,1.520305654032785725e+00
2.788655178452194239e+00,1.359028652770864021e+01
-5.016260945870483212e+00,-7.431423732476812039e-02
5.148821976468842543e+00,-1.595148245880438154e+01
1.649601616383425196e+01,1.637252387062759107e+00
1.566608191143637541e+01,-5.685594410368217666e+00
-8.019403445374942985e-01,-7.254852945861561153e+00
1.933418156010698663e+00,4.416691141294901257e+00
1.077841453912217418e+01,-1.066859970353410247e+01
-5.459376665047534161e+00,4.703131248139063025e+00
1.098235538018689361e+01,-3.172709661056818398e+00
-8.943148027015251245e+00,3.161551550695300694e+00
2.932334091801958920e+00,-1.326396372370494170e+01
-6.213371293406858564e-01,2.440484055571986222e+00
-6.384603543472377574e+00,9.630101695744187396e+00
-2.947228688090534732e+00,4.920420295916760445e+00
-1.034527518930790357e+01,-1.002388527637120141e+01
4.279116472037886254e+00,-1.202936755649562173e+01
1.102084479005300288e+01,-9.523623138018846510e-04
6.532367507259633221e+00,5.082477659712909102e+00
-2.182188991362687513e+00,6.543768774109242514e+00
1.299099348638585916e+01,-1.089909669722919894e+01
-7.102291831717992387e+00,5.379166968661908577e+00
-4.108738765672319104e+00,1.508823354264205774e+00
-1.107768710386732858e+00,1.731345491072643128e+01
1.578955901906773818e+01,-2.843938239736803694e-02
-5.930012977130329155e+00,-5.831552286676869201e+00
3.860969686447352611e+00,1.506521981574963576e+01
-1.661970098300982102e+01,9.155009225638966797e+00
-1.216941898854418724e+01,-9.879419501330007236e+00
6.830859059127988075e+00,-1.287884780343329538e+00
3.250276305970890345e+00,1.756475530530910589e+01
-1.035386100059676906e+01,2.082307726638184864e+00
-1.054197183440916596e+01,1.273223680154011461e+01
-4.417792993906735965e+00,6.376078467958442353e+00
9.216686048112219254e+00,-5.702643034178958459e+00
-1.847723173693209020e+01,-3.714308037540620777e+00
-1.518563268598348870e+01,-9.941343313282846594e+00
-2.093671805289678112e+00,-1.794466604664885523e+01
4.276149070547742070e+00,-1.762356041678830110e+01
-5.668534808510965917e+00,2.584039386943376204e+00
-7.860195630904285302e-01,1.390345928540351395e+01
-7.719051819926084690e+00,-5.731728912590203784e+00
-5.739979888508854877e+00,1.731805981551636719e+01
-1.897541311317916524e+01,8.463810296275402489e-01
-1.645386853800822990e+01,-8.557095530050501608e+00
1.726620441708768183e+01,-4.788776553506171041e+00
2.540282414534555055e+00,-1.691882855879919134e+01
5.866845606994007589e+00,-4.655198344619917883e+00
-4.397022988410807187e+00,-7.662688908105589114e+00
-4.231977725967820403e-01,-5.477551583592123130e+00
1.375693693907734172e+01,8.710689515056168730e+00
7.581339366649867628e+00,3.298399237295591035e+00
-2.807145293399620378e+00,-2.374057257449299296e+00
-1.125487904717644305e+01,-1.792565134624118373e-01
-4.887831064233553846e+00,-1.481139405256130637e+01
-4.077161405444890363e+00,3.471440925222907037e+00
1.871966296503009497e+00,-1.176497332724677847e+01
-8.003624017064476348e+00,-2.174929938416647612e+00
1.776047638488227776e+01,6.698522375372731652e+00
-1.406176213657511020e+01,5.485180912470240422e+00
1.188283874703126131e+01,-7.375362907896161779e+00
-6.695107379894508881e+00,-8.285284305227115231e-01
7.514162303202279070e+00,-7.517447616516856890e+00
7.375255072081014163e+00,-5.718259941586790518e+00
1.352418568620260864e+01,-8.215389172829851816e+00
-1.217728319774519719e+01,1.008532591465234063e+01
-6.609360523403299936e+00,-1.432006615519903114e+01
1.383588607478443855e+01,-6.406999798241047372e+00
-9.413203088528725004e+00,-6.429710120532077688e+00
-8.571259911858104985e+00,-1.692479903203129510e+01
-1.963539869161050166e+00,-4.551645539624677994e+00
-1.087340072521750578e+01,3.831501986318603947e+00
-1.453375863258033363e+01,-5.735985604355859024e+00
6.867277319766966315e+00,-1.397656794780045963e+01
-2.915737312688188254e+00,9.686221118371502570e+00
3.598218218692304404e+00,-3.041982779460376207e+00
-1.354621632198806225e+01,-4.132481262640236075e+00
-1.676732949003361339e+00,8.432211873328620655e+00
4.045355079089901551e+00,1.121412853484318461e-01
2.408737212356863999e+00,-8.311467230878028190e+00
1.845790806798816774e+01,-3.471124908494921613e+00
-1.255752466353428431e+01,-1.416734707344163802e+01
-3.383610502292037303e+00,1.362519288752491597e+01
8.477358620535373035e+00,-2.388232240052693189e+00
4.922826760247065891e+00,-1.403529857356053512e+01
-1.051780674784107195e+00,1.019330773580271021e+01
1.744554516094477492e+01,-1.401348304683553980e+00
-1.051918089638138731e+01,-1.305605884165181862e+01
1.232533720775360031e+01,1.359381835443942199e+00
1.472007678723981527e+01,6.176926846659168469e+00
1.601135474921025192e+01,4.801341684514883745e+00
-7.800518689144759321e+00,-9.845062862052822439e+00
1.125009305201286480e+01,6.588286033508148343e+00
8.345032341262550446e-01,5.829252912264183628e+00
1.450545981338569490e+01,-1.496645370270715869e+00
5.047145384989531358e+00,1.800223703643196282e+00
1.387297549848736899e+01,2.291858945905711487e+00
-5.889269408440279463e+00,-9.416901311237552363e+00
3.213952422080700089e+00,1.743954027422586650e+00
6.469945409358296651e+00,1.283583077642179937e+01
2.823045061413787526e-01,-9.230591188478733500e+00
8.682908467751659032e+00,1.426227739507275416e+01
8.359759028147189852e+00,5.085420543271803595e+00
1.314363896749874527e+01,-4.179074491013075487e+00
3.227972762920139349e+00,-6.303546327757784340e+00
1.544204688450897311e+00,1.001602884812847449e+01
-1.036189687321356523e+00,-2.891674657619992317e+00
8.434802664161388464e+00,-4.981840601126333312e-01
-3.351569940627012301e+00,7.875588437087408522e+00
1.043541082093336669e+01,-1.547750661934619565e+01
-2.385469583143492223e+00,-6.285972241875650290e+00
1.888924058317767996e+00,-9.990236393855019159e+00
1.636944184154265969e+01,-2.939276953006524362e+00
-6.245988721010492739e+00,-2.534404868913968656e+00
1.149977608226946657e+01,-4.893069007634478496e+00
-1.632317731141193917e+01,-5.878559982297611342e+00
-7.589235115320454916e+00,8.221317336076166882e+00
-1.754498326222974081e+00,-1.293672019382526983e+01
1.883914421636897041e+00,1.524413473703289590e+01
1.158084354213092526e+00,-1.365775113566390431e+01
9.472497403700176122e+00,1.006000690526258401e+00
7.924787584715414779e-02,-1.103326852038612138e+01
-8.885517943520468975e+00,6.970183182016293166e+00
