-1.662669352697789904e+01,-4.531661048427189087e+00
1.972652973902913720e+00,2.294711132822914723e-01
5.829153100544809618e+00,-8.243181877606687635e+00
-4.456355174667375962e+00,1.440533410792747837e+01
3.430522202909114693e+00,5.529857308774154490e+00
2.118410147418472000e+00,8.638638045355149231e+00
-1.308779276224757560e+01,-1.123168064148742040e+01
-1.081658701035014047e+01,-1.116740746859998090e+01
7.579832976322508742e+00,1.258457129617726977e+01
-1.296131879103387674e-02,1.581070486510403050e+01
1.938169591091096100e+00,-8.107610753171524465e+00
-5.769326751587608548e+00,1.078120496860049515e+00
3.346233215818863016e+00,1.590844212996502272e+01
5.437451866913794341e+00,-3.389662726073465304e+00
8.901010411409478351e+00,1.135841471000567893e+01
4.526156335463167757e+00,1.083987504812098379e+01
-1.128004629675844406e+01,7.769702027888606644e+00
8.910859124560490230e+00,-1.897165385843615049e+00
-8.541558631824058168e+00,-3.503092470456693697e+00
2.097742468782995973e-01,-5.543746832684349535e+00
9.725034849574003104e+00,1.215768013510547085e+00
9.920858719448624186e+00,1.618825733622616880e+01
6.511735109252789755e+00,3.824792645943194458e+00
-5.308676793984256070e-01,-1.432361087309341841e+01
8.728018194838510269e+00,7.761909588013744532e+00
7.986705754446710159e+00,6.354118541963819089e-01
-6.156087580640742907e+00,1.565064703195407780e+01
1.845289740447368709e+00,-6.347404145321329239e+00
1.531845580358346481e+01,-4.243604963622503057e+00
9.807458741412862224e-01,-1.144901045913454318e+01
-5.970800911413391532e+00,9.411142029813413856e+00
8.088740290029724500e-01,9.898645430431423975e+00
9.556571687205384080e+00,-7.304786995974667185e+00
-2.195103526146753581e-01,4.242559530522138189e+00
4.506660748153045404e+00,1.457177912417819776e+01
-1.439882161451956577e+01,-9.725518004848224152e+00
9.923829045858198583e+00,-5.435491474360034658e+00
-5.579972530990300328e+00,-7.771026492853366108e+00
1.334687426532752319e+01,7.820613352318483535e+00
-1.002242097410720589e+01,1.717474326583515509e+00
-8.118160024447371725e+00,1.135583987567933129e+01
-7.089629758695555672e+00,4.932934599598375769e+00
-4.662269831598084835e+00,-9.323638249801650346e+00
-9.854256832297105362e+00,-6.250101043265734901e+00
1.227541978447468196e+01,-3.474803400126966313e+00
1.349494061484429608e+01,3.267727853704663232e+00
-1.392657298351364981e+00,-1.848208367380394179e+01
-4.722255360612502173e+00,-6.135324805330146347e+00
1.148941446238722719e+01,1.396692674168843018e+00
-1.551735824800662078e+00,-1.578706266959277649e+01
-3.050459429069046546e+00,2.318727525215113605e+00
1.392537287616046981e+01,-1.558106670985694553e+00
6.066821506231905303e+00,1.547330822013091733e+01
-7.543565426317591083e+00,1.604952598541085074e+00
2.376206201664089690e+00,1.740637167501617100e+01
1.676957088643444393e+01,-3.158922355905146584e-01
1.284406581409040093e+01,-6.440319944317590917e+00
4.832891104171992858e+00,-6.718912816900719953e+00
-7.207558863008229899e+00,-8.540987253901370480e+00
-1.200864138820966254e+01,2.999053105024402921e+00
4.735990015092540695e+00,-1.173180119620077200e+01
-1.346424650471291962e+01,-6.591449388799468956e+00
1.522950041700261181e+01,2.937862087224073271e+00
2.016060409333475079e+00,6.591362750010552496e+00
-6.280698019098781337e+00,-1.016788226658376360e+01
8.119679484326715269e+00,1.609431304275064178e+01
6.219796934412566536e+00,8.484994277895020476e-01
1.406900024248565195e+01,-1.270407253972584805e+01
-2.967338387278216416e+00,6.596430354518207473e+00
-1.077619337115544873e+01,-2.104941815210172873e+00
3.042636976472402055e-01,5.923359580774833155e+00
-1.315817656106489508e+01,-8.456118777295735356e+00
6.026557795278849383e+00,1.362358231807310283e+01
-8.922594406813205481e+00,5.153412113204853817e+00
-2.394457187000652798e+00,1.208485384084389302e+01
-4.846361430054114905e+00,2.614227329920626453e+00
-9.738246551734226486e-01,2.203452976225279691e+00
-9.956737806007582847e+00,1.433584152557555136e+01
1.763835990445936375e+01,1.662034774409855586e+00
3.782840716838991479e+00,-2.948759888459107775e-02
1.673946063900705106e+00,-4.167015858066260847e+00
5.372712200264272653e+00,2.399482630770492175e+00
-1.846281560908527242e+00,-6.360802148466002670e+00
-9.249830081799421677e+00,-1.208389444466138585e+01
-1.939916993464140926e+00,7.085235937691511943e-01
4.546445983802048119e+00,9.006714690909833010e+00
-6.629878599930805194e+00,-4.491068273790533638e+00
-7.209913841910396748e+00,-1.676940019891146960e+01
-5.633737357287031067e+00,-2.782782610936973544e+00
-6.129543322030418295e+00,1.188091550696788445e+01
-2.117025397337477077e+00,1.700316674331480726e+01
-1.341672588599417892e+01,1.097107374302047411e+01
8.114946806901208731e+00,-5.363891054334870567e+00
-2.512943854000811772e+00,-9.569226930243759366e-01
8.556344956548011638e+00,9.567280216126484049e+00
2.931002580672687596e+00,1.376829831391069625e+01
-8.376076800869807215e+00,-5.271818115041252639e+00
7.209001220087755790e+00,5.749520232634794503e+00
-7.353711912623575486e+00,-2.136421099339695928e+00
-2.569725349966710315e+00,8.396261483324089170e+00
7.873527840039589165e+00,1.432296340506701249e+01
-1.920711334740704102e+00,3.704861243114221825e+00
1.035725680608366162e+01,9.695694862428430483e+00
-1.081651127165050497e+01,-4.719979397709542113e+00
-1.215693688547346607e+00,-9.951031141523170476e+00
1.508911532929056243e+01,7.071107054555174187e+00
-1.161228929984875613e+01,-6.528938082966813106e+00
3.494004794672407765e+00,-3.704483044189530450e+00
1.714463393093556576e+01,-3.424818189952692826e+00
8.684270798029928073e+00,-1.066838757174956065e+01
1.361190132294213484e+01,-4.729215186595145504e+00
8.280961219942655660e+00,4.041742043717240662e+00
-7.446165898307467224e+00,-1.180822668902331785e+01
-5.343697787461397120e+00,-1.430822868002148418e+01
-9.809590353152897180e+00,1.073112793388035158e+01
-1.754201163608316572e+00,1.521265058253860225e+01
-1.677432076077107226e+01,4.979087459436859042e+00
-9.010585242762363833e+00,-1.647562773694365390e+01
-9.965114557385245320e+00,8.958203435760369260e+00
1.582897745894007180e+01,-8.226369851814320455e+00
-1.316649958887316174e+01,5.108666408829943606e+00
-1.297054685419072584e+01,1.387469986133881150e+01
-8.234482317519841388e+00,-1.353204228366093886e+01
9.653829851267047957e+00,1.442340612257365784e+01
-3.229299222591408114e+00,-5.184413198144238066e+00
-1.737149344145507612e+01,-2.294702635478523545e-01
-3.906582780905335284e+00,1.039154689096094053e+01
-8.616528070896203317e+00,1.685281301282755273e-01
4.340223483321658193e+00,1.268846938530410817e+01
-1.729840513109133937e+01,3.241128017259486516e+00
-8.426761912117523678e+00,7.956920788497732211e+00
-1.280621287440453138e+01,6.822418024423357430e+00
-1.042698419660204046e+01,-2.098247816288835443e-01
1.050636515248526415e+01,-1.260633218731986815e+01
-6.854868794665351928e+00,-3.215649716337586339e-01
-1.547874424105226510e+01,-3.044084225920117071e+00
-1.247423038473218604e+01,9.453108748344119405e+00
-2.104587791322447998e+00,1.024103284179568263e+01
-3.727186051518600607e+00,-1.568755624088794498e+01
-2.679484916039043707e+00,-3.487167779152654301e+00
5.494691451975189933e-01,-9.180048511738441164e+00
1.377624644244655627e+01,9.679585138386462617e+00
-3.520305512534864789e+00,4.674202472398545360e+00
-1.536161361239653900e+01,1.117038235226064558e+01
-2.870312545707210283e+00,-9.088263515553721916e+00
-1.557828763663466631e+01,2.529024530925347847e+00
-5.093968062965852361e+00,-6.071079587862976412e-01
-1.824857600468280694e+01,-5.236619581021777492e+00
1.048811692878611623e+01,-3.771652176549336044e+00
3.407164457401292701e+00,-5.512946325542146475e+00
-8.476046252220376331e+00,3.317256561430995898e+00
-1.384622316994868640e+01,3.140214574801308611e+00
1.127869877178758529e+01,-4.877266337262621265e-01
9.782853274889673045e+00,2.997561907796076230e+00
-1.164711221711019284e+01,1.101884128514637773e+01
1.346634504902198870e+01,5.052846094362127616e+00
-1.029399314589300118e+01,3.506517408104189659e+00
3.308064642680313971e-01,-7.396101625918334754e+00
1.028326739232328313e+00,2.921646795761225324e+00
3.043199724811848306e+00,-1.080993313708459702e+01
-6.612753808358778684e+00,-6.264877728452709960e+00
8.691324389966926134e+00,-3.651797966163071951e+00
-1.006131130758897374e+00,-1.170133754721175734e+01
9.909272909774262672e+00,4.860433879669988855e+00
1.293614146275469778e+00,-1.319729761871425389e+01
6.251821491320046498e+00,1.137061753193292191e+01
1.115795366778560016e+01,8.106121615765280453e+00
5.006303846086656018e-01,1.246726989964957566e+00
4.326047031133152032e+00,3.922297329754362849e+00
1.543253433731818092e+01,4.764550984376319853e+00
-6.179696979317169436e+00,1.388179150670736561e+01
-2.801203845048070740e+00,-1.087211755919233802e+01
-7.722388345036018897e+00,9.610226054822966546e+00
1.168729923535160786e+01,4.933958737604946521e+00
7.607066565669069469e+00,2.345198737557744106e+00
1.012558559975032324e+01,6.604747936110715756e+00
-1.287293401111714086e+00,-8.101155929219727270e+00
-7.562060780817895234e-01,-1.115392705630430914e+00
4.708737350173525016e+00,1.707951578350930433e+01
1.168028841955672092e+01,-7.797462831193753274e+00
-9.794703041932542043e-01,-2.926141415012394997e+00
-1.200755188976792232e+00,7.293176532109113097e+00
-3.734639314976653246e+00,6.476671105047112631e-01
1.240932398819615301e+01,1.208476502608307435e+01
-1.175452824922832740e+01,1.088765602791546883e+00
-7.875104578309475301e+00,1.321009687743088534e+01
2.783058133277436674e+00,2.835726621718175799e+00
6.887361672552090752e+00,7.777998604121375337e+00
-2.842645653693065544e+00,-1.272634078486912657e+01
-1.560492972429337755e+01,-8.747627216881457279e-01
7.226791023610144027e-01,-2.146965395828619005e+00
-1.421773200843700025e+01,1.259799248185438181e+01
7.508247871340791413e+00,-9.008799337382356498e+00
-1.153181086226773111e+01,1.284907724113911875e+01
1.838629004895534047e+00,4.677880088095677458e+00
-8.987691365330242377e+00,-1.030014482306089008e+01
6.881112072459822926e+00,-1.085670144570683604e+01
-7.013845619180140822e+00,6.786200843018058926e+00
-1.580413281610231557e+01,-6.154188949440364986e+00
-1.196466862329442904e+01,-9.759866921843704191e+00
6.695178316930871176e+00,9.552411816137883704e+00
-1.367585920886120832e+01,-3.598030334599175983e+00
5.748801751800783899e-01,7.726937263479521256e+00
-1.127964186245618095e+01,5.008815087097502783e+00
-1.506569537254407454e+00,5.530852880780492420e+00
-1.259694338615445552e+01,-5.012843810128010169e+00
-1.735315129526594191e+01,-7.243857545836535294e+00
-1.407562879001253719e+01,-1.868901177075757314e+00
-6.153621120518462995e+00,1.762258344143411293e+01
1.069001248730457831e+01,1.157038337526268101e+01
-6.682993314269331186e+00,3.180086496753073089e+00
5.471595733512757853e+00,5.274294150584990959e+00
1.670421366381741324e+00,1.522764669795289016e+01
-4.685808012499457220e+00,6.078099458988351245e+00
1.583349055078470080e+01,1.252334374384421967e+00
-8.200456245626955853e-01,9.016075367666923412e+00
4.194437935386281957e+00,-2.073925122879904936e+00
-1.407693581312650721e+01,7.202725086259421927e-02
-1.066768722090990718e+00,1.355819576731129494e+01
2.497528434324741919e+00,1.206992520492603838e+01
2.806367689956831946e+00,1.027660046535164895e+01
-3.723958279130286098e+00,1.603440907461910570e+01
1.046888039516172597e+01,-1.079828903186145794e+01
-1.486439814597246034e+01,-7.697871032052812090e+00
-5.464034364056410631e+00,7.669459585513551225e+00
-1.102792636536042359e+01,-8.263960366373257926e+00
-1.342439727659180404e+00,-4.666030576575474598e+00
7.305813968251096746e+00,-1.097945536190771287e+00
-1.162040913299957623e+01,1.500695927548472497e+01
-5.340390188154385598e+00,4.350856637393833104e+00
-7.014009432352037443e+00,-1.498481867868257744e+01
-1.483113476844839340e+01,-1.152040472428773299e+01
-1.795018613203707858e+01,-1.942693857118634737e+00
5.224970856376931927e+00,7.049684347473549551e+00
3.515449938998205681e+00,7.538432172158209710e+00
-9.051432999339985130e+00,-1.652763939595956355e+00
-4.797251394497637378e+00,-4.346636423347528755e+00
-9.638429334136997539e+00,1.256542653188307312e+01
1.329915271681181466e+01,-1.103296558527299354e+01
1.407502562904110377e+01,-7.806009433314645030e+00
1.162390172359772755e+01,3.154028945818697860e+00
5.465044099917799159e+00,-7.766035161342264015e-01
-5.686161094181817255e+00,-1.249825562760251785e+01
7.632238727164610381e+00,-7.210744981049511892e+00
8.866262697087835321e+00,-1.521194139049993410e+01
5.038637532280176856e+00,-9.859507944826683357e+00
1.110717407040667570e+00,1.353555152936644568e+01
3.643093585878242280e+00,-8.691832351953465263e+00
-8.208809646314277231e+00,-7.098770459417567125e+00
-4.543586625644868704e+00,-1.115230452988561716e+01
-1.495554020483192481e+01,4.540209625378308189e+00
-3.435101942457185142e+00,-7.353815601266928681e+00
-3.973930535360902017e+00,-2.155702519644128845e+00
1.822450673537956201e+00,-1.499131369035944239e+01
-1.238902113683845663e+01,-1.357571520560893807e+00
2.467918175551331750e+00,-1.496861697885212727e+00
