-1.899438531640462458e+01,-2.168227001937280407e-01
-7.766594975310962212e+00,-1.174881382962114706e+01
1.151682632884301283e+00,1.342475389411183606e+01
1.743158821784909307e+01,6.367203507981662014e+00
-2.783338941349722706e+00,1.563984395392729176e+01
1.866818282272796381e+01,-3.507771086314435127e+00
-1.289029400649297585e+01,-5.603354326966551113e+00
5.775828365408830933e+00,8.717447079769186757e+00
3.284961841244864456e+00,-1.871204232798783451e+01
-7.160006482448203258e+00,-7.151963456393139573e+00
8.235667739049144842e+00,1.500629624183481070e+01
-1.348354613677448022e+01,-3.912628364192847208e+00
6.518144966486322467e+00,-9.357976040029605258e+00
1.139368564336273870e+01,1.229395942410921805e+01
-8.968685227725961440e+00,-7.692352099611720284e+00
5.851772520258362142e+00,-5.914877065651030108e+00
-5.456443699756658106e+00,-1.426224485381515095e+01
-1.263672840926091645e+01,-9.204211587957910723e+00
1.518868545512042623e+01,-9.601183325053273876e+00
1.133543881235773654e+01,-4.114952844664228615e-01
-5.832547069182826505e+00,-2.105873403719027870e+00
4.625529099498589147e+00,1.091799928784833362e+01
-2.499188160936159253e+00,6.229525842953798076e+00
1.144244784000222204e+01,-1.146578817953491125e+01
4.004281710326762500e+00,8.275055915901209147e+00
2.637155028559437397e+00,1.703145096742122444e+00
1.139900004908574793e+00,-8.417849386828651248e+00
3.737395577063630459e+00,-6.707826267140205800e+00
-1.166641285480266355e+01,1.496935261598458666e+01
1.473592981666650981e-01,1.032865592281131306e+01
-2.084871704820109972e+00,1.734530373660737368e+01
1.563390047542621986e+01,1.117774302250198692e+00
1.103835033728232240e+01,2.465403328829601559e+00
6.488171992882137751e+00,-5.890563847307979384e-02
1.002499569290555748e+01,-8.578816953386908750e+00
1.378750854651443802e+01,-8.244184429164669314e-01
2.609993249606794130e+00,7.154298222803965324e+00
1.496074616905046462e+01,9.616077958698523886e+00
-1.631750489462297438e+01,2.076218538518120660e+00
-2.390979414647016466e+00,1.373844718796901176e+01
9.861096604690093415e+00,-1.043622247277182602e+01
-1.064763455144095694e+01,2.368601278545836131e+00
1.328040185608112544e+00,-1.402638785902771090e+01
8.414582186194472513e+00,-1.326425504924923260e+01
1.643483974361955546e+01,-3.421137233241648978e+00
1.151323718743674895e+01,-4.338320813691959543e+00
2.029998363019171581e+00,1.669857849408747796e+01
-1.505284541730618386e+01,-6.599056198614975166e+00
-2.081686882810301675e+00,-1.559374949263827581e-01
-4.371519482909888232e+00,8.107167126059325213e+00
-5.558547389293219787e+00,-4.470421287370293761e+00
9.996254221307408372e+00,-3.298851882458196272e+00
-1.067976226707232135e+00,1.506093278850790362e+01
1.502325576123363149e+01,-4.480852577297628869e+00
1.884314865433625741e+01,1.058776453358009073e+00
-8.692270773012406693e+00,1.190426135996678170e+01
2.221845627750222540e+00,-3.530001914297517640e+00
-7.124750329946028415e+00,-5.298435208749607384e+00
-2.768982239356268416e+00,-3.971833977708639551e+00
1.374346598489218430e+01,-1.311352520295526425e+01
-5.242309510023928532e+00,2.782549827460965020e+00
1.074433419058181549e+01,-6.018006325434831716e+00
-3.944413276248043054e+00,-1.521478725551032696e+01
-8.054646030488472164e+00,2.881775999883791517e+00
6.360041659171844497e-01,-2.530936566840983559e+00
-5.405476444027535798e+00,-3.873314726311583578e-01
1.075665787182058430e+01,1.000587755307537385e+01
-1.421493821462266816e+01,5.823119208562835603e+00
-1.746574160419587685e+01,6.620707170073421022e-01
-1.423469113676715558e+01,-1.002850861874915367e+01
1.711335853828102671e+01,2.264238357999110995e+00
-5.511665656535543967e+00,1.297683163015662799e+01
2.769088185207632336e+00,-1.701777127567622472e+01
-8.731366901377176859e+00,-4.024427217081238517e+00
7.644552155562161389e+00,8.697674342315895757e+00
-7.625321940148409361e+00,-1.792737915217078148e+00
-8.896067653055029112e+00,-5.816372667118587358e+00
-6.749507897550047986e+00,9.630265734279694456e+00
5.818775313063866861e+00,2.638448235050868451e+00
-6.230270112560177154e+00,7.890415500557843131e+00
-5.751830382725292345e+00,-1.006271528155466655e+01
2.642944492127440093e+00,-1.192950989495154701e+01
-6.688332305499480324e-01,-1.287941871962239526e+00
1.193897040819517308e+00,-1.023922833859467296e+01
-8.409664671481030140e+00,1.702758091693736731e+01
3.638693414235739443e+00,-8.468718829580092589e+00
1.213428535611417658e+01,8.893114529291548109e+00
1.340422048802916599e+01,-9.114544350978123433e+00
1.732702415802413043e+01,1.296058847972598183e-01
1.187194698097606782e+01,7.106004481373266124e+00
-1.814618652315661507e+01,4.899273468515854546e+00
-1.030756636372038182e+00,5.202215802011556534e+00
1.325048793781167689e+01,-3.867874605195371185e+00
-1.173377569343350757e+01,-2.863656061977680967e+00
1.264341969130885346e+01,-6.885239224493693300e+00
1.706144492685754344e+01,-8.357745098128061656e+00
8.249639080223154508e+00,1.756747448124667543e-01
-3.524915140918058576e+00,3.358014220997027621e+00
1.748784292455762568e+01,-4.898690458094158373e+00
-1.315213679103164601e+01,3.621659180547225354e+00
-1.271454105015032754e+00,-2.945168268417074131e+00
-1.853158612020838092e+01,-2.122397369743260764e+00
1.129751868980877205e+00,-7.521002246014135695e-01
-3.920285981969935385e+00,9.855189762764071659e+00
-6.268914609183380726e+00,1.136201376286449261e+01
-4.887260329794265168e+00,-8.537674383361714803e+00
-5.498775034699834308e+00,-6.436823467109308972e+00
-1.137795501982424184e+01,5.888002132913298325e+00
4.056157598961561028e+00,1.523680557700397564e+01
-1.331452636343418128e+01,-2.049597605815081991e+00
-1.495202659620340135e+01,4.181623060008443638e+00
-1.177674295205870258e+01,1.037685002452136196e+01
-6.395323804547083935e-01,-1.570202481703325148e+01
-1.499539393995025982e+01,-2.916218427127981627e+00
-9.160965794025283770e+00,-1.286601516111669952e+01
3.098443635164133791e+00,1.202280532464512142e+01
7.142208041030682963e+00,4.958463960839815776e+00
7.870244886635001436e+00,1.682192905839599462e+01
7.441482785021002577e+00,6.765262257697068016e+00
8.238139757530102969e+00,-3.339069208281390200e+00
7.264714387427071429e+00,-7.117576147772093798e+00
-1.148031020033970684e+01,-1.069624653535006154e+01
-2.773180550438574254e+00,-1.657319768639190727e+01
2.888833631770217902e-01,2.771475036825155502e+00
-1.380438757007559580e+00,3.447945004825024640e+00
-4.428058803551685685e+00,6.283457056135733687e+00
-1.499510986788182842e+00,9.458383034833886427e+00
-1.790188347889659681e+01,-6.104816417226784253e+00
-1.670076449090277038e+01,3.839919307341334687e+00
-1.049306870262912739e+01,5.465190951474026004e-01
-8.260971796963080260e-01,1.239085823469660452e+00
-1.305306074608460776e+01,9.037864292636227148e+00
5.909422943998583477e+00,-3.904118820194803607e+00
-1.320704501343526438e+01,-1.168540161513093700e+01
1.559136229334381696e+01,-7.260694416123090189e-01
4.684835634479854072e+00,1.103039609302435498e+00
1.166797943507836166e+01,-9.453391003361398148e+00
-2.428247059719671697e+00,1.096918082531449912e+01
-7.256020563003808377e+00,-2.905074579575609231e-02
-4.502029104275595550e+00,1.623280007853676921e+01
-1.191370471404599840e+01,-7.379335705965984538e+00
-1.078736991599981110e+01,-8.954552862705922323e+00
1.557288148424612828e+01,7.749878210534464351e+00
4.739557510249587047e+00,4.481630593605984814e+00
-2.517085348318767402e+00,1.910525157683319764e+00
9.034962499268459624e+00,-6.905878789583311139e+00
4.111386142161413737e+00,-4.241113198479322222e+00
-1.471830163830638405e+01,-9.220572410043595957e-01
-2.785237597351543748e+00,-8.681686246635489823e+00
4.706263633402647528e+00,1.303693403227996761e+01
1.482815900853471192e+01,-7.814084392777841614e+00
9.418490666705098491e+00,8.863835620850922581e+00
8.307738865324653332e+00,1.046298279623422367e+01
-9.532441278242123062e+00,6.574276106993597324e+00
-5.901513778772594643e-01,-1.046312320782995897e+01
-1.509060401573411703e+01,9.416250129833791505e+00
-5.789816767475323145e-01,-1.392658945573443852e+01
-2.182980878778569167e+00,-1.479252074322539912e+01
3.458737539231031555e-01,-5.254871464155525196e+00
-6.632056585838374652e+00,1.707448047381149525e+00
-2.591707148637597768e+00,8.010326053819852632e+00
-1.601068351414035362e+01,-1.019627967306453620e+01
1.877514101567542681e+01,2.893613060823572170e+00
-4.710426599529406566e+00,-1.258903901627515509e+01
-1.083520266533231791e+01,-1.287298710766407117e+00
-7.668155467878477793e+00,5.723450096824939770e+00
-1.053235235427331951e+01,-4.302226779381559396e+00
-1.498083167355811263e+01,-1.167911620894207836e+01
2.991789496989465391e+00,-1.018105315021198010e+01
9.140649705916670698e+00,-5.005195212741093691e+00
-4.930933398531288425e+00,1.830408058812282235e+01
1.154435427490046351e+01,-2.244147166914982616e+00
9.916096991603886579e-01,1.031811094191802836e+00
-7.321301081585549930e+00,-1.444031282059268406e+01
1.706476390489206096e+01,-1.735619542447764285e+00
-9.372459006407064308e+00,-1.002869469111490019e+01
-1.383282535149737669e+01,7.100481694903362229e-01
3.906096072193595781e+00,-1.564941249477707608e+01
1.236231900018036534e+01,1.080481683414764404e+01
-3.707840518353807457e+00,-7.140492642496838016e+00
-3.066074442020184421e+00,-1.324170943355831653e+01
4.448929766284401843e+00,-1.391414043976063120e+01
-1.608130804212722920e+00,-1.205665365160989921e+01
-8.643907855989546585e-01,-8.653477888707607590e+00
2.602431967358480591e+00,-1.791035625797669395e+00
-1.680123796100111377e+01,-4.480327689525850587e+00
4.062399305799850424e+00,6.097214436169256402e+00
-1.892976818966121133e+00,-7.033086043424578548e+00
-7.844935349587458084e+00,-9.135436365332759934e+00
1.179370308337724538e+01,1.413267988049087975e+01
-4.170610095985455068e+00,1.318265873037294034e+00
9.029448707523011208e+00,1.312681684787365555e+01
-7.996396528171169749e+00,7.508549549634534692e+00
-3.999731379186610258e+00,-5.351801949555662574e+00
4.256035307131607937e+00,-2.478618366819331786e+00
6.411340619414189312e+00,1.365637814192401045e+01
-9.654247218308457335e+00,1.021422431832373867e+01
1.399379392458931548e+01,6.770486586755961156e+00
-4.174911129730448422e+00,-1.090283016581006059e+01
-3.696953906650720434e+00,1.232875231821929418e+01
4.802137238485155279e+00,-6.961655719544436183e-01
9.227634750213884018e+00,7.026324716350967670e+00
2.592284407328250051e+00,-5.248304799716009050e+00
1.199749279142016967e+01,-1.325342386803721695e+01
8.910475625003767775e+00,5.276068094199418468e+00
8.264889918198464969e+00,3.588649656161797541e+00
3.026338009681593277e+00,-8.905138746320932774e-02
1.384758473301337389e+00,1.157055026904002482e+01
-1.425615438099422150e+01,1.248174331447699359e+01
-1.415746896134058685e+00,-5.293156864020004626e+00
-1.386889680522230783e+01,1.073849789300535562e+01
9.966498073825189152e+00,7.067062175585081540e-01
-1.679308305281131908e+01,-7.510140520600864456e+00
-2.840465193804108335e+00,-2.065285429350713464e+00
-8.958696038541534179e+00,4.446050476712852806e+00
-4.297949564617725038e+00,-3.081176394664562501e+00
1.972296561658294367e+00,3.407017321467021187e+00
4.371621374756781364e+00,1.698702591022641073e+01
-1.281134497843236275e+01,6.911807901169778390e+00
7.485819708888430846e+00,1.211280154341280557e+01
4.046949375028989770e+00,2.840168650691852203e+00
6.032896845275312891e+00,-2.086067854124519449e+00
-7.056601194473579142e+00,-3.469342845593549995e+00
5.365168891615549995e+00,-7.904950620772926762e+00
-1.058946022079453897e+01,-1.447832062754670090e+01
-1.468996688156054198e+01,7.562041005586196185e+00
9.563729663903497880e+00,-1.554049879353239350e+00
-9.307626544570045013e+00,-2.351117239644099133e+00
-1.525252077277861140e+01,-8.565838944650908005e+00
-1.005829451303296568e-01,-6.976033142951024502e+00
-1.684354673843971995e+01,-2.599788794538087089e+00
-3.369894999164198546e-01,6.957082137848074943e+00
2.527894835445107624e+00,5.133201998806534050e+00
1.041370793850051824e+00,-1.624867384785154556e+01
-4.193165378207838856e+00,1.420587912986793810e+01
7.738513811672214970e+00,-1.613353591185913372e+00
-1.333643145090608506e+01,-1.352749971391935446e+01
-2.448713913159378031e+00,-1.045775287431070488e+01
-1.453281197735886288e+01,2.368245544018908966e+00
8.237676654838478996e+00,-8.674019592850378046e+00
1.643860068956277232e+00,-6.735795860483156261e+00
-4.974432535023106894e+00,4.575358445313979061e+00
5.646097051423096147e+00,6.910836164302978979e+00
-1.774958532320324878e+01,6.752544867837268150e+00
-1.071580598663079975e+01,-6.082417926764522420e+00
-6.718648401394026415e+00,4.175095076381422743e+00
7.399072446776080447e-01,5.531987402292467770e+00
-9.948040476080869610e+00,-1.618324000905334259e+01
1.278209346997203433e+01,1.817176875385721369e+00
-8.181755221791869204e+00,-1.600938875257357807e+01
2.918594537944379397e+00,1.381424681112087072e+01
7.358819091984829974e+00,-4.897998865975551119e+00
-1.649190802432086755e+01,-8.274395518442264619e-01
1.037006511584072088e+00,8.144466086318610465e+00
9.759778629361349545e+00,1.151141233113337847e+01
-8.960387353912786068e+00,-4.978992662509371669e-01
