3.523598131491613383e+00,4.714686929252011716e+00
-1.323784523510071409e+01,-3.802543022881946566e+00
-4.480725521255360944e-01,-1.134477112954703948e+01
-3.355769741830366026e+00,-8.563931414676797971e+00
1.548762046566759309e+01,-1.099037379990445018e+01
-4.375812045182329690e+00,6.413148651301056269e+00
-8.019686295734068437e+00,-3.847919753140621069e+00
-4.662225491426973178e+00,1.512144660451802203e+01
-1.160274318508216140e+01,9.632497848175892941e+00
-2.291478177884096912e+00,1.721952523268435442e+01
6.331814557186440595e+00,8.524870829906133096e+00
1.493371284056718551e+01,-5.965267487099624510e+00
4.556256759185418836e+00,-7.722093162614744877e+00
-8.993805687501808421e+00,3.162668582222794456e+00
1.850318941430141084e+00,-1.727533625552437258e+01
5.005869187320807434e+00,6.277640630194380122e+00
-5.884531118051268272e+00,4.691776617972688079e+00
-4.791563021949277967e+00,-9.668223907954144991e+00
-7.796242757348117447e-01,1.559053721691138428e+01
7.298862421313764060e+00,1.636002838952049032e+01
-6.934607660349142222e+00,8.173792296498939791e+00
1.364253779517388132e+01,1.018972201836597513e+01
6.894781682410300760e+00,3.194326376881133633e+00
-4.106996485007464059e+00,4.586191919618062940e+00
-1.160902588444793260e+01,2.388867158719832240e+00
-1.590452877297728129e+01,-4.809597769624975427e+00
7.024567579554721775e+00,-1.491327493559741590e+01
-1.734680129625174594e-01,6.172271863536819225e+00
1.449180412352528435e+01,-7.868220798101717151e+00
-3.574354969859990128e+00,9.672797291575365719e+00
3.883441062759022788e+00,-6.086916201780293356e+00
6.572274320482481835e-01,-1.409925577065330593e+01
1.405865001727628849e+00,-1.059126496922187144e+01
-6.774437475299711409e+00,2.987984088773451230e+00
-7.041599694928486919e+00,-5.449603382130655760e+00
1.726583710376495517e+01,1.899920846533803331e+00
8.660282835049754269e+00,-8.078556638021975544e+00
-3.947019755953343756e-01,1.010728820485482871e+01
1.147049286952608682e+01,-6.250858931471539037e+00
-1.772356788306650888e+00,1.409637889590669069e+01
-2.121941451264824252e+00,-1.199354070747392775e+01
1.090203872784706540e+01,6.677131192309816443e-01
1.370942727574422371e+01,-2.504481070677342824e+00
-1.087237535999490490e+01,-1.309951344210856483e+01
-5.603726334084338845e+00,-4.239613542993539319e+00
-1.386760893282235507e+01,-1.079182579968902367e+01
-1.497676405998448601e+01,9.073667455315848063e-01
1.626190395529169663e+01,-2.709975450646355366e+00
2.314316172172123043e+00,-2.773954520706615745e-01
4.148582329457405571e+00,7.998667099129388447e-01
-6.070409790378380244e+00,1.398213282237738220e+01
5.644529215965791380e+00,1.020208551796523722e+01
1.198673701451600593e+01,1.361117406145785580e+01
-2.834493180014698854e+00,-6.888955109818797773e+00
-4.143342720320443817e+00,-1.131210847874431735e+01
-5.981594719133638272e+00,1.349458012980848887e+00
-1.115276004433617985e+01,-2.109647682563688509e+00
6.178570847206503736e+00,-1.335860500612623625e+01
1.006683199614423962e+01,-1.237759613684948867e+01
8.933286699888239868e-01,-1.329084694363238395e+00
-6.037955942836220835e+00,-1.101734040587410668e+01
-3.974236748103077144e+00,-5.393389367053858408e+00
-5.512189398285416431e-01,1.740604148180468513e+01
4.325394765446662682e+00,-2.819944807065078773e+00
-2.312451985087165429e+00,-4.660580421295239084e+00
-5.966358787841074651e+00,1.668043424212402925e+01
1.861036865166459364e+01,-6.666528978434045627e-02
-3.691970042625490667e+00,-3.590396059767271553e-02
-5.882802317350870780e+00,-8.119353334829860103e+00
-1.402645381118455603e+01,8.480837837654393141e+00
1.172950407093909142e+01,-1.031680208196593007e+00
-5.088617587870269965e+00,1.830589989714838950e+01
2.065819484302078735e+00,3.468651332779658425e+00
9.459913304154227376e+00,3.967528033337206494e+00
1.084976852896996924e+01,1.191623187188477573e+01
-7.901873408060508197e+00,6.269461197921462947e+00
-1.435238897628293986e-01,-3.511961522544015946e+00
7.450715041623671375e+00,-9.438810701379301449e+00
-1.075970282847553960e+01,6.926296520196160600e+00
4.161087829855185660e+00,-9.852382400157558839e-01
1.793351928547665253e+01,-5.199669748620894261e+00
2.710705060479293049e+00,1.657697625146680309e+01
7.156677164938733071e+00,1.270417279415232192e+00
-8.557187288575347495e+00,9.347555010215717886e+00
1.319758213903046773e+01,-6.593568612785016825e+00
-9.512205342879214598e+00,1.284575119571364610e+01
4.908388350590082716e+00,-1.467402126197487355e+01
-2.607055470273838438e+00,1.410065385625250745e+00
-1.325376530995959001e+01,-6.571714336458363448e+00
1.316847251093028248e+01,-1.105818832956792086e+01
4.496592835782004194e+00,-1.234760282202834247e+01
-7.203620309434163538e+00,1.539217336671388381e+01
-7.423417233264739679e+00,-7.260190247956764154e+00
-1.565852286462765086e+01,-1.076153621459004839e+01
-1.622476430064852693e+01,9.797199569722113921e+00
1.144042986838503850e+01,1.015014833814590567e+01
-1.932916295750052083e+00,-4.653283273887058313e-01
-6.319653621999422377e+00,-1.306024060146065757e+01
9.134872436411555441e+00,6.507534539610386748e-01
-2.727997694173965648e+00,5.679879190708221337e+00
-6.834531566976345118e+00,-1.569895297320669947e+01
-1.470266092882182640e+01,-8.914750343013567502e+00
-7.703280616212244247e+00,4.480311383794737701e+00
9.713377886769276159e+00,-6.289728382873144064e+00
-2.106043292769131270e+00,1.073044120903518994e+01
-4.108947876040863534e+00,1.685087620209315062e+01
-9.121355709047103133e+00,7.656706359196576273e+00
9.762082609591844928e+00,-2.972421289151641499e+00
1.044145079937594467e+01,-7.950331529280554754e+00
-5.216386367073138075e+00,8.631313492591297987e+00
7.890843452793477653e+00,-6.364667414846879367e+00
-1.366515271940725640e+00,1.238880721481497815e+01
8.390203998753604786e-01,-6.539607569761087369e+00
-7.098563051338965479e+00,-2.782112120492974405e-02
-3.425104373998511864e+00,7.889635322936991990e+00
-1.035591897506039061e+01,-9.186460806586442374e+00
9.081299026392850138e+00,1.203728474747479993e+01
5.771063833971464163e+00,1.086308331092466495e-01
1.403222190935398750e+01,1.522974244239160280e-01
1.358310920708665881e+00,-1.242239970108502867e+01
-1.205486328002315055e+01,-5.265924081596991435e+00
1.305690302279832515e+00,7.282800774306955383e+00
6.723689054633459783e+00,-7.803739770377720042e+00
3.885514779184325196e+00,1.177955510193897837e+01
-7.246279823151462907e+00,-2.199656695338410906e+00
-3.957613421090870442e+00,-3.561005530515704454e+00
-1.407768163900011871e+01,5.119883208999007174e+00
-8.817888202809054832e+00,-5.928648777064885245e+00
3.015035119423649768e+00,-4.141840156229231518e+00
-4.058525473097662761e+00,-1.774335446854800935e+00
7.934816254592122142e+00,-3.053144574868717598e+00
2.082183846191725696e+00,-8.956394993935626658e+00
3.289987989345402486e+00,6.654676675972831745e+00
6.063502793510305189e+00,-3.284476185747028598e+00
-1.398869808850871310e+00,2.721854860028277923e+00
6.708355721464001498e+00,6.778346324256829369e+00
3.922059220073096597e+00,2.949675437488364693e+00
5.369141740089257375e+00,1.687375108391967871e+01
-7.541622578184284720e+00,1.170228699795561411e+01
-2.681290700463469623e+00,-1.025583365610705044e+01
5.643255677883597166e+00,-1.100241171748719360e+01
-1.351886920077291521e+01,-1.332550481354676286e+01
2.776747955758155140e+00,8.418932974404132352e+00
1.239047054500986533e+01,6.552121210272116691e+00
1.403401727966027757e+01,3.589838696003113672e+00
5.901690804053508543e+00,-6.201763028755551410e+00
3.911159709273485330e+00,9.783455508062465000e+00
1.429123666732149012e+01,-1.247151809665236222e+01
2.599704326361111928e+00,1.700498624919879020e+00
-5.170403810506520870e+00,1.054409117091328874e+01
-2.891852820820232761e+00,1.551774623678211995e+01
-1.667226003124407541e+01,7.762976061489949231e+00
6.484609397692710608e+00,-1.580638930777142459e+00
8.827218898851070250e+00,-4.612249419976172327e+00
-3.165004056761087980e+00,3.105170291493683177e+00
1.181554286824059830e+00,-4.778347735623361459e+00
1.666834679937135988e+01,4.889023472348745791e+00
-6.970661093816540310e-01,-5.401620449164304283e+00
-1.200667567112288303e+01,-1.089303417267316476e+01
8.593629030771365862e+00,5.655549165357549590e+00
-1.705640832116463779e+00,7.133095824159314979e+00
1.510559481101936719e+01,-1.346383927996051888e+00
9.056847154007654055e+00,-1.526924467338781000e+01
1.037239891712912510e+01,2.368788394947405784e+00
1.087756650252083013e+00,1.569697846931346064e+01
1.574362205896063127e+00,-2.961141912421465516e+00
-2.341284601518011321e+00,-2.856346657033745018e+00
-9.690520259093984734e+00,-3.136041168255615741e+00
-1.402856851177763353e+01,-6.476479354555726431e-01
-1.573111141834425197e+01,-1.201793001885328893e+00
3.375862476811940294e+00,-1.373599005511125881e+01
1.249215572621754866e+00,9.306562237925332326e+00
-7.815163585281906578e+00,1.355363250467173408e+01
-1.331096726652465456e+01,1.017649157856053677e+01
2.115155751020328712e+00,1.282530519288572890e+01
4.204943783532028023e-01,-8.267157565933333174e+00
-7.661488424238539707e+00,-1.183655384666852406e+01
-9.682129141420887208e+00,1.461491260353460220e+01
-8.935719433901937236e+00,-1.542989310503384504e+00
-1.797470283109614542e+01,6.023970675663887775e+00
1.101926956034793648e+01,8.398605230597826932e+00
9.712774808848845254e+00,7.135551719678473681e+00
1.267803212148637115e+01,1.167077280332182276e+01
-1.776658661091844493e+01,-4.801550894831927430e+00
8.091060381298012416e+00,7.975175041936574338e+00
8.709518900870330427e+00,1.510462812729999271e+01
1.261392258720061399e+01,1.424438704817844847e+00
-4.901617147709397493e+00,2.787354326809484473e+00
-5.401105194789123765e+00,-5.641247163041384072e-01
1.093302919606053614e+01,-4.350618902908839125e+00
4.897368642109831249e+00,-4.615585308858209501e+00
5.294326237585779360e+00,4.416462212971495660e+00
8.563995877040527560e+00,2.430565664851723984e+00
9.880765936014855200e+00,-1.194757205255444710e+00
-1.172508255977644254e+01,5.370658505701531027e+00
1.149609971878607517e+01,3.811958158339422642e+00
2.409555004300195868e+00,1.078646768261488376e+01
-6.147454645253593419e+00,6.534381561411747086e+00
-1.512303944165170000e+00,-8.933815808044245799e+00
-9.449002708515731541e+00,5.282687871709197402e+00
1.773781234634364523e+01,-1.670816177389227164e+00
9.247595936703907782e+00,-1.076287849855432910e+01
-5.843340869569885854e+00,1.220005991303921888e+01
-1.105336836118681099e+01,1.138895381407868612e+01
-8.247194375825170898e-01,-1.869173133975043033e+00
1.855582952152661225e+00,5.546716780477990660e+00
-4.327662149180978801e+00,1.326384490025861318e+01
4.048594295849032854e+00,1.359446300311560485e+01
5.620863076293834304e+00,-9.240095270919574943e+00
2.620927561311668930e-01,1.404495332667739049e+01
-5.510373520027463279e+00,-6.394082601470062244e+00
1.053540715834407671e+01,5.445365139268118604e+00
-1.546850802120978763e+01,-3.018137920633480409e+00
-9.260436451526254942e+00,1.635428817012349612e+01
-3.636489307099680879e+00,1.162734763075781430e+01
4.536512564279984616e+00,8.118846125287529247e+00
1.338651678221362573e+01,-4.767582609261720172e+00
7.786202552610929084e-01,1.150581220624459000e+01
-1.227891022659692588e+01,7.944737673189417038e+00
9.934639196656062765e+00,1.372240113169391229e+01
6.720846679760958509e+00,1.167414948863160262e+01
7.048551669445482837e+00,-4.768917236682831629e+00
-1.575774419309365237e+00,-1.544006353609251647e+01
1.471985263080626005e+01,6.286769410171777928e+00
8.114567297931754908e+00,-9.174245778263909745e-01
5.488862425893468178e+00,1.997601463925220422e+00
-9.481559901732373064e+00,-1.197872558951404010e+01
-9.220284650378728131e+00,1.098397768964916921e+01
-1.335777290015057517e+00,4.562911834591165672e+00
-1.476168379550025733e+01,6.802030522191901518e+00
9.545928122625367829e-01,9.696259852652594491e-01
-8.681494177752875352e-01,1.035391323443022316e+00
3.818941011651599382e+00,-9.387919648751013924e+00
-6.922585827061765507e+00,1.004383891319760558e+01
2.121916625914894272e+00,-1.513017988397767333e+01
6.952676134177935729e+00,4.975300123877925529e+00
-1.039819618290915848e+00,-7.213476427177138106e+00
-1.066928841656669213e+01,3.965508761256664183e+00
-1.024117612366979913e+01,-4.879072344280630524e+00
-7.109147036824650101e+00,-9.423582121718055760e+00
-1.084331698062943161e+01,1.267855608345997698e-01
-9.919872908566457426e+00,1.664816473111743855e+00
2.533278397336321319e+00,-7.214338405458429193e+00
3.131474479521129783e+00,-1.104873379816348056e+01
-1.272092997554883809e+00,-1.366037859245983199e+01
-2.033284834520164841e-01,8.233549233570174763e+00
-1.860847625055416454e+00,8.914262021404438130e+00
7.492542906361665977e+00,-1.126790792492953130e+01
-1.321185015189143108e+01,1.582652845900461847e+00
-8.715435803516989210e+00,-1.034095197768739993e+01
-4.508885058225326148e+00,-1.312843250988341914e+01
4.586844084682875633e-01,4.449466158231778934e+00
3.975372139815123163e-01,2.697200382322811230e+00
1.188237267868261426e+01,-2.790520348318151100e+00
-1.025284924237988626e+01,-7.376262527543794079e+00
1.632241046227767356e+01,-1.405983127187829772e-02
