9.507850986186269893e+00,-1.393318185130998010e+01
-8.396388632238949157e-01,1.845187533305884742e+01
-1.060017858387995560e+00,9.299830819663009507e+00
-1.203620251141994046e+01,-8.917188478940211382e+00
-4.931848223661208230e+00,1.228007237909552352e+00
-4.521406601719700546e+00,-5.221686132331511132e+00
1.422514623460013894e+01,-8.385539703638778875e+00
9.437769310905570475e-01,-8.018702175327840465e+00
-1.258528139514266542e+01,1.378024886534441551e+00
-1.452324674537585913e+01,-5.485628727085356537e+00
2.338308055248647044e+00,1.071862199331021515e+01
1.569447507538089814e+00,-4.816631169831219417e+00
9.563977601241649751e+00,-1.134965591107700966e+01
7.644163619671539012e-01,2.990109096474145911e+00
-1.307207565019163198e+01,4.438462653994817764e+00
-9.310864795237769442e+00,1.659157225091146159e+00
-4.652000800483357956e+00,-1.298787435107602839e+01
-8.650178291962051791e-01,7.529053104624667370e+00
5.436809809981341779e+00,-5.324465014230426618e+00
6.134896368363272678e+00,1.387000745681017166e+00
1.336458677281525809e+01,1.589289885791841384e+00
-1.859259485576338378e+01,3.869772357168252519e+00
-4.751565995634627448e+00,3.491380849192888380e+00
3.265496200862006315e+00,9.181801652100366695e+00
8.146808834936652977e-01,-1.143845441326313717e+00
1.518215920178828782e+00,6.375459487868124775e+00
-1.228876219494086008e+01,-1.072008740639489588e+01
4.603203715518675132e+00,2.323541397596228464e+00
-9.539543363604325865e-01,1.558728890640573717e+01
1.032781622314515779e+01,4.185236210009863456e+00
-4.412707652416800741e+00,-8.125231507422132182e+00
-1.060531827630757462e+01,9.076732851675391345e+00
1.350411466905077074e+00,1.219639588961490873e+01
1.252045855729865309e+01,8.078777681296260837e+00
-1.511618599041652899e+01,-1.055423718382745735e+00
1.365956031322678399e+01,-1.014697789447571985e+01
-1.662582195078833180e+01,5.797374231219509788e+00
7.932257622653058782e+00,-2.206675344264321659e+00
6.955312120239635298e+00,7.163140856574939264e+00
1.609898572577853182e+00,-9.683088558367373366e+00
6.273769072933419899e+00,-8.766917961069234266e+00
-1.456663561495898263e+00,-6.795465601643174480e+00
9.037931070916982890e+00,-7.989756661954225958e-01
-1.349555649142855707e+01,7.920396864458159492e+00
-3.596041287614727966e-01,1.132827698664273441e+01
-7.011513007142831100e+00,1.106008218688608835e+01
1.789910419207457437e+01,4.864771330779563918e+00
6.206786229465045324e+00,-1.814467051779993456e+00
-2.772268172877061509e+00,1.537564141071317181e+01
1.391623360227952766e+01,3.362286981632389260e+00
8.091880617310764023e+00,1.593896022795730616e+01
-3.254145243022214196e+00,1.365685040677475293e+01
-1.603661348842822321e+01,5.324440331324008513e-01
2.645675099738849512e-01,-6.307979677091256399e+00
-1.784736741310938157e+01,-6.311563597482374277e+00
-1.133355834476099666e+01,-7.268023397164523836e+00
1.714186601564907875e+00,1.397182216734466031e+01
3.191519044038025221e+00,5.643408739631248672e+00
8.688363765200781685e+00,-3.920077700185375047e+00
8.986988144206485840e-01,-1.161630763283614520e+01
8.410717020662753285e+00,8.350861660063820580e+00
1.015715632842883487e+01,-9.677796950241809526e+00
-7.668844946156458953e+00,1.272221382614913310e+01
-6.268084441569752308e+00,-7.542120020986024798e-02
9.744179857082380991e+00,-2.470367995264396210e+00
1.433752572657746605e+01,-6.401697512618002683e+00
-1.448831966714033026e+00,2.032113490587377225e+00
7.237788475136878397e+00,1.756625946653082337e+01
-3.732630162570969024e+00,-3.647611794840299293e+00
-7.864843541376829172e+00,-8.972714422039567150e-01
-3.928796377491563074e+00,-2.102037607155514132e-01
1.196659895837364829e+01,-9.616246061700067571e+00
-1.426009580868813487e+01,7.272156948213825967e-01
-2.573584507678423172e+00,-8.266441858115026520e+00
-9.618534248966120970e+00,-6.600651978839731093e+00
-3.792161270491914982e-01,-4.659987983740385253e+00
-2.067966461570593939e+00,1.091531532544975214e+01
-6.995604699900731305e+00,-7.773205790643204161e+00
-7.228950121830552078e+00,1.568117913598115543e+01
1.448417630540248879e+01,5.091866063171740286e+00
-6.608121793537263144e+00,4.162848354374161453e+00
-2.619236693521920678e+00,4.156277831643966358e+00
5.288540649527868176e+00,-1.986773749113710796e-01
1.412513422565493393e+01,-4.624433479325363194e+00
9.749128632465053457e+00,9.938965704388412092e+00
-9.212951809960756577e+00,6.902632094927792394e+00
5.055511996839110012e+00,-3.582217564455951297e+00
1.311200838826459503e+01,9.765589600818261218e+00
2.618718762261513344e+00,-1.454960421279564597e+00
1.711881836401595791e+01,2.005887833048482616e+00
-2.636713842666721597e+00,-1.881554453823026662e+01
-1.016040141409989772e+01,5.279812837741761911e+00
1.466196853186509719e+00,8.245501515349490163e+00
-7.843149188724463095e+00,-2.752202923088101105e+00
-9.712812519286707413e+00,3.526389331468551269e+00
-1.334119650487650510e+01,-1.586181867572974191e+00
7.308445669398021316e+00,-5.366430932529162590e+00
-8.378365934435660023e+00,4.745166221976665710e+00
3.332952496193222203e+00,-3.212115875156612788e+00
3.428565380775852489e+00,-5.014199770024994507e+00
-1.642834433321063159e+01,2.270992375204337055e+00
-9.370575723615095498e-01,-1.132743638552263121e+00
-1.191574922805293824e+01,5.813994355362186006e+00
7.452001064373647843e+00,-7.257088020712016530e+00
-2.665545200390392555e+00,8.588261288672267568e+00
-1.172402727824359303e+01,1.160748445961179165e+01
9.265059775712130019e+00,-7.484957467480580995e+00
-5.052864268595111064e+00,1.317570890767416536e+01
-2.521503221063398748e+00,1.724307865221334524e+01
7.189138345799113594e+00,1.169118052039161881e+01
-4.879077488751996233e-02,1.404823977784532829e+01
-5.841985670665530428e+00,5.802940583358634719e+00
1.309161929458737461e+01,-3.123654752124397582e+00
1.437050525020532099e+01,4.478524190082639952e-03
-2.725200834353259882e+00,-1.689959397835205124e+01
-1.313743476550514622e+01,-7.022920629905125445e+00
-9.681955545129698137e+00,-1.117605092232350605e+00
1.839835600634209101e+01,-2.240518887005388926e+00
-6.508507003149224701e+00,-1.245136545140463546e+01
-5.499198244938335201e+00,-6.683500642255386204e+00
-5.453711391552364951e-01,-1.395510915116090445e+01
1.824771420220979223e+01,-2.074395694881345786e-01
1.491625963485078898e+01,-3.008522854555719217e+00
-1.680947163763627827e+01,4.019824780232738703e+00
4.439493785551772653e+00,-1.761115155517759545e+00
6.372801520274789411e+00,-1.595468058519775845e+01
-7.841156657716609857e+00,-6.167512993985594605e+00
2.065267404759153713e+00,-6.592148291063339549e+00
-9.860967036776102645e+00,-8.353431936984224038e+00
2.788653301111587712e+00,-1.730597028495426315e+01
-4.987534278077378147e+00,-9.831031807509294396e+00
-2.416192128822426621e+00,-1.405329428524921376e+01
4.473342923485096989e+00,-8.503901421353798895e+00
8.254019271769767130e+00,1.415471166026809691e+01
-1.019447431217058275e+00,-1.568608789397828751e+01
8.046167861308816782e+00,-1.292945830186324585e+01
-5.853743460128358223e+00,-1.586608336722100709e+01
-8.386330873135603881e+00,-4.476006285462279521e+00
1.519871714143741848e+01,1.850610696351838946e+00
1.808581313408893276e+00,4.658786899844102880e-01
1.092316279640052912e+01,1.162388173020612570e+01
-1.362777954835372540e+01,9.744935121624466845e+00
-1.925566868836885659e+00,-3.348926861974906632e+00
-6.027788816490994961e+00,-1.770696770434091860e+01
1.865004927253444134e+00,4.393374243529765799e+00
2.803591044443989322e+00,-1.546942783545152977e+01
1.588261054005461803e+00,-3.021031058691418192e+00
4.736476587403766203e+00,1.491701666307753094e+01
1.825735045539390100e+01,-4.439606348070054942e+00
2.461778797423115783e+00,2.469494602069468137e+00
-7.458427291040212737e-01,-8.525362433578441923e+00
1.382988894180368300e+00,-1.391471904508878232e+01
-3.764815079262624486e+00,1.036899424034375095e+01
-5.906268908891254554e+00,7.610990041899610148e+00
2.701004209925929711e+00,-8.261150111994961520e+00
-8.291339132073899165e+00,9.798884038882279768e+00
-8.262448031969936435e-02,-1.014642214391345121e+01
7.702811225567177011e+00,2.266078730636494232e+00
5.980663020010376307e+00,3.453792453693027564e+00
8.493479355190252988e+00,5.871388306592517203e+00
6.827227980221652892e+00,-3.629256552373453459e+00
7.207126550899753958e-01,9.895443489379788460e+00
9.515355343879679850e+00,2.586918572480872314e+00
-7.519467450424602184e+00,6.319983190081254421e+00
1.249083683722494698e+01,4.414651174231170039e+00
-1.094043011299231161e+01,-3.140388973173972698e+00
2.223527369177880630e-01,1.323514288358918822e+00
5.637770939882623011e+00,-7.083122958813382830e+00
-3.249047031234688632e+00,2.454507341633784812e+00
4.970548075658244080e+00,1.255606488339768845e+01
-1.057194520678002014e+01,-1.000146080717311214e+01
9.814465908782947778e+00,7.748205154686810259e-01
-6.737808098631817622e+00,-9.612914816215358371e+00
-7.718853566447987369e+00,8.081938967770931015e+00
-4.053652606744016396e+00,5.266391640011969244e+00
6.785667857293141481e+00,5.313976990648950682e+00
7.209445423440492995e+00,-2.240556776900962943e-01
1.139361647119137899e+01,2.673777618409675316e+00
1.946585647260805907e-01,5.186531369574085559e+00
3.512794842728463873e+00,1.357090592059646283e+01
-4.496324853403743660e+00,8.722469812491430829e+00
-4.481951989817925863e+00,-1.972547157551191921e+00
-1.745046545177885433e-01,-2.849817644802762562e+00
-1.526171503556220443e+01,7.306836361207914798e+00
3.410555938106262897e+00,-9.922130784981536777e+00
-7.800692616912240140e+00,-1.122350140025272403e+01
-1.958901091433219888e+00,3.250634723106508028e-01
-3.274816521249352075e+00,-1.063477973548622124e+01
1.162571504141930667e+01,9.017688860695795006e-01
6.254943298888748338e+00,-1.391825092918780271e+01
5.512338669503955124e+00,1.816219481918655632e+01
-7.768725641145587169e+00,-1.733836629578173927e+01
4.151511517979059818e+00,1.092138357747826838e+01
8.042367929438109186e+00,4.089849816873941002e+00
-2.204292977363599526e+00,-5.141191146912784227e+00
1.190236882926826567e+01,-4.666914389977184996e+00
7.956850833082492080e+00,1.005470281218207695e+01
-3.343881102376816461e+00,-6.572620331724707832e+00
1.089115583337187410e+01,-1.266263224330847414e+01
1.273742212389850259e+01,-7.430667413089831363e+00
-4.186444109925491652e+00,-1.790701007093111130e+01
7.930263654370017790e+00,-1.067028824692821232e+01
-6.273704533120861626e+00,-1.889622393892198549e+00
-1.393584664092134107e+00,-1.136109516795893271e+01
-2.693084792636505576e+00,-1.565431992004604922e+00
8.151775105469953431e+00,-8.918513813391646394e+00
1.237158447062260613e+01,-1.376246134582966896e+01
6.557543431623021668e+00,-1.188985217538867722e+01
-1.453613488385721375e+01,-1.164138610270778607e+01
-1.389623135218976380e+01,6.088249774986228324e+00
1.134888955770201413e+01,6.698215548502560956e+00
-6.220917267025208197e+00,2.424311624043295144e+00
-1.478060224425051139e+01,-3.523348979461897734e+00
7.900071226544124414e+00,-1.477148555447637612e+01
-1.544981844464464515e+01,1.068171343754191227e+01
1.649406644272066558e+01,2.267614726895214317e-01
-1.791238151890651764e+01,7.566791433793694788e-01
4.908493876996447902e+00,-1.258903719098668539e+01
-1.186527915855498705e+01,-5.537854460832669190e+00
-1.150060667297217165e+01,-1.429380725775106553e+00
-1.064956662472904725e+01,4.200078547796224360e-01
-1.451626031910254966e+01,2.477356307771195976e+00
6.533236336934163724e+00,1.344205751314808239e+01
1.216219321285900534e+01,-1.137672418397318630e+01
-1.112032917892011952e+01,2.409986911798543741e+00
1.094498699665158625e+01,-6.928827230228485234e+00
3.618615503752324880e+00,7.756492410993943709e-01
-1.517228567867823896e+00,5.816433965324975475e+00
-9.193069496278459596e+00,-1.616909461687466987e+01
3.665076101914213513e+00,3.840778844428701877e+00
1.575883227982861712e+01,-1.398912234433309587e+00
1.554179060379023625e+01,-9.862728818791804741e+00
-1.016766036964888009e+01,-4.784268995838707461e+00
-8.010350556293076352e+00,2.943440690439633745e+00
-7.652406860154065349e+00,1.045961231510647016e+00
3.856570472197931920e+00,-6.843939202258485288e+00
-6.382738971809822637e+00,-5.135306478340889491e+00
-8.283252588249274240e+00,-1.325849140296783091e+01
5.974816402769107526e+00,1.624906305314637578e+01
2.410937641573277723e+00,1.572170537592867312e+01
-6.375632398916901700e+00,9.374065685916287194e+00
-9.074708500246754239e-01,3.770793771536840033e+00
1.308076120627546501e+01,-1.310914192064488670e+00
3.099019486639537302e+00,7.428416369429538868e+00
1.137878414860644760e+01,1.342982440132446698e+01
4.959715629423337546e+00,7.472327369066506186e+00
-1.268466125824691737e+01,-3.838151036024128437e+00
4.970459810684900503e+00,5.123502257818664418e+00
9.161002612815700274e+00,-5.682362724480480409e+00
1.100408596568211550e+01,-1.183898942873259585e+00
9.088385200667055130e-01,-1.565243103491537369e+01
-5.510377407274926753e+00,-3.549634197005691494e+00
-3.057151464143908814e+00,6.806734294217855918e+00
1.321577835805375223e+01,6.323202714411778835e+00
5.441033861111685965e+00,-1.038520922409702152e+01
-1.493956448399434400e+01,4.330505052753378159e+00
