-1.016948657635700926e+01,5.148566570023051625e+00
1.421521659148618433e+01,-1.259309585237926754e+01
5.185026242750009340e-01,1.426193492612819691e+00
7.274171753791817352e+00,1.058178184862930848e+01
5.132245646635924530e+00,6.921999825703918141e+00
4.765052380692511136e+00,1.338883201264120437e+01
-4.887404115707594698e+00,2.710064914316267504e-01
4.568132882330962374e+00,-1.158198680739526765e+01
-4.825023284127192724e+00,-1.650343433977477403e+01
2.191783063655642905e-01,1.406209373915862670e+01
1.607125560604117168e-02,-5.045160597436933791e+00
1.199573555903062960e+01,-8.547790227211935488e+00
1.537770561158419702e-01,1.617903972826778158e+01
3.113098666406058257e+00,-1.611925000062893076e+01
-1.006711991477148960e+00,-1.645406826541782408e+01
-1.748808590713740330e+01,-1.155509657474584451e+00
-5.117564156970964895e+00,-3.365518447492127141e+00
-9.794511939436093328e+00,2.200789859744673560e+00
3.345622937745897030e+00,1.450752610183052127e+01
9.829991162731289478e+00,1.290691402377268737e+01
5.801662267170798470e-01,-8.727466850722025882e+00
-1.675342415793086071e+00,-1.466005754298484298e+01
-1.307561902990082281e+01,-1.377109669511981949e+01
-5.894836078625851350e+00,9.496816626235748515e+00
1.005904506886165528e+01,-1.172537890928704130e+01
-1.565509355056771135e+01,-1.599564478524233113e+00
-1.038231077830242199e+01,-1.145511827825903062e+01
6.943356560660303600e+00,-4.706506254835503889e+00
4.102652775190026802e+00,-9.881280207731251153e+00
1.713587448558877213e+01,2.319144653351488561e+00
-7.550617094166779175e+00,-1.243726916733855603e+00
-2.425002110531354838e+00,-1.296936635327871379e+01
2.609682709747058738e+00,1.037433950253995008e+01
-3.261321655898005378e+00,4.499011099909473010e+00
-1.394803754022118270e+01,-2.066721009527613173e+00
1.830694685313820358e+01,5.028287511300242763e+00
9.586234429329778539e-01,-1.063212482233243072e+01
-7.328076794194624544e-01,-9.997838375446352899e+00
8.710801973355431826e+00,-5.172048823969657150e+00
-8.111469484800631236e+00,-8.712075931466280565e+00
1.187614172606103580e+00,-6.318245898334782229e-01
-1.827876922011844840e+01,4.030503582284286068e+00
-8.045798186280773479e+00,1.866312175541692708e+00
-1.140592520513972907e+01,-9.958551999412573963e+00
-7.023226457997100880e+00,-1.387611480505408501e+01
-1.128381746182105161e+01,-8.145676013788005321e+00
-1.306008376809531768e+01,2.854371993612462965e+00
1.520839057758174917e+01,-5.417987017322214882e+00
5.866069977335112817e+00,-1.007086388294502477e+01
5.554842596678664535e+00,1.021086999282674412e+01
1.865433648330365912e+01,3.210557211140221856e+00
-7.497255734098749791e+00,8.636420886842373079e+00
4.597901188532659944e+00,8.689106929312009342e+00
1.163469172165384791e+01,2.875726159842103780e+00
-6.699980092707950696e+00,-1.205822448114661682e+01
1.211739588001374157e+00,3.377478980010812037e+00
2.331410436724983715e+00,-5.441594048383309179e+00
-1.577272197897979922e+01,3.016752153575024131e-01
-7.798719099191863791e+00,-1.051685944510474435e+01
8.104784107184368480e+00,1.218429797217055111e+01
-5.024160477511918188e+00,-6.954792091318434011e+00
-5.930822995568311384e+00,7.675080352337104728e+00
1.612667538684890323e+00,1.513054523115891570e+01
-1.329684052296045849e+01,1.330965462118000708e+01
6.171202182305914441e+00,-1.542511746382317694e+00
-4.242486729550912550e+00,8.588730035063285584e+00
1.730629348696530201e+01,-3.015244379173615541e-01
2.775415720770295636e+00,8.600498158847075914e+00
-3.601651508113214994e+00,-4.953367233997154173e+00
-1.467438749934559006e+01,3.638650943584945452e+00
-1.647033308815122510e+01,3.818320233092204141e+00
-1.368544582186385972e+00,1.728838666827315151e+01
2.400627338878522199e+00,-7.548584273056826888e+00
3.003449171385344396e+00,3.740122808435492718e+00
4.104241976542500225e+00,1.134108498726709513e+01
6.375901375125998527e+00,-1.185349596833579255e+01
-3.639263591376568296e+00,1.758312159780148098e+00
1.655748851816110445e+01,4.418455902500912913e+00
-9.751950661147180455e+00,-1.279309501244488168e+00
-2.438388948476690743e+00,8.017242429256944192e+00
7.707474758581721375e+00,1.881234925694021065e+00
5.599533872926811817e+00,1.507707458021063474e+01
1.190187947352529285e+01,-1.134340800494511914e+00
1.454467997857350881e+01,9.923304516266300723e+00
6.110030270356885396e+00,1.061450094682956813e+00
-2.582622120608756067e+00,1.086432804336871527e+01
-1.264270775936298463e+01,-3.335542745334996617e+00
2.355551889271395360e+00,-9.369973815927814087e+00
-1.160533114565851953e+01,-1.691230382268981591e+00
-1.376253430420770663e+01,7.883145842768239042e+00
9.828046434329881009e+00,6.861617412426102902e+00
-3.688505985655281982e+00,1.457402117418646093e+01
-1.009976547053240914e+01,-1.360460722117206700e+01
1.249089985104721690e+00,1.204981048812434707e+01
-1.534992069177919127e+01,8.922371340642579085e+00
-8.690848855660634698e+00,-1.232267693820119092e+01
-2.623276484323297186e+00,1.600462680103562363e+01
-2.541073872327937799e+00,-1.003981894612227599e+01
-2.691713329540418087e+00,1.303113702992090595e+01
9.487827322741718916e+00,-3.603987895467363867e+00
8.458398180966472779e+00,9.254975055434970344e+00
-1.504083032915163365e+01,-5.228729809170756582e+00
-4.261472205681549497e+00,1.691649141157455816e+01
1.229696327799871014e+01,4.807769371521861679e+00
1.357382596878231062e+01,-6.239339676908880250e+00
-1.454288382953814907e+00,1.462637656629622995e+01
4.697153655400287064e+00,3.005847771105745636e+00
1.013946926963630624e+01,-7.383736760667094501e+00
2.911574862542854358e+00,1.272043988432584527e+01
-2.297736762315191861e+00,2.977761132502521502e+00
-3.220073507275187819e+00,-1.574858555338857968e+01
2.096838883044004065e-01,5.333878408827307460e+00
-4.389988086930880939e+00,6.768832014692058863e+00
8.569534815770893488e+00,5.489281779355146718e+00
-7.495505757801162794e+00,1.620459993802008825e+01
-1.163951014670130668e+01,-5.123325178403403513e+00
1.034247614689836681e+01,9.286494105636261764e+00
6.773455079485327879e+00,1.354070673485200516e+01
1.130806825993822784e+01,-3.311562496616349272e+00
-1.807910933052930824e+00,-5.542591624186342436e+00
-8.676757887551412196e+00,2.029540949189874710e-01
-3.817168509709649715e+00,-1.407077365132146518e+01
6.499898354998132177e+00,3.200927279278194426e+00
-8.619075770622957933e+00,-2.688150906983075128e+00
4.106335001148869068e+00,-8.062330492166422502e+00
-3.188380215450772770e+00,-6.723173794276983806e+00
-1.212861014215782518e+01,6.992170467740931095e+00
-3.409047317004558764e+00,-8.481569359548709386e+00
8.769342818941128215e+00,-1.954621109899576936e+00
1.054784205947063214e+01,-5.509738043592144585e+00
-4.973881310847395376e+00,-1.271817544502452613e+01
1.230988755417175007e+01,1.277871006086636108e+01
-1.625887511584862821e+01,2.070674286486404725e+00
1.396440886026014638e+01,-5.527512504030004381e-01
-1.231236291257192406e+01,5.224537865668212433e+00
4.054399523651418313e+00,1.331890803302779425e+00
9.954639458350253989e+00,3.431242979698768014e+00
8.478414327259551797e+00,1.430986289354497032e+01
-1.039150877934524653e+00,-1.174730427572394120e+01
-1.328046181432264383e+00,-3.812009603158983850e+00
5.733434243009345010e+00,-1.349181309600232126e+01
-1.572554720841767839e+01,-1.063278584963011220e+01
-1.096234225984843214e+01,8.061804961116178503e-02
8.163923361747377427e+00,-1.180225458093729785e+01
2.226469814024730542e+00,1.678993185910707453e+01
-1.400762297109818100e+01,-9.991206604541831737e+00
3.840592595225090111e+00,-1.791596026339536962e+00
1.281390424642189352e+01,-1.369961987225766364e+01
2.094883351852978137e+00,-2.172747261802904006e+00
-1.126575845529366582e+01,3.671201407263322558e+00
-1.214587421321114302e+00,1.201591018367204988e+01
-5.282193195627134408e+00,1.544053907309042373e+01
7.498056123942472562e-01,-1.578386972174562075e+01
1.166756418449512012e+01,6.649505078428495253e+00
-8.532491313566737290e+00,3.582778761967471137e+00
1.087685982399334961e+01,1.246877389815712389e+00
-8.362230239753472461e+00,5.383914776737467101e+00
8.232441895763077389e-01,-6.603066153609831623e+00
-8.224742933143463830e+00,-6.516447092892818205e+00
1.499130251143040127e+01,7.490281054221704871e+00
-5.535972528809212090e-01,3.164329628946340733e+00
8.109901294618255818e+00,7.531507156203534059e+00
1.204823721531021974e+01,-1.171351360793831375e+01
-1.438815645416937272e+01,1.620898423780597897e+00
2.822789372894895371e-02,1.073515594808135099e+01
-1.302991627591979729e+01,1.150250310413102817e+01
1.466333036370761400e+00,-3.881541658532910777e+00
1.559548309118130760e+01,1.975859846305480783e-01
1.655146823939641720e+01,-6.582319967677134009e+00
-1.162502760906115284e+01,1.760755638794841094e+00
-3.315691158938506966e+00,-3.173541419395287555e+00
-5.433296163121669409e+00,1.353834498106640716e+01
-5.422317278069510138e+00,-5.170929587837173713e+00
-1.038742742660563323e+01,7.561902102494062916e+00
-1.296174478241995498e+00,-3.939018680899822322e-01
-1.526249224571589913e+01,6.932422065110092291e+00
-6.267668716107253957e+00,-8.437717252467622941e+00
8.216688118333111746e+00,3.752852781855284814e+00
-3.972324464433230062e+00,-1.518538747184472459e+00
-9.308471764560731998e+00,1.138193247135425601e+01
5.488406664906466226e+00,-1.531032633484258376e+01
8.406961914063359131e+00,-7.033644293529691005e+00
1.334814511935292103e+01,8.344504202748160182e+00
9.114209538540251287e+00,-1.334265145238695460e+01
6.557083114216230579e-02,-1.410257041769939335e+01
3.241208716050393956e+00,-3.749523961029644692e+00
-1.351183489510385805e+01,9.639073879863165217e+00
-4.288035423483399278e+00,1.036480948752994458e+01
1.016579772161245643e+01,-7.315975236071442511e-01
5.180052226160673179e+00,-3.041589610193680571e+00
5.033681031407520656e+00,-6.521747723148355824e+00
1.053153158612444251e+01,5.164506978752353206e+00
-6.841664331935622734e+00,-1.605079638520719243e+01
2.343065523926333160e+00,1.862120552454951561e+00
-5.035476409304926015e+00,5.034678519041802858e+00
-8.663821960277802603e+00,7.153332092830599009e+00
-9.394214140820620784e+00,-4.692464856637524662e+00
2.676571833105394038e+00,-1.120695714760625705e+01
1.092308394152700224e+01,-1.344763652532578035e+01
-8.042055626177379679e+00,1.261139353517311434e+01
-1.645406220860840207e+01,5.603691140187970099e+00
-2.512834084981662386e+00,-1.740516792219452213e+01
-5.771720655302857494e+00,-1.692171245479490604e+00
1.212125439670309568e+01,9.635260664410591147e+00
-1.421333510218155638e+01,5.410163098989274388e+00
1.425057211542663538e+01,-9.858533644320608857e+00
-8.892107656076750910e-01,9.175909880264505603e+00
1.096353744346686421e+00,9.294672898673152162e+00
2.925754394847482676e+00,-2.207672858976465410e-02
1.004944367855751075e+01,-9.884171456153781676e+00
6.896091802666315829e+00,-8.535315499773918901e+00
6.558998412282614154e+00,-1.681200839720808915e+01
-5.930929718010157004e+00,-1.023254767222301886e+01
-1.154658425921627618e+01,1.054670208374173868e+01
-9.269268979969214062e-01,6.792378006551178515e+00
-5.463473149340775770e+00,-1.476002720368784793e+01
1.187568239537762693e+01,-6.798023916375106168e+00
7.639704308901322349e+00,-4.848714111905485513e-01
2.363967735730726494e-01,-2.364924216659076706e+00
1.314927133570614792e+01,1.113961765525728076e+01
6.866913081330769941e+00,6.271115427255431918e+00
9.535108164741499692e+00,1.094355831929737555e+01
-5.271299050345408688e+00,2.674871075345942817e+00
-1.880599860522667921e+00,-2.090673085576304935e+00
-7.618476343284108943e+00,-4.748214648674181859e+00
1.131598206379238469e+01,-1.525846696306118666e+01
5.702497664879111916e+00,1.711620424038857280e+01
7.266916980389233949e+00,-2.938604020770254177e+00
-1.524543722017099689e+01,-3.419250506052081917e+00
-1.174096097588294185e+01,8.758389076429333286e+00
-1.038750597000751519e+01,-3.109162377068182881e+00
1.341725578501999117e+01,6.515699783462527428e+00
3.715352217363925735e+00,5.684304242137204533e+00
-2.678794344317977139e+00,6.224189315128992206e+00
-1.469483812407286649e+00,4.716234237742026103e+00
1.981063159432243870e+00,5.198683282622183377e+00
-1.295054019359539454e+00,1.457307492481348721e+00
9.067731478781945853e+00,6.420809091332635443e-01
-1.263981788165430942e+01,-1.123452814953187229e+01
-6.883117200958468018e+00,-3.091667085005038285e+00
-6.397414330176015795e+00,1.211670795649850030e+00
-6.740251102473779454e+00,4.543532130709841965e+00
4.734830171041539693e+00,-4.759776178231294175e+00
-1.404316994265757046e+01,-2.380992671215535761e-01
9.333266376229308880e-01,-1.765614959749709101e+01
-1.331041099229921620e+01,-5.769412554111966962e+00
4.889811887992935091e+00,-2.318554225961108606e-01
1.455783319864496228e+01,1.220940181009825665e+01
8.349480230741396225e-01,7.336438567244740305e+00
-8.594399627990929602e-01,-7.115351342267311807e+00
-6.040338212761639625e+00,1.136044631308095276e+01
-3.016626074866128882e+00,8.386849326819002803e-02
3.750233943029825934e+00,-1.326703686889025136e+01
5.259915375622265188e+00,4.768669995648471271e+00
6.741063251973733905e+00,8.648872076393898212e+00
1.511682409859991516e+01,-3.579979209473347357e+00
