1.069605396647432727e+01,8.810553252320342921e+00
-1.536511460435154852e+01,-1.117221945862115362e+01
-1.240274860736974283e+01,7.831211280935841401e+00
-6.886926241779686819e+00,-1.418669137391798074e+01
9.591135814920920266e-01,3.711532444116195428e+00
8.929176746086948668e+00,8.141921460103729302e+00
-9.204105705590756026e-01,1.400157398199295500e+01
-1.215084966236890729e+01,-3.633908623662750248e+00
-2.453784199769121432e+00,-1.321008576662623923e+01
-1.205553334391511910e+01,-9.653388101644674535e+00
1.308461940794578915e+01,-9.270840610632973267e+00
-1.892808543670737587e-02,-3.258923862074342370e+00
-3.328452609167483089e+00,-1.626272486967915987e-01
-1.332584981978518268e+00,-7.572244624533522206e+00
5.894143143007243069e+00,-1.182893403783742947e+01
1.585463101058587787e+00,-1.211607020511531729e+01
-5.388826788951559976e+00,-5.070519797042108756e+00
1.603393415824333346e+01,-2.549763558022939858e+00
6.311971532326251300e+00,1.651840408633701429e+01
-9.137930421730022346e+00,-1.806049110034995575e+00
1.442986919051019967e+01,-3.477922866330942497e+00
5.930472689129192787e+00,-2.655183779695362123e+00
1.171606653296701239e+01,1.995623729681595515e+00
7.149833166221473135e+00,4.573170020280641901e-01
-1.268254407744247469e+00,4.926615428357204785e+00
-1.420529795749147794e+01,-4.914817778348783861e+00
1.340189864717953094e+00,2.855785715142883374e-01
8.565506000360182171e+00,1.570901112782971731e+00
5.877450755930813120e-01,1.620827728361011211e+01
5.248252607669769532e+00,1.168105953089655458e+01
-6.103666984086583369e+00,5.599119152147377321e+00
9.975439758621773123e+00,-1.642842449849715836e+00
-3.682645135854338392e+00,1.431712168473512037e+01
-8.673822401677334426e+00,1.181331924978857018e+01
1.180668165633768751e+00,5.491129812491352347e+00
-1.073743383551723163e+01,-2.583011759583941913e+00
2.804748127223096743e-01,-1.066105087070770630e+01
5.968759172903680188e+00,-1.362230164316084569e+01
-3.285857696336825562e+00,-7.031545745982743512e+00
2.255271625878938480e+00,1.720790259934656063e+01
-6.537884769796746376e+00,6.054391821089434300e-01
1.057514602015726268e+01,1.060816942455344680e+01
-1.637965634141027360e+00,-3.998277540570866595e+00
7.086088938868991827e-01,1.947515150320683786e+00
6.770824759593715214e+00,1.267410929206078940e+01
-5.334944003102203069e+00,-1.161828191616366013e+01
9.701194668527264309e-01,1.034037541243981018e+01
1.142814618593579468e+01,-6.289584487248593980e-01
-1.584672850871503869e+01,2.623963902229109024e+00
6.318780282473672294e+00,-7.037715179359997464e+00
1.082967105304854982e+01,4.324647740008089158e+00
-1.273692521998703597e+01,-6.111231841210348570e+00
5.766485187506416921e+00,-6.600735449706793823e-01
-1.592236206701356593e+01,-7.446342117263317739e+00
-5.911505201265646825e+00,2.359721478297780450e+00
-1.500747338160665079e+00,-3.080073709175330521e-01
1.196580517744657968e+01,7.575755788851554762e+00
-2.496118600683006505e+00,6.184090783386476886e+00
-3.562610710996379382e+00,-5.180929394858770465e+00
-1.525931578082434514e+00,-1.006466761703222090e+01
2.568719285879730307e+00,1.610988553395740874e+00
5.873512182403693771e+00,-8.776209591362800211e+00
1.168975479928534078e+01,-8.067207862962060716e+00
-1.332422297016972657e+01,1.139815409628774390e+01
1.393027396921659777e+00,7.308003493103951698e+00
-1.955368319315519132e+00,-2.139822541086092489e+00
1.839617375839486968e+01,-4.718381519089083653e+00
9.945727281844099821e+00,1.422461630880007810e+01
-7.204036929903523401e+00,-6.551613519606883429e+00
1.683272969967557486e+01,3.795238138068073308e+00
-1.747018511806168917e+01,6.980205451384620119e+00
-8.191533059921390247e+00,8.290179465490629340e+00
7.456323366933760077e+00,7.153303902090208943e+00
4.881967302465574754e+00,-1.025489225511046776e+01
-1.388581390929215331e+01,2.658632610492916992e+00
-1.514493585163298306e+01,1.139597517303942986e+01
-7.184579523631494880e+00,1.064736920315314883e+01
-1.848067359983826818e-01,-5.134287114331634427e+00
3.139635889507415456e+00,-5.099204609184369907e+00
-1.134353953225937772e+01,1.371466273455093621e+01
3.324281039220652989e+00,-3.236654493351319051e+00
1.459666110602719336e+01,2.196351298754274595e+00
8.731872817232448014e+00,-9.695348893077577301e+00
-7.116597202911350450e+00,-4.673129558226053248e+00
1.509966710699102066e+01,1.148879148689587204e+01
-1.216141152206850817e+00,9.745727772083860430e+00
-4.271151193470100971e+00,1.615602973196169501e+01
-3.766495080426573772e+00,1.063955235611074279e+01
-1.839357812150450355e+00,-5.881410745084074243e+00
1.110235809528956352e+01,-9.918114099418628982e+00
-1.013134321640058566e+01,-4.328680101757200305e+00
-1.204192397167506456e+01,2.717057567793605966e+00
1.268052344564809353e+01,-1.175246837350418971e+01
-4.272404081393052167e+00,-1.322259175323723746e+01
-2.998396908273636807e+00,1.586123905574184256e+00
6.317767278499934136e+00,-1.706271627160337445e+01
-6.437319857202144391e+00,9.054865303554556988e+00
1.472683134178861319e+00,-5.755140693336108448e+00
-1.267046514435200777e+01,9.577199471011887510e+00
-1.342078439128961165e+01,6.234126748084750425e+00
-1.268252829208207144e+00,-1.460304737542437259e+01
4.340437847172625929e+00,-1.742897202959431402e+00
-1.413536176386063303e+01,-7.624991685683467857e+00
-5.275339841918643913e+00,1.295778086359394976e+01
-5.928045905135156168e+00,-9.864921375803396231e+00
-5.434755421906212192e+00,-1.664500077351668494e+01
-1.044216541987660563e+01,-1.238506021407272684e+01
-7.082364464106045698e-01,3.152531848745684151e+00
-4.297064656283351880e+00,3.098685518563368824e+00
-5.489705503806662001e+00,1.118785059249819369e+01
-2.693463325828376664e+00,-8.706834692213091031e+00
-1.256031953152393632e-01,-8.929297886247772098e+00
-1.128819962897147366e+00,-1.186375808450244129e+01
3.424798305337321214e+00,-9.224351936555581943e+00
-5.191918592094846296e+00,-1.486865057979007076e+01
2.949489444412920047e+00,-1.549493008960948259e+01
1.260481873136063413e+01,-3.006151272441148770e+00
-2.271567408803156773e+00,1.175230219236444462e+01
-8.037730952008910634e+00,-9.330094019646866244e+00
-1.868843906364531549e+01,1.284101260324628513e-01
3.136299265227759925e+00,1.558681319681457822e+01
-4.442194571029279615e+00,4.973757758785113836e+00
7.360248010144990083e+00,-1.614691395433120569e+00
2.527423967608002808e+00,-1.376347046298922550e+01
-1.503541541587192221e+01,4.289750925169479423e+00
3.996695674250366537e+00,8.948411705172420127e+00
-1.547246929597012821e+00,7.751864444292070111e+00
1.628061624629702386e+00,-8.624194915677046325e+00
-5.387858939463699315e+00,-6.850324897315637429e+00
6.979396709179185088e+00,-1.024150808424120029e+01
-6.754672089388840561e+00,7.264507163927462763e+00
1.752943711265632487e+01,7.329313372576386598e+00
-1.551316444534269046e+01,7.363969661812799217e+00
7.758214474542377559e-01,-1.404072468598745616e+01
1.366949763310279664e+01,-1.588296532907961245e+00
1.664588714133454772e+01,-4.275939980675108387e+00
-9.888236008301699798e+00,1.619449379015170498e+00
8.160276603616477331e+00,1.669861557703992716e+01
9.622248236344272954e+00,-6.744703368808325550e+00
3.071070064699823909e+00,1.055942474766910344e+01
-9.327483096642730231e+00,6.895680106097163531e+00
4.921650556938701904e+00,-4.142046231522987121e+00
-3.049377739395306097e+00,-1.500386205809144968e+01
3.910406803311204271e+00,4.169176208104566350e-01
-7.041143565323622511e+00,1.246559184264770792e+01
-3.331495190185338906e+00,-3.424572191250029984e+00
2.946870830704760191e+00,5.569755632497528808e+00
-1.427171881835296574e+01,1.775489250252252627e-01
1.477684363396730705e+00,-2.216147707819343005e+00
1.788614517644297131e+00,1.195956846093669057e+01
8.814810478143055406e+00,1.125916042072067391e+01
2.144855886520441235e+00,8.916162067043201134e+00
4.342596763379269476e+00,4.346789095227568289e+00
4.353556591600036274e-01,-7.225808679916858601e+00
7.358122208575886170e+00,-3.728342214120874409e+00
-1.424966751675058874e-01,-1.444361674730707978e+00
1.065435374485362985e+01,-5.267842471001261018e+00
-5.410761413447681356e+00,1.477330318982184032e+01
3.517471697262957164e+00,1.234893720992096711e+01
-9.942634529475604666e+00,-2.330298019179155855e-01
-8.817178239151241215e+00,-7.453920024181030612e+00
1.490192158248463805e+01,-7.066930664291263042e+00
7.859426385516375957e-01,1.440598667655758192e+01
6.430848182924730594e+00,-5.227038214372916158e+00
-4.512061789518196697e+00,-8.384155487868355294e+00
6.126378578439337197e+00,1.471321114271108854e+01
7.635419220226126846e+00,-8.219422712064165637e+00
-1.231666456341149107e+01,-7.849997340449751171e+00
5.064066505716314781e-01,1.799688192459824521e+01
-7.179910874649749530e+00,1.434712018946603074e+01
-9.791748430653761659e+00,3.427474235282814696e+00
6.004562729435223289e+00,8.200993545676633190e+00
7.034347584107564444e+00,1.086731408970929103e+01
-3.737255103708854720e-01,6.448538668827106690e+00
-1.382042568576097175e+01,-1.022430989486463027e+01
-1.153283104294517969e+01,-9.960628892066786255e-01
5.826691389215969963e+00,5.308170203862167646e+00
1.349636962371899607e+01,6.593892355844865882e+00
-1.000763638800087030e+01,5.273786077471397604e+00
-7.695928412876395619e+00,2.417289851045408167e+00
-1.079904006908945036e+01,9.922137977853118684e+00
-1.009518041298383295e+00,1.383980956348715319e+00
-1.214171911704666229e+01,-1.153864593908379987e+01
7.894129898240035637e+00,1.488886836962569937e+01
3.178954355156139666e+00,7.369881836966711397e+00
8.946522808248420944e+00,4.114548384253880364e+00
-2.954852793033957425e+00,8.955331817904612635e+00
-8.328682567718807661e+00,6.788788786098550743e-01
-1.247677872505231100e+00,1.640297082857978950e+01
1.079876276550830383e+01,-3.298421190533944891e+00
4.255431049419461154e+00,-1.305335209126757512e+01
-2.489452419633538582e+00,3.452840817977802068e+00
-5.694221281656910882e+00,-9.907449835135629934e-01
4.742193021088675131e+00,-5.939552663298247381e+00
-1.040065789142025388e+01,-1.053231475874648027e+01
2.075395573377893044e+00,-1.035582157636385503e+01
-4.150310341736211051e+00,-1.016911318097641903e+01
5.489288860147286897e+00,1.213691869105185006e+00
1.888594704952433290e+01,1.973771763541980473e+00
2.751742543165370147e+00,-9.176822383750549150e-01
-1.618931138526320979e+01,5.646719604149543770e+00
1.537972381126645516e+01,-8.524864844464363767e-01
-1.721877288247421589e+01,3.825599182718826707e+00
7.712452392297042714e+00,5.394039027585010082e+00
1.217040198861239020e+01,-6.351494441491275289e+00
-6.894356995824276524e+00,-2.604094418922988208e+00
-2.191072799578896557e+00,1.804005470079018636e+01
1.374589446660043635e+01,1.276878823231005278e+01
9.392226888942193597e+00,6.038098192879025383e+00
1.000729956781629504e+01,2.655844746054480510e+00
-4.107968506104935358e+00,-1.758662557892617606e+00
-1.159185894218904345e+01,6.160745095378184821e+00
4.445850660652681974e+00,-7.688505778965107673e+00
-7.509676536954233761e+00,-9.232021160496312051e-01
-4.074586836204942664e+00,1.817209502137070842e+01
3.513044500810315718e+00,-1.145786595065704105e+01
1.651736533636319004e+00,-4.001200414537477101e+00
-6.590384054663328328e+00,-8.236837849976641479e+00
1.009145751532568980e+01,-1.142043857004624918e+01
8.549654416059139450e+00,1.308390246515395994e+01
2.476697497833501571e-01,8.722087294989099959e+00
-1.565782182452798388e+01,-3.694143794428375038e+00
-1.160453985303837854e+01,9.417970994362268033e-01
1.708309310541409687e+01,2.012189557233806880e+00
-1.053620022051344129e+01,8.165424425154004240e+00
-7.962067576135900993e+00,4.229819924929381081e+00
-1.388545115155772969e+01,-3.091734115316024933e+00
-2.895897118127769509e+00,-1.140109127002544120e+01
1.403805836592934675e+01,4.612915034708863771e-01
-4.714948465853312065e+00,9.350803754530541134e-01
1.028096674395377796e+01,8.766373478545503861e-01
7.466375102796616758e+00,2.947023083525468934e+00
-1.317383412923886077e+01,4.401537882599802387e+00
9.014729176572766178e+00,-3.130269302415694899e+00
4.851143646820617050e+00,6.822854174563515173e+00
4.286596506797081929e+00,2.533439223195880885e+00
-8.856358145714166241e+00,9.928696934120431195e+00
4.432100184751647021e+00,1.402947018332742779e+01
8.785899397072460815e+00,-3.248313931627623274e-01
1.308918814118427143e+01,-4.800841164978738362e+00
-4.678275688315039815e+00,8.576682843867551753e+00
-4.555249984683919173e+00,6.778827776548411066e+00
1.662063635100609105e+01,-6.089795091500237234e+00
-1.258611328883637448e+01,-1.329194238640693193e+01
1.495972390887611070e+01,4.049520837204926060e+00
2.440590891399751217e-01,-1.576305908679459300e+01
1.490748389443406552e+01,-5.270958717485648926e+00
2.701646294248137625e+00,3.446413511042234923e+00
-8.464273088708020865e+00,-3.523858027033074602e+00
-5.224736625449488692e+00,-3.204843762583506894e+00
2.693778999841631716e+00,-7.092994429098479436e+00
-1.063970922847816247e+01,-7.300492310700359866e+00
-5.189820681680527015e-01,1.136668840177820172e+01
1.125672051163002862e+01,-1.298285049721832785e+01
2.516893497621584430e+00,1.381944477518075054e+01
5.509692808962821431e+00,9.918724449779606545e+00
