-7.642681070386245779e+00,-1.737459988442997272e+01
7.496446904172517911e+00,-1.165669618888959391e+01
-1.142818382754973072e+01,5.551938625030001795e+00
1.197012420020709511e+00,1.855294807506944821e+01
-1.561446318962420676e+01,3.929243434940028035e+00
1.002352692214841845e+01,1.611003856409223900e+01
-5.793645100313697949e-01,-1.141250782070604153e+01
-4.966804396769037844e+00,8.163730262626749834e+00
1.831655370751402145e+01,-4.513559542653855949e+00
3.136096107556191281e+00,-9.584895336552172296e+00
-8.466012009485789136e+00,2.068976857478395548e+00
-1.325332637928331447e+00,-1.339545369153495358e+01
1.006482730491318023e+01,1.540532708701425335e+00
1.105148457103024384e+01,1.118490415705348084e+01
2.666903803162023578e+00,-1.129471983386637923e+01
6.546339469119223153e+00,3.459918807834449606e+00
1.115092166720340039e+01,-1.118743768551510520e+01
3.550932066698110123e+00,-1.599750223159379381e+01
-3.405912087296716795e+00,-6.400393010388221171e+00
5.313668689557382585e+00,1.058156505586092067e+01
-1.005957184235439957e-02,-5.452724594888739063e+00
-8.487731039052640369e+00,9.189758922213904668e+00
-5.545938868011649703e+00,1.376001626646097820e-01
1.550115311009106023e+01,5.827117330641844895e+00
-1.896825249313837958e+01,9.228099820037306555e-01
6.042389599228540353e-01,1.234628378046582542e+00
5.793505091580281707e+00,-1.640476408587991930e+00
6.733127362107274472e+00,-6.704271376693994589e-02
-1.842134421114635501e+01,-4.643015418175243880e+00
-8.063217504143946002e+00,3.831492754440276371e+00
9.572405213236057975e+00,1.232328079351377070e+01
5.874351436112347002e+00,1.491683349782376666e+01
2.342092677891029151e+00,1.153307081161883296e+01
2.913801317953233827e+00,4.714220615450680718e+00
1.162579444068916246e+01,4.628553747033735455e+00
5.979787528755737824e+00,1.283720271993344930e+01
-5.075131525167366320e+00,5.613590327702975280e+00
-2.779885252530998940e+00,1.762918915123785979e+01
-8.764800434760617875e+00,-1.434567528314402729e+01
-1.337704585511420596e+01,2.904813993883085477e+00
1.338048258066253560e+01,5.153684549583290142e+00
-4.854201042300881674e+00,-8.876253270994977740e+00
1.551959976554480036e+01,-9.501327795189549619e+00
1.534090660113083260e+01,2.373870082329478937e+00
9.289627374498428125e+00,1.412848854511611130e+01
8.430459056411640617e+00,8.289496860945696710e+00
-6.692823826734049852e+00,7.665472504205894211e+00
3.991021680320773757e-01,-1.605389128690017486e+01
1.611372042837665663e+00,-1.477855907023900350e+01
-9.933554974896789957e+00,-1.611797376208970789e+01
1.983223450023982037e+00,-5.412954522831399551e+00
6.966759088647728859e+00,7.318555240199284384e+00
-6.681011313851426436e+00,9.467719994134233374e+00
2.112206937172730892e-01,1.085083995634755993e+01
6.758703964378947937e+00,1.667629340478293187e+01
-1.442061051190240661e+01,-3.217313813753563068e+00
2.590599220953512472e+00,5.973667231663440935e-01
1.284044320327049293e+00,-8.785824172019024658e+00
1.621406207220799311e+00,-2.297840399906008635e+00
1.771070555612368835e+01,6.879629626345460380e+00
-2.562790022464791040e+00,-2.544799640122713313e+00
9.899003030039844830e+00,7.301900217275245630e+00
1.276787788259833079e+01,-9.275955483623484099e+00
-5.015165744875172749e+00,-5.555712248174931034e+00
1.410755625582421624e+00,8.017353416566047386e+00
-2.236442096688747938e+00,-4.423532656088005055e+00
1.097988131795899935e+00,4.644642268649964656e+00
-9.485010369793693386e+00,-7.646714121628819250e+00
-7.408836621481870388e+00,-1.561512385513826295e+01
6.571410723070890469e+00,-1.613202583155358028e+01
4.953801253954556394e+00,1.646304089273106896e+01
-1.414545745828870515e+01,2.461928010968846003e-01
1.664363916687353040e+01,-3.935780725698783566e+00
-4.428336586366419803e-01,-9.340350701422506674e+00
-5.107998046607217013e+00,1.040705092292426137e+01
-1.670211824884628982e+01,-5.258405163147849670e+00
1.021601860554891106e+00,-1.063780725072946609e+01
1.131193749187330333e+01,2.905501327582257209e-01
-7.113008786636467740e-01,4.917769282637253880e+00
-9.536513130271277561e+00,-3.098241759611696455e+00
7.651066833196305872e+00,-9.384470272040077887e+00
7.748942516216350107e+00,1.199402914455265012e+01
1.828727131815758966e+01,6.976069371542888975e-01
-1.399649417396915396e+00,-1.570271001711681436e+01
-1.896316905488397708e+01,-8.904770693810898363e-01
8.477809172632278845e+00,5.371108154922237254e-01
-3.462070081067766036e+00,1.466560521550482576e+01
1.212809094642902652e+00,-5.691657580327534882e-01
1.349329624865969457e+01,1.945650552595738381e+00
-2.375592268051976319e+00,1.309488583305802401e+01
-1.055623592336668715e+01,-1.397411254974216099e+01
-3.950411483563734283e+00,9.882739180607078566e-01
9.349868414085998225e+00,1.054716038724442839e+01
-1.292667205532886321e+01,-2.133591644064179782e+00
-8.069359696858489528e+00,-1.077246973017596154e+01
1.450424907921101969e+01,1.219657494297245393e+01
5.530582484246561847e+00,1.321447786187415208e+00
-2.322835484727566513e+00,-7.612326628517217531e-01
1.103628107651663548e+01,1.456335163959952439e+01
1.158719070261018302e+01,-1.583533194664352495e+00
3.070368442710081691e+00,1.867056758463737154e+01
-5.294617952401876160e+00,-1.734306032867188918e+01
-8.231728656329671878e+00,-8.895371073163918396e+00
-9.335716592792506319e+00,3.917209908151703668e-01
-3.407518458782388571e+00,4.965851941202221731e+00
5.321265826185488379e+00,-6.743285472600081931e+00
2.728813317261996829e+00,-7.783342341337164072e+00
1.508689382738721996e+01,-2.884948417745727411e+00
-1.225015692438816117e+01,9.607330458331047041e+00
-2.762656493578816264e+00,-1.204869150696059954e+01
-9.513483545458326418e+00,-1.180681290163562558e+01
-1.424052084012456909e+01,-6.585366813590239232e+00
1.392873630563909870e+01,-7.404028175109561793e+00
-3.046374422050204700e+00,-1.482718377683123023e+01
8.148321757683374855e+00,-1.347387753690944123e+01
-1.178620030513583217e+01,3.751141522032118036e+00
-1.839945978735274545e+00,7.926941808318332505e+00
-1.188575776579183696e+01,1.392199415763132109e+01
-3.614150458703536462e+00,9.351540016211947304e+00
1.700700109575500552e+00,9.789181498738891207e+00
9.993972277253853065e+00,5.429665090209167211e+00
5.108532572700837271e+00,-1.498624462846562011e+01
1.321663277934642977e+01,-2.273487318028437620e+00
-1.214943126243033245e+00,6.241696845301994978e-01
-7.001736475640989887e+00,-1.385430469564862577e+01
-6.082063331381829308e+00,-1.543718205015306655e+00
-1.960583964735579166e+00,1.571074008906791875e+01
-1.177487182924286557e+00,-1.870941808536577255e+01
-1.536427777862835420e+01,-1.225751267435262859e+00
3.018928269946527188e+00,6.606587951795166447e+00
-1.076729842459083031e+01,-4.385448286106507609e+00
-1.348433445673025410e+01,-8.281204256175074718e+00
4.711557915864014845e+00,3.512672130821392624e+00
-1.478042157117255684e+01,8.144066583848585950e+00
1.467385991256297473e+01,7.959144784825430641e+00
4.221287158725060551e-01,3.016114907751906049e+00
1.319143451573568449e+01,6.951846553401401785e+00
-1.077673550031381566e+01,2.202743294728781276e+00
1.045284106521616252e+01,9.116472394777101584e+00
-1.656711874008703589e+01,2.444720170240539225e+00
1.803949610695963912e+01,-1.179996967619483028e+00
3.420658138830642070e+00,-1.421589547191515557e+01
-8.905634326852582827e-01,1.723651179948245016e+01
1.685930445036639824e+01,3.322638878736105195e+00
-1.430832463257440068e+01,6.312507162005472239e+00
4.867311511923866796e+00,-8.905131607392398507e+00
3.798890133744710074e+00,2.000122696169902348e+00
-5.203305011268618330e+00,-1.394473659588465964e+01
7.037467984563799739e+00,-6.159046645843666568e+00
-7.263230868277604779e-01,-3.320099592995885640e+00
1.310701754202564118e+01,1.036581411750301385e+01
-4.762721974930646418e+00,1.212508884178606827e+01
1.652332791165862247e+01,8.285762434670679966e+00
-9.700903840192438565e+00,-5.858018010256311747e+00
9.460117079191299183e+00,-4.403449968792101821e+00
-1.415285512105398880e+01,-9.982065019847315313e+00
-6.738999131609158866e+00,5.035993094195291953e+00
1.220129350441812477e+01,-6.998241738969007919e+00
3.100816213543210687e+00,-1.161941578726053192e+00
6.373315471688665301e-01,1.423868815387773346e+01
-6.843267528091200980e+00,1.376399784677841742e+00
3.275685546059777131e+00,-1.868435271225031258e+01
5.086343405098785908e+00,1.830213996916468489e+01
-4.086173489081197374e+00,-1.042893722013810809e+00
-2.063294759117407118e+00,-1.041320909308381815e+01
-7.482737062022490448e+00,-4.408497660072870694e+00
4.334034507657948398e-01,1.601874972050516988e+01
4.543041687018576802e+00,-1.746340626089584802e+01
9.861224120095435808e+00,-7.363335876701474492e-01
8.414948092453593986e+00,6.294061696032157371e+00
-1.878112723739312528e+01,2.838158720641570820e+00
6.151781462152880131e+00,8.969990500490972352e+00
1.825924174972688263e+01,5.112404561416539650e+00
7.989708578647091386e+00,-1.722188337598673158e+01
8.290496136730938659e+00,1.560529260076103775e+01
4.694852144026487650e+00,-1.286747149367928422e+01
-5.862421238022323067e+00,-1.229096476435609908e+01
1.095155830643966688e+01,-3.481651692763854111e+00
7.654609197428776213e+00,1.002266461818824261e+01
3.602832943179494762e+00,-6.216862498453765262e+00
1.064625976389000606e+01,-7.860417209855558696e+00
-1.587891775610466105e+01,7.398263092477068703e-01
5.788351962505769777e+00,-3.436786782834943210e+00
7.379073334456414557e+00,-4.338113617038202641e+00
-9.377263270755067381e+00,7.573664504604668224e+00
-3.357585555424698942e+00,-1.684194138177153732e+01
-1.706545721809965954e+01,-3.386198101861917387e+00
3.212192060371084956e+00,1.679781519883869834e+01
4.440674545110858240e+00,-1.102279705714793678e+01
-8.478411153611673967e+00,1.502580512835303495e+01
4.477608019370448389e+00,1.385615911895080821e+01
4.355144171054409874e+00,-4.516573863186175153e+00
2.162340379549093861e+00,2.720856248086242157e+00
6.323616928849477681e+00,-1.364448587311317951e+01
-8.265670477955669782e+00,-1.678878987390326261e+00
1.103671676065382989e+01,-5.328278705283833183e+00
-1.375837547468001354e+01,1.304426308919770783e+01
1.228633506722206725e+01,8.611761152697777533e+00
8.874746174832042200e+00,-8.016736750085360796e+00
-1.245836607321847467e+01,1.377601003071762920e+00
-1.642723416346981713e+00,-6.124453217366248481e+00
-3.235649806956238717e+00,1.110539054453259489e+01
1.173728452872961192e+01,2.201491915155925128e+00
-7.956516733349810799e+00,6.419840708516447947e+00
-1.839640669573757492e+00,9.734344953289644664e+00
-1.117544006952370939e-01,9.119157206625665424e+00
-2.041641858534505971e+00,3.725688386961350851e+00
-9.572853060781074674e+00,5.664886486023930523e+00
-1.709355308104848703e+01,-8.106408432794326657e+00
2.805361382272645976e+00,-3.667789775316310230e+00
-1.528939012705293088e+01,-8.596625967245859812e+00
3.150753362593157192e+00,8.387661349070956618e+00
5.264695012801029472e-01,-1.782910450789737311e+01
-6.536273605375897411e-01,-1.517875722569877572e+00
-6.731486694303805862e+00,-6.047385769695490687e+00
9.345901764441184589e-01,-3.962809436375255068e+00
-2.390824674190675125e+00,1.989420108291162448e+00
-1.369254838842749145e+01,1.075888153647708911e+01
-1.108141167682290451e+01,-8.578034124094553903e+00
-7.652717249718290482e+00,1.099304605616634944e+01
-1.181254442523847992e+01,-1.257486286754636495e+01
2.697104871523578584e+00,1.328270544714479939e+01
4.612017424511344332e-01,-7.186512258329248226e+00
1.269993423943682487e+01,1.211766661194012151e+01
8.955926249674449835e+00,-1.568492821500501400e+01
-1.226877868183965248e+01,-9.966683230008262839e+00
4.855982777628991442e+00,7.769067726018358933e+00
-1.543299475116781228e+00,-7.896812032543685689e+00
2.006762273999799007e+00,-1.688069310620858232e+01
4.233374498164576671e+00,-2.503208258494093119e+00
-4.700557432415990000e+00,-1.563830985587071254e+01
-4.816617353673578350e+00,1.833292684219020074e+01
-1.650756303330902242e+01,7.360903450922574365e+00
1.550060612702139373e+01,-5.415985493985223442e+00
7.351294089762125950e+00,-2.485446254227506202e+00
4.630335247802308984e+00,5.380972284747945089e+00
6.311361705156876667e+00,-1.791173299256362483e+01
8.905869047648407033e+00,-6.195510274357964420e+00
1.496429505494215917e+01,4.111536675181743483e+00
1.372314099250473873e+01,-5.466240741060458319e+00
4.617235541582277669e+00,-2.721340403039890776e-01
-4.390113175918340715e+00,-2.773234949230048763e+00
-3.701556835318849714e+00,6.932475139132568742e+00
-1.327053416955823550e+01,-1.358619659413353453e+01
2.071145144334680221e+00,-1.297714489962554651e+01
-5.784337846155596097e+00,-3.899659701482017571e+00
-3.756039893179279332e+00,3.114641107783742591e+00
7.247075418647211720e+00,1.798701100186282931e+00
4.203625569432763776e+00,1.205610995641061933e+01
1.116806305051061621e+01,-1.360556034874355014e+01
-1.114757118062641972e+01,8.208194894538413777e+00
7.048209533020430406e+00,5.151858615791963025e+00
-2.041759184372475389e+00,6.120910463955504532e+00
-5.389998106043358383e+00,2.397796879741785681e+00
-6.433613080968933140e+00,1.270942340845946639e+01
-3.089333408995863728e+00,-8.958390944120575128e+00
