5.983263602802130876e+00,-2.611341446051609338e+00
1.343978519684498441e+00,2.576293027952218651e-02
-1.408873583833308274e+01,-1.469030727311145368e+00
9.362313577883679017e+00,6.964102140406383867e+00
-4.582076004946362247e+00,-1.331058320561409403e+01
-1.004827727183696240e+01,-7.672685135523472866e+00
-1.249045646565500967e+01,-6.079196009631057329e+00
1.296969654736755295e+01,-1.108448626219480815e+01
-7.500547314463360316e+00,4.813013681280334133e+00
-7.736289782000541848e+00,1.488411114187684703e+01
1.810373059423955322e+00,1.302403913079298725e+01
-6.717352963285638801e+00,-2.690657867101847178e-01
7.690034575504902215e+00,2.106950191026058405e+00
9.868406002621293638e+00,-1.090199000435426768e+01
-8.709682123027995715e+00,1.017609592120519579e+01
-7.691903475175485561e+00,-3.328240751568983580e+00
4.138270682374470155e+00,7.908835356278334672e+00
4.347185392824744810e+00,4.726814835162738149e+00
6.757974414175865974e+00,1.440933453446518620e+01
-2.319604897702804536e+00,-8.380319348926558831e+00
-5.736152288304953439e-02,-3.516153004159694451e+00
-3.893746389975866418e+00,9.671037237538751441e+00
1.351739904876077869e+00,-4.591945170364080120e+00
-4.993823881712042834e+00,-5.417067422827885892e+00
9.644991569905451811e+00,4.847555437977468351e+00
8.605614109736041684e+00,-7.487064594912499871e+00
-3.215444797490905060e+00,-5.231151680334042986e+00
2.679254133518320202e+00,1.314749717277120755e+00
-1.096928627697692527e+01,1.322103059380219925e+01
6.678776710537537298e-01,-9.131932915780524240e+00
-9.178167828727277211e+00,1.382528049050863039e+01
1.360738713306217740e+01,8.452305123110148699e+00
-1.422014236932321474e+01,2.981680375862723498e+00
3.305478673493460029e+00,-9.220633322858633463e+00
2.480764060252753200e+00,4.665434567680249778e+00
-8.376041658006988300e+00,-1.544226123565511521e+01
-8.928001376803941014e+00,8.020337317057594007e+00
-2.111986363818243451e+00,9.546456224208599295e+00
-1.177427123735906811e+01,-1.161297125586676593e+01
-1.533747545983246674e+01,-7.909214309248338459e+00
-7.175515979302141467e+00,-7.083879969859509629e+00
1.220122592320000798e+01,7.327568579300996809e+00
-1.167583465960222355e+01,-4.149872621440250597e+00
3.279917480059655333e-01,-1.402073957211363187e+01
1.094220096059474656e+01,6.087517208545571101e+00
4.755454557663956194e+00,-1.501424773483038955e+01
-4.241066993199745561e+00,-1.748674706982837668e+00
1.207940898702716304e+01,1.023995579512315857e+01
-3.601668778775936275e+00,1.151491274417160149e+01
1.151390249270623833e+01,-1.233628682761463580e+01
-5.252735280327692990e+00,1.225952414637490406e+01
1.480395199319043087e+01,9.469841552799462825e-01
1.584951381168447071e+01,6.389876893730993324e+00
-4.906665072497670366e+00,2.386090247745216164e-01
6.206595917369130966e+00,1.062942356196841853e+00
9.691421603542394791e+00,-1.853838738740926972e+00
-9.023141092154991938e+00,3.438788459414419574e+00
4.188518134903911339e+00,-2.584502533803642255e+00
4.791654504426240635e+00,-1.314295589041233825e+01
1.476024174026900226e+00,9.416140560690458017e+00
-6.108044374443563074e-01,-1.820378172575507714e+00
-1.400649939410992850e+01,1.019811308559319230e+01
-1.589247275259755909e+01,-1.773064641833806077e+00
1.501578466340392026e+01,-8.325620163610825131e+00
-7.796019893415921942e+00,-8.860410992366084315e+00
-1.424119952616849183e+01,6.682629906266415176e+00
1.694655814687594386e+01,8.485928565154623016e+00
-1.826965675907616937e+00,1.863930857456907830e+01
-1.274432182526065160e+00,1.527917758783345015e+00
1.002362063628633670e+01,1.488193611564365249e+01
1.424258831050882135e+00,6.220173044667093087e+00
-1.379886103483925019e+01,8.197101000416526784e-01
-6.664953569147588297e+00,1.333634010469930686e+01
-1.417380870464672871e+00,-2.333925557637977211e-01
7.791905723058843769e+00,-9.505674918770228743e+00
-9.890286799328038114e+00,-4.331307472157565286e+00
-1.690598872923362350e+01,3.490282217486437411e+00
4.553257301983023808e+00,-1.094197481228688851e+01
8.995625116382671038e+00,-3.501970396013378561e+00
-6.178525926924126610e-01,3.244204546439322545e+00
1.961038606566921708e-02,1.126032186622940579e+01
-7.197458436388625813e+00,-1.236626396443650933e+01
-6.299803795359273373e+00,-1.393470623398351904e+01
-1.232689689433825642e+01,-9.827677394370722297e+00
2.831055049737919993e-01,1.582884045444897581e+01
-1.209165795117497133e+01,9.473441474327810141e+00
-9.424096099995137976e+00,-2.601648713070324526e+00
-5.915987887462396344e+00,1.054966371209133413e+01
-1.022073071754311080e+01,9.269513435155607439e+00
7.806787396856115890e+00,-2.104410706842029022e+00
1.257140040115304025e+01,5.285227348932383329e+00
1.052501893415288592e+01,1.880942902023381436e+00
1.051344332061404074e+01,1.162505246134866432e+01
1.611133726355193829e+01,4.379819215201784743e+00
7.629514966355463557e+00,3.926490479195198446e+00
3.260515046068977352e+00,9.509494047709987186e+00
-9.170524434901599520e+00,-1.265623695901371137e-01
-5.975424133497955204e+00,-8.603422686120630658e+00
-2.487462930399803263e+00,6.321907357850731657e+00
1.144446702688304995e+01,-1.783555440449032803e+00
5.048185048001101904e+00,-8.448581382369168224e+00
-9.825383810617255520e+00,6.476908954115577544e+00
-1.224785751853209881e+01,1.747196356915132309e+00
1.004797373546662520e+01,-5.055929579195915125e+00
9.271994769669655412e+00,3.111123370152131695e+00
1.269644871794254648e+01,-9.332943037416047360e+00
-1.778918950344938299e+00,1.134124885482820311e+01
-1.223712067016876759e+01,3.544447024295938942e+00
-2.374211393064879605e+00,-1.880607602445064419e+00
7.094509125216203138e+00,-3.984100392286536785e+00
-1.914280113779386339e+00,-6.571158184149672010e+00
-8.007123304769963923e+00,-1.528116613762519505e+00
1.662325821168360207e+01,-4.672318477510132517e+00
-1.354349108753608277e+01,-7.936861161068481607e+00
6.552595745616365264e-01,4.503808338018044033e+00
4.298171619254165243e+00,-1.700995398041199991e+01
6.100310768114058035e+00,4.847430966244115069e+00
1.131347129804294838e+01,2.042084612936510835e-01
3.424155986370591709e+00,-4.597321882953536054e+00
1.269149093619893753e-01,-1.581543394595035679e+01
6.356562813254803324e+00,-8.935362495587431120e-01
-1.549363102196460673e+01,1.583290558392389802e-01
2.412913452159312744e+00,-3.046867792780647566e+00
-1.078268167392931787e+01,1.128018648078905173e+01
7.083799010096418769e+00,9.754134094290407120e+00
-1.597894273859386871e+01,7.149735209119230106e+00
-2.942486304056552981e-01,9.534557332673614383e+00
-6.292600264223089823e+00,1.591749828632471875e+01
-3.060834029861262184e+00,1.580483476681705080e+00
-1.367246034686972322e+01,4.916200055314030593e+00
-1.188030918687580373e+00,1.692694464098052265e+01
1.101950145420246230e+01,-3.557112781275299174e+00
-1.791533899361828475e+01,-5.123470216461321058e+00
8.058899522120066550e+00,5.634334714997134341e+00
4.587084770500904796e+00,-5.182505076618463269e-01
2.368113077068526806e+00,-6.130789029390117939e+00
-6.048443007805719418e+00,-1.963109129920371565e+00
1.550455250264738716e+01,-9.143986963878363294e-01
-7.193234734565175259e+00,2.958250816451819087e+00
-1.549542082862926407e+01,4.598673396620307052e+00
1.220793193994911796e+01,-7.509305507744080899e+00
1.332780927289591943e+01,1.353595343832649611e+01
-1.847198440473217218e+01,4.375514034155008503e+00
1.092279203999743409e+01,-9.329800000143031014e+00
-8.527039151224677482e+00,-1.114213998307877596e+01
1.602386082295099001e+01,-6.384258510766415817e+00
1.285501878264259190e+01,2.463163618913603248e+00
1.164942433437281544e+00,-1.720294193539390948e+00
9.568894619753850250e+00,-5.436576188968099410e-02
8.318854547474817451e+00,1.346982728417256148e+01
-5.499985511549017936e+00,3.590539623342365427e+00
-9.137043330987150824e+00,1.193639475389450766e+01
1.151173960875146385e+01,3.725361285172483772e+00
-4.203062023097871025e-01,-7.670176289556781768e+00
6.681732397431111581e-02,1.405041871812596099e+01
-7.631478791946515905e+00,1.257724102199214711e+00
5.188408851839995783e+00,1.579958435112756021e+01
-1.640675195903862971e+01,8.993572814747638589e+00
-3.202801442097601647e+00,-2.992329065808179145e-01
1.390847956489056259e+01,6.575123528033479658e+00
-1.419454114229657904e+01,-9.603294331880050549e+00
-8.210091589164294490e+00,-5.052645014801622203e+00
2.276316209014596748e+00,7.827055175636196793e+00
2.796072901249639475e+00,-1.810493402837477817e+01
-3.456337695856685155e+00,4.838055917380711612e+00
7.828792581870816392e+00,2.216627345319281128e-01
-7.226181230104070430e+00,9.222876162482961604e+00
-2.396047149350417182e+00,1.303318900996860741e+01
6.836952918726574069e+00,6.892793737660697140e+00
-1.703564001923772508e+01,5.567048666207734975e+00
1.907310337612671436e+00,2.947570624755656343e+00
-3.773501881701230576e-01,6.315611905987833730e+00
5.535111623473762066e+00,-6.616197049458717672e+00
-5.970052555535211525e+00,-3.795695221318789780e+00
-1.077609455139436712e+01,-1.294871436064665149e+00
-1.009243211693133091e+01,-1.008078837560505825e+01
-1.124854453307991697e+01,1.529844729807102865e+01
1.188145004502974800e+01,1.481648709842575506e+01
1.306752212505324806e+01,-1.377937055382956544e+01
2.866408420483775199e+00,-8.615948789473716340e-01
-4.103664232152270053e+00,1.362792287919594969e+01
-1.787232869939275215e+00,-1.421300702120463022e+01
-1.752021309015124206e+00,-1.695824272656379961e+01
1.771103809698183085e+01,6.791828162314592632e+00
5.833167034396634421e+00,2.874888628555422265e+00
2.535061448721023236e+00,-1.264683868549230361e+01
-3.161193676242381123e+00,7.975593683022799141e+00
-1.071569744564408744e+01,-5.937383077593963776e+00
1.114232263222359798e+00,-1.889080888675133352e+01
-4.173790276637367569e+00,-8.782011110859087921e+00
-5.773452927014769642e+00,1.768542692133494798e+00
1.648584953888516225e+01,-9.417838524785848264e+00
-6.241605029522900416e+00,-1.034710660261040616e+01
-5.265882237002785793e+00,5.379243164703606972e+00
6.756125544375453984e+00,-7.979614488000978056e+00
-1.383283107234219544e+00,4.825679557807182718e+00
2.094874770535808839e+00,-7.894477889834478290e+00
5.213158927408437116e+00,1.012740309880448386e+01
-2.835227826555055675e+00,-1.092790323778013928e+01
-5.511383306672680504e+00,8.801380353017888680e+00
-1.658563614272912545e+01,-6.520092402636926465e+00
1.436465984150729724e+01,4.816526959321105750e+00
6.347432775826942652e+00,-1.156601456669610428e+01
3.358133069131543080e-01,-6.051146072680150922e+00
1.418054733061652328e+01,1.023787638436710168e+01
5.748290704703518106e-01,1.743001280369177675e+00
-4.181037052474928295e+00,-3.612615717345003752e+00
-9.430133197488295593e+00,1.636663123076021131e+00
5.084604915047560958e+00,6.373482106017733351e+00
-1.029829397174105665e+01,4.754980926392561535e+00
-7.258160333535802700e+00,-1.680879378071335850e+01
-1.517632367612475974e+01,-3.430121725551780187e+00
1.459705994577785937e+01,2.969181857579097805e+00
-1.347395732291399417e+00,-9.878530624030807061e+00
-1.085083821626992773e+01,5.063489648062113879e-01
5.900295999259256519e+00,8.381866190259549043e+00
1.103819486312047182e+01,8.715751163398488544e+00
8.298335894065935747e+00,-5.309672466227825183e+00
-1.027088187453246881e+01,-1.251995778078134158e+01
-2.796350786540608535e+00,-1.277594442533917629e+01
-1.095044046464651588e+00,-4.941837796447578590e+00
-3.723313091923929008e+00,-7.037075531602060785e+00
4.456688354092732673e+00,1.261484240364667331e+00
1.163170094816671529e+01,1.303687151938033928e+01
-1.720667524549047300e+01,7.425620744769398929e-01
1.783813259234541349e+01,6.265921007465798942e-01
1.793871935629652725e+01,-6.019326056135043679e+00
8.110283059253003302e+00,-1.142559987521667253e+01
2.173874296242406690e+00,-1.561962409420824827e+01
3.285775847802910210e+00,6.257321474309109455e+00
7.104904135761199946e+00,1.207167214016587486e+01
1.307852676769183198e+01,-3.376604931441247626e+00
-1.461397185619708949e+01,8.536480881533888621e+00
-1.198711839565946491e+01,6.027609641005485130e+00
-1.269307594257073823e+01,7.715049004451290493e+00
1.307816183799056020e+01,1.176572416396427911e+01
3.806790533102172969e+00,-7.166135081841298771e+00
-4.593215459327402606e+00,1.538202264301813926e+01
8.219236017012434559e+00,8.360305327482370430e+00
-1.466035550811568378e+01,1.201462787188813586e+01
2.524082645829315741e+00,-1.083321190679122203e+01
5.146762817957919900e+00,-4.187933153349928439e+00
-4.404775535597885927e+00,-1.675867013523147975e+01
-1.348155889069408087e+00,7.890858474067047545e+00
-4.728337528144483493e+00,7.123468233349623979e+00
-2.426270704946825951e+00,3.303760336366758033e+00
3.714398623082192152e+00,1.124790965329543013e+01
7.588123330442118064e-01,-1.139197848017711756e+01
-7.385595222905506851e+00,1.158626746249528239e+01
4.328503123137245057e-01,7.892095214885909371e+00
1.048596498141915312e+01,-6.760627052852968610e+00
-3.200486943591894562e+00,-1.544475956537193362e+01
-2.418093510152115044e+00,-3.650273118917958914e+00
1.852173045073526314e+00,1.118607889798630595e+01
-1.756002093798273478e+01,-1.038844441874859026e+00
3.846027583741450595e+00,2.943703992005778147e+00
