-1.178186975567689698e+00,-2.347806714803351458e+00
1.300192630199595989e+01,5.015479304976270924e+00
1.215777651700008555e+01,3.418849192653517388e+00
-3.825521199346973322e+00,1.382105014366677409e+01
-3.744422009815322472e+00,1.203542818763263966e+01
-3.604752866629638230e+00,-5.668228573736093345e+00
8.429513930095465568e+00,-8.248250597811038531e+00
5.752724139096074829e+00,6.153170991467734829e+00
-5.249276882535408362e+00,-1.582441448135053541e+01
-1.392196682660494922e+01,7.839111816555378587e-01
5.045241336866820525e+00,-3.849077331670183177e+00
-5.027274138597928932e+00,4.528068483939338584e+00
-6.872163812584727971e+00,-1.505461078696492905e+01
1.399309338196280272e+01,-6.361109646708362320e+00
-9.986155868185395690e+00,-2.289178746221270710e+00
-9.597953330107744208e+00,-5.500038914479298269e-01
-3.000028302498397359e+00,7.669833816079257183e+00
1.390164585079622839e+01,-4.469141483469253551e+00
6.743987100151698222e+00,-1.613732010997470212e+01
3.905180266523096133e+00,-5.810016669488889951e-01
-1.086258523215455440e+01,-6.287279182464932781e+00
-1.132813111410259488e+01,-3.455817998962297022e+00
-5.732434827830005908e+00,-7.841502381677338818e+00
-3.660538309329744333e+00,1.667466670305305598e+01
-7.330547665616301556e-01,5.406909006150549146e+00
-1.235707720830688805e+00,5.218978141928819481e-01
-8.188900931458820143e-02,-4.874149461369891689e+00
1.044668893759642359e+01,2.644983980803903290e+00
1.021834368562672246e+01,-1.169416818298102179e+01
3.932615371013719940e+00,-8.944627973099111173e+00
3.712689858803478238e+00,-1.261309661936115489e+01
1.538155844243196846e+01,-7.461963008035446876e+00
-1.239288604999562615e+00,1.680283112006355140e+01
1.384169175303006938e+01,-7.631630295872451342e-01
8.264452701855542927e+00,1.092538148716820068e+01
8.641019064817969664e+00,1.275955652252112671e+01
-3.460658452215004566e+00,3.714597695580641012e+00
7.523066032543726855e+00,-1.447640916031862268e+01
-6.315044294485211651e+00,-9.006213176094849393e-01
1.002491604686782978e+01,-1.348714318674696067e+01
-7.621044505188149465e+00,-1.259105210576631251e+01
-2.176499870643113344e+00,-1.382929160254358081e+01
8.905577320707011024e-01,-1.693656546618487013e+01
4.859858532694431688e+00,1.835565540959610331e+01
1.094243859644204120e+00,-1.154971896911609619e+01
8.172896386502236155e+00,1.714795732713363208e+01
5.903960386531768023e+00,-5.468035876536263551e+00
-7.118518258867937654e+00,-6.671190974014027830e+00
1.052912045059236945e+01,6.238235924220564499e+00
-2.478200939767609690e+00,-7.561335403984935644e-01
-4.956373009282491360e+00,-1.133598994497079460e+01
2.533510025626187101e+00,1.171442455174109831e+01
1.047930206495825090e+01,-5.307887419100874915e+00
5.687203689815319763e+00,1.532344909807269673e+01
5.696068982860784224e+00,-3.209605187233787599e-02
-1.007581683325049582e+01,-1.130361426037411299e+01
-1.052418739675715287e+01,8.830366907506210339e+00
-1.297388405962549740e+01,-7.296339290928895771e+00
-1.121378778915915397e+01,6.038167665274484897e+00
-1.460933444731788322e+00,3.750422811501657350e+00
7.036946599204960684e+00,1.396879490976500904e+01
7.644668433013127817e+00,-5.772294016578011444e+00
-1.727849377529306674e+00,-8.313718761417305814e+00
1.406723342080582917e+01,1.255847846166762150e+00
1.229626714847973368e+01,-5.566924363535380671e+00
-2.211789709816371019e+00,-1.043136405851612203e+01
-1.615666441718343549e+01,-8.805707380278439800e+00
2.793041546856206647e+00,-1.611950486695357654e+01
9.743332364724473393e+00,-1.107490425012328750e+00
3.899551447170139351e+00,1.045202260989291432e+01
1.619553174996272915e+01,6.109774140579577129e+00
9.997464125423542569e+00,8.561927657581843709e-01
1.498101596068682984e+00,8.746529660215236035e+00
-4.857735385244479787e+00,2.328078930171812111e+00
-3.578144719348257841e+00,-1.518296961447171789e+01
-6.746271706948189895e+00,1.529449299379635363e+00
-1.665751605745066399e+01,7.415049229692794341e+00
4.400927250223723775e+00,1.192670219663793274e+00
1.120841902540263924e+01,-6.947828056687570530e+00
-9.970224182205122077e+00,-4.740525391066647387e+00
-1.218580280920707054e-01,-1.405021414048040640e+01
-8.548231089588847809e+00,-1.011854928609023041e+01
-1.118462728595693711e+01,1.453668234176094032e+00
4.443000098713183882e-02,1.547540252383101844e+01
-3.215095263418329186e+00,-1.855992752427599513e+01
3.591804107227379195e+00,-4.892751718028647723e+00
1.227932866180495353e+01,-3.775669534114387993e+00
-8.625789068854302855e+00,-3.504873173909634598e+00
-9.550670058466145917e+00,4.786686964761821095e+00
-1.138950253822411796e+01,-5.249661386494310911e-01
2.578828993470240416e+00,4.257518242500973216e+00
1.283947555397439544e+01,9.015893282996328750e+00
-5.930662688738728150e+00,7.343753544509996622e+00
1.135993566304949631e+01,1.506500582750183526e+01
-9.393359186918967652e+00,1.245608370972340229e+00
-8.307707273176353269e+00,6.144701739545502583e+00
-1.131197023665428070e+01,4.206304620123705540e+00
5.461008014924298770e+00,4.302435653916041325e+00
1.515105910942666556e+00,-6.581904604713805895e+00
1.026520192531759434e+01,-8.547340253259502418e+00
-7.430478958575855053e+00,1.061082143673506017e+01
1.200564369247380903e+01,7.202034019886696115e+00
-2.972427721589562033e+00,5.514734268661498184e+00
6.832034146529132101e+00,8.134945476820515609e+00
-1.329746968585868938e+00,7.121938493187339958e+00
5.728611680568451270e+00,-1.798300990313067560e+00
8.896546674985641445e+00,-4.459410212880738911e+00
-1.930038753585056055e+00,1.236270484129351743e+01
-1.962334437931020581e+00,9.129155326943438453e+00
1.393924072004947590e+01,3.031540239824030092e+00
-5.358161961414558583e+00,-6.096627725037992995e+00
-2.179773454911848596e+00,2.031147155736133136e+00
-6.497583459090845892e+00,9.094972209733464652e+00
-3.409486301025113963e+00,7.606818554989196457e-01
-6.440166053681651626e+00,1.434065077444309999e+01
-1.216997317717339122e+01,7.899811122661134277e+00
-7.429938696462813574e+00,-4.872123786741310525e+00
1.104203645906169307e+01,8.706704574607266878e+00
6.883452280796782397e+00,1.215884690059961670e+01
6.843121249934720041e+00,-7.390320720799500975e+00
8.228325253398022454e+00,-1.273765203326369289e+01
1.280016154671043616e+01,-7.798786623356122938e+00
1.704944465337665749e+00,1.409236537594261662e+01
-9.758436402545381583e+00,7.141367016008318913e+00
-1.748012897221609308e+01,-7.173212854060827759e+00
1.556786617952055529e+01,-3.864389583055124699e+00
1.692649228301625186e+01,1.038416481377395950e+00
-3.465705996860436233e+00,-9.140496527062714094e+00
1.434931506425439096e+00,1.885244116436010131e+01
-9.914066198253486561e+00,2.956778474405686197e+00
5.615882011803724261e+00,2.502468093829195439e+00
8.301361823548001340e+00,9.166067969643487245e+00
1.374489820089430836e+01,6.711009370334095614e+00
-2.795525073182739129e-01,-6.675025297190688711e+00
-2.950995876442080501e+00,-2.461432326488465439e+00
-1.493063577210905279e+01,-7.394413720434076076e+00
7.190433721787619525e+00,5.056762761883585533e+00
5.623960779135152244e+00,-1.773879982970359137e+01
-7.867016813849426526e+00,1.345762509076187108e-01
1.916696129567807549e+00,-1.000268327136503999e+01
2.590345453971499623e+00,7.006378959565113362e+00
-6.715897572255539849e+00,-1.093594644166650731e+01
1.068016178767623714e+01,4.476862459698875085e+00
2.284144968896918204e+00,-8.224899799116045074e+00
-1.359103172292682338e+01,5.724983585116689255e+00
-6.551026696880006384e+00,5.629527698453757445e+00
3.250452052427076910e-01,-1.344786523257656130e+00
-8.882707086751480574e+00,9.503461255098219596e+00
-8.138934344694693790e-01,1.053031937173075505e+01
3.895906601656931922e+00,3.067997670618680228e+00
1.208999243235428089e+01,-1.461235026632186518e+01
3.301722303328073149e+00,-6.699933240169466231e+00
-1.610697539527545885e+01,-4.076380684565711121e+00
1.660656901313138079e+01,4.364855280898185974e+00
1.028796339644833857e+01,1.182807231003500448e+01
5.661779972010437811e-01,7.248826140798286133e+00
4.384749624373893262e+00,7.315579215941114377e+00
5.168606322838479317e-01,4.098380873854968520e+00
5.725159942506467203e+00,-1.062450986683328580e+01
1.405168728543285228e+00,5.635463698184731030e+00
-8.912125554997242460e+00,-6.158564658267559722e+00
-1.428463406292420501e+01,-3.896367758378813217e+00
8.581463066522914573e+00,-1.094202872647638181e+01
-1.782169118622484394e+00,-5.672473665587944858e+00
1.868982427613394037e+01,1.282555250609190178e+00
5.716440407832358517e+00,-1.455209985658838967e+01
1.280133061676492900e+01,-9.651874826300439025e+00
2.122147792849907511e+00,-9.780029716254979855e-01
-1.635642579676835240e+01,9.262569997265748256e+00
-5.246448820158145843e+00,5.450263877853130934e-01
-4.007884235324167932e+00,-7.395705677094457364e+00
3.623729950810749223e+00,-1.074781544398014077e+01
-5.273854892474444389e-01,-9.763158061247409591e+00
7.241111105971584472e+00,3.226122850196878833e+00
2.291600822076800270e+00,1.586581325694239730e+01
8.550025843158268302e+00,6.193132400211024624e+00
4.989058847805190045e-01,-3.140975098386745046e+00
-7.030365757897300227e+00,-9.129150186624634955e+00
-3.412053081131711352e+00,1.018104064487778082e+01
-1.544915611648339571e+01,4.079297574829769957e+00
1.199509108902431898e+01,1.594558165854417009e+00
1.427903355752620840e+01,-2.459439942835724757e+00
9.300186359351869658e-01,1.709241900811664294e+01
4.566766700912512356e+00,-1.596730509380081564e+01
1.824540392900116936e+00,-4.575766535553865033e+00
1.484805220742367382e+01,4.574829133816475490e+00
6.896032615316282310e+00,-3.599886346259311143e+00
-8.196473715098679946e+00,-1.665245718789161833e+00
1.202494240423434313e+01,-1.123118856961606049e+01
-1.281086253995534996e+01,-2.429788673046103131e+00
-8.124342670888410112e+00,2.682423540131710915e+00
-9.877529681141208329e+00,1.619587063361914048e+01
1.042090954058347485e+01,-3.473762503203994267e+00
-1.967461511765485893e+00,-3.919113243106941091e+00
-1.467684897190427229e+01,2.452947858202166209e+00
-3.178750471289239155e+00,-1.198849326959867589e+01
1.299171148129041553e+00,-1.514967169992027607e+01
9.893879170848775217e+00,1.008250584226692403e+01
-5.272202819249954153e+00,-9.541983018656310378e+00
1.557455276423139523e+01,-2.000647147117002589e-01
2.235569918749037210e+00,-2.830579242148036023e+00
9.476962130296200826e+00,7.706536352624755004e+00
5.076985609538887445e+00,-7.103077001762406972e+00
-1.281991688359364367e+01,1.005286553234502556e+01
-5.209149778112772466e+00,1.041897554377840152e+01
-6.824616906677921868e+00,-2.927426798580181178e+00
1.377309612703312247e+01,-1.154228731560556298e+01
-4.624576235846324046e+00,8.647384541626919940e+00
3.783248467399003445e+00,5.591186104398953916e+00
-3.968045147601289013e+00,-3.902836307590714426e+00
1.758952361802112563e+01,2.720267610010850934e+00
8.959590390671955618e+00,3.832487705484592055e+00
-1.860271285429032417e+01,-2.044884086816777913e+00
-1.004342760569819504e+01,1.089592979355304081e+01
1.546805883070539167e+01,-1.035257317330104421e+01
1.878105508228145926e+00,2.584854885193645924e+00
1.561281560638985511e+01,2.310655529032011213e+00
1.163969227934156692e+01,-2.089820720480538796e+00
-1.019616189079543922e+01,-7.997764016394576458e+00
8.702320345475672569e-01,1.058430964191344303e+00
1.167199476363006383e+01,1.057386623882751664e+01
6.535258465747031842e+00,1.025765774582733592e+01
3.972727064606353053e+00,-2.391634814125330966e+00
-1.064931122922220830e+01,-1.297708576029265259e+01
5.257678835842607423e-01,-8.307964462514634718e+00
8.575789097861045818e+00,1.992625260977983981e+00
-5.100060600455690540e+00,-2.557282652442800508e+00
8.360152364996586982e+00,1.471615987850076190e-01
-8.401680397647197651e+00,-7.929734793281238758e+00
-6.389288657284351025e+00,3.300839014572101160e+00
-4.280501890882201010e+00,-9.615391833575352987e-01
1.843045998195558965e+01,4.566919301451368263e+00
8.777598102151376480e+00,-2.704400950630192035e+00
-1.604467256035384537e+01,-5.963265312762501047e+00
-5.715843298401022565e+00,-4.302287137774648329e+00
6.934887646590221166e+00,1.222361116701395245e+00
1.131908697734170133e+01,-3.116935782592535342e-01
1.601416700809644666e+01,-2.131907880795926413e+00
3.465227292662511616e+00,1.383631328286636197e+01
-1.377506108021466424e+01,-5.613316740963932183e+00
7.534478486964220068e+00,-1.412405558398431404e+00
2.655742317234888183e+00,7.431772856594494048e-01
-9.484379351620106036e+00,-1.442768583597796272e+01
9.314899183329979238e+00,-6.706380752193801698e+00
5.464114032258273745e+00,-1.270737882009903963e+01
5.196374586558151876e+00,8.973665508581008865e+00
7.323097095634097720e+00,-9.684718059364330500e+00
1.286637048755254220e+01,1.392941727265168339e+01
-2.345622655477699048e-01,2.428329181589883756e+00
3.620746603589141355e+00,1.705397399916995482e+01
-2.668789026960777466e+00,1.520548543158450627e+01
7.843174190463768625e-01,1.152563112885033725e+01
-1.106177417030353993e+01,-1.544103723410246687e+01
3.270271745141693831e+00,8.712413919998763134e+00
5.709306336868909426e+00,-8.788169030440057483e+00
-7.507629246655681543e-01,-1.150146670748119959e+01
