1.191472578348246714e+01,-8.585794742609072827e+00
-1.490174419488181989e+01,1.172091571700221024e+01
4.094303801191863101e+00,1.407364226840587840e+01
-1.554707890684942839e+01,2.764716914223585675e+00
-6.797823965416837089e-01,-1.191946027465571989e+00
9.903755919409256592e+00,-5.641447636087026041e+00
1.336135813016925233e+01,6.075862938471082053e+00
-7.336290156989062616e+00,1.092206264310170205e+01
-1.191579317801509674e+01,3.681101872198889957e+00
1.519316492816055764e+01,3.527482416237807672e-01
-5.482088761718036274e+00,-1.528274758536688083e+01
-4.765492244632022256e+00,-2.072553602918477900e+00
-1.073585599801674562e+00,5.130657765286885663e+00
-8.504788865681899068e+00,-3.693726383696416815e-01
-1.057334112702276663e+01,-9.618098316696571004e+00
-1.188562583708754694e+01,-4.705122813221624511e+00
-6.334232870345531730e+00,4.587971670459008777e+00
2.539763511937150664e+00,-1.675396623785266570e+01
-5.340184906346127747e+00,1.656908737084327399e+01
1.086853913309518838e+01,7.427283770152462772e+00
1.215760367322203495e+00,-1.559124062822843726e+01
-4.550474832533454861e-01,-7.636177993595223867e+00
5.783706413190746964e+00,-1.111881712398149702e+01
2.818454314196145560e+00,-7.244843222731994992e+00
5.299885041892062887e+00,3.796647788429347248e+00
-2.432680958071540278e+00,-1.096056216631068114e+00
4.997078038627094654e-01,-2.496741525395159478e+00
4.476397569455861536e+00,-8.175704892711074478e+00
1.628810031206676712e+01,3.856733354789384727e+00
1.284908066510826963e+01,-2.140993353949604217e+00
1.294177098984233609e+01,2.784885143770871707e+00
1.569698008918675391e+00,-1.028884334137858225e+01
1.264750718185323031e+01,7.722441048642618711e+00
9.386718373721221198e+00,1.268211444449783087e+01
6.867872662678063733e+00,-1.229209821261465496e-01
-5.718511221877553119e+00,9.962629361339709888e+00
-1.058290125840774110e+01,-3.362067870862809560e+00
-4.963672309675446037e+00,3.409751019481902734e+00
-5.249052430203963837e+00,1.331485174753797374e+01
1.771591564273214914e+01,2.715638684259317426e+00
-1.187997416602917466e+00,6.883575468996147251e+00
1.328527864176983897e+01,-7.447140947823589485e+00
-5.052123079728034760e+00,1.467572809810581580e+00
3.758790207500184444e+00,-1.117683511744115427e-01
1.436684253355906549e+01,-3.055639790376906362e+00
-1.300235869109478237e+01,1.901917204861734989e+00
1.012348538890540084e+01,2.034206902705697040e+00
2.848214959450373396e+00,-1.157628096907637882e+01
-1.822761880078855201e+00,1.597497556283544817e+01
-5.491392481123019031e+00,-8.647356683465798000e+00
-6.672213207924034606e+00,-8.392753837805906336e-01
2.000444226980587548e+00,-1.477890960459219194e+00
1.079287209566458072e+00,-6.716736970078049929e+00
-1.376868477562803328e+01,3.627862149000745884e+00
-2.128917786328139439e+00,-1.306864624120170681e+01
-3.109259049387892368e-02,3.630876870413886071e+00
1.044269426470479445e+01,-9.573171261212486627e+00
5.897214991121752625e+00,5.572092134743249936e+00
-6.755008620827009480e+00,1.023865107361061844e+00
1.343335730732648114e+00,1.735251622388003789e-01
2.182951230408808119e+00,-3.323391006780303858e+00
-3.769284174851116553e+00,1.567100398153820784e+01
-4.240943412954817582e+00,-1.385934530638459172e+01
7.344079804251198773e+00,1.590578426579648585e+01
8.079555842687378586e+00,1.226668805167298704e+00
8.569773140506304898e+00,8.625007046209134387e+00
4.985106966676747797e-01,-1.899166514740584688e+01
1.656517463550853719e+01,-5.790576848060235093e+00
-8.023699388115035802e+00,6.091850869716741279e+00
8.324978789322406314e+00,-1.543564608243711511e+01
1.807192252249156361e+00,1.891098855064727502e+01
5.651357585474924505e+00,1.047335609775470999e+01
6.664727499068451300e-01,1.881350611829667008e+00
-9.195339806637749192e+00,-8.499530812111107281e+00
-1.481910229091228715e+00,1.414163570525609082e+01
6.845727490460704168e+00,1.764458241385697335e+01
8.469388823437824954e+00,1.114934622432765110e+01
-6.404898249030699375e+00,-1.019785112925847770e+01
-3.364825219165830550e+00,-5.299439605762540140e+00
1.010078535415147982e+01,1.464471897482487073e+01
-1.773580624279105011e+00,-4.474764592596740975e+00
-5.341652467448768427e+00,-5.653579347793269427e+00
-7.062950015705502516e+00,-1.194819965207207524e+01
-6.270334290847129566e+00,6.439614156970666414e+00
1.512891114647552371e+01,-1.142714154746311017e+01
9.320927536436153460e+00,4.570270297747999422e+00
1.466171873038951468e+01,8.332821088860283609e+00
9.236596380822419405e+00,6.705782133354294849e+00
-7.519568842201350911e+00,-5.695499593237027369e+00
-5.956581669475647267e+00,-1.334632365041585800e+01
-2.709346682375495252e+00,8.006807134703070039e-01
-1.352604974305948504e+00,1.236428262953921831e+01
-8.286322600330729315e+00,-1.605665594772892746e+01
-8.792817509428367373e+00,1.375796421856666285e+00
1.467950807382180534e+00,4.739126454140857980e+00
-1.468405875652072368e+01,-1.070393943421817262e+01
6.815021196202723175e+00,9.042838449758939134e+00
-5.068506006865821867e+00,-3.844933108211155748e+00
1.250819103670894350e+01,4.517469811725087325e+00
2.118568659430084544e+00,1.422307886562925994e+01
-9.075326681534466644e+00,-1.072413544156851017e+01
-6.486462431331940781e-01,-5.869183718846778142e+00
-9.010935111733925362e-01,1.024670301685352003e+00
1.135613824978779363e+01,9.153783979121934422e+00
7.575366486999785209e+00,-1.180612517858338428e+01
-6.603061286868729063e+00,-2.642043563336045509e+00
-1.492129466081712863e+01,6.647310880177517589e+00
4.082024932813127727e+00,2.437611041019696057e+00
2.295020375622199627e+00,6.325198488852314505e+00
-9.952292683009975605e+00,9.037489419012832315e+00
9.646446986196000495e+00,2.843877463156929686e-01
2.626296584762148001e+00,1.369947878437217215e+00
-1.220009118282460747e+01,-2.425234736581391104e+00
-9.007781225549820192e+00,-6.671884162701143595e+00
-1.568422744447132899e+01,9.817231719833866554e-01
-1.463557781934491153e+01,-6.539289399002817582e+00
4.161388853245979180e-01,-1.400013000341470004e+01
1.078915399356663052e+01,5.593900982807882727e+00
-1.192144156735121463e+01,5.873727582306934814e+00
-3.516904531953987778e+00,2.397787461863172265e+00
1.673312478629738109e+01,1.228297519182426134e+00
4.058151211508883804e+00,6.076613772974347683e+00
1.120535284233361795e+00,-8.492514538911635213e+00
-1.260666244787778290e+01,-6.374090367115806899e+00
-1.307881069633304652e-02,1.579075507603115192e+01
1.013180621537159176e+01,-1.686911564800108065e+00
7.117511871892945763e+00,3.979833732785867273e+00
-8.801338263111423643e+00,-3.898830512137534843e+00
-9.498890896292362385e+00,3.080342443601828517e+00
-7.303005778772414303e+00,-8.628836880886735727e+00
4.776408195386577127e+00,8.920715597952572296e+00
1.182776077220795408e+01,-1.481380263617786497e+01
2.970076375253619894e+00,1.749747562481235619e+01
-1.363994020105643656e+01,-4.513349242390033211e+00
2.486969689591301158e+00,-1.368239294875538725e+01
3.106098491596386291e-01,-1.722448834692844599e+01
-1.420826499808532928e+00,1.049113468461520426e+01
1.829188085242604700e+01,-3.309984859133844104e+00
-3.757356101750532140e+00,-1.213126961006487825e+01
1.133450653189470358e+01,-3.751885374482228364e-01
3.892104973557478864e+00,1.079990647875523990e+01
-2.291292354763859507e+00,-6.815776117687255109e+00
-1.620511903797887898e+00,2.747234811726303239e+00
1.625584941103196401e+00,-4.992856987347540354e+00
9.790451891517014005e+00,9.963497811694677964e+00
1.069605423367810282e+01,1.147897651478459657e+01
6.908604455141432510e+00,-1.916299841608636090e+00
-3.463178397004295306e+00,1.384751746032482700e+01
-8.109274839160885762e+00,4.318307863127704316e+00
1.179356742966896299e+01,1.374402951983501042e+00
1.337975712898438552e+01,-5.612059496331164077e+00
-1.376806286838480986e+01,-8.107651444225160375e+00
5.545362795292079205e+00,-4.677457779824306883e+00
-8.353999866050898504e+00,-2.167416264802897174e+00
-1.881028534720325274e+00,-8.674182573042871880e+00
-4.164772281752094685e+00,-4.140430218547204166e-01
-2.227443404335804455e+00,-1.107977734696022942e+01
1.323066653289860461e+01,9.517700483016968249e+00
1.355763826614968615e+01,1.060411230374706859e+00
-3.195989147660728946e+00,1.029988952474982788e+01
-9.813316327576917075e+00,6.405936622317145002e+00
-3.064749693042377654e+00,-1.686985414102840863e+01
1.449532372080014397e+01,4.179627934987847127e+00
-3.690635350514412494e+00,-8.758363607217972913e+00
-1.106444197551071795e+01,2.104744966637297932e+00
1.611168224825674145e+01,-2.100922164205384579e+00
-4.606140599093016874e+00,-1.055942123611048444e+01
5.307832633117287813e+00,-1.026582744009382653e+00
1.800216137825295348e+01,4.657552044751197329e+00
1.254578345631148650e+01,1.116046667957922800e+01
7.914938043034513981e-01,1.012677556541036061e+01
9.944933752939686400e+00,-3.766025281508566191e+00
1.261605580031734419e+01,-4.001265743838994915e+00
6.373323633291750667e+00,2.078438026913470793e+00
-1.356298911545072805e+01,1.051577683017969989e+01
-4.852902696066810684e+00,1.156357124751500365e+01
-2.930136524380684282e+00,7.696844172320515653e+00
1.002475950691454720e+01,-1.128289022287847843e+01
-1.095121573585704722e+00,-1.489939581486579634e+01
3.452298170478617090e-01,8.198659028278097338e+00
6.910842873737585990e+00,1.386200928535803989e+01
2.066889033809055309e+00,3.062634273493336501e+00
-1.440503368810291818e+01,8.512921959589727194e+00
1.658909739596894184e+01,-3.876159962762880440e+00
8.495582144143369874e+00,-1.052480676461768461e+00
-7.281843095201924854e+00,2.734935694401585682e+00
7.832070234450069890e+00,5.594107049894334160e+00
-1.341658161140706573e+00,8.693834210984622501e+00
1.544708856659975815e+01,5.721389369942767367e+00
3.240876572011605727e+00,1.568162615793244363e+01
-1.190027419100903927e+01,-8.346981760962432162e+00
3.277946125698520952e+00,4.359929891214636477e+00
-2.721824114827002816e+00,5.937403266451884321e+00
-4.177172961492855663e+00,-7.008600565677252980e+00
-1.314741915003952677e+01,7.178478788849723458e+00
-1.015529458105095451e+01,-5.169997128645070106e+00
-7.413732273031842901e+00,-1.452906121145585239e+01
3.361881389436875089e+00,-5.536652481806264348e+00
7.046704107676119655e+00,-1.764294209473487385e+01
-9.704316604773149252e-03,-4.213963488604760776e+00
1.046575109757301947e+00,1.719307842042220358e+01
3.489729720037125560e+00,-1.512587626180500067e+01
-9.833172350399176365e-01,1.765679877940589648e+01
-1.538855245925359938e+00,-2.729768224662056930e+00
5.978069803392430437e+00,-1.298454022321068990e+01
-4.523184978926598099e+00,6.913635829469311211e+00
1.676254674206647266e+01,7.049197833987906670e+00
1.605075408937397086e+01,-9.783494314692566363e+00
8.540607172179441875e+00,-7.518903698009252068e+00
5.865607157765491131e+00,-9.283761345557744349e+00
-2.868453867930491619e+00,4.092975124696783595e+00
2.876670882829735820e+00,1.263671525694976872e+01
1.032188429432353768e-02,-1.128524350208821225e+01
-4.266803242622942527e+00,8.879765028531670268e+00
1.643110776542107487e+01,8.901815229281867303e+00
-1.086216851551182039e+01,-6.919279762289606950e+00
-3.310885341754358446e+00,-3.383338969215602621e+00
-1.040271927159665921e+01,4.595889418460373577e+00
-8.509934991378212743e+00,-1.301262659148820688e+01
1.496614165806739116e+01,-4.830104493341242033e+00
8.602248746297755488e+00,2.920262399295594058e+00
-7.802657991800007409e+00,1.409314614652391384e+01
-3.095192105700751650e+00,1.206489184491164579e+01
6.525846011886100584e+00,-1.591355518219926246e+01
4.745915512236940970e+00,1.242857701052422392e+01
2.141673333478379959e+00,8.815208126916415310e+00
-1.256401002687986157e+01,-1.386113365349806337e+01
-1.133609857588720082e+01,-4.083692532960993549e-01
4.247059347222593928e+00,-1.344781340608141740e+01
5.282536228041795345e-01,6.324028025871025527e+00
4.220009300377209449e+00,-1.029692333316817354e+01
4.894029090213185995e+00,-6.427430798839401049e+00
3.226764089925149848e-01,1.402373668470154300e+01
-3.334187971860590460e-01,-9.507326592578575486e+00
8.274513295708356253e+00,-3.092801258442364976e+00
3.912485493123494251e+00,-3.798212919275632871e+00
6.531311520829230055e+00,1.210474139140702121e+01
1.451356640349666804e+01,-1.279405334728983767e+00
2.885400288407968361e+00,-9.112838128959459993e+00
-2.911096086266786287e+00,-1.507156839262439441e+01
7.330527685218009459e+00,7.300513923879845102e+00
5.462612741895190638e+00,7.291355319852347527e+00
-1.452739648022002283e+00,-1.768948545951870344e+01
-1.623609091420859230e+01,8.523179417464950447e+00
8.102509724347026321e+00,-1.362132571762128919e+01
-1.541374034862445441e+01,-4.542931278667035500e+00
3.768146905427916415e+00,-1.980516398813787271e+00
5.397272425100521964e+00,-2.824527612964630841e+00
-5.938062109413094980e+00,8.193086269627476881e+00
-4.468490832417135294e+00,5.111337190663337360e+00
-6.413826559180877851e+00,-7.087335029408331266e+00
-1.152218672279964551e+01,8.025770835710961393e+00
1.091104704742327236e+01,3.716692574696168982e+00
-9.532980530754768367e+00,-1.446052746653830745e+01
1.487116807302056465e+01,2.376057971865360940e+00
1.158993766387810176e+01,-6.788506504830206012e+00
