-5.764957886171921508e+00,1.313963946519720238e+01
-3.078168573681221876e+00,3.484455989171127976e-01
-5.161534168552844193e+00,9.095274609397677068e+00
2.544995655169626225e+00,-1.486135012125396138e+01
-4.753250434428200499e+00,-6.301263283599540799e+00
-3.015703148212974138e+00,-9.372827916431555551e+00
1.446016924075414778e+01,9.697042231421100666e+00
1.225199185358281717e+01,9.823781608426399359e+00
-9.585750624635199557e+00,-1.145907723503357545e+01
-1.858791084954821704e+00,-1.550679595228535845e+01
-1.496664843558967339e+00,8.926544467302532482e+00
7.317656635455077385e+00,-2.291308413030354707e+00
5.376786843398715376e+00,1.084162844101214596e+01
-6.106847542882304580e+00,5.073481474482719911e+00
-3.705700854226891661e+00,7.126019012301676447e+00
-6.041759005453868348e+00,-9.652779090082512781e+00
1.036129150087152162e+01,-9.431750034177445841e+00
-9.296277489349586531e+00,3.318750626747007715e+00
9.917406376064359819e+00,2.545752254887667654e+00
-4.877281358284080603e+00,-4.512717488238607189e+00
-1.047510283082513283e+01,1.566010071442059115e-01
-1.257859917592629984e+01,-1.422368915506685383e+01
-7.399456189154064667e+00,-2.960439703627829378e+00
2.160290938926476390e+00,1.447647608035723721e+01
-4.911218487605171767e-01,-3.020926889630120016e+00
-8.674091453179867628e+00,2.969153353084950653e-01
4.097919955148350724e+00,-1.652623048209187218e+01
-3.395099673171138921e+00,8.872219372124012793e+00
-1.447537355653275171e+01,5.436381525876043064e+00
-8.806008099627639085e-01,1.160490096934311666e+01
4.764816411800515183e+00,-1.110273173009827197e+01
-1.755254008390275677e+00,-1.069464406395173839e+01
9.185641771487562224e+00,-8.119524378877587267e+00
-5.978341975944326814e-01,-5.197459494987445972e+00
-6.311925444048354983e+00,-1.359678479637508985e+01
1.552222123427436351e+01,7.806983454219794893e+00
-9.126802813142099069e+00,6.685395097757113270e+00
7.407843581010729928e+00,7.007559809028971465e+00
-1.420312243639680361e+01,-6.060356437846432520e+00
1.061422103051217469e+01,-3.188571997801461499e+00
6.531681958581531333e+00,-1.237709609345121464e+01
8.003866907527292796e+00,-6.716899856870158558e+00
6.588784274333709057e+00,8.999568647937282506e+00
-8.425423270029208211e+00,-9.521388271057817931e+00
-1.180462639128913160e+01,4.994961435236342950e+00
-1.387334355208994197e+01,-1.530304650301295366e+00
3.705048609179198316e+00,1.816947607472278747e+01
6.024673417572841139e+00,5.894282882281864921e+00
6.495331877361294026e+00,1.662949111126721391e+01
3.647068448983336264e+00,1.556014851276814959e+01
3.114637753374182250e+00,-2.952831403991520443e+00
-3.264014635072558512e+00,-5.322167674881939980e+00
-7.640797425801286735e+00,-1.486272210613232581e+01
8.855267330626109157e+00,-3.237564320513637295e+00
-4.538094649092856869e+00,-1.705143496617264631e+01
-1.663167150502809122e+01,2.443118902158730066e+00
-1.191709674016621356e+01,8.020265049029017490e+00
-5.552345551406521196e+00,6.854643842546307653e+00
8.981371774519990581e+00,7.882450462945551628e+00
4.247446111123680978e+00,5.983746777409676199e+00
1.546572300699204927e-01,8.247451117635167250e+00
1.462593394120310109e+01,4.625732836981193863e+00
4.142773486205952871e+00,9.425717997782918189e+00
-3.329006323921054999e+00,-7.606669058356963831e+00
1.338564364304417165e+00,3.424388442754080358e-03
-9.389467701784624865e+00,-1.515812796887857061e+01
-6.887477817949772430e+00,7.859274133131813334e-02
-1.229833236817473008e+01,1.440641983322090702e+01
2.751293737525182692e+00,3.402935779966842045e+00
1.124516453124320670e+01,9.002380018782912829e-01
-1.774441040787384238e-01,-7.057693933204238768e+00
1.412014384363757813e+01,6.618496440196199870e+00
-7.868670948649758579e+00,-1.263323051915262418e+01
1.198645414384697183e+01,6.451177050675105384e+00
1.390283357696217248e+00,-1.284029412592129837e+01
4.565692624941533495e+00,-4.110702935980189210e+00
9.052575953896505601e-01,-4.103752419852942701e+00
8.016627327394809654e+00,-1.542849815939714020e+01
-1.770792751864640735e+01,6.304776977779324998e-01
-4.340489425076209606e+00,5.445510038680534848e+00
-2.007421028581214628e+00,5.407988585441943385e+00
-5.515752346148127039e+00,-1.050751301130474991e+00
2.294631884719138704e+00,6.364769068939168051e+00
1.077742266434044005e+01,1.087295925505881122e+01
3.138326339698121359e+00,1.035452678480308225e-01
-1.374178720078410976e+01,-1.191146044990308717e+01
7.842550268515933176e+00,3.351718165847137332e+00
9.285212152579804368e+00,1.572766247823543573e+01
5.759186228362374038e+00,2.337397784901312559e+00
4.441621989875793375e+00,-1.297052229975934701e+01
-2.690152375267212265e-02,-1.715338527544235703e+01
1.192303594618176987e+01,-1.268221581266744735e+01
-7.363289579363977211e+00,6.381733573314291696e+00
2.185985263107814269e+00,1.647218468660323953e+00
-9.888421280030588179e+00,-8.328073168784447589e+00
-4.455132465735409220e+00,-1.363321108299193973e+01
9.419186092270871669e+00,4.274716768998715999e+00
-8.394171217711345889e+00,-5.206566106001607075e+00
8.328001941185510404e+00,1.639988680502819207e+00
1.721215132994627917e+00,-9.976206488640917414e+00
-9.561653882285515493e+00,-1.329582247988277288e+01
2.665608290391618951e+00,-4.756142728995699898e+00
4.980531630069584104e+00,4.555806488419350542e-01
1.120513549236762785e+01,3.867772101133748031e+00
3.171035748644051910e+00,1.100732372866024100e+01
-1.589412409673890636e+01,-5.083889373035824555e+00
1.283207777979365183e+01,4.829749391963288119e+00
-3.157013404515518484e+00,4.065575077054461417e+00
-1.117300256817676818e+01,-1.535440392673497279e+01
-9.785665164436343488e+00,1.504082391839527588e+01
-1.285077860103773340e+01,6.438934997577592689e+00
-9.152436757336133155e+00,-3.465709502934045894e+00
8.934315430250457268e+00,1.069123652460968010e+01
7.164199265321226306e+00,1.387389154708349004e+01
8.348189057326646179e+00,-1.222529228500698473e+01
-2.247542284452406017e-02,-1.530014225652290172e+01
1.651596165150998630e+01,-7.272922347194988646e+00
1.107288875520391791e+01,1.519563378382827068e+01
8.823058322881072613e+00,-1.042428648387382140e+01
-1.466297105505840648e+01,1.011620774578151760e+01
1.280160458040437454e+01,-7.216419750895290974e+00
1.103929321255108853e+01,-1.545834221825297128e+01
9.872311600721669578e+00,1.241375880290664035e+01
-1.138715437034308842e+01,-1.289316306728294137e+01
1.353420147075612689e+01,-3.803948654896764481e+00
3.952532766127529573e+00,1.924670233838244204e+00
3.002702623476507515e+00,-1.139165685528969441e+01
9.497286969794378919e+00,-1.519708693983696568e+00
-5.802628155155784562e+00,-1.181939080456150037e+01
1.675267696023155040e+01,-5.438086735539756411e+00
7.653096576566046139e+00,-9.086175892285449862e+00
1.206705405633581307e+01,-8.872574311609596975e+00
1.122074769389688598e+01,-9.748479599714582333e-01
-8.542925156132973541e+00,1.364689102644234175e+01
7.946325245078052824e+00,-5.602157284506767976e-01
1.624315582657723311e+01,1.154228166108034248e+00
1.136237040477123728e+01,-1.088048303637581959e+01
3.719421809915386956e-01,-1.110738106638781453e+01
-6.923230379603226403e+00,3.458166202706030923e+00
1.488226485671765742e+00,4.648183175297823766e+00
-4.520270574257772428e-02,1.001242710975166261e+01
-1.499413868184191578e+01,-7.808312270192478088e+00
-1.328947333215583271e+01,-8.598695414638337198e+00
1.379675805746428452e+01,-1.304099074523720247e+01
3.689829957478981459e+00,7.680710900415164133e+00
1.519395807257589048e+01,-4.556368908329091916e+00
6.112941830752081529e+00,-8.966835255768650370e-01
1.876332147775750414e+01,2.896952343494533455e+00
-1.000254373427345023e+01,5.091744761232830818e+00
1.223970951219668457e+01,2.430135853894840547e+00
8.257679707831089289e+00,-4.917274543878974669e+00
1.357356645848098253e+01,-5.565689132545754703e+00
-3.079619551103728869e-01,4.726254636629929173e+00
-1.027398948724705008e+01,-1.610548215055157772e+00
1.012908228404655198e+01,-1.239616373926477699e+01
1.118083995937340980e+00,1.158511071742216458e+01
1.007910110302325180e+01,-4.923916871976679488e+00
1.936034882763481235e+00,8.082579089823344276e+00
-2.068767868200137805e+00,-2.096738221190537210e+00
-2.291149776981774799e+00,1.049095550511924735e+01
7.737313181422889485e+00,5.152564652720116101e+00
-8.178668379389330667e+00,4.681643592301768741e+00
2.606147711867857542e+00,1.271691513051820266e+01
-1.100704091263196105e+01,-3.338208865090638078e+00
-1.230480023956043389e+01,-1.033677663551102732e+01
1.884787779666442065e+00,-1.685143861404883925e+00
-1.199934596526321684e+01,-7.252914664635948583e+00
-1.431949085183162218e+00,-4.081502845026774851e-01
-5.577747407065013263e+00,-2.840059304013089481e+00
-1.598809241807536807e+01,-2.765641196142766045e+00
4.394701110177510195e+00,-1.477171287454351756e+01
-1.807703838853138345e+00,-1.740285731730857677e+01
6.578772621780315966e+00,-1.055745246385536618e+01
-1.275691626062279660e+01,-3.796729584188151208e+00
-4.876542760604208659e+00,6.766082649153397632e-01
-1.036231840527838877e+01,-4.970019312357446317e+00
1.812936289149571945e+00,9.839548734309866873e+00
1.433949098844419234e-01,1.407948905501323011e+00
-6.808849414321358040e+00,-1.653117423232477279e+01
-1.057452713404207856e+01,9.234179102730267985e+00
6.124594780027985408e-01,3.118124432242871169e+00
-1.903827073959869720e+00,1.315009954604986575e+01
4.181947443312441948e+00,-1.365938599398933029e+00
-1.429412129351022642e+01,-1.020172840289625782e+01
1.229945349835387525e+01,-2.553981749312689065e+00
5.495706850951455280e+00,-2.564369621643823205e+00
-3.727732455542385637e+00,-1.305494643392050680e+00
-8.473596072456469841e+00,-7.006087709904697647e+00
4.274583833842799052e+00,1.336255511643990168e+01
1.608703229043665317e+01,-1.346664525718640482e+00
-1.387815274566195356e+00,3.226387742133120184e+00
1.243144127651016362e+01,-1.436869053841300392e+01
-6.980293200037915646e+00,9.886366197194794481e+00
9.754285428895798304e+00,-1.421320534241398548e+01
-2.014417238697574053e+00,-3.962564247088653957e+00
3.208267731987238136e+00,-9.013847600514722558e+00
-5.752359694933083745e+00,1.117715739157554822e+01
6.199752296177369892e+00,-7.873197191769241599e+00
1.647998346438356165e+01,4.067275986167917523e+00
1.337222046298433398e+01,8.273680742746750028e+00
-7.150603127391310210e+00,-8.218435755214086313e+00
1.433106224771962189e+01,1.706772781959257079e+00
-1.516451145205439666e+00,-8.353554178095226490e+00
1.181006497461753035e+01,-5.681308233629488669e+00
1.214914487231048001e+00,-5.963245255241726106e+00
-1.891341981807111106e+00,-6.522481831892625870e+00
1.810580849940858528e+01,4.946098926023068110e+00
1.484394492834803003e+01,-6.936767788593607709e-02
3.849925645002371333e+00,-1.827485232539637039e+01
1.043068262105355387e-01,-1.353170242982613569e+00
6.486893955510167231e+00,-4.228653129585824288e+00
-6.654609819905977552e+00,-4.660420653865876339e+00
-3.620351764041102705e+00,-1.527137926430076575e+01
4.440597326777755427e+00,-7.714761812387036954e+00
-1.587590023721675259e+01,7.888210093167995485e-01
6.760042287803791794e+00,8.258177289457173664e-01
-4.951436914397006284e+00,3.018390977141609977e+00
1.465769669347384507e+01,-2.459185025914865541e+00
6.368498638601143291e+00,-6.013980976246693366e+00
-3.485603480830729684e+00,-1.212586795629539438e+01
-4.496770501827658251e+00,-1.051901091883480355e+01
1.615957457378428330e+00,-1.639169203016800225e+01
-9.039356077624590924e+00,1.189822315464438240e+01
1.594404526334557382e+01,5.838969919619238169e+00
5.082480924013898615e+00,-9.376402185271077272e+00
1.363327117565233948e+01,-1.128743763065897099e+01
-8.437621156179767823e+00,-1.491691721409367011e+00
-8.036082496380821283e+00,2.064512071240564239e+00
9.483655586318748831e+00,-1.644269124043828256e+01
4.478361111153532192e+00,-5.955674544627549416e+00
8.986539537359609753e+00,1.396587625887103634e+01
1.629389314382544995e+01,9.497007792778704882e+00
-1.630101089734262265e+00,1.465673005945079765e+00
-6.568553444582522438e+00,-6.445849300794446179e+00
-5.413901126646250006e+00,-7.970414665080835626e+00
9.578393888209857820e+00,2.728093332838695262e-01
6.239424224916586326e+00,4.118255646493972577e+00
-3.611441541110516074e+00,-3.116580196257281887e+00
-1.178442574483588423e+01,1.265057390607369037e+01
-1.503584559046010050e+01,7.221785928815299904e+00
-1.206748044532811726e+01,-1.520424583218009440e+00
-6.254690697660915788e+00,1.794013433671228341e+00
-1.208443623341333151e+01,-5.454000673149662859e+00
-6.838312717596138235e+00,8.123924988723771889e+00
-6.883108789440615993e+00,1.624238617108906979e+01
-4.089013315007535176e+00,1.057453109533954105e+01
-2.476733548643331950e+00,-1.360662730371627127e+01
2.762728155111281447e-01,6.383143478971135210e+00
9.222115546848847600e+00,6.122590524514045285e+00
5.864446961454592433e+00,1.253778881510491594e+01
1.473860376159707108e+01,-7.035952484731549994e+00
5.504282009524728458e+00,7.621032187000980507e+00
4.504950250775955567e+00,3.745083497101747039e+00
1.476001343758259754e-01,1.509294752256555228e+01
1.340946851744387480e+01,-1.149783062270281597e+00
-3.302170222128201438e+00,2.233743103388303730e+00
