1.817052869628805079e+00,-6.606484641895320031e+00
7.638087141166479022e+00,1.501697224634835059e+01
-8.860500779192053145e+00,7.697051433104642015e+00
-4.767473673122799127e+00,8.778185536211481121e+00
-1.818525986948023032e+01,-5.503329558509197916e+00
8.711490466074460315e+00,-7.723721211980560941e-01
3.924132194041391575e+00,2.801614051225834734e-01
1.520748254323812354e+01,-5.793602104783815321e+00
1.558129058573933534e+01,3.782791051872321120e+00
1.486352357078711606e+01,-8.889589254644292282e+00
6.185580663673804214e-01,-1.857067541340483885e+01
-1.387354557152875856e+01,-8.141934264140301636e+00
-9.691588337393907793e+00,1.964658682124400813e-01
-1.432701711688940627e+01,3.974024306661643635e+00
2.635862741140476917e+00,1.572936115647423971e+00
-6.641255508238257832e+00,-9.580955760101277363e+00
8.486106402912385605e+00,2.662881026619480451e+00
-4.654633948611712313e+00,1.053993304915480422e+01
1.278378192849309514e+01,-8.990676789621065979e+00
8.467980349412764340e+00,-1.578842965597642234e+01
1.131288540699211431e+01,1.443452881707234736e+00
-1.967301080021556237e-01,-1.674597163231598529e+01
-2.220974228885258750e+00,-7.792055979513629715e+00
7.849289928537668715e+00,9.904332166726590447e-01
1.051225678751655046e+01,7.771592880810807458e+00
5.716312240108985421e+00,1.521319468446884926e+01
-1.637754898861788888e+01,3.644909145501661563e+00
5.595247744130942280e+00,-4.988493978139892704e+00
-1.507579264613550052e+01,-6.559419407971632587e+00
1.023381837684569184e+01,-3.721667484776340906e+00
-7.886417392053688857e+00,5.851911841741526121e-01
-1.232749947777526600e+01,8.614149805879435462e+00
-1.053318242302851893e+01,6.391341936419800085e+00
7.297871208194644410e+00,4.148928897549970962e+00
6.896109529277993921e-01,9.521925770987477833e+00
-8.927697904920741223e+00,-1.449186986607718275e+01
-1.207432802576815867e+01,-2.593612514260684954e+00
-8.999688536991882870e+00,5.441732932767590292e+00
-3.721071087783164311e-01,1.556987004527348395e+00
1.220391700791708800e+01,-7.224950867113793862e+00
-8.601097904945465444e+00,9.548885049707747541e+00
5.763732703011042346e+00,1.708274902102423098e+01
-1.036460027288877050e+01,-9.285947053805088558e+00
-3.685869510468664068e+00,1.672075685714060356e+01
3.796683519296053522e-01,7.794694459865541880e+00
1.338036430872209248e-01,1.740780202034247282e+01
1.002497317287945577e+01,1.200810590360039853e+01
-1.211691145793105306e+01,-1.115619477342876387e+01
-4.623476046280421414e+00,-1.792575715183061691e+00
-2.983991861800723289e+00,-4.002775367452927391e+00
1.515598018341003161e+01,-3.988587950247306502e+00
4.408400749375133820e+00,-1.089086091790976418e+01
3.369660296677242428e+00,-1.779641036584906288e+01
-4.241487502784155872e+00,7.051523217009142641e+00
-2.231375864738083248e+00,4.032216887988291809e+00
-8.919003781068340908e-01,1.895991994862439967e+01
5.138796909692732839e+00,1.069557254638245070e+01
-1.500075598923200282e+01,2.340000754341755140e+00
-1.597079663529813232e+01,-3.721486056535822651e-01
-2.534433222948675901e+00,5.184404921256124954e-01
-5.981662183683132739e+00,1.184571913281987854e+01
-1.206014074040633988e+00,8.668256691403094294e+00
1.406364222700937638e+01,-1.048043474347554316e+01
-6.366567793155232913e+00,-1.543442142678726148e+00
-3.073783546525630683e+00,5.647417623014507448e+00
3.667038949756721955e+00,-2.124917120110556557e+00
-1.146382418098540867e+01,-1.458241779603772414e+01
2.024631881011159873e+00,4.762501245645625936e+00
-3.077817308504460669e+00,9.618693659808261742e+00
1.528774454329117205e+01,5.854354544479661193e+00
-8.403229200562153167e+00,-9.025938814337886029e+00
1.768491956495154938e+01,-6.914164432616656697e+00
1.334793665387417505e+01,-1.189333778405498476e+00
-2.057210789628744596e+00,-9.541553461597734653e+00
2.898969320639186442e+00,-1.579570212631626802e+01
1.032229133144564237e+01,2.925750893353269433e+00
-3.741437240630133498e+00,2.877316257272825695e+00
-1.323685004650537422e+01,-1.248445408962391534e+00
1.332962236535109923e+01,4.453980711241748658e+00
-4.783234448281288742e+00,-3.554147430433110877e+00
-1.505464856529080997e+01,-1.099790407639316925e+01
1.140666326761406424e+01,-1.232559833797147064e+01
-3.841556253256090070e+00,-7.037272699269968790e+00
1.309663606231898925e+01,1.350944265867133565e+00
-1.329130149133576033e+01,-6.367649424314997475e+00
1.618846199774282368e+01,-4.017485199408831753e-01
-1.491823342815565923e+01,5.761661650126363554e+00
5.694063730815932090e+00,7.400142712021782199e-01
2.753815456772791936e+00,1.497863938071412981e+01
-1.680639180427990098e+01,-3.667930630835090966e+00
-1.261072808381152477e+01,4.588426357412433987e+00
-5.558318690432532128e-01,3.387192370787643458e+00
1.446032327397120398e-01,1.548415021388206902e+01
1.075900426652859343e+00,1.895875458511944700e+01
1.772362891432644361e+01,6.802302333331427420e+00
1.143614786701038666e+00,-1.531722370614684969e+01
-4.236892546551876748e+00,6.385747321065364523e-02
-6.732947510200859575e+00,1.350327926196888484e+01
-5.407156616725735887e+00,-8.279455498172392680e+00
6.905340615240200819e+00,-2.399644812094807733e+00
-8.210804655159821053e+00,1.505420366396191767e+01
1.969038323124765233e+00,1.712870422296569473e+01
9.124639301954347914e+00,4.389375442481379785e+00
-1.068791354856527853e+01,-3.742918135070135488e+00
1.042310886840576245e+01,-5.621031981503629815e+00
1.591294023805663471e+01,-7.444439212568167541e+00
1.215098252839000814e+01,2.982632379439672743e+00
-8.530909079673570261e+00,-6.128891054380393832e+00
-1.361269722924673609e+01,-3.468258892331446130e+00
1.021844992461980439e+01,-1.812473524450949780e+00
-9.137677530205872145e+00,1.862555563571525852e+00
1.407921744532964858e+01,2.806164503389345644e+00
-5.887899243436362617e+00,3.330584734080216602e+00
5.134511187407049704e+00,6.977585582127137087e+00
8.662536327534409608e+00,-2.889229400728470676e+00
-8.921472235203419254e-01,1.382364362321072271e+01
4.019919827514408794e+00,-1.443881899968911320e+01
-4.306321784252771678e+00,-5.324693501343765512e+00
5.892912453920890137e+00,5.340976572225727637e+00
-1.058866278536417305e+01,8.180033748711625918e+00
3.902412025087778957e+00,1.353543556084582988e+01
-5.980389564591408913e+00,7.469520456318168300e+00
1.203023793663882124e+00,2.934211319856133038e+00
6.767786651997259817e+00,-1.080988880433534405e+01
2.667381994457873162e+00,8.218826675043173324e+00
2.472492376284545212e+00,-8.281415494791489751e-01
1.265548452775414923e+01,8.047464377788834611e+00
1.399476052575703844e-01,1.128101781138945370e+01
-6.132397444724483115e+00,2.535991725467438562e-01
1.601391148785470842e+00,6.495154858478765725e+00
3.544241461444177954e+00,1.175188155140465440e+01
-9.175833832265709589e+00,3.691942247118235265e+00
3.412711450043390826e+00,-7.449435651753497645e+00
-7.046590647126121709e+00,-3.175201825613120477e+00
5.278652774676075410e+00,-1.382200509448940684e+00
1.115440258575952637e+00,-9.807010480078940162e+00
-5.770053752655853740e-01,-6.913086793752381887e+00
9.996559738496227254e+00,-1.454223486045377101e+01
1.508328955049633358e+01,-1.846697533327491536e+00
-6.839667183289347641e+00,9.030186181790009314e+00
-1.270449437452363917e+01,2.725679681353416761e+00
-2.695186296523285119e+00,1.879308639988394702e+01
5.180873591461285343e+00,-7.353068979460429588e+00
-2.975369596901130897e+00,-1.481898097721558294e+01
-5.786967821045795546e+00,-1.333545974067541273e+01
-9.853784218788288030e+00,-1.676174027516860621e+00
5.681053736303288026e+00,-9.101850616951063344e+00
-5.520250048488062333e+00,-1.540316227394597703e+01
4.128524100722340551e-01,-5.454576308903247295e+00
1.180428685008640244e+01,-2.673514339561731123e+00
1.404844644689586097e+01,-7.237846149716459898e+00
1.636092275792265127e+01,8.394059742533148238e+00
-6.187341430882107751e+00,-4.749736882402112670e+00
8.772679101609528018e+00,9.245497069621103847e+00
6.866156661894774693e+00,-5.653379876193592724e-01
-5.081703634635667655e+00,1.721835741663935382e+00
-9.882326062106496778e+00,-1.604225782381835685e+01
-4.524838373134787872e+00,4.470975107187307174e+00
8.326069526658880449e+00,-1.233782764529760456e+01
-6.069678951776652509e-01,-1.062443354700889664e+01
7.162104843442693713e+00,-4.158027835681871842e+00
-1.027481658587095303e+01,-1.106178124615290770e+01
-1.764653126702465258e+01,2.181889621770694454e+00
-4.918964056817458186e+00,-1.014509648963513833e+01
1.169262283678593661e+01,-1.048878497385302744e+01
-1.902144098142793949e+00,-1.624343509021842280e+01
-1.141489099449641165e+00,6.015722820096870649e+00
3.382324848723169630e+00,9.913342313646358761e+00
8.256293593772486616e+00,1.162042275955793080e+01
8.767883109028630884e+00,1.340061133762960743e+01
-1.307752464623129818e+01,6.290807231126907872e+00
6.982988525601158791e+00,-7.715613460789711553e+00
1.658465112013033149e+01,-2.826841029190249266e+00
1.704515501680683798e+01,4.845973487877371255e+00
5.370541586845833493e+00,3.640986626152320937e+00
-7.458667903314274206e+00,4.289475401420605571e+00
-4.663237912042384359e+00,1.333959644391028831e+01
1.806151957128527030e+01,-1.775930668162028159e+00
4.733410280848639573e+00,8.733286055013024907e+00
1.575889562351136064e+01,1.046918939555890660e+01
-3.514526979591567346e-01,-1.408094400281366454e+01
9.014761816030163466e-01,-1.162585639085102684e+01
1.623915330009585434e+00,-1.711787854516135710e+01
7.558946296834749390e+00,1.719468745029968915e+01
2.697025308238496955e+00,-1.139959696230870279e+01
6.591672807230748887e+00,-1.613401994768009828e+01
-7.738033879576081908e+00,-1.130043659157151836e+01
6.726720119256969888e+00,2.398022685297071188e+00
3.382251118148464908e+00,6.584537382775031311e+00
-1.350911244059830318e+00,-4.861667043754666295e+00
-8.134574342095794108e+00,-1.167406541002004028e+00
7.544974617560586960e-01,-8.064244789040760253e+00
-3.688976874305791132e+00,-8.802067004858763255e+00
-7.413612576278369559e+00,-7.512830226344583195e+00
1.161949550017435229e+01,6.255610020704025054e+00
-4.471923219820697959e+00,-1.192879008667362228e+01
7.737194433754151390e+00,-9.333259994026454009e+00
9.595758162693705628e+00,7.576160562664160381e-01
-7.506889178805788987e+00,6.513450355094064115e+00
1.096645235372477423e+01,4.602201524063487703e+00
4.523307829798212332e+00,2.096530731356577970e+00
3.152493496943296059e+00,3.283604087725485510e+00
1.357275391325314651e+01,-3.066818443231859259e+00
1.622267229547328427e+01,1.959263752540571613e+00
-2.038551309012323287e+00,2.225365548824711048e+00
3.885549660029220309e+00,-5.688211361506799513e+00
1.360625995918803888e+01,-4.962613928224103077e+00
-2.757722670094154616e+00,-1.122504644125167594e+01
-1.146192088463715386e+01,8.559702480903310651e-01
1.094982964687151217e+01,-8.780910454483901617e+00
-1.487458319036125243e+00,1.040852048035155519e+01
-2.660396767036547594e+00,-1.303953177518199347e+01
6.743836667085775005e+00,1.346132854255935740e+01
1.262394071724426414e+00,4.742110413769957677e-01
1.192159865147879039e+01,-4.436895724063878887e+00
3.836538964336713153e+00,-9.153911606298308357e+00
9.262086363064701899e+00,1.657902686831491224e+01
9.136542591728453289e+00,-8.130267024234550277e+00
6.991480003608790739e+00,6.778415763354926682e+00
4.708809457442886703e+00,-1.625391213898087983e+01
2.826038649342785813e-01,4.998967203388716030e+00
-8.888530534296135599e+00,-3.192869231078522496e+00
-1.122819239220736698e+01,1.073055770032384970e+01
-3.958755052578654787e+00,-1.631405560331555904e+01
-5.900742234105736728e+00,-6.487903056823543402e+00
2.107784513596759446e+00,-4.273357489930718955e+00
-3.711514558786513707e+00,1.487485778878362908e+01
1.478850005163469916e+01,7.423600258753492165e-01
5.279719391609297041e+00,-3.249687469754796165e+00
4.095141178492510470e+00,4.871867278220254782e+00
-2.857770594450739221e+00,-1.345815842962162723e+00
1.855366978523486532e+00,-2.491321610453627322e+00
-1.485869824497493052e+00,-3.000339995554644368e+00
1.137509403138528619e+01,-4.614579673553488304e-01
1.845449114839102234e-01,-1.823953249647084274e+00
-1.470350300514971664e+01,1.189502775322185180e+01
-6.035536640834375355e+00,5.404739055131907222e+00
9.856224879924898374e+00,6.063213404789872030e+00
1.920052118386762041e+00,1.099641052581490364e+01
-3.057318308782718042e+00,1.151659301412493264e+01
6.497598679036143743e+00,8.491636077124228521e+00
8.654196500762644462e+00,7.413617594408771438e+00
-7.369205925140938085e+00,2.366866918283074384e+00
-1.080827884765571767e+01,4.513763606661113315e+00
-1.771251375554941276e+00,-1.801888428546519094e+01
7.347422973307957683e+00,-5.950054994274786679e+00
8.833657583082292319e+00,-4.827981238125551577e+00
7.198337706709589945e+00,1.015779869259873536e+01
1.037515417660957340e+01,1.016784344460942968e+01
-2.605187153555446944e+00,1.338196552255565130e+01
-7.793882354583494987e+00,1.177067830594529063e+01
-2.459026112308311252e+00,7.354459091031567475e+00
4.293152073365005261e-01,-3.597411189016419986e+00
-9.555678624044974256e+00,-7.661534156541344842e+00
-1.182216820210185482e+00,-6.724049345893159391e-01
-1.000574187323208974e+01,-1.287998420285169487e+01
