9.929074832205223800e+00,1.138102881741347261e+01
-9.967112414022576417e+00,7.042036767483192961e+00
1.879594781399559622e+01,-2.718840010438417387e+00
6.997260207680282562e+00,6.988347200567069706e+00
-6.355115319243458849e+00,7.433294430766116179e+00
1.671667330856228872e+01,8.979748880383672471e+00
-1.359433084994054575e+01,2.619179027472344323e+00
-2.732896927842557666e+00,1.406026981049672386e+01
4.499534546773823251e+00,-7.839534645362101095e+00
9.866581952242082565e+00,4.334318554205857765e+00
-2.316364553416830230e+00,1.883252707031846640e+01
-1.401797315982807923e+01,-8.404091980317051735e+00
6.532413517236958178e+00,5.199356061788079408e+00
4.111447022498651016e+00,1.719042097352924259e+01
1.038403847273558078e+01,-6.101752068108695637e-01
2.638851266488535963e+00,3.109901944375835559e+00
-1.748846837935344922e+01,2.362998110783633698e-01
5.527317382454789013e-02,-7.371036137756286521e+00
-6.809140195206315305e+00,9.182994610438919736e+00
2.574403926969140777e+00,-1.690876945116515984e+01
-9.562084415057432452e+00,-1.979555100148039148e+00
9.744662495243812117e+00,1.118301553270705462e+00
-1.518068909265217314e+01,-3.395507724630289381e+00
-3.750431675585969682e+00,9.695865845429874952e+00
-9.579399448355689017e+00,-1.161991150507617476e+01
1.302767193396611844e+00,-8.726910469670647430e+00
8.420158900570532623e+00,-1.191805873931328108e+01
8.077478778145154692e+00,-8.713331541147475434e+00
-9.655161059895224440e+00,3.565480042664540328e+00
-2.239607995423964049e+00,8.034614539514115528e-01
-6.967649550209793041e+00,-4.488132093593478089e+00
1.531217844718034549e+01,-3.216063707182222231e+00
-2.922070017935771258e+00,8.101967874364085276e+00
1.358382197610443320e+01,-8.186470241704183692e+00
1.604909979149271848e+01,7.130750004780991302e-01
-1.123504979279020688e+01,2.637992202787394991e+00
-5.846450915466214759e+00,1.153445548557466083e+01
8.018406451115248856e+00,1.688012787570319873e+01
-1.851018042106646222e+00,-2.949967058293811561e+00
1.395149927869968032e+01,1.006523134504967310e+01
-2.278650260467079969e-01,3.572192804455138315e+00
-4.029250425716452533e+00,1.146215793819079920e+01
8.546763036055095242e+00,6.104891404010336586e+00
1.378462815067827130e+01,-2.140460660189920983e+00
6.726977995967283519e+00,-1.678749688555373609e+01
7.955630519159103464e+00,-3.361225522849575764e+00
-1.486684593005242228e+01,-1.052263598342991457e+01
-8.361128403279062482e+00,-1.498607778982766980e+01
1.128432993694084452e+01,7.596456424455214851e+00
-1.683822594005955464e+00,6.812294479836271677e+00
-8.395264256733397934e-01,-1.588076013191448155e+01
1.788985563058775208e+00,1.712343261463306021e+01
3.927137003880518673e+00,-6.180604944064249651e+00
-3.520308772623593985e+00,-3.723631253183929068e+00
1.480942195457232025e+01,1.182763333460408184e+01
-8.775740154434361173e+00,2.497141887261339066e-01
-6.593820118204936520e+00,2.335407736666469614e+00
2.942907375752231935e+00,1.094702002012411413e+00
1.057199802490807450e+01,2.705376315480350513e+00
-2.075341478946729712e+00,1.056249536466389571e+01
7.805230705037203620e+00,-1.530655267889400761e+01
1.840171861490866334e+01,-4.607119940007603276e+00
1.246867040626858447e+01,8.890658350538915400e+00
-8.832861051982890954e-01,-8.946825137178533893e+00
5.622541020512364263e+00,-1.252686737493284852e+01
-1.374611314481276025e+01,8.433845022250134882e-01
3.597100207214740220e+00,8.310258039946056385e+00
-7.367023387456905770e-01,1.575064983136457464e+01
-1.583107420792742737e+01,-8.895731998304437838e+00
2.987965618737636331e-01,-1.023922029296266700e+01
1.172488859561250152e+01,1.288815566558129433e+01
-1.085784796078871572e+01,1.525614277482940828e+01
-1.130998771719542084e+01,7.644519887658581814e-01
9.087502056183570431e+00,-1.373451648573896122e+01
3.293989797805303876e+00,4.769682897036455316e+00
-6.857986318887547839e+00,-8.307791765894414482e+00
1.743476175042869336e+00,-6.476619188910106573e+00
-1.120785682033496578e+01,4.702849339887967162e+00
-4.040722716931859360e+00,1.831288070299041948e+01
4.286010685351862470e+00,2.383712006987344534e+00
-1.324601748181891914e+01,1.134144389487956239e+01
1.036963874124953122e+01,-1.117685393010804162e+01
1.031100274701313779e+01,6.069403885364810236e+00
-1.114649299960070472e+01,-1.110337564771903596e+00
-3.534494729176490324e+00,-9.781063051519446105e+00
5.091119615985055802e+00,4.053072658321816846e+00
4.934080538096333512e+00,1.371253019744424506e+01
1.051697669241506761e+00,1.552476193979730468e+01
-6.615325511033059769e+00,-6.303398027305087581e+00
-1.064472714683503574e+00,-8.607079706186705481e-01
-8.220078373680513195e+00,7.374706185744767772e+00
-5.477244387273130233e-01,5.418453502377894360e+00
7.339917806136662115e+00,1.044914043128422954e+01
1.795030019189314530e+01,-1.054387070816139138e+00
-2.637839745318273810e+00,1.591256882358562841e+01
-9.030733699928015668e+00,-8.300055806560729721e+00
2.558323331497449171e+00,-1.078023213085540100e+01
2.769020520904595717e+00,-8.225816916288301028e-01
-1.003985958159209879e+01,1.098193835564650911e+01
3.109182144551837723e+00,1.111517950438258318e+01
2.687850180346598616e+00,1.474045782349501721e+01
-1.387806437270083570e+01,-1.291139871957383711e+01
9.606971957347601787e+00,-4.174151679336686627e+00
-3.111214356134196724e+00,-5.446541118227159473e+00
2.552014795161086980e+00,-4.845793521500135981e+00
1.454439441361146201e+01,-5.612480711307702208e+00
-2.148236806236417884e+00,-1.386085303076470865e+01
-3.841301476463299558e+00,6.443028185726964452e+00
1.259539983539474761e+01,-3.446852797708891192e+00
-1.852805061198733005e+00,-1.042258518197970574e+01
1.212693425338582109e+01,-1.145267495977817873e+01
7.498366626019982384e+00,-1.640281119967425427e+00
3.646244391285130559e-02,7.272585625256154707e+00
-1.139710174599325576e+01,-4.657180903686198192e+00
-1.048816240785263432e+01,1.312799326433739289e+01
-2.761064921496036106e+00,-1.437416396782362105e+00
-1.557055484500395970e+01,-5.182052090255981902e+00
-1.082670492045381749e+01,-8.022854182362360476e+00
-1.706200351884718802e-01,-2.428883072267972398e+00
1.627138700663497772e+01,-1.721911426997500882e+00
8.725974372920765276e+00,2.646122722005353811e+00
-2.625789715462989449e+00,-1.642284043626261081e+01
8.614744340409826506e+00,-2.664570495428675856e-01
-9.265123655384105206e+00,5.384721483087674621e+00
1.148040497706747098e-01,-5.566631119073750078e+00
-1.510102053829314528e+01,3.686200304664779992e+00
-8.108509159669541333e+00,-3.106039749498010316e+00
-1.170615311435455830e+01,-1.494473382717330523e+01
5.270940891921608973e+00,7.576058138353870319e+00
-1.552819843443987757e+01,8.482421635436948604e-01
6.946806651492860585e-01,-1.698255498734278746e+01
4.866091062628444597e+00,-1.426622414698323738e+01
1.570388396054459124e+00,-2.135107962108206525e+00
-1.606945426386594278e+01,-8.347096325351721635e-01
-4.467235759353963331e+00,1.468567771314674886e+01
1.439159086771988427e+01,8.208096657184890788e+00
1.677026769585953758e+01,5.210167931925239415e+00
8.157359412257916276e-01,-3.882446317645988465e+00
-9.745052093600497400e+00,-3.751572106317142552e+00
-5.306928981969284642e+00,-1.026549488132146415e+01
-5.591940537511110421e+00,-1.481906782483414453e+01
-6.838094434985031000e+00,4.529594180463752395e-01
-6.947043716405293168e+00,-1.363850266244830145e+01
6.185872794903455762e+00,-3.718641171824768055e-01
-2.073167043236520790e+00,1.236575829824125350e+01
-4.940528562309066452e+00,-5.448059657515922360e+00
-1.720866272769402272e+01,2.086446455539863187e+00
-3.722708610794603357e-01,-1.411967153147452159e+01
3.062639770883553769e+00,-3.149737883997781651e+00
2.204362290417705594e+00,9.603707436665144925e+00
-1.745977145574646983e+01,-4.079067297847755569e+00
9.621458063583148146e+00,-6.078559364750704574e+00
8.073247636883694511e+00,-5.210438190562565630e+00
3.075460088282191862e+00,1.291587518893530984e+01
-1.741806813401430620e+00,2.697453380869519801e+00
5.951530227900073022e+00,-2.739833936816098880e+00
-2.460310881373567682e+00,5.163029138980917310e+00
5.822246819066409174e+00,1.388365737123223642e+00
-2.885255574793894162e+00,-1.190457223538441589e+01
3.128588401525843832e+00,-9.025669306774222633e+00
-7.688427944154125449e+00,-1.198289079036914950e+00
-3.933475345232021692e+00,-7.037696457558275220e+00
1.357530302200282435e+01,1.317514303688587773e+01
4.297313870967829352e+00,-1.845230649374896226e+00
-8.353406245074300074e+00,-6.570614677357532685e+00
1.085572663643011637e+01,-2.853835270071697572e+00
-1.814794074742462371e+01,-1.495133019079804448e+00
-6.033285116722171715e+00,-1.796227687074795654e+01
1.329676468239588072e+00,2.579896807427971561e-01
3.690273698703367078e+00,-1.833760741593394528e+01
4.499628902759019056e+00,9.945882429038775285e+00
1.546454325765886040e+01,-7.256269706837488620e+00
-1.475491127402375646e+00,-4.750331735677664646e+00
3.061142418553855382e+00,6.620279474019227450e+00
1.135047295827773262e+01,-4.735479790110789011e+00
-9.034846897130941912e+00,-1.333497237322130147e+01
-1.327716827752258233e+01,4.341806552989775803e+00
-1.218279516006826135e+01,-9.179726128353561165e+00
-8.669771130531951364e-01,-1.781580301977238179e+01
-1.127819055026270512e+01,-2.883246004195811008e+00
4.766597530096667867e+00,5.884898259681181187e+00
-4.740737027784817315e+00,8.141979744827098742e+00
-3.871585396295871728e+00,-1.529502956464457233e-02
-1.168479159599096207e+01,-6.410933610320182829e+00
-5.142250956909175663e+00,1.207249776274887498e+00
7.242278099582659223e+00,-1.334122133591574588e+01
5.572826951490822189e+00,-1.813984424239161086e+01
6.082787688973786189e+00,1.672197187497770443e+01
1.085805374377079424e+01,-1.417636886658008599e+01
-8.679266736306145091e+00,9.398434354021384607e+00
1.623596579011168473e+01,3.429186711469541571e+00
4.848213328619586648e-01,1.851874006950970042e+01
-1.827820839476201442e+01,3.552808317577143438e+00
9.627931034687248868e+00,-1.555519635822648894e+01
1.202422884545019777e+01,-1.439286873723702787e+00
-4.415941569158727376e+00,1.652215685252594213e+01
-2.589543386453831531e+00,-8.177413496020941253e+00
4.405507692229752692e+00,-1.362536784841273350e-02
-4.585767282843708159e+00,2.924626594296640736e+00
-8.370017354860895153e+00,2.045092051067385341e+00
-1.098376308485554675e+00,1.748630247255094972e+01
-4.147950561846029949e+00,4.658827216667061677e+00
1.068910483125215860e+00,2.277399724928772518e+00
-7.240825822488335284e+00,-1.030696062548313208e+01
6.245826107551597062e+00,-8.111875751849996874e+00
1.278729371783524416e+00,-1.527397191283601252e+01
5.780723197865055951e+00,-6.298260809902533452e+00
-9.837101091457263635e+00,-5.546586939315877984e+00
-6.624694364679872827e+00,1.668220614591317386e+01
1.479866530127828206e+01,-6.232631234402898901e-01
-4.957056220883756303e+00,-8.515273216818043167e+00
-4.395344203978813979e+00,-2.114062933515400200e+00
8.064547982205558796e+00,4.284230058087940662e+00
-1.170468910482689751e+01,1.028233282553224193e+01
3.154684544460661932e+00,-1.513724032540710240e+01
-1.335034062946781042e+01,-4.190857086963024614e+00
1.495699585478232052e+01,2.117461226753573733e+00
1.200620298442306444e+00,4.747502092144030961e+00
9.780926354009427115e+00,1.325401764708505326e+01
1.332356930202444367e+01,4.764608687593351100e+00
6.083115573626218797e+00,9.187879924803578291e+00
1.239275436115821805e+01,2.489954522067859166e+00
1.798696265127543326e+00,7.863459339593005026e+00
1.252066319270568151e+01,-9.633787329743999095e+00
-5.318652577329937792e+00,-3.685957032816249423e+00
-7.884830280881740094e+00,3.899689614117380465e+00
1.770778217133821641e+01,-6.849325569616145692e+00
1.274557553974989155e+01,-5.869564648103485105e+00
4.616152439065915658e+00,-4.023105475562717359e+00
-5.325002758940410308e-01,1.276780970902607892e+00
6.398690349882237172e+00,-4.609800664544042803e+00
-7.650567930125621530e+00,-1.690261309583509330e+01
9.864801299885470609e-01,1.165121711874314769e+01
7.563648142959739751e+00,-6.910285075754456940e+00
1.734984994825991578e+01,2.006424869560200719e+00
1.711507819337330361e+01,-3.341645548291224621e+00
-2.955242909646227378e+00,-1.865874130818876608e+01
4.333183580789813583e+00,-1.115511454434826177e+01
-1.122824269521763174e+00,8.741635212812415290e+00
1.103120321770536760e+00,-1.182587421394878291e+01
1.094238510818042087e+01,-8.795797331956215714e+00
-5.544299818655733958e+00,5.860321118030881848e+00
-5.853776023085899283e+00,-1.059908510495163103e+00
-1.772263905940891249e+01,-5.964064779595736887e+00
-3.808701622537161047e+00,-1.493141765664473830e+01
-7.853238225487475077e+00,-1.199869161874305767e+01
4.640641396139772112e+00,-1.621004395122295705e+01
9.872962570212135969e-01,1.365770700223490586e+01
1.141428016406848123e+01,1.031816100295154293e+01
9.237014167026600830e+00,-2.064245598463724019e+00
-6.171852296710241603e+00,1.383506312243536662e+01
-3.235736179034034987e-01,1.034623620762940632e+01
7.610110092678326943e+00,1.261690145820703934e+00
-1.056425026335206319e+01,-1.000697996853017813e+01
6.564767504615631744e+00,3.053442810632002402e+00
-6.063324293414104282e+00,4.112258815115557908e+00
