-1.547494939516179002e+00,1.705239458710923373e+01
-8.376702008968761604e+00,-1.647950058001457307e+01
-4.246771853563306998e+00,-9.477551349381617030e+00
1.491064937215666042e+01,2.172758440681695546e+00
4.505270772771722498e+00,-3.703645986930910183e+00
7.515701062748378902e+00,2.648660264175577428e+00
-8.371041516838074514e+00,1.448838381853564350e+01
-9.202344214917690834e+00,1.257456746611774001e+01
1.054194538660384950e+01,-8.202411520680024992e+00
1.545629585553997210e+01,-2.723336894194418267e+00
-8.315928181683240439e+00,1.519609623207722193e-01
1.207545549811872787e+00,5.278761354033393971e+00
-2.683367976276805678e+00,1.478885334348794878e+01
-3.420013866294550731e+00,-3.283112809105661611e+00
9.231552264193476631e+00,-1.033075590782772224e+01
9.039491950135749576e+00,-7.044982249547329545e+00
1.036251135049166372e+01,9.113016881189448526e+00
-3.135801977501575522e+00,-8.117947204671768446e+00
-2.117183151381403228e+00,7.664517421548024068e+00
-5.318837715818021117e+00,1.653643058740843053e+00
-1.227973346104137242e+01,6.058383753920135284e+00
1.423805910033932420e+01,-1.253198262847547895e+01
2.756082481737198275e+00,-6.696105527887579179e+00
-1.392066103190656001e+01,2.975680101478867190e+00
8.289271113575889111e-03,2.233153518748022481e+00
-8.994887412598967513e-01,-7.091225664033467879e+00
1.636482265759201837e+01,3.416104832886992959e+00
-4.819814659227808384e+00,-1.111795041802662587e-01
-6.820264129166657696e+00,-1.402586511628016375e+01
-1.137251904423880866e+01,1.342893736268405469e+00
9.234978810377020508e+00,5.171644634723568501e+00
8.056948210942399768e+00,-2.826102517972365558e+00
-8.572543100341505351e+00,8.797965062058434427e+00
2.380406244361894963e+00,-5.456629459171327134e-01
1.388701582326980777e+01,-6.731451844522412742e+00
-6.998152260780148737e+00,1.567922842378814963e+01
-6.356588938247225151e+00,-8.778464017034941946e+00
-6.133766814839158421e+00,6.204187966374495211e+00
5.456846798676884269e+00,-1.454585853787746252e+01
3.775702001011861153e+00,9.676201538981146655e+00
-1.325936317722007818e+00,1.175005646387068481e+01
5.858159788848785077e+00,5.843267082351207620e+00
-7.760324977039263494e+00,5.440800361115816663e+00
-4.852874949359200052e+00,1.000155187403199264e+01
-5.687689817645789958e+00,-1.053588927476432602e+01
9.348079646113884866e-01,-1.370418016714198650e+01
-1.799903247783773708e+01,4.546073372176135052e+00
-4.679824613356579732e+00,5.220550436912057002e+00
4.831562381333091155e-02,-8.958062820863226250e+00
-1.522757759415615730e+01,4.221803200400635170e+00
-1.487593615396578528e+01,-9.871473590300865908e+00
-3.889648987872252217e+00,-1.349035928086282077e+01
1.396133066759904651e+01,-8.528065446902010294e+00
2.694945080502223700e+00,6.279067658078020031e+00
1.613214332236603710e+01,-5.549756203596710513e+00
1.402772447559080504e+01,5.944504178576852649e-01
-8.557554232202303268e+00,-1.164698169324012333e+01
-6.961951876767203728e+00,-4.157290148493357762e+00
-6.125343077645703183e+00,8.057972164041130370e+00
5.322373909847198270e+00,1.068985035107241899e+01
-1.160425369013655583e+01,-3.029364634640619336e+00
-4.234269027812681330e+00,1.379819129771015263e+01
2.901582623485225998e-01,-1.537925318362490401e+01
6.234432434047494809e+00,-3.132986257614676529e+00
-7.677618545425467289e+00,7.205360456493421495e+00
1.764777944102166041e+00,-3.893274797908240270e+00
-5.046794021491485260e-01,-5.353992261422685139e+00
-1.494039806563153228e+01,-1.167198806435264302e+01
5.961947038570014179e+00,1.827159485865453847e+00
5.760580132124995534e-02,1.053219419498071119e+01
5.097295361110924183e+00,-1.719973628856202641e+00
-5.952790253591152769e+00,1.425728030050147943e+01
1.231525175243031889e+01,-7.835750732048111011e+00
6.612210504010444190e+00,7.560954344721937836e+00
1.237909921946685010e+01,1.348948887518482964e+00
3.268566010322132787e+00,3.644602752096566256e+00
1.087557553730176485e+00,8.002362928144759469e-01
1.084984719676538489e+01,3.959065113730765972e+00
-1.444877721390253056e+00,-1.720334353051301335e+01
-1.573673622465543787e+01,2.423943034589178591e+00
-3.101954607508365491e+00,-1.553601129486439358e+00
1.271515666946416712e+00,-5.708628413889216269e+00
-4.759938233967636378e+00,3.412768679788551918e+00
-1.007671911646146690e+01,1.098796806153907646e+01
-1.340400217424441465e+01,-3.874924421880898695e+00
7.481553989479522215e+00,-6.038478644093175696e+00
-3.129758462070983072e+00,6.184010498801191247e+00
-1.518736999842847268e+01,9.776879474680510995e+00
-1.856176662635714791e+00,2.985644070094864766e+00
1.261844256094119743e+01,4.291230774920165913e+00
-3.125617784433754931e+00,3.243529820277852305e-01
1.349356866658088094e+01,1.113240058750826300e+01
-5.508187160397611137e+00,-5.927493596424577404e+00
1.702092523351416986e+01,-7.199448078587820987e+00
6.422325619987691248e+00,-9.512317929503478098e+00
1.302681885745104395e+01,-5.160868878672999926e+00
-3.464387525650544308e+00,8.829246997337429903e+00
4.928843011891028247e+00,-8.534950426678989288e+00
-1.645853102338276530e+00,5.179145044945609122e+00
7.437835326853396545e+00,7.528279544634099985e-01
1.314437655263346194e+01,-1.015131191337297878e+01
2.459306121849742066e+00,1.987790282669001263e+00
7.591831899206154866e+00,-1.108095740641360649e+01
-3.021202074581091690e+00,1.062101713696707606e+01
-1.873222085752350052e+00,-9.494243153961958726e+00
4.353568491914733940e+00,-1.603933170853450108e+01
-4.665883367029223905e+00,1.180936785564564317e+01
-2.069128958219744963e+00,-1.394712568036817935e+01
-6.326117981938038426e+00,-1.627207439554424084e+01
-1.201191041400701920e+01,-6.715232083109151873e+00
-6.848540899591127662e+00,-1.226606684984022699e+01
2.398910025642869481e+00,-8.502974803351914801e+00
-1.034361898957996040e+01,9.219481075484932120e+00
-1.299850285516997772e+01,7.707399867839557217e+00
1.057764080091442871e+01,1.333700361278631874e+01
1.535614691391889863e+01,-9.219947921331401730e-01
9.741329644261561782e+00,-3.320197769374004793e+00
-1.471689322565849878e+01,1.148209745223523726e+01
1.157334730955567004e+01,7.655072644436514473e+00
9.142706836996195463e+00,3.356007357807726965e+00
7.342256272661871641e+00,1.190187664206078821e+01
-1.627893577673720671e+01,8.396639460132966803e+00
-1.177461442991650387e+01,1.036454285681640819e+01
1.260734951541154025e+01,-1.183266212653043858e+01
-3.170972207388150554e+00,4.183575806663704100e+00
2.335450197388519555e+00,1.703286251153514996e+01
1.072294203724446682e+01,2.182417209587533602e+00
1.254363372239219121e+00,7.343223826342597960e+00
1.115468762393296487e+01,-6.504668497725472953e+00
6.094974719249557360e+00,1.642055616648521266e+01
9.645695716620828364e+00,6.934212278575973443e+00
9.031916464714388582e+00,1.101091283705828161e+01
1.190173305321639230e+00,9.116349795822960900e+00
-1.418217958073509521e+01,-8.180455456880190823e+00
-2.363202488638394549e-01,6.330826992768558981e+00
-8.720261489560340307e-01,1.540484028750508827e+01
1.181486176890165218e+01,1.050359508313748691e+01
1.037025834429721272e+01,2.677528962147740152e-02
-1.480974822775913147e+01,6.383913380994370890e+00
-1.525268266687687779e+00,1.212473893288507076e+00
-1.528184225368360316e+01,-4.756905622031311509e+00
7.090198620822266484e+00,-1.519465349995286907e+01
4.213245998659062685e+00,2.058238465310983312e+00
1.398483155478983342e+01,1.285709664544238251e+01
-5.191107869375739092e+00,-3.785694457879384967e+00
5.176263198084484429e+00,1.483383623484002811e+01
-2.594094418776625166e-01,3.970128404330890870e+00
-1.147546602942544780e+01,-1.063784969014726478e+01
-5.405680280439602997e-02,-3.579733954567405174e+00
-4.818522934651070067e+00,-2.006606751036172032e+00
4.445599634455920324e+00,7.242244726777308017e+00
5.630534540984674763e+00,1.278632696948543490e+01
-1.845189749942464541e+00,-1.156710229613736729e+01
1.645274689333043661e+00,-1.013715974288675881e+01
1.289183777918730023e+01,8.935041008673330509e+00
2.633651336662743425e+00,-1.326477119684985873e+01
5.330529838204657977e+00,8.815389197283140632e+00
-7.159217208898091656e+00,1.549497576120047349e+00
-6.570387097102615925e+00,-4.985578857267574659e-01
-1.124696992338286883e+01,-1.155709946635352425e+00
-4.549115525516067571e+00,7.295966767689757049e+00
-4.881604162510558176e+00,-7.703593444868960916e+00
-1.039585979881627509e+01,2.852420443073854894e+00
3.582845828803167265e+00,-9.813027844277803169e+00
-1.316387155900082462e+01,1.362758704923485276e+00
7.839863687703823913e+00,-8.354351615792603880e+00
-1.515114751350256084e+00,-5.914962574251539928e-01
-1.554830690984997377e+00,9.448732820035955271e+00
3.205761436110665663e+00,-4.925871125814993867e+00
-1.056969646413887176e+01,-8.492092085211769614e+00
1.446304810945411035e+01,3.941866528227254474e+00
-9.239499936070847852e+00,4.250031437651783150e+00
1.099246642075675595e+01,5.752045195655695942e+00
2.998251244298195228e+00,-1.152658698703037743e+01
9.474285007100115008e-01,-7.446448908842120851e+00
-9.408468646888994869e+00,-1.292306489104227296e+00
-7.670490322155723462e+00,3.252033989312771656e+00
-1.212997006891747276e+01,3.219526107214544908e+00
-3.945583709544818518e+00,-5.121926871690719807e+00
-9.684521048331188098e+00,-1.012268018783245971e+01
-1.653479611228680368e-01,-1.075514660057462990e+01
5.697795595661187207e+00,1.934553712971726893e-03
1.457418184961269958e+00,3.450903274076983163e+00
9.685117939582394087e+00,-1.385651961147700106e+01
2.249822344673584329e+00,1.056062933509518942e+01
1.276746711783124510e+01,6.174064840319305247e+00
1.534604240751547000e+00,-2.133884113484535661e+00
8.292644687204880682e+00,8.100991767292205381e+00
-1.068256981908026759e+01,5.263221328319581893e+00
1.571892756372244904e+00,1.537154797951565399e+01
-1.377594314148936938e+01,-1.304266950868190023e+01
1.531766130907799095e+01,1.122984261352685387e+01
-9.447864106112389138e+00,-7.004034234709716422e+00
1.457424440026094459e+01,9.560335001221476503e+00
3.433321276508885855e+00,-2.296957426941160563e+00
-8.353679905696829167e+00,1.058517113514672126e+01
-1.189535558140645044e+01,-4.913265497544940352e+00
7.702977109277359347e+00,6.077866120609985323e+00
-3.263901164147602341e+00,1.650189833704179776e+01
-7.422484845431887912e+00,1.295378289067298816e+01
1.241815555187355713e+01,1.365030067715536433e+01
-1.456170545048184772e+00,1.351067755895762623e+01
7.065345494478025401e+00,-1.291934833602628174e+00
7.101414800477187761e+00,9.474312284776495119e+00
3.971190767922506470e+00,2.807368751685191954e-01
-2.927642180326120780e+00,1.248913112439831430e+01
-4.026387563504922440e+00,1.814522179890447617e+01
3.408068183629291981e-01,1.398854853164060863e+01
1.839550195287727163e+01,2.992591571488637303e+00
9.123917289588439061e+00,-1.217303316581018890e+01
4.152535922863910045e+00,5.228850443798111591e+00
4.678410055726530459e+00,-6.085358523565739475e+00
1.457931252621304807e+01,-4.305437837913866694e+00
4.297454827063518223e-01,1.679321430889246258e+01
8.182720496115754472e+00,-1.689227278072754146e+01
8.713207581310797423e+00,-5.618250449463613183e-01
-1.684085982291369632e+00,-2.768236068511699788e+00
2.169303983751677656e+00,1.352469596693624965e+01
1.354142461137760911e+01,-1.536904678786532363e+00
1.085136117150241652e+01,-4.773211047684189801e+00
9.084860270863536869e+00,-5.204394208044408998e+00
1.607438239776699973e+01,7.773453944492476619e-01
-1.237535790341937059e+01,-8.486281124974592416e+00
-4.997049920507620868e+00,1.589655327124326689e+01
6.531868164577320002e+00,4.130378814239498375e+00
-6.423241383525109427e+00,1.149910580130410054e+01
-3.517607700742491961e+00,2.106244160666829845e+00
-2.521739119203494361e+00,-6.333498074698300506e+00
1.641736416788502240e+01,9.406092719294187887e+00
-6.565601995220252007e+00,-2.399844197796029643e+00
-1.343757414995407373e+01,9.488809327464348797e+00
-8.777408390078058176e+00,1.632321542929273051e+01
1.175900076388965232e+01,-1.070013581686088289e+00
6.097277902072561595e+00,-7.215105412510974148e+00
6.052406590870295311e+00,-4.927501641382203701e+00
-3.291464221022067371e-01,8.149506746240200883e+00
9.092021686922484136e+00,1.508881549606433392e+00
1.399363081656071373e+01,7.479675648082643846e+00
-1.318243263810738775e+01,-1.121078082119926478e+01
-1.008960355230788331e+01,-1.267313185321800795e+01
1.255513631201506497e+00,-1.192114508650103666e+01
-2.214468864426249350e+00,-4.567382135227155082e+00
-1.085609905494935923e+01,7.438809525355286389e+00
-7.376400358825012660e+00,-5.904457391098724806e+00
-1.649876153230960796e+01,-6.095766373774777591e+00
-8.742425809098426370e+00,-4.491497057070067633e+00
1.278278351513672639e+01,-3.159411308191863554e+00
-8.348959287433563858e+00,-2.749598981577574541e+00
-6.728531727444217125e+00,9.731268820513948370e+00
-9.285071021146929837e+00,6.440892112167660777e+00
6.929182467585252247e+00,1.414355231195259677e+01
-6.305285597170968259e+00,4.399316603146671945e+00
-1.660767701958858211e+01,1.444757129340701607e-01
-1.486099452053051984e+01,8.505127663619334033e-01
1.241519495486755220e+00,1.200637619674475509e+01
-2.014490940531328822e-01,-1.806059945650801524e+00
