1.267227315840456647e+01,1.341680152982601726e+01
-3.071699126081285591e+00,1.191155322673516004e+01
6.870751667171230537e+00,-7.504036048799550329e+00
-7.544015825961650989e+00,-1.664533566441336276e+01
-8.041402815350011224e+00,-1.194354720394089631e+00
-1.525670480666146744e+01,-1.131178295258641775e+01
-9.450469730643208166e+00,1.079325481611712156e+01
2.469488656867434795e+00,-5.919189259020139815e+00
-3.316859669626440965e+00,-6.811677375536611123e+00
-7.363671090696451670e-03,1.012175520531400608e+01
-6.240871250988971219e+00,-3.311559348191244645e+00
-4.307808325233172475e+00,1.056735040289367333e+01
-7.854912666525120990e+00,2.397045498676993791e+00
4.884740960576996471e+00,-2.724343544138784434e+00
-7.745810972788326865e+00,-9.389533193030336733e+00
1.670105564359629424e+00,-4.330174726293369858e+00
-7.352175423526633224e+00,1.387378371173362979e+01
1.405739116596719818e+01,2.077204755749675058e-01
2.273527130586547429e+00,1.816305095424023186e+00
-7.456270108987385292e+00,-6.758147045023547683e+00
4.586066292691371338e+00,-1.102812058985912991e+01
3.311298653740367026e+00,-8.042712248088985660e+00
-5.585112918037180130e+00,1.809460347154374560e+01
-1.644245910345468786e+01,-1.155774528669573309e+00
1.793572595797180469e+01,-6.203310243734635243e+00
-3.629244205950983293e+00,1.996665484866587681e-01
6.872858380587977045e+00,-1.041334694198451061e+01
-2.265492434116963327e+00,1.571493490602134635e+01
7.884376672448097700e+00,2.784864558925594480e+00
3.503734544307070653e+00,-4.009443350688460583e+00
-1.234254230106409267e+01,-8.780027928195716314e+00
-1.083806719278793196e+01,-1.559009845576446196e+01
-4.141224450243824684e+00,-8.423344082639777852e+00
1.381217762210068400e+01,2.458396561334655228e+00
9.850073985029370149e+00,4.796039515835399669e+00
1.050565463281327538e+01,6.444286773485521813e+00
2.808883643279211362e-01,-3.068493784109111555e+00
-3.348124994592731163e+00,-1.734235374951089881e+01
-1.383412414630813103e+01,7.236502016612269550e-01
9.758911394594166566e+00,-4.045438222727697486e+00
-1.421114710308121332e+01,-1.155761615123411135e+00
9.312359254242082329e+00,-1.027158351131657810e+01
-1.204551145448371052e+01,1.364684079633274116e+01
-1.485608173851610303e+01,2.168589623776163489e+00
-1.326627708298898689e+01,-1.086427881258438966e+01
-9.608606369341819331e+00,-5.742404311618378721e+00
-4.742071625275317892e+00,-1.016955487396164415e+01
6.616888615361974146e+00,-5.747625489850334723e+00
2.404876712361238678e+00,1.522964102561716615e+01
1.425633886740298628e+01,1.253048130566944174e+01
4.246748969203408275e-01,1.817225269506692698e+01
-4.657379947859276115e+00,-4.204774930108547082e+00
-9.689108283608719674e+00,-5.034531297926861937e-01
-2.670542373165015082e+00,-9.519235268095705749e+00
-1.138117486130064471e+01,-1.390057397314157583e+01
1.099732208907255204e+00,4.460211954048396876e+00
1.792672070850208854e+00,1.032652600120836794e+01
1.164913031409549937e+00,6.228369681169487748e+00
1.210587375868773519e+00,1.382860398742870700e+01
-1.877135811437711510e+01,-2.335966931418446801e+00
1.150485496301727828e+01,-1.043919680719634924e+00
-9.816985471297765997e+00,-3.141308389157329461e+00
1.505826432973062090e+01,4.117084846375503204e+00
4.922501610611737632e+00,2.914610379472313273e+00
3.225094219471347778e-01,-5.487811556266603219e+00
5.339285911624672032e+00,-9.322168235170741113e+00
-3.302766524180792196e+00,-1.125160325604771749e+01
-1.799509771634025812e+00,6.540612024609877118e+00
-5.159094903488402828e+00,-6.898516779319534997e+00
-6.975715206462649309e-01,1.665404072789628742e+01
-1.234056063196090669e+01,-1.241946331389947034e+01
1.292942485702625888e+01,-5.300095510719530445e+00
9.443179357647458971e+00,-1.373764181503415571e+01
2.691246946621953295e+00,7.270172138657484240e+00
2.512518520361751495e+00,-9.633690086958290877e+00
-9.137293747026735247e+00,1.183712269909721559e+00
1.231950031624946762e+00,8.419923842312995177e+00
-9.606537304309965108e+00,3.138597670485023361e+00
1.108836418197654439e+01,-1.459639306418460336e+01
8.766282476601116258e+00,-7.492600699321316782e-01
-5.991838966753736173e+00,9.988162897925661809e+00
1.319772286936104599e+01,4.254293010539613284e+00
-1.746963796520266854e+01,4.596297945221364145e+00
5.132515018257930883e+00,1.476686409218697626e+01
1.681007560765025133e+01,-4.768684062783762556e+00
-6.093509294418502087e+00,1.823304537959193228e+00
-1.210150516687994227e+00,-1.333414839696021836e+01
-1.117350727504436314e+01,6.317968736946162345e+00
2.620818535043116349e+00,3.589131302562877490e+00
-2.898681173495892605e+00,-1.411056743629839128e+00
-1.358688274521778183e+01,5.410559102953903299e+00
-8.036547919433658649e+00,-1.353582242996569285e+01
-1.096143972556851942e+01,-7.381131625781981676e+00
1.137714283835819273e+01,-3.295377639500418177e+00
1.048334223553476896e+01,8.598719096695095487e+00
-1.737341486326569040e+01,-7.640396713198934542e+00
-7.962155241542466122e+00,1.190806896831402817e+01
-5.416539512922653010e+00,1.884181468586887398e-01
-1.364999119237757341e+01,1.235986473377861117e+01
1.484821915617434307e+01,-1.501237586131635382e+00
1.543106640177464151e+01,-7.748630990009901076e+00
9.859168091236510278e+00,1.488276474370655578e+01
2.965797756575367927e+00,9.021239315561460970e+00
7.624444441155844743e+00,1.739626209921408062e+01
-7.986933251111444143e+00,-4.969531231012764394e+00
-3.595827334941660958e+00,6.490816620090689604e+00
7.423788173908517862e+00,8.716579594159080457e+00
-1.286956115823780955e+01,7.033412536790365266e+00
-1.635106046984219219e+01,-9.158365780128956857e+00
5.597070176773821792e+00,1.024887728334755366e+01
-7.720386414295149491e-01,-9.427278340433710824e+00
-1.616812089717140211e+01,3.365679818462239847e+00
-1.152103890529731878e+01,1.035231506009786173e+01
7.286833264267563948e+00,1.326972493238328887e+01
6.234074892207553731e+00,7.411977496504478680e+00
8.947477920826701236e+00,-6.698766763055182594e+00
9.701401882050721071e+00,2.905606136989792088e+00
-1.681129831991570844e+00,1.385459022993165767e+01
1.610551833911686881e+00,-7.603911418249387211e+00
-5.672825678547257056e+00,3.577067474718253592e+00
7.009800910086766201e+00,-2.209126636216360573e-01
3.157998677147297872e-01,-1.651203255534758085e+01
-7.452803891502643552e+00,5.993220968333045073e-01
-7.325292861608288852e+00,4.207273229611944387e+00
1.151249533089469956e+01,1.186801912123215352e+01
1.061404887040222000e+01,-8.458988752003806511e+00
-2.532581358724733445e+00,-1.561187960441238154e+01
1.004547374742967847e+01,-2.145131530625507210e+00
1.154235723616950970e+01,3.043865853246586983e+00
4.611268595186949426e+00,1.111144160085148380e+00
1.000307360977058480e+01,6.776146745895016421e-01
-2.114507765965706887e-01,7.342902929465680906e+00
1.168267418357829790e+01,1.246326813208433526e+00
1.207636301743447760e+01,-1.177623087678413505e+01
-1.685653309839554126e+01,-2.900699491406818709e+00
-1.637720700326300294e-01,-1.334220164899791339e+00
-5.272717342197571488e-01,5.180097516245819378e+00
8.219473682334651699e+00,-4.953572215665315248e+00
-1.403388308719611643e+01,-6.191756951654497243e+00
-9.615175402740675281e+00,1.638416209178494043e+01
-1.692993830708055114e+01,6.342718186254518997e+00
6.448830014725697168e+00,3.869798113593713840e+00
1.151013375214630763e+01,1.006906734042918927e+01
8.041308283274080537e+00,4.616370435632324742e+00
1.118232321049796063e+01,-1.020698914283079617e+01
-2.885647008815890313e+00,9.433105280194995501e+00
2.784978579248285513e+00,5.390406568579012792e+00
-1.373883079004701457e+01,3.604170693544718418e+00
-1.503453270969688127e+01,-2.788204993914972007e+00
-4.706589443500831749e+00,8.679896497806781852e+00
-6.406916948429770109e+00,-8.229862536667370776e+00
1.189157651782245084e+00,-1.193116889831395611e+01
1.548621571611632275e+00,-7.467378342240572620e-01
-1.042696296716801418e+00,-4.330327208479977763e+00
-1.287526913732693679e+00,3.346346523598161760e+00
1.646839432185815966e+01,5.306096658293681934e+00
-8.545236340544771991e+00,5.605759140585682587e+00
-7.761138472169681890e+00,9.895899578173127153e+00
1.779417300797771517e+01,6.639262797593827869e+00
-4.752184243570401811e+00,-1.356265609922635385e+01
4.227583338155172399e+00,-5.983824310133349478e+00
-1.101577888895482182e+01,-1.720976926693677189e+00
8.251978075571253513e+00,1.056505726469026074e+00
-1.816413848401511189e+01,-4.195427822596751177e+00
4.649433549111399167e+00,8.274566610443141457e+00
6.931697663453752156e+00,-3.718219346617075427e+00
-4.406909712731690298e+00,-1.559482763928832050e+01
-1.021734431236409968e+01,4.811647301018398437e+00
-6.269835866663755475e+00,-1.477084553306116099e+00
-8.019802648187825511e+00,-3.166360769295445632e+00
1.723416960631109873e+01,-7.911812002282188949e+00
-6.240809327432381259e+00,-5.195685127194782815e+00
-1.894468228957819989e+01,8.682803737315204773e-02
-1.964894114320527629e+00,1.858637550968945362e+01
4.383933714746047983e+00,4.639249880857278185e+00
-1.956182301249084765e-01,1.493189583175893809e+01
9.308831442419984725e+00,1.039800629720419600e+01
-7.046864515138663521e+00,6.566975419708704464e+00
-9.145852014965830890e+00,-7.507407216042394360e+00
1.051354463623038882e+01,-5.825277868274440607e+00
-6.787692601910775281e+00,8.353676287215405338e+00
1.473472239972648623e+01,-5.077344357363655192e+00
-3.460977042726144148e+00,3.453923296685940780e+00
-4.523577322920369070e+00,4.962522613961251494e+00
5.097312816263915636e+00,-7.558978186840915825e+00
7.094404957607656215e+00,1.505763888386153937e+01
8.181801827778395264e+00,-1.512404199639685132e+01
1.172612086008138377e+01,1.494844806760731259e+01
7.678676929575074084e+00,6.348752880844584112e+00
7.917230595292781281e+00,1.157554049580814848e+01
-7.903466712946120687e+00,-1.177698990961254388e+01
2.043424993792672950e+00,-2.596411759193562041e+00
-1.541404765098777441e+00,-6.107708156068846428e+00
6.203720078070306343e+00,-1.205372485236873636e+01
6.505803357261979336e+00,-1.929473253283417788e+00
-1.026110136726245159e+01,9.067554822517777779e+00
9.266079125293764207e+00,-1.654753619278928412e+01
5.355147409411665116e+00,-4.526749668840200691e+00
-9.506211185481074466e+00,7.125735368100863276e+00
1.006366255987682656e+01,-1.201919789092594115e+01
3.774448887234880701e+00,1.078011334199645255e+01
8.232927738055783040e-01,-1.015502888375144153e+01
-1.093388804805278625e+01,1.738847487881588494e+00
3.570088005911323137e+00,-1.548502884288246451e+00
-1.633925679386837027e-01,-7.248397891145669014e+00
-1.800657437831650887e+00,-7.896077469879794641e+00
5.928317694783273417e+00,1.645186587586573168e+01
-2.364055754516074970e+00,4.847514235427015983e+00
1.877401439410826356e+01,2.905117398762308234e+00
-8.210895965208283576e-01,-1.508514564735488150e+01
1.713367724699592998e+01,3.640065526543751151e+00
-3.139975575000369279e+00,-3.266414966978381962e+00
5.968890917908359128e+00,5.566867666639933709e+00
1.494602115460164882e+01,-1.001384876720695338e+01
6.380594275765538725e+00,1.436638558204283322e+00
-5.593654669567711402e+00,1.350120785504000764e+01
-1.267868062157389097e+01,2.135188307378067751e+00
8.321542389464186229e+00,-2.534703664879102369e+00
9.000873905563993915e+00,7.576917434325732614e+00
2.851010851492729703e+00,-1.136938835388147950e+01
1.518352751790889421e+01,8.692059582467621226e+00
-6.466988475810726555e+00,-1.062279736862318913e+01
4.063220518794556368e-01,2.752590150923248213e+00
-1.575587656867597630e+01,-6.889805590848943062e+00
5.161349070912011783e+00,1.808190255282237757e+01
1.465964120094929868e+01,6.017548992866952773e+00
-3.768009699126751766e+00,1.826596202102311750e+01
-1.167102899500709512e+01,-3.369674821489204053e+00
1.610390777598327006e+01,7.157252375990678317e+00
-1.571387029499998089e+00,-2.138829803143936503e-01
9.820680067525980661e+00,1.244350450503603867e+01
-8.780188967789511745e-01,-1.891574064562884772e+01
1.392918242132471285e+01,-3.305136969557552540e+00
-1.242483101889021668e+01,8.749110474806997217e+00
-4.276925053292259804e+00,1.849126997707489783e+00
5.193347157743774645e+00,-1.365185838102729221e+01
1.297647760003417972e+01,9.033205916556058312e+00
-7.220887301267732150e-01,-1.123805625750432036e+01
-1.560629432644726755e+01,4.574969774320207239e-01
-1.698760123900119012e+01,-5.518543410884847233e+00
3.054605321424769482e+00,1.922128885586036895e-01
3.702950497551679376e+00,1.362126286425456989e+01
-1.459081342018906291e+01,-9.620313513390660987e+00
5.453195475706605677e+00,1.301197953801231399e+01
1.192166875426253325e+00,1.198345478434508848e+01
-5.337320116725884134e+00,7.025216212485870138e+00
-1.398364292470530046e+01,-7.970896656427895799e+00
1.227697469442764522e+01,-7.568545676039355463e+00
-1.685447938753097397e+00,1.077353942240829632e+01
-3.051255240003084346e+00,-5.015789408770004343e+00
7.951751312335870736e+00,-8.999242707827219689e+00
-4.647011732780526927e+00,-2.194199853493379759e+00
-1.463243772501507944e+00,-2.608645720010978053e+00
-9.573785333470954395e-01,1.494420741048393175e+00
9.228922020994096087e+00,1.656257472234750239e+01
4.265476344674632436e+00,6.427590196422089619e+00
