1.021946027404259105e+01,1.699746577833222139e+00
-1.890646252927437487e+01,1.699847916802435632e+00
-1.711003654409853780e+01,-8.253385713721575812e+00
1.818274764579012626e+01,3.132012064349525282e+00
1.435164735987777362e+01,-8.186930096964646353e-01
5.313051371200172568e+00,-1.288804785764259542e+01
2.831601846736496952e+00,2.194300049180719636e+00
-9.295980598803089023e+00,5.985508114442040117e+00
2.330935054748799029e+00,-1.953647474956732299e+00
8.326758084542959182e+00,-9.432279628412892691e+00
-7.048926506974972028e+00,3.473467309069775855e+00
-1.417909645959549891e+01,-1.191246022750950484e+00
1.799060399079738914e+00,-9.569926148177016145e+00
-1.127412223943354341e+01,1.107707026023948238e+01
-8.423904249200290906e+00,1.319196909701224563e+01
1.162395087916383218e+01,1.033711048054438564e+01
1.731919863432027640e+01,4.690312979592481391e+00
-4.592311454559390604e+00,7.064860530037521125e-01
3.886123000027074781e+00,-1.014615986049477447e+00
9.941289283474565863e-01,-1.572510620265501835e+01
-6.146039404096295122e+00,7.272625014167801716e+00
-7.668648573171400251e+00,1.152366096352558422e+01
1.793763097351944502e+00,1.891513716446640814e+01
-5.799634392873518784e+00,-8.596044704986880447e+00
-1.482518961015527559e+01,3.315736239625369119e+00
9.509513808120821921e+00,1.023624145761325366e+01
2.571836697262039007e+00,1.503140933055433237e+01
-8.095381070845748539e+00,-1.995995579947458243e+00
-8.830019857015781071e+00,-3.500608708203298836e-01
-1.195292087351480426e+01,-1.277937018658793278e+01
2.833843848139034005e+00,3.974426507505191886e+00
-6.183252817011339886e+00,1.263842787474369977e+01
4.041617997046504485e+00,-8.580430398981384599e+00
-1.505020939922882484e+01,5.652470702637244493e+00
6.154210045859240807e-01,6.683404311452041391e+00
-1.180222626136029263e+01,-1.487176561752648496e+01
-7.822455164595917942e+00,7.954483540454732271e+00
-6.231380642060297070e+00,-1.665425390394580063e+01
1.959945653007115318e+00,1.708914961297063684e+01
-1.368284042474449969e+01,-1.314908618951808883e+01
-5.121403680892390398e+00,-6.643626483123505899e+00
1.656143094280881556e+01,7.700586066752684644e+00
6.386420602978435390e+00,3.274414602626372073e+00
1.566418515342324191e+01,-2.029842158720812861e+00
-2.001128913558597233e+00,1.057687776352048381e+01
3.605259423637170890e+00,1.332152807387320337e+01
-3.624820210722042191e+00,4.404612658625207011e+00
-1.519158257583263349e+01,-4.823091749669975670e+00
-1.037729019650194395e+01,4.511463292911368939e+00
1.025163929197021595e+00,1.138171482067157392e+01
-1.625703632345330663e+00,8.832751735114008795e+00
-1.603123228270511902e+01,-1.735374939080351675e+00
4.481717445806714828e+00,1.490347688842401297e+01
-7.347894019296664858e+00,-9.585873387826106651e+00
-2.856560170907148866e+00,1.354117777574318815e+01
-1.061176133918540998e+01,-6.276474119518951511e+00
6.022010537929507912e+00,1.078175977925736539e+01
1.182874301456606858e+01,8.571275267953391008e+00
7.232083374287116229e+00,-6.000999074107063791e+00
1.293462274381975918e+00,-1.395792371663607589e+01
-1.003029841968246183e+00,5.739275744712911909e+00
7.634950464511469193e+00,-1.564754700635180518e+00
7.142738134458380017e+00,-1.247045029754017342e+01
-1.709234479268403817e+01,-3.182542109736595126e+00
1.724849192502739825e+01,1.479768174241477663e+00
7.814460404272443483e+00,-3.394888410380693333e+00
-1.368122305590229715e+01,-1.045878397441289565e+01
2.389436814321334701e+00,-7.888223187058176933e+00
-5.614932632371359977e-01,2.864006087145092749e+00
1.199437460712816872e+01,-3.124576601960221023e+00
1.378292947133006230e+01,5.891975919849199883e+00
9.119913530580683769e+00,4.510220199515782902e+00
-4.040437061996753343e+00,2.452004807929198726e+00
-6.341048520191685078e+00,1.341416166743719107e-01
4.862099720353572074e+00,-1.025977348598499361e+01
-1.191122000317531615e+01,5.447097292184601258e+00
2.732989688643307602e+00,3.260012738798947485e-01
-1.041829780527837102e+01,-1.369632008989251304e+01
4.310928910158626337e+00,1.149483889631736755e+00
-1.296768615302941186e+00,-6.501983598113610929e-01
-4.796527009765595650e+00,-4.883853204265775183e+00
4.806813960845430778e+00,-1.467203050972959311e+01
-9.003590765824018405e+00,-7.139798347769600539e+00
1.212176569792959313e+01,6.536254955057754223e+00
-3.101094401591896421e+00,-3.772521596846540870e+00
7.613572869083403027e+00,1.719312662335460473e+01
7.749515765295727832e+00,1.035882407484587198e+01
-7.664543315956670710e+00,5.247644039227097323e+00
8.219614510662912821e+00,8.037142341222828890e+00
1.549833294851625354e+01,1.587643436798231944e+00
-2.098961406168554422e+00,-1.109462037012669278e+01
1.089807422540069481e+01,-8.717679382391839482e+00
2.701094188295036225e-01,1.637222337737342670e+01
6.719915601791104365e+00,-1.031787987036454446e+01
-1.640711952115947003e+00,-1.598998022572428290e+01
-1.187502390280106734e+00,1.415117770867191993e+01
9.401946951531366281e+00,-1.250406484073028679e+01
-3.525779979102880102e+00,8.912689313793157098e+00
9.333348099069629811e+00,-7.818846086256505679e+00
-9.336425889071428230e+00,-3.442139184252056339e+00
1.025397100904446290e+01,6.720662749486259635e+00
-3.817676648680564444e+00,6.251877490230755008e+00
1.219245566405218106e+01,-9.916033103602989840e+00
-5.772194572240457511e+00,-1.048506975680872877e+01
-1.470384133837202789e+01,-3.015663472109100685e+00
9.906085088371964886e+00,-1.029774430122678908e+01
-4.073024244792176951e+00,-8.045771647827175244e+00
-1.208498206200959402e+01,-1.277069593479542631e+00
5.236967090026457328e+00,7.764264028623419911e+00
1.213673809612580534e+00,-6.026582591071347750e-01
-5.265763175658182860e+00,3.728746702558016324e+00
2.285598985513010994e+00,-3.796175511922843082e+00
5.415056536607950832e+00,1.650256622736950263e+01
-2.687139349589076964e+00,-9.332799408869414393e+00
-1.592183091957982022e+01,4.552438498905282682e-02
1.789510905069592894e+01,6.376304223880907784e+00
7.108560101880280480e-02,8.356438850616807912e+00
3.183135525464173554e+00,-1.080882893913243947e+01
-7.190002918135985688e+00,-7.230527901881339758e+00
1.800690677856708533e+01,-3.123731527432514810e+00
5.529791969629862969e+00,4.879095934080615038e+00
9.297517326346754984e+00,1.386717995438733730e+01
-1.728560932243401682e+00,-5.087124516962296283e+00
3.881093801953990230e+00,5.514870674981658283e+00
-8.180616276683508659e+00,1.795182243893055807e+00
9.682622523153272098e+00,-3.435417529827264005e+00
-6.296882626181759868e+00,1.037443964547692588e+01
-2.224699113352148760e+00,7.112947331492374126e+00
-7.542060836076416308e+00,-3.843284135369927856e+00
-1.013270727019598283e+01,-1.867119889927526755e+00
-3.291592127379396882e+00,1.182779035694564129e+01
5.557850040550659010e+00,1.318476890313740135e+01
1.344355332497315025e+01,7.753058342378497336e+00
-1.072196317014726397e+01,-8.106591450035374180e+00
1.133301653880190507e+01,3.129971664430844402e+00
1.001482450848848593e+01,-6.151775930638089029e+00
4.412075908158706872e-01,-6.790426356788437978e+00
-8.918198473989914277e+00,-1.481220939959061411e+01
-8.567572155796431943e+00,9.984265275190180589e+00
-1.168224814259663447e+01,1.474905714629300757e+00
-9.605408317357358783e+00,8.158334210911373674e+00
5.890805911267433359e+00,-2.014601783023713732e+00
8.567363643837023091e+00,6.207439014849370551e+00
-1.348147085283613933e+01,4.636867507744351080e+00
8.238858629639238984e+00,-1.398267762638741196e+01
8.808579170455519858e+00,-1.570011522080963395e+01
3.287194037367288768e+00,-1.258040441327017334e+01
-1.781598989827144308e+01,3.113769052049748520e+00
-9.035809045660116112e+00,-9.007288725621293679e+00
-1.170711703822935590e+01,7.299519039981800184e+00
1.448963379536922425e+01,-5.775305623636542762e+00
-7.910378811230817098e-01,1.115401269125945394e+00
-9.482161745161155508e+00,1.162057310194995097e+01
1.737539346646972049e+01,-7.677868039248723520e+00
8.165597858479724636e+00,2.933097092806135731e+00
-8.542773378663820694e+00,-5.345826649777567496e+00
9.168395558220774788e+00,2.324644603586281666e-01
3.626596157045349322e+00,1.649753340483622566e+01
1.861540680386833957e+00,8.258793838667960685e+00
-7.110212254546693700e+00,-1.508386974299202166e+01
8.372937948622212467e-03,-1.914179386288816120e+00
3.131196306584753231e+00,1.049034233052876175e+01
-1.665722900243400417e+01,1.764284703428939949e+00
1.463492957292158891e+01,4.171002803637531287e+00
7.516577291894328994e+00,-7.768062109060600129e+00
1.740323459646100090e+01,-1.438453543563294135e+00
-1.038270973918957196e+01,-1.022013078444642886e+01
-1.200776063797165172e+01,-9.368111859495559912e+00
-1.700577755536927427e+01,-4.939812972459869833e+00
1.092256318776956547e+01,4.909064378853776667e+00
3.810007398834210690e+00,-4.799634376494261723e+00
1.236219193880209488e+01,-7.688606523531437809e+00
4.915447485936049188e-01,4.771885097958987743e+00
-1.036880266316431820e+00,-8.713174707014704978e+00
-1.305072529983537777e+01,-7.905244807359649961e+00
1.616345196646769367e+01,3.303494697169069738e+00
-2.137701751187813526e-01,1.013328579295796139e+01
-3.351573375450604519e+00,-5.996927197658309616e+00
6.679023518605260890e+00,8.908914347012176549e+00
1.332325177696973739e+01,-4.356227185099750265e+00
-1.413569888796207863e+01,7.351717817467144478e+00
-1.064152154709169906e+01,-9.578130198978823673e-02
-5.370382608383754253e+00,-1.478952814013261730e+01
1.208485790166511187e+01,1.353423212382746099e+00
1.413722916564227461e+01,-7.545650987312986224e+00
-1.310156409301679226e+01,1.098378630545113488e+01
1.057027919526108084e+00,1.266767540074490661e+00
8.658212025392392874e+00,-4.962076528649119744e+00
-6.540829439045467986e+00,-5.535576670490029549e+00
1.240464478625382405e+01,-5.892133419253737792e+00
-1.312877348095212504e+01,8.786805147549140216e+00
5.415638180037966265e+00,-5.533286839891596642e+00
1.443500329177724195e+00,-1.145588781982889515e+01
-1.764991079769069993e+00,-2.455673025694547373e+00
-1.311315816252891286e+00,1.226009820268929928e+01
1.126654024699858070e+01,-2.767411102812648016e-01
3.808439444749278202e+00,8.854183108634227750e+00
-1.083858554402868002e+01,-4.511322390640279956e+00
-1.641299568391563923e+01,4.178063508685424310e+00
-1.418346496601444251e+01,6.194180413367276206e-01
1.555865397025495689e+01,5.821914966522352408e+00
-1.538606295289346271e+01,-7.651473256659605759e+00
1.255132080589572485e+00,3.113399995979526658e+00
-1.397487269720993242e+00,-6.929423272838570291e+00
1.272931758033889871e+01,4.400237708154883798e+00
5.959641197138661362e+00,-8.654705151601795876e+00
1.575041635562318909e+01,-8.411164867675362089e+00
4.180741869719162729e+00,-6.794579381219903347e+00
-1.779861550597100717e+01,-6.625168828367693941e+00
-1.331690263690816600e+01,2.171118703565520835e+00
-1.003966527965671318e+01,2.111084256681114990e+00
-1.501965020292852238e+01,8.933194973460192756e+00
-5.315082402144550855e+00,8.845320067062994340e+00
1.610735746455737072e+01,-1.164425850610199820e-01
-5.802532512694582145e+00,5.438285417582771508e+00
-4.699823926162703280e+00,1.362534654128822709e+01
-1.180684981947222489e+01,-3.030661348644376307e+00
-5.802976426285108680e+00,-3.408958084893843221e+00
-1.237782232037750063e+01,-6.283824860571293414e+00
-3.875251951628646108e+00,-1.674281667335526791e+01
6.090872708769549781e+00,1.477147217034722404e+00
-8.829495461393001676e+00,3.532671795607153165e+00
-4.470479301646893333e+00,1.043803794671050333e+01
1.813894709096088187e+00,1.334522484829729727e+01
3.256903974769962407e+00,7.159703297875114281e+00
-1.834021601050114114e+01,4.881688673596504380e+00
6.030113927457245282e+00,-1.697596979128022809e+01
-6.256817036309145763e+00,-1.670052541764351473e+00
-8.602733768476030107e+00,-1.086218226837375234e+01
1.383095439974782082e+01,9.192030931182120224e-01
6.731472549161667374e+00,6.751671555749539699e+00
-6.677445610040222412e+00,-1.328677070126971849e+01
-3.121115931210499128e-01,-3.742635279164130413e+00
5.481992031723671666e+00,-3.739651776874409528e+00
3.933535181559223659e+00,-2.845839920905517850e+00
4.412829903885133298e+00,1.174331937302236106e+01
-6.482240862913357660e-01,-1.857871541148063699e+01
1.068532700482021092e+01,-1.946973350740733855e+00
5.510749878029178817e+00,-2.745980379189367770e-01
2.125951363734257527e+00,5.679156204041035494e+00
4.467467718717998082e+00,2.936943859403068569e+00
7.363481889661808388e+00,1.875610935232976673e-01
-2.559438452525485630e+00,1.426070736962440355e+00
1.005705467630025396e+01,8.480735251122741403e+00
1.349996313821260330e+01,2.673054536856076968e+00
7.098630527024932135e+00,1.228440889564528682e+01
-3.070162952512597965e+00,-3.274904946461297817e-01
-3.966593203139027413e+00,-1.856304136824478945e+01
2.477435419105789460e+00,-6.034348148199758732e+00
-2.291214412586059623e+00,3.216739172913460010e+00
1.105395449103113670e+01,-4.643919457344171775e+00
7.344782833788222831e+00,4.887205486697236978e+00
-4.313190420929750246e+00,-2.466895578661648436e+00
9.378409012992897642e-01,-5.012521500212276493e+00
9.271184948307609197e-02,-1.013992134600506745e+01
-1.418990429167945067e+01,-6.337668950585990224e+00
