-1.418398011983173745e+01,-2.761229859032648282e+00
1.841489617810561441e+01,4.667029025525031294e+00
8.910589266836776545e+00,-1.351767141449070486e+01
-9.138634260577163104e+00,5.295220132239760069e+00
1.275832540326346809e+01,1.395538654133986922e+00
-1.195795274680048870e+01,-5.648266529711263750e+00
7.790387506211441604e+00,-9.013357864974436140e+00
-2.475100477340583804e+00,5.285847232129976980e+00
8.455499282952890994e+00,5.774925493410624888e+00
-9.144008851955174322e+00,-1.227765194403813886e+01
-1.067814020458716584e+01,-1.531421439112789784e+01
-3.590991129898765788e+00,6.935808768951329917e+00
1.520805197836908818e+01,7.890227073420287951e+00
5.293458323021880574e+00,9.277518709331909363e+00
-2.401075165693452362e+00,-8.490456147955903532e+00
3.634465426841328117e+00,1.438572802513355953e+01
-3.983633560543680563e+00,4.586081692818266276e-01
-1.569949879652943103e+01,8.382926206809028002e+00
6.748040803956497413e+00,2.387406790284630986e+00
-7.568177774606997810e-01,-1.403100971438142075e+01
6.111534833284262724e+00,7.447745592725679487e+00
-3.880765117196474545e+00,-5.328248873897103444e+00
-4.366205111405514927e+00,1.521244019504143274e+01
5.365378411876488229e+00,-2.565323589174009822e+00
-5.386706947291477476e+00,7.188007396181131270e+00
2.608609966055759788e+00,7.215383470862841264e+00
-8.211444446163907784e+00,2.401398747852977689e+00
-3.158229603090967341e+00,-1.101293142609128584e+00
-6.916975261052796142e+00,-1.539499633700165759e+01
-6.444662824226106146e+00,2.244573869126238908e+00
-7.230733429663736445e+00,-1.305774431081948705e+01
-1.131390868870041722e+01,7.526027319499950963e+00
1.369909816294256544e+01,-1.002927332140472139e+01
-5.409189331507433529e+00,-4.458511591660799134e+00
-7.552374540385305757e+00,4.412651713725861846e+00
1.117722286603209270e+01,-1.745990928391010222e+00
3.797795829897820497e+00,4.289989220280731708e+00
9.197172599055621234e+00,3.637363750354319247e+00
1.527022406677431832e+01,-4.901497036009277330e+00
1.117906127339331768e+01,2.363098316229407914e+00
-1.219925559429382211e+01,-7.712847822647959539e+00
-1.341478614949272163e+01,3.050342481024966634e+00
-8.397309081651638252e+00,-1.438654627453864165e+01
-6.676957023116538714e+00,-8.380020854606387459e+00
-9.558570921422944622e+00,7.101366440277600667e+00
1.020912815561667664e+01,1.150974140325244477e+01
-7.969219455874486435e+00,-1.047910169999668639e+01
-1.197213453995275678e+01,4.313133806973217688e+00
-5.413136327057013197e+00,-7.123489514707634918e+00
-5.043411529106907487e+00,1.044363362795301597e+01
-1.686627168470591576e+00,3.264007279785761551e+00
1.021821214636770137e+01,-3.395390036964977210e+00
-2.042797134500434764e-02,6.460363086928388121e+00
1.390858513951937958e+01,9.443615490259750445e+00
-1.640732343696866025e+01,-7.020477433709623405e+00
5.309813755101465915e+00,-9.757359956894571695e+00
1.616174452050133326e+00,-5.865260683256398266e+00
-1.210336166420380000e+00,1.232497392696876970e+00
8.807397604669665370e+00,9.596607111039396898e+00
2.783739045874660256e+00,-7.212045224179512104e+00
3.589189823989461292e+00,-2.883957029993921228e+00
6.892479517356004948e+00,-1.052125135957693658e+01
-8.749314536556699551e+00,1.340755106812454045e+01
6.402438048205498777e-01,1.703114928056637822e+01
5.162014929425009058e+00,-8.112539009825033842e-01
1.056619212840670397e+00,-1.396942766948371606e+01
-1.482560383326411468e+01,1.187287370957002963e+01
-1.557993680880331588e+01,-9.732152826101826193e+00
-1.348993049348925943e+01,-4.518377330279555792e+00
-1.798985737789709205e+01,3.068109540162965665e+00
1.601178969327543111e+00,-2.651887583041510510e+00
5.672245157373128066e+00,-1.200224888161394610e+01
1.356654125078460105e+01,7.186704125921910880e+00
-2.462419347286554094e-01,1.539141354198858913e+01
4.353864009875899832e+00,7.780864446420419078e+00
-6.426260628359428573e+00,-1.146762609369837627e+01
3.857973914766604118e+00,-1.510306285586438158e+01
-4.800318865408326197e+00,1.227144836538609773e+01
-1.774952453822484344e+00,6.965492486011418016e+00
9.641493236341041051e-01,4.199723872304635286e+00
1.431566987505024358e+01,5.421927251971147221e+00
1.443996853854618223e+01,-6.439485784047016548e-01
1.454001458555967652e+01,1.149423550924175474e+00
1.407486091821610152e+01,-6.365673028852449455e+00
-1.352569200801344174e+01,-6.516063613637842700e+00
-2.904671532152310220e+00,-1.229658059915761825e+01
2.430230044347971852e+00,-4.280290941865064092e+00
-5.015369454674474259e-01,-1.129321297146153391e+01
4.728975291227007105e+00,-4.239040173607168782e+00
1.059249586436948221e+01,9.508295952981020704e+00
-2.501051473804723368e+00,1.246651953960716774e+01
1.093283473907500003e+01,-7.286713034352199081e+00
-7.414181266663947945e+00,1.696537382308205721e+01
-6.694158635807906599e+00,-1.727822644220222870e+01
1.230444238559202752e+01,-6.156599126073947659e+00
-2.853169922682500914e+00,1.425390593197861655e+01
4.017467352707203787e+00,-1.110168746055385824e+01
2.926411196945954529e+00,1.877018323105839315e+01
-3.694841190874266434e+00,-1.064127827814788496e+01
3.342850364777127936e+00,-1.010698743034373459e+00
4.840968779556230395e+00,-6.869739025324862247e+00
-1.873817776474398622e+00,-1.018955401407026429e+01
6.517813250786204549e+00,-4.428094175219674078e+00
-8.054862985759754235e-01,8.470056925420763605e+00
-1.419194977041110306e+01,1.454980634468800549e+00
-1.861983884491277763e+01,8.270698501064800423e-01
-3.577593955312031060e+00,-7.082290956543475069e+00
4.041629729829665507e-01,-9.566543374235502384e+00
-5.836167759989510095e+00,5.922016582604111568e-01
1.603205030900238626e+01,2.248139355183763843e+00
1.127923579626393291e+01,-1.086915148371854478e+01
2.119784100218363054e+00,-9.068205837879594000e+00
4.635617730468369224e+00,1.095187014443495954e+01
1.753093360508360732e+00,-1.647733925327159454e-01
1.094004127472925525e+01,1.317637643360101762e+01
4.142212321756036708e+00,1.699444735229383596e+01
-1.102259019766553649e+01,9.266784158042529640e+00
-7.899597101127453502e-01,4.803858682151968651e+00
-9.718037708651673379e-01,-1.579259314007094872e+01
2.381349054886659822e+00,3.145177282563045740e+00
-1.061408142041232594e+01,-1.339081831884301188e+01
1.374680671190018622e+01,-2.263476800222251395e+00
1.415623345934323707e+00,1.610103539637638415e+00
-5.573666971437256201e+00,-1.386617875540400924e+01
-1.277683754353478385e+01,8.626151770402602281e+00
8.358613686577397672e+00,1.139741194605379526e+01
-6.793090439387213131e+00,-1.012580824568223736e+00
6.973303935140312548e-01,9.785257707771487290e+00
1.187614118562528454e+01,6.413989182124077537e+00
-3.296793963620622936e+00,1.087322601417262646e+01
-1.453175535832559362e+01,-8.102050221434236477e+00
-8.914541024234949873e-01,1.159726122433878004e+01
1.188632687083800832e+01,-1.323382504028824691e+01
-2.876044418976044348e+00,1.961075685084339160e+00
-1.405703733291998070e+01,7.417959585208063089e+00
1.048639994892623939e+01,7.684302021898106183e+00
-1.554954822540891612e+01,-3.909308106927022131e+00
-1.617145090160000365e+01,3.115266377925032248e+00
-1.406553920424696713e+01,4.754724922772946449e+00
-1.858769187503541431e+01,-3.656079682198547065e+00
1.236342202429633552e+01,1.436513130082763467e+01
-3.474752318805362616e+00,3.710131203485029339e+00
8.720516961082022789e+00,-1.928819130542108962e+00
-1.730059835576728489e+00,1.001869206721064920e+01
-1.178629995327033164e+00,-4.407944555537071984e+00
-1.509991103570014204e+00,1.677979329137327724e+01
3.762465911772973626e-01,-1.335666717872749487e+00
-2.730660251776718006e+00,8.506779614936272438e+00
6.941329097867248166e+00,-9.612808890858456357e-01
9.398035854809813072e-01,7.999520808666785499e+00
-5.558126751669404619e+00,3.794099302439167154e+00
-4.819884817395606369e+00,-1.224955574008576420e+01
-1.056625989751594474e+01,-2.581290778914870465e+00
7.155395453764709757e+00,-2.716060156221278721e+00
-6.799334042875173623e+00,1.024653374505054337e+01
4.493008717480308611e+00,5.976807669835119796e+00
-9.647056482417406542e+00,1.055503846686419678e+01
-6.859414173030948803e-01,-1.764119970056334452e+01
4.882671316538929496e+00,-1.362401524478378079e+01
9.962352647355842805e+00,-5.185401628688271813e+00
1.221240853036272433e+01,1.030335842379649591e+01
-1.303778213769611227e+01,1.040462274432563561e+01
-4.945578098342503282e+00,-1.035772700435140026e+00
1.161183354695902992e+01,4.673966474439827046e+00
-7.615642937585172412e+00,5.881312981579112087e-01
-1.230650411452857185e+01,-1.160484967561877845e+01
-6.580776775514680210e+00,1.248236679058629051e+01
-8.659007533860009431e+00,-5.627661940967703558e+00
-4.676223065696132331e+00,2.281593097720501007e+00
1.117681812325660440e+00,-1.771355355342184623e+01
1.533401134164339830e+01,-3.027577908849222954e+00
-1.032705043096048492e+01,-6.386599635979535172e+00
1.761252232917836835e+01,3.063880615111979289e+00
-5.562132103852293952e+00,-9.894480789579676028e+00
1.652179616490599656e+01,4.505080775783014246e+00
1.364569317422558292e+01,-4.119071643772597824e+00
-8.496677569833305910e+00,-1.693040276099086228e+01
-6.439533452114699630e-01,1.836293814704247751e+01
-1.001872159012919106e+01,2.122790297694351125e+00
1.197991128909852598e+01,-3.447622666833196625e+00
-4.136088651501954594e+00,-8.848841795911186026e+00
1.324582329808785808e+01,3.129775857568349196e+00
1.598834906299882697e+01,6.192745612728071336e+00
-1.218106816131889936e+01,-1.350236991415431520e+00
6.321797974975409407e-01,-4.241047546867387830e+00
7.477276387877063613e+00,4.102453608017865072e+00
-7.542918412529567185e+00,6.523010070295305773e+00
8.262887828742751850e+00,-5.687081786992389532e+00
-5.087198970172280177e+00,-1.568345975754970922e+01
6.000603807676774260e+00,7.362286250321913306e-01
1.028330963294150102e+01,-1.231680009481666893e+01
1.121135452663671428e+00,1.896279907852405344e+01
9.297382370452881517e+00,-1.751806975421022761e-01
-1.448851178817971652e+00,-5.698347539387962346e-01
-8.228395579640063184e-01,-2.629522230279241590e+00
2.901878549440005894e+00,1.127373001786610018e+01
-7.143500932280537619e+00,1.514348548034725361e+01
-9.470016372309890684e+00,4.018234833145371554e-01
4.725686415522744710e+00,2.066540860565610149e+00
-1.513623619275892906e+01,-5.738760663716384158e+00
1.295218790023946731e+01,-1.164867574106776793e+01
7.791234852945652101e+00,7.660636792103102666e-01
1.549125282991490593e+01,-1.042103361045445276e+01
3.617695453784364190e+00,-5.609578397021828700e+00
-7.299984094427171222e+00,8.492067398552590518e+00
-8.062706611954178371e+00,1.146502562109456669e+01
-4.947756337946279004e+00,-1.760391251646990085e+01
-1.348844718399530018e-01,-5.887134309783315089e+00
-5.694622348789584620e+00,-2.620001757535125098e+00
-7.740016590092980708e-01,-7.637509825406939790e+00
1.810456550803164077e+01,3.040818969694636387e-01
8.139043989428841996e+00,-1.190385757709328551e+01
-9.121622318323330703e+00,8.863473266932830441e+00
3.402016205371978241e+00,8.054624957431736343e-01
-4.101147884181647107e+00,1.812376001291337957e+01
2.114409819489659004e+00,1.540412852419519574e+01
-1.096439877887592829e+01,5.777729054643445217e+00
9.804753421425761728e-03,2.683179081050546699e+00
6.527465740594233345e+00,-6.226809096374715580e+00
-1.200802855871988939e+01,-9.531503911971235254e+00
2.805506079285820409e+00,-1.350321167347640561e+01
1.248790478524788838e+01,1.216382341486558438e+01
9.014838431186527501e+00,1.416625183492572759e+01
-1.665472503068329502e+01,4.947854154869078869e+00
6.799117615450172458e+00,-1.357913900882447500e+01
6.143663041671484137e+00,-8.112963616691658331e+00
-2.442409040076128246e+00,1.882905432603287466e+01
6.727188157606891927e+00,1.211300121958856657e+01
1.218709557250613607e+01,8.450716080913908357e+00
6.197029496490542577e+00,5.430985972039658272e+00
-1.178377450948521243e+01,2.199623030093689202e+00
1.628979036680814829e+01,-6.393444297961151435e+00
1.121735497549241067e+01,-9.082133581927612553e+00
-7.002124126996397635e+00,-6.225002519248977961e+00
-1.065933257422946134e+01,-4.338436838570549625e+00
-1.526669190035671875e+01,6.129537821987000257e+00
5.891060106672581398e+00,-1.524495226276540905e+01
-1.065465065094381636e+01,-1.076349551474035060e+01
-1.024819294771106648e+01,3.891041128322161313e+00
-7.183816255275242035e+00,-4.448500183393256258e+00
9.045342672018624741e-01,1.402513675771117896e+01
3.839687409385227568e+00,-8.615637204671571681e+00
1.044697734546802925e+00,-7.628686930008343303e+00
-1.930415073712163920e+00,-6.133223358393739666e+00
-2.908494814068957712e+00,-3.722409114728893798e+00
6.798627686275693804e+00,1.568197999405457033e+01
-8.615115274192417516e+00,-1.194914837865755253e+00
-8.940854455153107949e+00,-3.762542414925021728e+00
1.108890149079082299e+01,5.233117320169772962e-02
-6.022925513456256930e+00,5.538485502652104486e+00
1.098637699386233235e+00,1.153918755689607778e+01
1.492414635284083602e+01,3.680155664069501231e+00
8.509012477857638146e+00,-3.907475025092862708e+00
-7.560853880027750051e+00,-2.648944051224370266e+00
2.313755201765083314e+00,5.391127968646244994e+00
5.515305559276509229e+00,3.742472294907736252e+00
