6.118186646407250073e+00,-1.556211030410850782e+01
3.289995334976274943e+00,1.816408013832559831e+01
1.550691374983281801e+00,9.446466788183201402e+00
-1.365312787065284539e+01,-5.943605648160796839e+00
-5.012975811634590606e+00,1.226751073179226381e+00
6.985891949058381734e+00,1.241951211349528705e+01
1.181830752758060221e+01,-1.111663416321944275e+01
-9.750614463913254149e-01,-7.691149580985081613e+00
-1.178418843566919882e+01,2.581141219463646941e+00
-1.537882250781321325e+01,-2.086134517269302435e+00
4.432003738380314140e+00,9.951043159792542170e+00
4.073814879544940259e-01,-3.585946607872635639e+00
6.378486258058992497e+00,-1.311713469298271662e+01
8.164315974885512084e-01,1.895275207939857154e+01
-1.176124569750528082e+01,7.401860704230083243e+00
-8.200051262427052734e+00,3.042651073458658040e+00
-7.484590103627755120e+00,-1.165317028135566524e+01
7.497252511001905040e-01,7.812620372076148456e+00
4.043004565492306135e+00,-5.678910986265486294e+00
6.259751538446508334e+00,1.624174431571254829e+01
1.280287836426992065e+01,-1.925840136257827462e+00
-1.724238644045017921e+01,7.981234856723603777e+00
-2.875072984550217203e+00,4.529077417335957811e+00
4.678376395368507801e+00,7.602844305778059031e+00
1.375339663760110298e+01,-1.143956821899335807e+01
2.585419372262740989e+00,4.993751339453286420e+00
-1.432335757962131595e+01,-7.631914640715042886e+00
-1.018676544463562372e+01,-6.183517604161925529e-01
8.740087593632026142e+00,-1.031613188049637131e+01
1.053493565003394039e+01,1.031027993951406652e+00
-5.788869054262175240e+00,-6.330867669278952725e+00
-8.273204077026788283e+00,1.120437384075713183e+01
1.159680079914003681e+00,6.061905155294065928e+00
1.422127829172086244e+01,5.262255215566034039e+00
-1.418983543222735300e+01,2.716926895647707063e+00
1.106793295341186933e+01,-1.284145191366788730e+01
-1.483751508071346770e+01,9.328955395304014075e+00
2.776903964986423556e+00,6.883596509726002566e+00
8.762080066651911636e+00,5.103818490031930999e+00
-4.705891397859863767e-01,-9.431838148191500792e+00
4.021816060936387771e+00,-9.359709395592776815e+00
5.585855960137429271e-02,-1.115147553437116379e+01
7.632459644389824049e+00,-2.181446404434110864e+00
-1.144378892907485579e+01,1.071596070172990522e+01
2.777328546626208983e+00,1.077695607021785307e+01
-4.323287474809995423e+00,1.192874722382321551e+01
1.853723384561709508e+01,7.392485912783693935e-01
5.551411891083946060e+00,-2.309736256663715182e+00
-5.083486740914570312e+00,-4.665487400119957329e+00
1.412889072533945267e+01,-3.004292202598380923e-01
1.099421770704618062e+01,1.334676576700876183e+01
6.104474605723355651e-01,1.391730551674808325e+01
-1.546974496580561009e+01,3.928002627579914918e+00
-1.466030124431200399e+00,-4.296925490434793993e+00
-1.884261765941138833e+01,-2.154305105307385393e+00
-1.254548454062685359e+01,-4.529524605597961440e+00
-1.822720567774999623e+01,3.221710711678976047e+00
3.728112102295930708e+00,3.601148082848647736e+00
6.820141845523989943e+00,-4.837628573566118639e+00
-2.369684410521640583e+00,-1.201474559016339505e+01
1.007249377972726911e+01,6.445996026152434943e+00
7.670943125967104592e+00,-1.176237531693273120e+01
-4.557044347486928437e+00,1.380635796859517228e+01
7.887211751257614090e+00,1.547227583041709309e+01
8.308382120680118277e+00,-3.868520198354635120e+00
1.251353322140388968e+01,-9.469371634322982345e+00
9.676063658933378164e+00,-7.772087743598427023e-01
1.173047312327917346e+01,1.494583721664930920e+01
-2.859224332616832509e+00,-2.674843780687349959e+00
-7.350695146105048039e+00,9.225686321320867300e-01
-3.276803284520479309e+00,8.965871226718488129e-01
9.538476390738841459e+00,-1.192361318382672764e+01
-1.289379020902334361e+01,3.950083720530130904e+00
-4.022954025900296493e+00,-6.090235965653402417e+00
-1.071612732833783532e+01,-4.155552316628229548e+00
-5.754726401054839346e-01,6.642089729198246140e+00
9.650155944636087391e-01,1.121412458724975636e+01
-7.348908391530700968e+00,-5.490062577736109617e+00
-3.519548929314637142e+00,1.688386927126213877e+01
1.501321654348136647e+01,1.801318354685857548e+00
-4.685716668489840586e+00,5.002763518246801766e+00
-1.364139892947598742e+00,3.113375521731751139e+00
9.792473540499610496e-02,-1.404429394777372053e+01
1.255256121586677942e+01,-6.763343089468546232e+00
1.161989915477442814e+01,7.630685413822888563e+00
-7.149203947650301316e+00,7.881000805636399598e+00
3.331670035856105549e+00,-4.001434799998306424e+00
-9.464527704644179806e+00,-1.225071388428480113e+01
-9.075574501227148261e+00,-4.898409880837423458e+00
4.446538539013872970e+00,-2.378501011649459540e-01
-6.789465018246122696e+00,-1.774491460018377609e+01
1.002415273370886872e+01,-4.327583021166917732e+00
3.209090465289132776e+00,8.685952604518478282e+00
-8.367797199541623598e+00,-6.502524929681264831e-01
-8.003035503091661340e+00,4.868366024638736356e+00
-1.303452700899069683e+01,1.342793150272917790e+00
5.763134668727153631e+00,-6.289568916528790687e+00
-6.525898635125232161e+00,6.029173779573654635e+00
2.035210654279135056e+00,-2.769099239964494252e+00
1.697080945693798970e+00,-4.821460732194744914e+00
-1.541754268733200739e+01,5.820624464732609304e+00
-1.085626319919112515e+00,-7.868178490604117448e-01
-6.539778858188038946e+00,1.262261420127937761e+01
5.902001416330422856e+00,-8.051612457068056727e+00
-8.199167061346046559e-01,8.676720927920936077e+00
-8.840954192024945257e+00,1.394402434681267522e+01
1.181446255200016182e+01,1.115437746744846059e+01
1.141982837627251790e+01,9.386816954994126050e+00
1.252833082790422603e+00,1.714290516415286092e+01
9.601507812084321358e+00,1.004991290689457628e+01
2.242205311951085633e+00,1.308782316430931303e+01
-3.778598665284288227e+00,6.549365924175579501e+00
1.183430795649567280e+01,-4.945478623650523708e+00
1.333064047578117695e+01,-3.718891683389094371e+00
-6.472181759872714935e+00,-1.591985650455745471e+01
-1.426654078046116148e+01,-3.803793178683467779e+00
-9.129219936706208571e+00,1.158718305121729575e+00
1.745660581135818390e+01,-6.352994408041088725e+00
-9.042270881676680361e+00,-1.054081616638951857e+01
3.896202782454399216e+00,1.225390555947348936e+01
-3.582242840002488382e+00,-1.331278871594882141e+01
1.697483821230478185e+01,-4.038013056743350759e+00
1.373643243920024126e+01,-5.440862033527636754e+00
-1.546165749408373102e+01,7.626649897384258914e+00
3.777408294744655670e+00,-2.286127113499879293e+00
2.711001547123733424e+00,-1.690192994443511409e+01
-7.136615376951190193e+00,-3.733847184979788292e+00
2.523847247015876816e-01,-5.983975208232485521e+00
-1.134978948261822218e+01,-5.826451234529210765e+00
-1.105133039700469944e+00,-1.743054706155778888e+01
-6.866494442617800509e+00,-7.848842582423563030e+00
-5.438776104683416435e+00,-1.317266823526474084e+01
2.610146610210354545e+00,-8.302954290791532799e+00
1.425390840506375323e+00,-1.240516569406564784e+01
-4.473484989547106494e+00,-1.498808080357470374e+01
4.946518798401896788e+00,-1.420907757434400231e+01
-9.276055676964940488e+00,-1.403138228088522510e+01
-8.548489483714689641e+00,-2.633957110718972761e+00
1.467913561895069918e+01,-2.025860524515132433e+00
1.256282764951978415e+01,6.095004225839417700e+00
1.319314477863337309e+01,8.896723294757197920e+00
-1.109566137176814138e+01,1.254022155813047767e+01
-1.037904356721015553e+00,-2.561123098355825078e+00
-9.920117367941699626e+00,-1.579045610578358350e+01
2.086514815297755288e+00,2.942005073060169451e+00
-7.654752673436489019e-01,-1.571333232263483559e+01
9.958043332095734002e-01,-1.313472541649575831e+00
8.272341927386388960e+00,1.374132557961825718e+01
1.685629954583242096e+01,-8.398985104477404207e+00
1.079815800418278293e+00,9.064148111082062087e-01
-2.855543149495263222e+00,-7.474872063011820167e+00
-1.761745188060285239e+00,-1.384858143795977092e+01
-7.961111351947457448e-01,1.054680638157156913e+01
-3.741911816974040406e+00,8.422949984293632397e+00
8.075736523257259769e-01,-7.683516867995324517e+00
-5.882395849959215717e+00,1.094575271331323485e+01
-2.229209791877635904e+00,-9.535072655685050691e+00
6.501413640960566731e+00,-7.284586694518396799e-01
5.898308764691895689e+00,9.843236501608234601e-01
8.852760828243578572e+00,3.265489014728077510e+00
5.082157343045459186e+00,-4.075845168703877697e+00
5.466352497887049466e+00,4.462098159807641906e+00
8.121689353260103772e+00,1.236782685791925490e-01
-5.353823703469519302e+00,7.437652516297705851e+00
1.320038216240853757e+01,1.418503181701196381e+00
-6.960378278985646539e+00,-1.719102580444741735e+00
-4.622549442325265545e+00,-7.762247558639473688e+00
4.215430709687649546e+00,-7.514534308932635298e+00
-1.100947396159266845e+00,1.263976873591534655e+00
8.367591098939113792e+00,1.130325355432239753e+01
-1.245922296711887078e+01,-7.331691117724984608e+00
9.583919432235463276e+00,-2.569721536291763364e+00
-8.477592101196782082e+00,-6.942090988203262647e+00
-5.815285724380963472e+00,9.189273612820228365e+00
-1.022272346262699294e+01,-7.232392395295618392e+00
7.023762227397444491e+00,3.535644756667625455e+00
1.053182633454286687e+01,-9.741017920239595895e+00
1.148618996484706756e+01,-7.396379720546853997e-01
6.129487599724019464e-01,4.297877951766996496e+00
5.459932914090811273e+00,1.139608649670878471e+01
-2.407725207756470365e+00,9.676790635108947214e+00
-4.549909106832146222e+00,-1.448003608507647977e+00
1.055495295546298351e+01,4.616986650385303648e+00
-1.349199999789954596e+01,1.047606293503355168e+01
1.368905047308723644e+00,-9.675837540067879772e+00
-1.004908883898246330e+01,-9.077885515843409081e+00
5.162756000435745563e+00,1.823971002615347459e+01
-5.697125612659833749e+00,-9.242307129349892847e+00
1.134987128667255085e+01,-2.986127293094502200e+00
3.047246092044032295e+00,-1.472737343765781048e+01
9.489229504336270438e+00,1.645880812435731855e+01
-1.157455149755013402e+01,-1.504987234614072023e+01
6.248130027742645254e+00,9.802968764731989637e+00
7.565289345190799430e+00,1.816684478814238668e+00
-3.335358916177675326e+00,-4.395056541611394252e+00
1.040791730154234074e+01,-6.147799951576788935e+00
9.892466848279863001e+00,8.194007749078808800e+00
-8.526191559839837453e+00,6.645144187125834101e+00
7.566419510316513275e+00,-1.452848173010362309e+01
8.709368492455402233e+00,-5.661148038466455645e+00
-8.228908890300946410e+00,-1.649544331260383245e+01
4.774113634807200413e+00,-1.231796007034611762e+01
-5.973790489579267060e+00,-2.592025288632912039e-01
-3.752655792465912299e+00,-1.065973387077569789e+01
-2.862426143667597511e+00,-8.680703802590736817e-01
5.678612257202366287e+00,-9.959656386680457274e+00
8.960402960078273082e+00,-1.617496975539016546e+01
-3.142077067500095744e+00,2.743381460074811429e+00
-2.211613374827094525e+00,7.451607824340068298e+00
-1.232936812609978539e+01,9.137597618950236367e+00
1.235363163611270210e+01,4.108169921816811510e+00
-4.847289517318506213e+00,3.254244655847534862e+00
-1.519825542574248800e+01,-6.043592327296522237e-02
4.346499231360657411e+00,-1.609046979949156153e+01
-1.263326556360574493e+01,1.387847790342105192e+01
1.514489102937299414e+01,-3.766714090308222573e+00
-1.714679278818166352e+01,4.604428962062852904e+00
3.112592976009677326e+00,-1.291834789272908779e+01
-1.282409778261579802e+01,-2.734226632367759979e+00
-1.095113718736493347e+01,9.917871721420654652e-01
-9.974293226164411053e+00,2.715681794786819925e+00
-1.362821263896872281e+01,5.626269816961791292e+00
1.011387908408983627e+01,1.174914498055305323e+01
9.260047362275329874e+00,-1.377456544134449956e+01
-9.807488061653659273e+00,4.586190884462537198e+00
7.385058816284387539e+00,-9.182593754713812118e+00
2.718200407590649181e+00,-7.267626113904144258e-01
-1.045397534115286353e+00,4.909657367823282215e+00
6.440315089898383860e+00,7.997516492177926040e+00
3.417181337436124178e+00,1.380775859138192230e+00
1.741429527885258066e+00,1.531240545736819136e+01
1.282236420335884830e+01,-1.305977090491247061e+01
-1.036222417642578542e+01,-2.429174095103277420e+00
-6.315915281570879003e+00,4.253967357976041974e+00
-6.456802511770614927e+00,2.451797286150590782e+00
2.403607329920406155e+00,-6.535710524438367308e+00
-5.566396590776755637e+00,-2.944397437914487270e+00
-1.100009232817716232e+01,-1.108256107889936359e+01
9.777919677665007470e+00,1.468397872978057705e+01
5.544924928476993919e+00,1.355900941580314090e+01
-4.213251779542733111e+00,1.014326915867589918e+01
3.157369397459969251e-01,2.522399140220417113e+00
-1.177474583125053442e+01,5.626424820387027737e+00
4.244164684536959165e+00,5.826843526689009956e+00
1.352035079421676933e+01,1.064448841488963815e+01
6.304281564861566878e+00,6.117016970773062390e+00
-1.189007086789593082e+01,-1.130719960147939185e+00
5.330924975778696506e+00,2.684411557556944494e+00
7.416953780915840788e+00,-6.904490858637954531e+00
-1.378889532137009688e+01,-1.202459253925255656e+00
-2.504681163534033139e+00,-1.550048354471356582e+01
1.058828000601047492e+01,2.815461408746486871e+00
-1.737744329761025330e+00,-6.036971003629169275e+00
1.413524069271687367e+01,3.405040241478887619e+00
3.358536506188850801e+00,-1.112894827670121956e+01
-1.358922982471311336e+01,7.521357256785050183e+00
