4.184799134480015503e+00,3.841034465033533518e+00
-1.371194380833715165e+01,-9.300397467757534065e-01
-3.243824617757324003e+00,-1.108433844571593418e+01
-5.098570340335183637e+00,-7.710071516374214617e+00
1.277101400522005115e+01,-1.406483366719948158e+01
-3.203819536522191758e+00,7.082199115213237306e+00
-8.624444868720892998e+00,-2.116313603940862986e+00
-1.206811517302322612e+00,1.547433917450375773e+01
-9.252003394641489464e+00,1.189197120572382360e+01
1.339978324377854690e+00,1.713316734020168397e+01
7.811927414510020817e+00,6.782827121057331432e+00
1.329746945204930775e+01,-9.026801733762459534e+00
2.692622875645246161e+00,-8.480129417047255203e+00
-7.626717065104432258e+00,5.310340059070836283e+00
-1.919720445733411607e+00,-1.726792114264799238e+01
6.003955965675778828e+00,5.261036516255379603e+00
-4.690589032580136042e+00,5.849725912090612212e+00
-6.805797057296818053e+00,-8.346264166994181721e+00
2.521534968120253239e+00,1.532138483538149210e+01
1.065154890296482826e+01,1.440036292242415250e+01
-5.079724164915150553e+00,9.415936253431512526e+00
-2.098465585140174117e+00,-9.672548944903363477e+00
7.662750364866901975e+00,1.382754417935606384e+00
-2.918037227649066256e+00,5.310745102497207881e+00
-1.070857139329616459e+01,4.945606453124432811e+00
-1.655771527779410945e+01,-1.299470445322601364e+00
3.648977082812237871e+00,-1.601165920138572574e+01
8.341538203752805192e-01,6.186794991670272026e+00
1.244754552929281211e+01,-1.078748993430568603e+01
-1.140776618253701358e+00,1.001374554312578802e+01
2.782611309458255189e+00,-6.646317430664066883e+00
-2.385611369055840481e+00,-1.391475824048547416e+01
-6.703242335934135321e-01,-1.077157946356783924e+01
-5.988825839977126364e+00,4.615430133074965191e+00
-7.808642376889899595e+00,-3.688902480818437191e+00
1.728021629981003215e+01,-1.856498219212613154e+00
6.661671409135340838e+00,-9.699364381284350856e+00
5.585654839146437567e+00,1.364777261402500663e+01
9.859460635494718517e+00,-8.571708064265907367e+00
1.379911535299886527e+00,1.383245702297288560e+01
-8.558683762683850560e+00,2.150885918999328794e+00
1.057271715906029463e+01,-1.533969701036787203e+00
1.278878693658141330e+01,-5.396743448275294952e+00
-1.345355028081458393e+01,-1.045721476071700273e+01
-6.140116656167670328e+00,-3.022033002908039112e+00
-1.584933391555698101e+01,-7.545064061794665378e+00
-1.422766215588769789e+01,4.134913633977401304e+00
1.528800482105379288e+01,-6.133912947749489142e+00
1.760991057654814895e+00,-6.159698094714575189e-01
4.283686824158838391e+00,6.757049100359760474e-02
-2.916998078546525264e+00,1.487822590920346677e+01
7.635902297738517142e+00,8.656828956349167825e+00
1.464819443987381398e+01,1.072737702413455096e+01
-4.252705876313453537e+00,-6.013242052141336558e+00
-6.446281936300966464e+00,-1.012504008144806633e+01
-5.422358743048343754e+00,2.943223482475831432e+00
-1.133258956447813581e+01,3.313739217030029494e-01
3.158047268400035357e+00,-1.430915161982019512e+01
7.172989160357280625e+00,-1.425858767989154252e+01
1.237191334521367814e-01,-1.377988414356890345e+00
-8.258824242654101866e+00,-9.485119047414366733e+00
-4.987372246109732288e+00,-4.381052667259502265e+00
3.176435338830904787e+00,1.705900823636726571e+01
3.955037474314692325e+00,-3.580663564630857110e+00
-3.225494574428309225e+00,-3.911831502021748896e+00
-2.260010743468033212e+00,1.758793617387908981e+01
1.817034552757207777e+01,-4.071962187867278260e+00
-2.810784056169260747e+00,3.332901913279048278e-01
-7.455792351707326127e+00,-6.686071562519537714e+00
-1.143779714868493791e+01,1.096509803516817172e+01
1.095265239701446980e+01,-3.264875823192448845e+00
-9.852866098183262755e-01,1.895668388243087676e+01
2.804657781412382533e+00,2.757359499077305820e+00
1.005272156641428971e+01,1.930400081588143246e+00
1.328420326361605319e+01,9.270252252687377847e+00
-6.543979467240754744e+00,8.415495245837764315e+00
-9.193793145702748859e-01,-2.840316668575090908e+00
5.176506177927762131e+00,-1.085571578431479089e+01
-8.127191175912635401e+00,9.296861154304625785e+00
4.102697766004912872e+00,-1.815563215641597949e+00
1.638943317054741300e+01,-8.936616407256387618e+00
6.217285012283271683e+00,1.561283851503642062e+01
7.270710387095959071e+00,-3.639533240193044694e-01
-6.655698193202645108e+00,1.026404061093269959e+01
1.147719101468715941e+01,-9.271862164770301007e+00
-6.417470850445265995e+00,1.399601282000512370e+01
1.630431886792104157e+00,-1.538535589230146172e+01
-2.222707243913665032e+00,1.987645527231616027e+00
-1.430426640678581940e+01,-3.550289647696441619e+00
1.049097259619607492e+01,-1.364469644524938552e+01
2.379289189092741896e+00,-1.265458167798229816e+01
-3.693940103820448684e+00,1.651356916611912595e+01
-8.682972646779411718e+00,-5.347951828195042445e+00
-1.759784892440810111e+01,-7.149549834637892509e+00
-1.373137572865077694e+01,1.303973435581882256e+01
1.330975139593184409e+01,7.386865898780178519e+00
1.411211754953178676e+01,-1.261013594116784375e+01
-8.972741452502203785e+00,-1.138228897944346407e+01
8.748776584438690662e+00,-1.427761287890467301e+00
-1.358431911060886454e+00,6.147071416429975343e+00
-1.004907205442199647e+01,-1.384791145960310210e+01
-1.628592191244370468e+01,-5.556296698790164967e+00
-6.313904635743859295e+00,6.532970610304309922e+00
8.105308919035339343e+00,-8.162737128675669140e+00
5.929057670870202523e-01,1.134001919234398237e+01
-4.615581586900887601e-01,1.716368806377917977e+01
2.665613964437293593e+00,-1.834763383662414071e+01
8.778866737322099212e+00,-4.855078996204758468e+00
8.421910647688498841e+00,-9.975667503213969667e+00
-3.257861995012627521e+00,9.555505956053718108e+00
6.242076046760560715e+00,-7.815121708966390912e+00
2.146606660222401430e+00,1.221581171042374159e+01
-4.807468004589407484e-01,-6.487880888009206259e+00
-6.728700443028141187e+00,1.703993258851522752e+00
-1.904082762946622376e+00,8.358750348552680620e+00
-1.208766913677234456e+01,-6.758260581405693301e+00
1.154198141201901429e+01,9.792248228584250924e+00
5.863396000630811677e+00,-1.581563108748963220e+00
1.366059977412741411e+01,-2.868497259218073747e+00
-1.779123976650737848e+00,-1.221651768359106249e+01
-1.284516575859156973e+01,-2.534516344323339609e+00
2.706929913347114969e+00,6.575789874925435541e+00
4.941241155995212075e+00,-9.037753167494718909e+00
6.227400707803884217e+00,1.068188500717984901e+01
-7.560447415852411979e+00,-5.986352636030006780e-01
-4.440343061705648964e+00,-2.556586286348866199e+00
-1.267527410385947384e+01,8.023320163185079679e+00
-9.754429236417006877e+00,-3.819868985986575538e+00
2.365475175127107033e+00,-4.418145309070675708e+00
-4.205530386020230438e+00,-7.991508596690619637e-01
7.021523669276808377e+00,-4.727295267055387384e+00
1.307599452917315441e-01,-9.126903030062265998e+00
4.238662268420175572e+00,5.616456977913979465e+00
1.573646976492704219e+01,-9.168959945724235450e-01
-3.091745811764377572e-01,2.926103839648451554e+00
7.816408700512809560e+00,4.925062788638256528e+00
4.487805594574421519e+00,2.066198823105592108e+00
8.867409141653126881e+00,1.531829838170626168e+01
-4.904079325004782497e+00,1.297497991432496178e+01
-4.638437656685627353e+00,-9.890461999418372230e+00
-4.002065483193592677e+00,1.776638454238297582e+00
-1.607074124569220785e+01,-1.010601834224668139e+01
4.289723271561412865e+00,7.428924152915838519e+00
1.351395988353026922e+01,3.742190685570237818e+00
1.447660266829334930e+01,4.996597473878168216e-01
4.488347016997375150e+00,-7.289880300933091029e+00
5.885020647597205112e+00,8.865782427276661437e+00
1.128051567776908115e+01,-1.525612457059279414e+01
2.708462495930837211e+00,8.986592116754024140e-01
-2.815094748716938433e+00,1.127558080126942563e+01
5.976059654992901260e-01,1.547881706754211706e+01
-1.460837020753141680e+01,1.116553822304130250e+01
5.700786515564414181e+00,-3.391821436383326560e+00
7.585919592955820079e+00,-6.441651648673712316e+00
-1.911791615209219364e+00,3.844943128075291927e+00
-2.079078688182878221e-01,-4.683598570718258358e+00
1.731933955901283895e+01,1.183004435893209694e+00
-1.924046003128782933e+00,-5.128380974081382604e+00
-1.407092617432933146e+01,-8.060292141526948839e+00
9.529524824692659379e+00,3.658523265545313041e+00
-3.081673554661271686e-01,7.625338459921124468e+00
1.446909944632205303e+01,-4.525756978029819244e+00
5.563714261089916846e+00,-1.684892386524260743e+01
9.750174203138982421e+00,1.784036109699811690e-01
4.363869136235405399e+00,1.509190196174309051e+01
8.582288130991053698e-01,-3.198676649094387869e+00
-2.665990151349995063e+00,-2.052961462821798033e+00
-1.017994147869984722e+01,-1.040192027142833764e+00
-1.384733621499530365e+01,2.382520377324512495e+00
-1.560824380829541269e+01,2.188836600692935619e+00
7.205469499500741781e-01,-1.383549011588709732e+01
3.016630203552878697e+00,8.735402235072200483e+00
-4.715982904653158947e+00,1.483058511063391194e+01
-1.085036650260938451e+01,1.272579030414256351e+01
4.833151591975762607e+00,1.206287531258942991e+01
-1.303880618021977522e+00,-8.038452430100045731e+00
-1.001209912098132548e+01,-9.914586404400612452e+00
-6.242555029994307780e+00,1.584080159020325773e+01
-9.049304732667756923e+00,4.132346789117524177e-01
-1.626834363886964141e+01,9.736968292299577499e+00
1.240443560572500736e+01,5.790416764368929492e+00
1.087201921492300549e+01,4.890135030251629544e+00
1.485013924518591821e+01,8.432617421360024679e+00
-1.838609707477921518e+01,-8.767030236409506516e-01
9.402065381247400211e+00,5.934113503030466141e+00
1.175243493621399082e+01,1.289293738047344817e+01
1.248823599835116482e+01,-1.367846124144744824e+00
-3.748755183659589818e+00,3.671447122395406826e+00
-5.321196040111764169e+00,6.088990687862095852e-01
9.692042509403245631e+00,-6.368216598036333664e+00
4.104243983310120747e+00,-5.330626250126726084e+00
6.008876486328255773e+00,3.346410512512752344e+00
-7.650437065630769418e+00,-1.633143832711679622e+01
9.189388211181018562e+00,-3.149318135793757190e+00
-9.604992994911603077e+00,8.196060023559606833e+00
1.150239491656104995e+01,9.144621547919842275e-01
4.552279948600066461e+00,1.004805863422607182e+01
-4.910556932608518110e+00,7.669876338129840931e+00
-3.474938812444650971e+00,-8.412527910677315646e+00
-8.027545481999254662e+00,7.222271753153378882e+00
1.696789912371853504e+01,-5.425022523675608888e+00
6.031148614890248005e+00,-1.247594836023087339e+01
-3.123224900344260035e+00,1.311089506268495697e+01
-8.015085382120915369e+00,1.317888415948941727e+01
2.417303341424333230e+00,-2.402181938771692948e+00
2.693488949751715378e+00,4.758673015352832714e+00
-1.351635035424257669e+00,1.366457468138135134e+01
6.857492455161587230e+00,1.235193947579743323e+01
3.513524593194497392e+00,-1.022291025216839344e+01
3.267768854966464076e+00,1.365903474802610518e+01
-6.657063973493277054e+00,-5.076431430281329149e+00
1.145510944524681918e+01,3.063129912507909669e+00
-1.574921274027019535e+01,3.877051332952145546e-01
-5.679191719580940045e+00,1.758771315238616850e+01
-1.141980632065269452e+00,1.189986329330999837e+01
6.026771336140302360e+00,7.040847238784015083e+00
1.204570110442999109e+01,-7.544429484925784024e+00
2.790570932326418507e+00,1.051181532525086659e+01
-9.811154066693914544e+00,1.014265763023862732e+01
1.265780754992103141e+01,1.127455585778820435e+01
8.969936219929509846e+00,9.851973304298846656e+00
5.854611296245552765e+00,-6.049120266554250058e+00
-4.823747343970926416e+00,-1.461296396106745732e+01
1.573878470696401877e+01,2.957280429461817572e+00
7.378734652302901154e+00,-2.593932281915302784e+00
5.881155706249592718e+00,8.436140383073210680e-01
-1.182298792686531819e+01,-9.654850905367018399e+00
-6.505198973737413404e+00,1.211213395626808342e+01
-2.714604843329345707e-01,4.759788040937716680e+00
-1.287057458989435155e+01,9.920550562963352803e+00
1.173758907875481983e+00,1.784601920523734897e+00
-6.502533112800026327e-01,1.191987237049598081e+00
1.702446991197507531e+00,-9.983944829583654368e+00
-4.639100976985909952e+00,1.118087494746377075e+01
-8.048594801940099908e-01,-1.493927932759469712e+01
7.817856302770096022e+00,3.166460159652795703e+00
-2.658644654904740445e+00,-6.847204446274389511e+00
-9.530595793090363088e+00,6.273104250241821944e+00
-1.104294780898414174e+01,-2.587300481602003543e+00
-8.951564550849145263e+00,-7.677013634898771421e+00
-1.028712026831142268e+01,2.770615374606610004e+00
-9.093119341993579852e+00,4.151960156418921244e+00
1.066152574467080560e+00,-7.575215220007443406e+00
9.026140830663631487e-01,-1.160982918791356688e+01
-4.295145373399972044e+00,-1.290845146924274722e+01
1.458159639051491041e+00,7.835047135350980518e+00
1.132879145947923938e+00,9.657118960968738008e+00
4.232992516176297570e+00,-1.237009920865367363e+01
-1.244424893914576380e+01,4.429048395992038145e+00
-1.074681956773140712e+01,-8.225623191969964054e+00
-7.198081737235359157e+00,-1.179423465944241656e+01
1.288223945497912748e+00,3.698190005082949039e+00
1.196346481233360848e+00,-5.762355226195220226e+00
1.104290747840766329e+01,-5.049158454886542025e+00
-1.159998395687334316e+01,-4.983340527477708726e+00
1.593953222705529882e+01,-3.507069504524222392e+00
