-4.213188490016785082e+00,-1.234045714246040504e+01
2.743630574918948462e+00,-1.229347577383723511e+01
1.290918550037567591e+01,4.783618454341525883e+00
1.316642389050360862e+01,1.530642883714754765e+00
9.789978370159218457e+00,7.073864298521050920e-01
-3.305586998372292973e-01,-7.340961582402798058e+00
-5.607936323638829101e+00,-6.969635632290907878e+00
-1.443436903164012541e+01,-9.381662519059561944e+00
1.891678364694869829e+00,1.479359429324856912e+01
-2.814076200675355910e+00,1.223500383383177947e+01
-1.643166298116182489e+01,3.151073854097301563e+00
-1.723313696413989859e+01,-1.881593998085406394e+00
1.641234736668462801e+01,5.092984640163869869e+00
1.154416451185326320e+00,5.837895165850058632e+00
1.109564225678339966e+01,4.273002398427450998e+00
-4.907685644746099918e+00,-3.266551350599082859e+00
6.599388572997136215e+00,1.120673333891817336e+00
-5.112534922456177355e+00,-1.075148091059038258e+01
-1.551691002207412851e+01,-4.355340629426551757e+00
1.274139216556313237e+00,8.961258008967634581e+00
-3.595163402424023769e+00,1.059357163209208430e+01
6.469774563364644182e-02,1.031653756880004202e+01
1.050728664558209680e+01,-1.365942684807302321e+01
1.725013144443593660e+01,-1.004138869949420920e+00
2.133273060856001546e+00,7.403533740767525018e+00
-1.360132847391753153e+01,-1.044979519397699175e+00
-1.232166346058385598e+00,9.775448633739509674e-01
7.637335885431343563e+00,1.711671575053447469e+01
8.758557675372275142e+00,-1.608125795736787822e+01
-9.183081169975098490e+00,-6.349054538851048868e+00
9.597977789123465442e+00,-1.061221477312740191e+00
1.172081323621382865e+01,2.626745568852045132e+00
-7.143187278039240695e+00,6.045229820785209540e-01
-8.107682995337900378e-01,-1.146345915456818787e+01
8.328796946939874601e+00,-8.162592894577166192e+00
1.006372072963369213e+01,-8.644530846853475836e+00
4.733528997425049845e+00,-1.519026587414235685e+01
-1.163804984073965620e+01,-3.275831589929862009e+00
1.260656435773832840e+01,-1.336557954351791189e+01
-1.443423918236552517e+01,-5.905576913713676213e+00
-9.832681646797500008e+00,-2.175946766635838969e+00
2.802531771825162110e+00,1.329361049470076850e+01
3.820219899332820468e+00,-2.996073010626604027e+00
1.724349020661402676e+01,-7.957037519788352498e+00
8.943852985579093584e+00,9.616306012932295033e+00
1.519686380709329043e+01,-1.106957439573570134e+01
-6.249153396819662198e+00,-2.056390214167269637e+00
3.149343677430698207e+00,-6.569439748407249757e-01
1.402212582150636955e+01,-1.989311824468264212e-01
1.704209233206777085e+01,2.773232218586607178e+00
1.660754578333760501e+00,5.240413622672147609e-01
9.023403754017271794e+00,-6.531996929125892137e+00
-1.649427202488402244e+01,7.977613591058522857e+00
1.187468958124225082e+01,-8.289657565378011128e+00
-6.043760948906873764e+00,-1.438879932093643710e+01
1.639378206330633603e+01,-9.591380180432105718e+00
4.450239980550706242e+00,-1.324863428009424560e+01
4.667027805208507019e+00,-4.612038461426422487e+00
7.253845503065772249e+00,8.790642235839904117e+00
6.455441856075066376e+00,5.298267016407505636e+00
1.488018043715722172e+01,-2.773524441671769036e+00
1.008603703528002349e+01,-5.007950785788776393e+00
-7.161680726408989894e-01,-9.103821944306641711e+00
-1.502920809854860629e+01,1.203125449568822197e-01
-1.327384857423122400e+00,-7.835945259507477445e-01
-8.162186638559912666e+00,-8.350987698244368707e-01
-5.705649044544764514e+00,1.730833060502887477e+01
4.244022621710788812e+00,5.597113183625535449e+00
-1.354891126965728443e+00,-4.148421417695692170e+00
-3.721131104753097940e+00,-1.647643800477605680e+01
3.909831467906842217e+00,-1.675148048441758419e+01
-2.444353677567206784e+00,-8.630180737200683794e+00
-1.157215744314057382e+01,-1.476507468445410476e+00
-8.484901038706370358e+00,8.072889119446191586e+00
-1.445710975702906964e+01,7.389874340845189238e+00
9.514682145550827030e+00,-2.895984804498786147e+00
-9.370719716715656844e+00,-3.919252996808973766e+00
1.531872384356409711e+01,3.612508161927831196e+00
4.816331966343634363e+00,-1.500770337329870419e+00
-3.282341225197220158e+00,8.810675197095420685e+00
4.187465680416608826e+00,-1.124576249365846614e+01
-6.744171594149579008e+00,9.459095478738094087e+00
2.867530636822220647e+00,9.789220827050803209e+00
3.383877500652548997e-01,7.441680509525401277e+00
3.833553668036796536e-01,1.775621466292665707e+00
-9.511797601025055116e+00,-1.405441433382494765e+01
-3.927479436984470329e+00,-7.500422344959336129e+00
-1.071504091808173964e+00,6.273328658796471835e+00
1.154437076548683905e+01,8.285354471022392531e-01
1.393172146098089703e+00,1.167220150357672459e+01
6.501071266158541029e+00,-4.423892431245493029e+00
-4.432474842032173790e+00,9.596255027212805544e-01
6.650211762005120875e+00,2.920831106172853353e+00
8.312523979280562969e+00,1.539168479503732456e+01
-4.736830286363249876e+00,-1.835371022612784131e+01
4.974522677042581442e+00,2.100005337107756720e+00
5.510832699787748368e+00,8.447338264535000363e+00
1.844857256244307919e+01,-3.167616258990910261e+00
1.048167022291996453e+01,1.049272075980584340e+01
-7.640212325035073526e+00,-7.413369962642332389e+00
1.898687900532287287e+01,-5.400621062590685861e-01
1.359656762422247134e+01,-1.188661715104466055e+01
4.841751670113718653e+00,-8.022968336791443278e+00
1.535642399898639354e+01,1.733441010621004752e+00
1.641809211068586905e+01,-6.337083143819200792e+00
-2.250027802195651017e+00,-2.400543552454620588e+00
1.051225610622295470e+01,7.494545886374418764e+00
-2.804058215456870062e+00,1.812094707785794068e+00
1.668275880618265816e+01,-2.726724101165953762e+00
-1.828866204122036043e+00,1.019011024008360522e+01
-2.768720937189400821e+00,7.061079403029824064e+00
-1.304629647663830738e+01,-4.457004058435447114e+00
8.114183284875240432e+00,3.893488798204129520e+00
1.000122914529027796e+01,5.685557745417945341e+00
-7.334859527791989242e-01,1.889308803475074683e+01
8.332166678742524146e-01,-1.058841724157108199e+00
-1.872220342461607245e+01,3.219191481496394225e+00
-1.101691032625537581e+00,1.180313602921150284e+01
2.381994277747302213e+00,-1.589088074470541834e+01
6.340399312738155047e+00,1.050455427100138728e+01
-5.179999729180683410e+00,-8.925899616868960607e+00
1.118631404513139138e+01,-1.006658305117361252e+01
1.305999564797427404e+01,-4.666962799576685583e+00
6.779919679212366823e+00,7.086597004571487446e+00
-7.291498446809304923e+00,5.100944202548567397e+00
-5.257927737814629410e+00,-5.194957132540849010e+00
-1.142118227209646619e+00,-1.527815464198936191e+01
1.368319729387260608e+01,-8.466837261438236339e+00
1.831086796164974118e+01,-4.987756165783347129e+00
6.595248145290396380e+00,-7.715159620801047780e+00
-6.287953979824332684e+00,-1.248012799757096225e+01
-7.754099077607838453e+00,-1.386379740066606203e+01
1.020557543921336396e+01,1.231363559858461265e+01
-1.887991724783927294e-01,-5.547814133545061033e+00
1.305256203744029087e+01,-2.839511579154348819e+00
-4.395225364840089632e+00,1.583044416941795518e+01
3.301066583763867079e+00,-5.761643852547991607e+00
7.963338095131392791e+00,-1.934809128045883453e+00
1.078944847965524145e+00,3.837366874958943352e+00
-5.670720605732909370e+00,-3.637921041867515082e-01
-7.098789679973444677e+00,3.332510055111081559e+00
4.324667942695614720e+00,-1.849551209969799004e+01
-1.061158666094351233e+01,3.822253672373867595e+00
8.170107319285996539e+00,5.712787135335930522e+00
7.949099678599386820e+00,1.126960680239602475e+01
3.242582725303382318e+00,1.156028143525867513e+01
-1.263392894959597434e+01,3.062046481974302736e+00
5.213140707695061771e+00,4.024632839413351704e+00
8.068345226487643629e+00,1.538758034793109852e-01
-8.034451805928945589e+00,-9.190636523874402997e+00
-1.608045641448097740e+01,-6.709340005183938693e+00
5.073454927212456056e+00,2.420227607167458050e-01
7.754994549449222063e+00,-1.116734882301003751e+01
6.694953230666632615e-01,-1.531818206521246140e+01
-4.038874390460017061e+00,-1.743426481567053266e+00
6.557059080057975997e+00,-8.123649533817729473e-01
-5.380073920465258119e+00,1.060522829985116822e+01
2.070712652302193924e+00,2.260316496316116641e+00
1.139129507229473681e+01,-1.361575762564711578e+00
-1.019102748824489346e+01,8.629696157019351332e+00
-3.969576402073393240e+00,4.929497714273323616e+00
-2.063136818649589532e+00,1.392632779928124798e+01
1.260919114012776099e+01,1.268023297113819048e+01
-3.020825183645470258e+00,-1.849158140500097025e-01
3.399011993914147212e+00,1.111769997875756921e+00
4.640331835404945870e+00,9.982185135921890051e+00
7.268102485484930320e+00,-6.085336013124439170e+00
6.038441890778081245e+00,-1.210919850946089404e+01
1.117230200803805573e+01,1.384134929061201902e+01
-1.385951119032012713e+01,-2.784265848344117611e+00
-3.583517989047927177e+00,-5.736738254355256750e+00
-1.138903161520245177e+01,5.551945203311565713e-01
-5.964970549005336409e+00,1.942626461658415460e+00
-6.037443104481211797e+00,-1.706859439682168045e+01
1.479103899020913993e+01,-5.239168367955671535e+00
2.375590080589313757e+00,-1.056227355118005207e+01
-1.141719210530150130e+00,2.820995063305031803e+00
-1.057115961843032714e+01,-1.576678138650198058e+01
9.894830863839427337e+00,2.585351736444941650e+00
7.727864553008783055e+00,-1.301939652846309414e+01
5.818703412200975089e-01,-1.035513074885000684e+01
-3.373880968065785968e+00,-1.017262851311344285e+01
2.364368641406072502e+00,-4.199054674945056576e+00
3.808537465040397474e-01,1.569838027030769467e+01
-1.070237780180940312e+01,5.666281335223957605e+00
1.105838223207599835e+00,-1.349982371517288371e+01
1.124734404839774804e+01,-1.199157907593886740e+01
-5.654892561886366575e-01,4.502524038850510557e+00
3.029035839191955404e+00,-7.525460773156639860e+00
-2.711281785411150835e+00,3.636620045107679555e+00
2.622692019889801163e+00,4.764362375898263835e+00
-9.028891547819789309e+00,4.781264934004796352e+00
2.844789504385327295e+00,-1.407907854850205709e+01
-3.860677926141551808e+00,1.402616565446225927e+01
8.245802677128136082e+00,-4.180528733826012200e+00
-7.409048580985150956e+00,1.199978033020484247e+01
-1.397545358427391804e+01,1.690566933753491208e+00
5.325858244939783326e+00,-9.759168471081492768e+00
-5.601250954151593575e+00,4.259477616680739764e+00
-2.439238675821344238e+00,-1.223212216380361994e+01
7.040386978398728957e+00,-1.549740803594175453e+01
3.626225228208473261e+00,-9.304108417003421394e+00
-1.119123580875815804e+01,-9.291146993560515099e+00
5.698704308223071280e+00,1.222265055833814351e+01
8.182756213609879481e+00,2.022507197310896121e+00
-1.265987407722413138e+01,1.021543254279965041e+01
-1.307153376240083631e+01,-8.250897804121558821e+00
-1.757907091363593821e+01,4.600900510748765271e+00
2.093600234860102383e+00,-2.400501362291195928e+00
-2.598800894334274414e+00,1.881750658130262721e+01
1.261016970879443200e+01,-6.430766709399315495e+00
-4.963241440593048615e-01,-2.399066887907058465e+00
1.292097292472073500e+00,1.872946917338007111e+01
7.105149533628836167e+00,-9.464812678196944162e+00
1.753116961113473948e+01,1.033685362299857413e+00
6.083548022627205398e+00,-1.389721136175560723e+01
3.573920125974073159e+00,3.268679770646403249e+00
-1.996277010074100966e+00,-6.620148804903988271e+00
-5.048292674340217445e+00,8.706579405252020010e+00
1.303993831027304040e+01,-1.012967998992585272e+01
-1.045386670530844242e+01,2.059394150969999338e+00
-8.920200804478261247e+00,2.960582416926818450e+00
6.317990443355668617e+00,-2.657040302634160245e+00
-1.087961752670178761e+01,1.246063403050731822e+01
-5.653259706124113215e+00,1.249497025988981491e+01
5.882091621499206946e-01,-3.911746152737169524e+00
-6.587432060575658888e+00,-3.893917402208766365e+00
-2.957803174660329049e+00,1.702357593305594108e+01
-4.576484276998311174e+00,6.914934820080401501e+00
-1.536685148475886642e+01,-1.763519481099758091e+00
3.748688907100421464e+00,8.270903377293482350e+00
1.299236902257413062e+00,-1.729716526534816978e+01
1.550351545105571560e+01,8.142685728323144190e+00
1.381116360622931083e+00,-6.801959462098073672e+00
5.395939487969434012e+00,-6.231997534343584277e+00
1.818310371014296578e+01,5.468446270773793749e+00
-4.396643078097907775e+00,2.798647849132693377e+00
-4.273126182222168445e+00,-1.420846344834548525e+01
1.084848395437390955e+01,-6.730831029276544086e+00
1.640758133813426056e+01,-4.517127205891085850e+00
-3.191159259154720207e+00,-3.976530378470997107e+00
9.339335722428279141e+00,-1.229912996008523152e+01
8.632622895668863094e+00,7.444110180302495827e+00
-2.410985773421626455e+00,-1.402632673364463223e+01
-1.421646952780290718e+01,1.185472213402804620e+01
-6.053099072657373902e+00,1.427226635390771037e+01
-1.085322023879895603e+01,-4.962906525646388900e+00
1.169298456958123467e+01,-1.496946532905107752e+01
-9.901430904925041077e+00,-3.892389378863072014e-01
1.471568306997953002e+01,-7.005700558119447585e+00
1.580455206316616490e+01,6.010297799576541644e-03
1.130511061609467482e+01,-3.197585219524461397e+00
-1.304406154276457741e+01,1.332612466622867409e+01
-7.899823201884110802e+00,-5.065386618308201250e+00
-7.982754679772459561e+00,-2.709014699401358417e+00
-8.829235461601841806e+00,1.091627441568379542e+00
