-9.851170906243810421e+00,6.523631119575970416e+00
-1.076727192702677094e+01,9.754351262702813941e+00
3.039160900829713352e+00,-4.656767867106172076e+00
-4.670259087999951986e-02,8.585161870422323815e+00
9.887173910124703591e-01,5.250006277945567845e+00
1.240130437556450804e+00,-4.388510774130966574e+00
1.708689134874648730e+01,4.691012924026683351e+00
6.296627742878031953e+00,2.320589671541429144e+00
-4.836733131239808081e+00,1.505033128611330007e+01
-1.243638654120804254e+01,3.716282359510833633e+00
-1.040386385828759330e+01,1.490882909175414550e+00
1.318074550238747200e+01,-5.510664990941013031e+00
-2.713216680475205589e+00,-5.789582946997263058e+00
-3.576897933082512804e+00,1.744441675231119504e+01
2.525042559713477353e+00,-9.270530546291370300e+00
-8.616707440203507318e+00,1.781411599413919689e+00
1.298043204881149926e+01,1.358202480723651018e+00
2.028457543055798951e+00,-1.104054912800065402e+01
-3.220016458185166019e+00,-1.045743418305683115e+01
1.088707143401351196e+01,3.314322499819434942e+00
-1.191925671205601667e+01,-4.349091320195650923e+00
-1.033761814468491025e+01,-9.585910559230423900e+00
1.775992450081382756e+01,4.837018867218484397e-01
-5.545608673628501073e+00,5.852671737718807776e+00
1.390200014503285786e+01,-1.019762473705202410e+01
2.327897431031253017e+00,-2.955216686885767441e+00
1.405461445497989637e+01,2.794365875511752861e+00
-2.854646082655336592e+00,6.989620655988347586e+00
3.140547001721500475e+00,-1.815572941047268074e+01
1.119144833658834237e+01,1.470672801259485851e+00
-1.103939021466390713e+01,-4.547457494298535186e-01
5.413422496966596720e-01,-2.715683923797457044e+00
2.314590817340711038e+00,1.272889328426903255e+01
-6.038244573581962094e+00,1.363108639060250482e+01
-1.874443935372627479e+01,-1.254389507600935483e+00
-5.807646991907098766e+00,-4.666689953271394131e+00
1.886884576700895266e+01,-2.172442645945293460e+00
-5.617799867917734336e-01,4.253942658485249773e+00
-5.768321185295874898e+00,-1.487369630783777019e+01
1.586200037018398312e+01,9.641364057108077645e+00
-1.027877720317558863e+00,9.557095929035565041e-01
1.820293113407519314e+01,-5.369095130919074421e+00
-5.306619755666217131e+00,1.012921024232686706e+00
-2.965733204007427570e+00,4.525379714901091588e-01
1.351960323120187768e+00,-7.793802231321167895e+00
-3.035051625358157423e+00,-3.121901364369985998e+00
-1.103417640691271018e+00,-1.347616192366868226e+01
-4.686018566461897628e+00,-8.244931345532560130e+00
1.186707783560055240e+00,-1.342024659498314598e+01
-4.456651393699933017e+00,-5.878981667483160756e-01
9.691661269086038644e+00,-4.904643510843860632e+00
-1.605769174926413023e-01,-5.549941198802812892e+00
5.273554770670294545e+00,-1.217954998651196874e+01
-1.122751536452030585e+01,-2.641321603265415874e+00
-1.710674991985257165e+01,1.731140501156133826e+00
-9.721528107498116356e+00,-7.938542977426997993e+00
7.130834308068589422e+00,-2.523435198799556467e+00
-7.104213379520739835e+00,8.887749932230433192e-01
1.606138798790598798e+01,-2.358934144106192843e-01
3.163181865352473920e+00,9.983188272415063125e+00
-1.455282700207158975e+01,4.511320399178187834e+00
-1.082004577493379083e+00,-8.141673224208482162e-01
8.526873559690706372e+00,-8.399819174130866983e+00
9.861643830381594533e-01,9.245062159118426770e-01
5.036242403383572430e+00,-7.800147410678371251e+00
3.619885408542009575e+00,-1.634172511717983767e+01
-1.564494097898177039e+01,2.767910990377026259e+00
-1.885209734683438754e+01,1.936120784078816159e+00
4.497519101841970901e+00,1.593768367695715504e+00
-1.375634366329347635e+01,-2.980742692380405234e+00
-6.459874200653690224e+00,-2.876949680477139282e+00
-7.798311762328032692e+00,1.183336484005545053e+01
-3.061319856353967417e+00,-1.872555231811389120e+01
-6.007348644569789009e+00,-1.302630025450745777e+01
4.323833276006754822e+00,6.896494750492730752e+00
-1.326872815639290870e+01,-1.233673884761653294e+00
7.983767322497605790e+00,3.037291493391635733e+00
8.148206209184033710e+00,-1.343328595492888766e+01
-1.183965364710842572e+01,8.192544140494280924e+00
2.814359856580880059e+00,8.306109222259661085e-01
1.646731427077745735e+01,-4.834029301065228879e+00
-3.282931382340855131e-01,-8.450646317093067239e+00
-9.655090085813553102e+00,-1.699361604644137991e+00
-4.926712361691611974e+00,-1.000592704552803447e+01
-3.441309892454583741e-01,1.038638101815831050e+01
4.060187182169361364e+00,1.774301783364114726e+01
-9.334122473325514591e+00,7.135177855276220171e-02
1.684426446619237083e+01,-6.613882936930301604e+00
-7.807585395600255218e+00,1.378387702088986977e+01
-4.823057675839264036e+00,1.040296349543807608e+01
5.677520865769769998e+00,-1.484325438586553636e+00
1.334439778037028823e+01,4.431648603963183497e+00
-7.625478958416469943e+00,-4.484568081469379131e+00
-3.014676774654178715e+00,-7.627900091289742335e+00
9.537918414507071674e+00,2.130613117462600403e+00
3.417512219958439346e+00,3.055097358971170074e+00
4.361351021743761436e+00,-2.745388981592646327e-01
-7.690549685475084551e+00,-1.360542821426797211e+01
1.077572348489192322e+01,-7.367693941250990086e+00
1.246069543135720181e+01,-1.365110483514756501e+00
6.804577166759398388e+00,-8.027371477931200872e+00
5.130025449583922814e+00,3.652297006777829758e+00
-5.675939635123969040e+00,8.834219132580164668e+00
-1.361911587822866387e+01,-8.307167758372058231e+00
4.687084454383442456e+00,-4.063063518943755170e+00
-2.804501708272979954e+00,3.952828708453868245e+00
2.762743309526890734e+00,-1.096199692938214065e+00
-5.024913344356678024e+00,1.218678133643335393e+01
-3.919817711385841452e+00,-1.479281947196538383e+01
-1.685874611434963910e+01,-7.933455079665800547e+00
1.055371236322595863e+01,1.373674947387355161e+01
1.101320854446046660e+01,1.544550369085964725e+01
-1.653729906374667635e+01,6.973594918721537361e+00
1.594325847995865608e+01,-3.070079946108848379e+00
7.026774622355270061e+00,1.074224835052755012e+01
6.431838535401148249e+00,-4.739670603654809078e+00
6.175038520882163873e+00,1.258184873482649735e+01
-1.227861993954727282e+01,1.326783186411353510e+00
2.590457380750171179e+00,8.157845405088849589e+00
7.290325099156937050e+00,-6.285789054731884207e+00
5.277409118112215580e+00,-1.708683681793003473e+01
-1.880812941105349356e+00,5.458415811846432319e+00
7.907955658091663231e-01,-1.693762617679130855e+01
2.826807908035618988e-01,-1.131972164266183078e+01
3.648680501817303412e+00,4.836943441263901633e+00
1.496567635406508856e+01,-1.167945776062231822e+01
2.623796637929697972e+00,6.277211691644985159e+00
-9.331472173611134124e+00,-1.479927512932208344e+01
1.038603677224414046e+00,7.149045803829026546e+00
1.427506723854454229e+01,-8.422178014605433916e+00
-1.279045694381827403e+01,1.286192880465084620e+01
-1.292371816230088299e+01,5.470792504230936437e+00
-1.267664842246096768e+00,-6.950221271975394188e+00
-1.213752497123406648e+01,-9.366309732011023570e+00
-1.443295846071253885e-01,2.525950817661562375e+00
1.111816178068780481e+01,1.200613107843729210e+01
4.527132576857714419e+00,8.751696003772034160e+00
-1.923984758557060415e+00,1.677656608456405607e+01
8.913334270414065230e+00,4.554590340057866449e+00
-1.409809804524035926e+01,-4.724213831773003136e+00
4.086822655211742372e+00,1.527943360654276717e+01
-1.567330055079107609e+00,-4.402735005213566311e+00
-3.284930884554559061e+00,1.168285803243987431e+01
3.218898543694923564e-01,-1.495214711986823986e+01
1.171430329067100118e+01,-1.063629029009853433e+01
-6.204291340203467620e+00,-1.008625938695616231e+00
-4.747252175156122966e+00,-1.180798357188133885e+01
7.894783390782472488e+00,7.531678894398089241e+00
1.469727996551517002e+01,-4.438569615483983988e+00
-1.276477646974383617e+01,-6.002588688318119203e+00
-8.141211720062639046e+00,8.409778892570688669e+00
-9.832869719497768557e+00,3.153060789078157455e+00
-6.145354621928150074e+00,-6.816739315639150476e+00
9.037708080077033301e+00,-6.673545393994029240e+00
-1.524250057195048802e+00,-1.157222059799593872e+01
2.088405027813589054e+00,-6.173565834273569308e+00
-1.408527453166855459e+01,-1.014153258712060435e+01
-9.566365103467266096e+00,1.429675519651986804e+01
1.072117970886468541e+01,-1.730550003922577185e+00
-1.584204333015531141e+01,-4.250650799603070240e+00
-3.408216637545671834e-01,-1.899531130258806044e+01
1.020158996467530832e+00,-8.985482418257388915e-01
-1.862899621423746321e+00,8.524888008526952277e+00
-1.667849946419931229e+01,-6.079291924608366315e+00
4.115476280335324866e+00,-1.074561363169177319e+01
1.062676768943729044e+01,5.147135136481776563e+00
6.154559710098258307e+00,7.116741438846953649e+00
-1.240426174180180530e+00,1.198087160745641633e+01
1.275075081217676676e+01,-1.383365260182717549e+01
-4.034663094921074666e+00,-4.563969412789281144e+00
-8.058131355281220820e+00,-1.027392809356607728e+01
1.287366431143563261e+01,1.278478496284708932e+01
-1.568099939038360313e+00,-9.730652705176128237e+00
-1.168232031953387740e+01,-7.438109239991818278e+00
9.526542776073862129e+00,-3.027520326738176948e+00
-1.177771253732711187e+01,-1.393323404463743564e+01
9.220459442079418366e+00,-1.659639478778224486e+01
1.595099431115116850e+01,-9.964726385445038304e+00
-5.426843941658352932e+00,1.733501891692937491e+01
1.657431515865078531e+00,2.612362475563057895e+00
1.414545321840624759e+00,9.585135760874440081e+00
1.015316211660335455e+01,4.809032723860688641e-02
6.824952075077105995e+00,4.471900652557383005e+00
-1.474701759198681650e+01,7.100014524988514708e+00
-8.027682571254924682e+00,5.960214945619382476e+00
5.334004698910337794e+00,5.416291039222228321e+00
7.497085662154058916e+00,-1.172986917341555291e+01
1.555988170460734921e+01,3.780136419920739677e+00
1.482237274607382815e+01,-6.313665305825576723e+00
-1.589733717191522899e+01,-1.038981309120589103e+01
-3.775082986094747906e+00,5.478818706896596780e+00
-1.376407866012359760e+00,1.379094300204947388e+01
2.104854841694409284e+00,-1.532162752468245515e+01
4.215793468165567881e-01,1.424319844134914881e+01
5.110604446917116128e+00,-6.030612562795012010e+00
3.809268371892251537e+00,1.167890267000059801e+01
1.125665092768104225e+00,1.142013619176162820e+01
1.544867736629470301e+00,-1.892769493811888992e+01
-2.276930091841945725e+00,-1.572217352632388554e+01
1.632542246963745924e+01,2.000658436637628768e+00
1.342680310942365196e+01,8.175155358669039529e+00
1.123573318397322396e+01,-3.590019889453294866e+00
1.884921057482510065e+01,1.946295353019542151e+00
7.255614930677464436e+00,-7.134446119067437975e-01
-2.779943443384639501e+00,-1.349988975284508008e+00
1.258222876135839918e+01,-9.019796254657542534e+00
8.386685390717213195e+00,1.316198731735962468e+01
-1.270874878162081556e+00,-2.666152253381310011e+00
-8.457573240740191567e-01,6.952656572665554258e+00
1.032125657745438652e+01,-9.390796247407546815e+00
-7.920382276406967570e+00,-7.123533123586181404e+00
5.157433370266645944e+00,-1.399437241266305776e+01
-4.438847588780224562e+00,-6.370197935222092767e+00
-7.225954308641836299e+00,1.756012581500860392e+01
6.148368299941943782e+00,-1.548787286681361053e+01
-9.463013360774544580e+00,-1.302480405035425726e+01
-2.205842200595255598e+00,1.028784260773623593e+01
-8.306070376895135610e+00,-2.830422451348699298e+00
5.220276196198579299e+00,1.058576107808557687e+01
-8.308243884142791913e+00,1.576911648870003901e+01
1.713586093858791770e+01,-1.644090595016760359e+00
8.073970769330507835e+00,-4.064447845568291307e+00
-3.649569990263886066e+00,8.905216227191644407e+00
-9.370161550059950883e+00,-6.043720876386553975e+00
1.424123816486445193e+01,-8.943740662854645640e-01
3.268982029580414839e+00,-7.522234163625753034e+00
2.429281895202960673e+00,1.455765534943763839e+01
-4.706122335226052833e+00,-2.375780552603472540e+00
-5.890034025926806471e+00,3.122789486708648088e+00
1.480417893724661837e+01,9.977772419949314520e-01
-2.377930747560209834e+00,2.242824006628471256e+00
-7.973357345766196147e+00,-1.039058801262905840e+00
-9.471680871421190417e+00,-4.267856887825913326e+00
5.691427604251797945e+00,-9.545311104519518253e+00
-1.667797166609725679e+01,-4.650005258029143301e-02
-1.040423863986278796e+01,4.840745812821504401e+00
-9.510578025640660016e+00,-1.127320628298511451e+01
6.302184345302039858e+00,8.896938704117765440e+00
8.968226935446240944e+00,-1.292947646935244777e+00
5.977338326808896873e+00,5.539759936656888373e-01
-4.614473002088358200e+00,7.386881389178673984e+00
-6.666732859696482549e+00,-8.605129343852642165e+00
7.809454467799577415e+00,1.699662551686086331e+01
8.416535002335647775e+00,7.589938532790277970e-01
8.160564006683499017e+00,9.320427768117163225e+00
-6.439548368891379049e+00,1.578761780638488510e+01
-6.895986360457037279e+00,4.561711623322469045e+00
1.778583429864345078e+01,-3.609116632850667639e+00
1.294274834266586183e+01,-1.200665731803112379e+01
4.155562538231861502e+00,-2.374108444871493973e+00
1.135543744532209587e+01,-5.626688192828375179e+00
-1.451122282244642570e+01,-6.791137230241462319e+00
1.152713581351425631e+01,8.401471331353024041e+00
-6.725433156460605133e+00,7.292092605732085175e+00
9.341571119102280107e+00,6.392889902721872630e+00
-3.440114091606938818e+00,-1.305607018667280350e+01
