2.107737796691791399e+00,1.489768077287195958e+01
-9.291201578288486473e+00,-6.445151380214936943e+00
9.697235373827858496e+00,1.633902157733386673e+01
-3.820868823535084058e+00,7.819009662420491225e+00
-7.113394422690841878e+00,-1.534631113041984740e+00
-1.777162201882427128e+00,1.889673010104054640e+01
1.633839640631826740e+01,8.792615822805416315e+00
-1.287546232858637119e+01,2.865575413408580019e+00
8.338007795475377293e+00,1.624276652656988951e+00
1.529193432182740509e+00,8.969099316714434167e+00
-1.827968595070926483e+01,5.160991580306250270e+00
2.559930662948189273e+00,-1.576473646549423435e+01
-5.326750105766347998e-01,6.664465375322052410e+00
-1.423403371149145791e+01,1.042008539582849025e+01
2.627425641890185126e+00,1.211011949675645383e+01
-8.688345428470945819e+00,2.004558683996810142e+00
1.604998848811006340e+01,-1.602229683653594972e+00
-1.524987474807632815e+01,-2.865374277900576860e+00
-8.705890937719898304e+00,-2.376063122585493570e+00
1.715391825519025915e+01,-3.722879921283507532e+00
-7.747161756778096375e+00,3.775660138905517993e+00
8.331763001810978508e+00,-6.036350532721469264e+00
-2.967727027128628237e+00,-1.522517951593920138e+01
-1.071005307483696889e+01,1.441865210190787572e+01
5.367041884358231485e+00,-1.361453590109323741e+01
6.066564884216717246e+00,-1.099825270781009445e+00
1.221619226399026026e+01,3.079025675267620610e+00
9.115524696264802884e+00,5.046166045106201814e+00
-1.212855630474049562e+01,-1.460512107540343330e+01
9.192577610086660300e+00,-7.636141250919018297e+00
2.045033722612748406e+00,-6.428150492572789254e+00
9.351826185966094940e+00,1.275328010073104856e+01
-4.162784088313988384e+00,-1.375560705583804832e+01
-2.836835534318823182e+00,-6.941010022286017822e+00
5.417552943086286987e+00,1.423426801436422551e+01
-3.680828204026949990e+00,1.538206801071472718e+01
-1.171222940221370656e+01,-9.930561059936547919e-01
-1.246852401537958954e+01,1.393319199664223618e+01
-1.317666586184396138e+01,4.619801070467049797e+00
-1.313272284961030678e+01,-4.918081608523874770e+00
9.412506150568972885e+00,1.092954722031218040e+01
-1.024318588973772215e+01,8.547150836040738886e-01
-1.174104600472109405e+00,9.945968075524417529e+00
6.686543297664671037e+00,1.299842265184134149e+01
1.789054247676205023e+01,-1.920792522658307355e+00
3.573560777929308596e+00,4.107855561213851203e+00
3.919286699805751617e+00,-1.705229418771648042e+01
1.048604297772421212e+01,-1.338508941948348507e+01
-3.207951726479993049e+00,1.330620426780403065e+01
3.467229937794090722e-01,-1.401700394575671105e+01
2.683093818308740275e+00,1.032704330190681219e+01
-1.497326999445538398e+01,7.632982797610272208e+00
-2.257531429921188604e+00,-1.708752100523993178e+01
2.628032142789001657e+00,1.671037610411530494e+01
-5.080022376603037237e+00,1.826829167441767865e+01
-1.982538335255187301e+00,1.494852103388005737e+01
-2.446967570748230347e+00,-3.355870351328507084e+00
1.549099813858894725e+00,-8.171374561854202412e+00
-3.953986758268262403e+00,1.085193543004356798e+01
-1.825930670915721921e+00,4.904685473959492725e+00
-6.167768494440362126e+00,-6.766999146425045630e+00
4.096979901796294676e+00,1.539956647223700337e+01
-4.279049620283111643e+00,4.699395193889230882e+00
4.917525465360695236e+00,-2.487550589768054987e+00
1.556612718476125679e+01,6.223238850873911154e+00
-4.318090817552722172e+00,-1.130473582008420941e+01
-4.946826292594814767e+00,6.343987800009340816e+00
-1.481333212064504501e+01,5.458624487748681808e+00
2.113479448408007944e+00,-1.781795884874740565e+01
8.477301041356950506e+00,-2.314387970750667378e+00
-7.321573901561706066e+00,1.582481303486384583e+01
1.512984886669480211e+01,3.841084996001982166e+00
-3.977898588317819062e+00,-9.544175025228408771e+00
-7.644169681444902276e-01,-4.219846424245647043e+00
1.348114297999387423e+00,1.365440547578311126e+00
3.830884729868275773e+00,-9.554681006117350606e+00
3.006094888873695137e+00,5.275664681172419490e-01
-8.128472534927444926e+00,-7.824794672290725117e+00
-4.971028752639498727e+00,9.299227817708430877e+00
5.758349343280192434e-01,2.954499587344709521e+00
-1.786264063608194785e+00,9.781393137614205480e-02
1.344264583061089802e+01,4.346481812415506241e+00
-1.046518270142323015e+00,1.175021697332988779e+01
-2.129849470532558520e-01,1.526979647252352557e+01
4.097754951890995478e+00,-4.869171055169644546e+00
-1.187665361855695600e+00,3.081549939442098207e+00
-1.069744694848970923e+01,9.896992929359580415e+00
-1.342833595709775452e+01,6.743545611218737967e+00
2.211918591084479913e-01,-6.983269625539393566e+00
-2.813994259285828914e+00,1.599003252379708195e+00
-9.641564823114890714e+00,-3.893119847013138290e+00
-5.570590163564475006e+00,1.629885570509473780e+01
-6.755064619221905708e+00,9.352084448775276115e+00
4.228644143828101498e+00,-1.503358204547554955e+01
-1.460692489747335721e+01,3.210499132551941415e+00
8.505497535550144761e+00,-1.478759499178505266e+01
9.903345144249485088e+00,-1.284512683931676724e+00
-4.390373623422826554e+00,-7.752295437569959091e+00
-2.967072952147550069e+00,-5.097340524878159584e+00
-6.697955531691768272e+00,5.969052583941008017e+00
-1.568923978290936638e+01,9.316308172106916530e+00
6.500505399716972832e+00,-1.780273472063098694e+01
4.520922312079458827e+00,5.656601837334660487e+00
3.257393673013411206e+00,-3.316999660193949762e+00
1.297984060829895370e+01,1.443289241804035283e+00
-4.155684791190338068e+00,-1.847173270403835277e+00
1.069709919750597926e+01,-6.535507992200010108e+00
-4.774195607970265876e+00,2.921590524750782514e+00
6.215801801715701735e+00,9.488952130673633079e+00
7.686453476942132212e+00,-4.368827906180571041e+00
1.384279350259840236e+01,6.538160467597983860e+00
1.738662560574095739e+00,4.311927465854327401e+00
-5.072992302676480492e+00,1.161892520127731698e+00
1.348339373914565043e+00,-1.175048071992949161e+01
1.124649524395027633e+00,5.985753755557375655e+00
-4.576467501216731293e+00,-5.964115161867335146e+00
-8.496938917283280546e+00,5.404298842014328308e+00
-1.869123443824521758e+01,3.335519397650005935e+00
3.039463241105406777e+00,-1.126305233581927823e+01
8.108201747873303944e+00,1.407453370976777052e+01
1.004156460152659669e+01,-3.220979969976745405e+00
1.337651589810186437e+01,-8.117121699834092041e+00
8.235036398729764784e+00,-4.931143539089048455e-01
-7.433401245797429446e+00,-5.373634083487844215e+00
6.756665121239348260e+00,-2.774192575586845955e+00
-9.700281929285271332e+00,-1.413179988965678291e+01
-1.296587762005216193e+00,-5.899099199986235220e+00
9.802307142963206488e+00,-1.625767882491567562e+01
7.759161100067272221e-01,-5.170242727879132971e+00
-6.505429246579613078e+00,-1.424274536071823327e+01
-2.869022284772541287e+00,9.312017645407054900e+00
1.449640899164253227e+01,-5.431934840263624720e-01
4.523447814090866714e+00,1.016321949459563712e+01
5.916255197301531155e+00,-4.413303628886525942e+00
-1.446226987993409807e+01,1.418664329975964034e+00
-6.196179984958548603e-01,1.755968780043733801e+01
6.905224897074314860e+00,1.537238144407302443e+01
2.046656049166053926e+00,-2.043175032922281975e+00
3.262338841712551264e-03,-9.025837642473392819e+00
7.348942909710041604e+00,-7.708564333990731043e+00
1.098024856017626938e+01,-1.078530538779595638e+01
1.081817917554878505e+01,-8.337624012604175405e+00
8.519594558770387849e+00,-1.193614391231192506e+01
2.493758290497744223e+00,2.698715061252703329e+00
-9.361618734113326568e+00,1.108517026718669918e+01
4.501375599980993236e+00,1.212626813889281685e+01
-8.151356525819036136e+00,-1.505376783869733259e+01
-1.428230217432452598e+01,-6.366614028380078949e+00
-6.829106100808212787e+00,5.629105629467117122e-01
-1.631451622753646191e+01,1.130971451805603323e+00
4.525542305806848908e+00,1.714314638167286375e+01
7.785254045323856786e+00,6.218647703341485311e+00
5.276081656411376386e+00,3.373477626249711037e+00
-6.369939196654510027e+00,-1.100207755022680622e+01
1.095417230809439779e+01,1.768156010238728815e+00
-3.705351806724325847e+00,2.713915604958215197e-02
-5.446215088756765077e+00,-6.496757233752338268e-01
-1.327291815087158966e+01,-1.300868880224933299e+01
9.735989018513663495e+00,-4.972479964959431342e+00
1.491986610501596822e+01,-5.005235687126501354e+00
7.849197335402814169e+00,3.705306878146449545e+00
1.721588895903250460e+01,2.964012628046488906e+00
-6.823928319396797448e+00,1.771000392985360605e+01
1.361881845516055556e+01,-2.128815362050838100e+00
3.675442163358493719e+00,-1.303777587972203023e+01
1.307960501551572108e+01,-1.111474905535544977e+01
-6.348693651601641896e+00,-1.607013674998033537e+01
1.424102593655367599e+01,-1.255041692662412700e+01
1.222741368977392362e+01,5.641267408451241749e+00
-5.413920633277961025e-01,1.366067881808559648e+00
-1.685645015747615005e+01,-8.719557715292124200e+00
1.189320634089786033e+01,1.154706269570984745e+01
-8.593888383161651490e+00,2.214808825010242399e-01
-2.945186730844086664e+00,3.448115073032794520e+00
6.014482014870015547e+00,6.622563848814732701e+00
1.184201996535963142e+00,1.778962790656457216e+01
2.209547299816936317e+00,-1.402594357303421546e+01
7.467647544104906165e-01,-3.328527702982754466e+00
-6.701300830349175008e+00,2.360571636480677249e+00
-2.853716808701422525e-01,-1.084561183190816180e+01
-3.142702640147080118e+00,6.135480001639818326e+00
3.906931519721547730e+00,-1.002272278248450554e+00
1.281845928211174268e+00,-3.949115182159981252e-01
1.050978011589591432e+01,6.189019447012137576e+00
-1.203802874961931479e+01,1.232683004781378378e+00
-1.710283491588705473e+01,8.264592700191469632e+00
-1.073200328241310864e+01,2.640335327008989097e+00
-1.296952920949861543e+01,1.218825459966202729e+01
6.735119760325383176e+00,-1.488399408426043102e+01
-1.134717390579094243e+01,-4.425180383325533207e+00
-2.273318190739694877e+00,1.684154737900917098e+01
-1.649542906436674983e+01,6.561392246689462304e+00
-1.689473348165364541e+01,-3.562760305176864595e+00
6.463812749990055728e+00,4.810689857720915619e+00
4.929576379395894214e+00,8.161140072395651757e+00
-1.646709846324078796e+01,3.008441511673932034e+00
-5.633256371283930086e-01,-1.532226566073409568e+00
9.511133249639499354e+00,2.995021886791534804e+00
2.401139206858963426e+00,7.367329991908351694e+00
1.155855851520047395e+01,-4.961510736109332242e+00
-2.047247971611459327e+00,7.672419721090152578e+00
-2.367081278422760171e+00,-1.590024576581767102e+00
5.026218169863650331e+00,3.880532556656857701e-01
-7.634063290704566462e+00,-9.599251184418879035e+00
-7.840652801390455728e+00,7.742631843896315758e+00
-5.832917203738748668e+00,1.086049748478863641e+01
4.860751007237462673e+00,-8.076974379251650404e+00
1.942946867960692270e+00,-9.891345935268873291e+00
9.289908126762155050e+00,-1.023147892220861976e+01
9.698450194450421336e+00,4.832102711735359879e-01
-9.877715904714857942e+00,-1.033285997857701588e+00
-8.074882277031490696e-02,4.611552885737276064e+00
-2.017673072065014062e-01,8.408713190270319160e+00
6.396421785255075321e+00,-6.164640043033404737e+00
1.539324895137101024e+01,-3.245174317879761183e+00
-2.042369562223907309e+00,-1.361832129185474471e+01
3.573206143391054912e+00,1.369383594358548706e+01
7.248028956920364863e+00,7.994223435942640066e+00
-6.782518434684403630e+00,1.408846759610509913e+01
1.246430932252674983e+00,1.325526901886961895e+01
-6.059124245460197677e+00,7.728487340565164843e+00
8.836996494266928792e-01,1.080407082049535106e+01
-6.014940444076483317e+00,4.330175596796342674e+00
7.945536736871857464e+00,9.858139617406067146e+00
1.102091113081329254e+01,1.000389502601808545e+01
-4.175801905802414282e+00,-3.679219611839410486e+00
1.258898550155350549e+01,1.422025778022464593e+01
-5.626403693089976343e+00,-1.259530562099690343e+01
4.171534016020279623e+00,1.962919652517034486e+00
-1.643410908092447775e-01,-1.723770074583807954e+01
6.677484643968478295e+00,2.320531752467299924e+00
1.258372886654900924e+01,-1.359115434242884390e+01
-1.130237948874214382e+01,4.321681293588000905e+00
3.832369430399448884e+00,-6.627732024237487529e+00
-1.388559355893480607e+01,-8.395989895339235787e+00
9.818100730714881763e+00,1.455990946350577175e+01
1.608870992588714444e+01,-1.003133047250693188e+01
1.131223576390679497e+01,-2.173570918301213073e-01
1.108208280218533304e+01,1.321273444763348159e+01
1.173336719890333590e+01,-2.570731602338034438e+00
1.072513326104466636e+01,4.279222246938506835e+00
-4.889155240357782262e+00,1.244930262845013580e+01
-5.713570980229827789e+00,-4.538974157020952305e+00
-2.912350189264664824e+00,-1.876004505020575053e+01
1.224760091925829819e+01,-9.513334584532671556e+00
6.757120083733887839e+00,-1.243175491955861567e+01
1.789705016507118174e+01,5.681683071213263325e+00
-1.178726161960295116e+01,6.047815460175052671e+00
-4.992138507431212346e+00,1.421763377715342536e+01
1.826515191436953245e+01,-5.163380560533118668e+00
-1.507487353087366166e+01,-2.745296847119057526e-01
6.092490106828260643e+00,1.125088136555705987e+01
-7.401300090556445888e+00,-3.612261167336815681e+00
-1.204279708036505170e+01,-6.423636857424932067e+00
-2.453934139318582730e+00,-8.660189582174485423e+00
-5.757898212355041068e+00,-2.716936870781628155e+00
