-4.169048512121340089e+00,-5.330673857296092777e+00
9.082653396567568649e+00,-1.073848032043783718e+01
1.542679521712197399e+01,8.664492129343942750e+00
-3.833728779919952090e-01,4.782837005200041069e+00
-1.586321436566121967e+01,1.562350383154311961e+00
8.307790822566833100e+00,1.708100592468704093e+01
1.779719014377769692e+00,-1.392915393488280884e+01
-8.060352026574543416e+00,8.257468027673173339e+00
1.886494506152126860e+01,-1.951398077707406253e+00
5.386187566759335077e+00,-9.598402304403226282e+00
-1.257117149800578915e+01,1.226054948239265130e+01
3.210793742390128519e-02,-1.444204086484599259e+01
1.950702786996592053e+00,3.655753105578725126e+00
-9.010273897095791185e+00,1.453337889777469094e+01
5.023160217520971749e+00,-1.134553922847427643e+01
7.608213722245444011e+00,4.084204095486726693e+00
1.238983234879052375e+01,-9.192535350756330104e+00
8.435182612718310935e+00,1.310347912036235840e+01
9.508129668828781966e-01,-1.597232961984578203e+01
1.294444054391386878e+01,-1.085886409919642226e+01
-5.090769306665196003e-01,-7.665606541734224066e+00
-9.249634672703681559e+00,6.816275619282474274e+00
5.213903704828116936e+00,2.031672674281218782e+00
1.394282148180622904e+01,7.674056332127565661e+00
-1.312890693050002611e+00,-1.307989218117248242e+01
-1.934970945015095367e+00,3.786796259584014557e+00
1.054242211260245732e+01,-1.154380295569193526e+00
6.462320856065477237e+00,7.631129846106013970e-01
-1.760706633881417815e+01,-7.135828093353524082e+00
-1.075650399913231503e+01,2.803730269993806701e+00
-1.772362670128488027e+00,-2.656746896221870102e+00
2.943717478828316469e+00,1.506727115812098106e+01
6.855441680003596439e+00,8.536134050982486343e+00
1.598561264492478928e+00,7.175411005773048245e+00
1.135159538529041079e+01,7.708744931754339724e+00
4.009966467354725950e+00,1.356473845272030765e+01
-7.217581918423264575e+00,4.834010988299247913e+00
-4.988154471712531013e+00,1.735419513613134157e+01
-6.069584557522724744e+00,2.413786995157423121e-01
-1.394884259270172677e+01,1.829620973417005247e+00
1.268038382133079978e+01,6.398714776689203632e+00
-5.123635412294605729e+00,-9.789716979153443077e+00
3.044089596051959390e+00,6.024785446709365111e+00
1.501265044266429705e+00,8.947292590801867007e+00
7.713871594562966116e+00,1.501691174317122623e+01
7.828172802603668323e+00,1.015065677394610510e+01
-1.582176241021951490e+01,6.527315393842966884e+00
2.582065617805638702e+00,-1.662616593926191300e+01
-1.395153133826365810e+01,-4.013516809112805284e+00
-9.309270186503223243e+00,-1.401678680009564193e+00
3.500210347598914584e+00,-7.432238219756135855e+00
5.730184459680734754e+00,9.967370947564528905e+00
-1.493308334059963194e+01,3.370267089583284026e+00
1.003992824862172739e+01,1.409626965372286733e+01
4.099026729060025964e+00,1.853183967575133551e+01
-1.406897527713035956e+01,-5.871627505517023948e+00
7.126178952263263255e+00,2.396194907453028655e+00
-9.387051813877206330e-01,-4.806585344660915915e+00
3.044357214506592246e+00,-4.763368246308769649e+00
-7.172502103010697461e+00,1.657050769154895242e+00
-3.659474638006609659e+00,8.261706569380624643e+00
9.539284750933193280e+00,9.486456103976076193e+00
1.393470870612411616e+01,-8.192325726950649312e+00
-5.323423806565756422e+00,-8.019646353173072839e+00
4.874197244515390715e+00,5.785838359207135136e-03
-1.972585134824087927e+00,-6.398716649014105862e+00
-1.590954006900007434e+00,1.973009414360634262e+00
-8.371175196501210891e+00,1.008420771721729636e+01
-5.516771628955205564e+00,-1.666170356974761901e+01
1.963216865430699620e+00,-2.387083892820984321e+00
1.734645523516345378e+00,1.712620851702404678e+01
-1.410009285785416644e+01,-1.988218349090738801e+00
-5.797517800409915267e+00,-4.607303114236432684e+00
2.532372048082850213e+00,-1.084538861302084634e+01
-6.713342455505154405e+00,9.447793840831639756e+00
-1.064498994619468952e+00,-9.408330509222048832e+00
-7.235386447352239792e+00,1.350709185667685652e+01
-1.117704048295844821e+01,-4.482708969769289453e+00
-5.244026184095011978e-01,8.302734018612285993e+00
1.515827933985684872e+01,1.920443050292933052e+00
8.659075540239539848e+00,-8.991901590922077858e+00
1.241247576401311647e+01,-1.375348652630759672e+00
3.151517196820392108e+00,-5.002918777522110672e-01
5.781179410579545319e+00,1.348804960778545059e+01
6.373924706285484909e+00,-4.194374914434614965e+00
9.040331142297592493e+00,2.420516605248807629e+00
-5.189081421614298861e+00,1.375135433918346806e+01
1.244955939107567033e+01,1.083188440948318210e+01
5.320259054550805722e+00,1.674043869572265919e+01
-3.254978372494502725e+00,1.363695613567104381e+01
3.211160617395010242e-01,-6.094688479414987370e+00
-1.236751676652603660e+00,-6.318347243723012596e-01
-5.507404533327251883e+00,1.563478695837021526e+01
-1.409055001869498902e+01,6.088666066805697774e+00
-1.061640765807166709e+01,8.070476791062134225e+00
-1.336110681347341078e+01,1.062279972183448784e+01
4.602826990254392570e+00,-3.808589141236307096e+00
-5.665105738961050186e+00,-2.838506421221951737e+00
9.625848888876136655e+00,1.582137182419505450e+01
-7.181245901655040065e+00,-1.184492002586757842e+01
3.849625827778945020e+00,-2.162165596934793932e+00
-3.059320840800777486e+00,-1.847919342491222139e+01
3.574409886543600035e+00,1.314542137231066166e+00
-1.299008189874016672e+01,3.431274362907973163e+00
-1.231187023589720475e+01,-3.093478195177365109e+00
7.306573900994123960e+00,-7.825824628556738105e+00
5.249850520370629603e+00,-7.763175840009351347e+00
-8.414104160513522501e+00,-9.172358670251146151e+00
-1.391031715643376465e+01,7.970000880178288227e+00
-3.016699128068581537e+00,-1.352313632082974770e+01
-8.122629363277352965e+00,-1.345515951674428123e+01
1.555655649414282859e-01,1.341385024394711190e+00
-1.219979631319698443e+00,-1.116069544096552058e+01
-1.567821413784753259e+00,-1.537310600273651851e+01
9.692841708884239793e+00,-1.244456675906466181e+01
-1.031300342654628288e+01,5.293288627471812724e+00
-2.172721672046344921e+00,9.187909177706970354e+00
-1.434630786476726705e+01,1.217976669392169420e+01
-4.269632343071891434e+00,1.134602925713426202e+01
3.305558392677609092e+00,7.885984754761413029e+00
9.269639088471235411e+00,4.901910334033692251e+00
7.361124990443173921e+00,-1.407844393348700152e+01
1.542884379167909614e+01,-7.061436384220068696e+00
-4.385461320313842393e+00,7.560894895833143448e-01
-6.740596142541034119e+00,-1.431585730672863876e+00
-8.032045175846647567e+00,-2.694554381327205927e+00
-1.005703372344428814e+01,2.496908192443986207e-01
9.980273353289559335e-01,-1.891699770891705867e+01
3.550859573141198045e+00,1.685938677466212354e+01
-1.224156640892450021e+01,-9.452823786605787149e+00
-2.610770723016446304e+00,5.153109941321194487e-01
-1.240884812691532524e+01,-1.129391620448446254e+01
6.311884264674183953e+00,5.392357156270278118e+00
7.657821179886918905e+00,-1.585114228091267563e+01
1.121493873170508415e+00,1.183819471601909967e+01
-1.189722745271453858e-01,6.537396363051293235e+00
1.270013673834231227e+01,8.953606177724653392e+00
-1.157976275783567921e+01,1.216700662005528066e+00
-3.803000652070159582e+00,-7.117045681262844425e+00
2.086430704128858782e+00,-6.293302997309075053e+00
4.387028422961919638e+00,-1.388082503852659677e+01
5.882882357973570286e+00,-1.288635286882127495e+01
3.129771742378079313e+00,-1.252938353595806298e+01
-4.051384227836908991e+00,6.544444847199798687e+00
-3.861049051980010915e+00,-2.823442314071098025e+00
8.554982177878592609e+00,8.014990044666259195e+00
-1.405259741635088844e+01,-9.031370897971953582e+00
-4.072371914377589164e+00,-1.500140879993028342e+01
7.841355057801982831e+00,-5.536151544853799678e+00
-1.226974870574973409e+01,8.715109791021760088e+00
1.149424490492906337e+01,1.232168811988739243e+01
-3.020996719625938187e+00,-1.268288745735925760e+00
-7.541159779566911858e+00,1.165685325959801411e+01
-9.247387620677738340e+00,-7.487765422094479817e+00
9.378860969618942889e+00,-3.329633355103558845e+00
8.220356371696103892e+00,7.370529460740986583e-01
1.288072200170144654e+01,-4.025455499904384560e+00
1.379068490746151809e+01,-6.299332413118223783e+00
7.614472350202103001e+00,-2.785768322440798972e+00
1.067458360338199697e+01,-9.802100030853035051e+00
-8.033955044177805149e+00,-5.451138809826936577e-02
3.503284045128482460e-01,-1.467648052578022222e+00
2.323162439560474635e+00,1.884291652700127173e+01
1.092497402768106163e+01,-8.040200719378159278e+00
-3.004323635000311743e+00,-1.169170240696755769e+01
-7.948256225282353427e+00,-6.205022225570714589e+00
9.065803411925509314e-01,-1.162528102235968497e+01
7.187505537339774264e+00,-1.758738635272161233e+01
1.181704093372356112e+01,1.077733462146831078e+00
9.738346977359515932e+00,6.615055269085643452e+00
-1.897832776817943667e+01,2.244761736726836876e-01
1.451666374673146720e+01,5.880706751098322194e+00
-3.346020511563801314e+00,2.229898905178598234e+00
1.121650422739047848e+01,-1.151707997019716601e+01
6.902086167204880773e+00,1.201615311764195404e+01
7.569944785294214995e+00,-1.172243653778184580e+01
-4.682762059452474368e+00,-1.271396373925189494e+01
1.615604041588680673e+01,-4.650019700958696323e-01
-7.239509963595976316e+00,1.530869256323823002e+01
6.253616176784126957e+00,-6.308908261356187097e+00
1.201209386379046329e+01,-6.604268996698633210e+00
1.434430556082372910e+01,2.463165939802715865e-01
1.097884916852960835e+01,-4.161724650796887026e+00
1.001202289694227154e+01,5.160472364266875944e-01
3.670025852279585443e+00,3.066879789586052674e+00
-2.769455458285303706e-01,-1.740260589009377412e+01
-5.740728517708451939e+00,5.948479378116194205e+00
1.869740132137759803e+00,1.796279345827329621e+00
-4.853019366473933616e+00,-1.128424699087109406e+00
-9.162317754381431811e+00,1.786250494512468423e+00
-2.660566475344967596e+00,-4.219630565683095469e+00
-1.074392669670305267e+01,1.267127719270927422e+01
-9.741667854670589932e+00,-5.740559221529167644e+00
4.475801750347954133e+00,-5.883841552531507979e+00
5.843059088740355733e+00,3.675331547476265559e+00
-1.158486604069726411e+01,1.049683893202694307e+01
-1.229009743434884783e+01,-6.048905468770326088e+00
-2.710159366850501517e+00,1.536749737198828036e+01
9.240472260005898164e+00,-7.183382734367823375e+00
-1.407425259219738400e+01,-1.383510993994770399e-01
1.360114763981836505e+00,5.408739785177932191e+00
-4.917696860569352957e+00,9.599541143370052154e+00
1.426590660927569587e+00,-7.323234148259877285e-02
1.689474324650326764e+01,7.601847682901820669e+00
-2.490340566276278089e+00,1.099436710927892058e+01
-4.438315792269555415e-01,1.018789661182122686e+01
2.474088647737159863e-01,3.093305554106810629e+00
-2.428753182012628464e+00,-8.226649550228280816e+00
-1.608431836977371532e+01,-1.010702311409154319e+01
5.684186197044884814e+00,-2.350471622319767473e+00
-1.438273313246882168e+01,-1.093543403990441298e+01
2.410631095741898822e+00,1.059481116099031972e+01
2.732922607815085225e+00,-1.847634499812338404e+01
1.294663555169768054e+00,-4.479166278711491422e+00
-7.172857155955248309e+00,-7.900772965810246795e+00
-8.695101146913984280e+00,-1.094682791814452649e+01
-3.752232046289342815e+00,4.026797078682319508e+00
2.790670814331897898e+00,-9.068314334749477013e+00
-1.052650783928696931e+01,-1.037286001230286026e+01
-9.918882319380481150e+00,1.105727425819101661e+01
-2.056357864778223021e+00,5.641665594405667505e+00
4.762700075201760974e+00,6.463958617479180546e+00
6.961359958762579403e+00,-1.004617332523304540e+00
1.041864442232201071e+01,3.559431920475323086e+00
1.463796111347626017e+01,-4.685141774702493933e+00
-1.104847918169963350e+01,-1.244857583019768299e+01
3.941201397580304189e+00,9.635862592606722288e+00
7.141084398666377453e-01,-9.868937141633621124e+00
4.394868019017732941e+00,-1.693269508201787588e+01
-8.411765943475025153e+00,-1.521573228439252290e+01
-1.076455619049305490e+01,1.488306438473339632e+01
-8.071073548442390333e+00,3.221797561566935642e+00
-5.554381689517565945e+00,4.104849298469571472e+00
-6.282259981350385436e-02,-3.242038330921942713e+00
-1.580903136011068177e+01,-3.965990668138772990e-01
5.092558125007779601e+00,8.229006643910498298e+00
9.425663737724031321e+00,-1.649357839910490853e+01
9.670869519086233268e+00,-5.381554030722959681e+00
-6.296338248761141898e+00,-1.340850054599941998e+01
1.139870632750112023e+01,5.100770261105425973e+00
8.766172336875504456e+00,-9.576288136743394963e-01
-7.640863973844684409e+00,-4.426680236092944476e+00
-5.936270458753564405e+00,7.818440232908138832e+00
-1.140095454545497233e+01,-1.518182985348662406e+01
-1.702248256035962726e+01,-4.926979785772652498e+00
-6.145834018484079841e+00,-6.371270356026704995e+00
-5.379078030218967577e+00,2.325156629578067236e+00
1.274803906791431451e+01,-1.408467118265958895e+01
2.132197034083733733e+00,1.330182540309461459e+01
1.374789484205109424e+01,-1.249618035139812733e+01
-1.227013511749855112e+01,6.436788651393877458e+00
7.860032859986250564e+00,6.246862374858518585e+00
-3.694690333063502141e+00,-1.675481049048459781e+01
4.363762628204248095e+00,4.736142592015535335e+00
-8.934547563676913384e+00,1.276914703252615269e+01
-3.315396559243993568e+00,-9.829522592153169924e+00
