5.047284223932019032e+00,-5.405040288072244792e-01
6.416360831491670247e+00,-1.691694260797946825e+00
-1.855503896224042748e+01,-4.040010317037371124e+00
-1.318493926937083138e+01,1.357832801712411808e+01
6.511183409837770775e+00,1.013846058872022837e+01
2.814316232782721805e+00,-1.101915582546388706e+01
-6.274167121162437688e+00,-2.696228529974839527e-01
1.061128986558580678e+00,-1.118567728414848794e+01
2.779795738364546076e-01,1.661563823445196419e+01
3.885799601683235238e+00,-9.460102019135716134e+00
2.231817192701794905e+00,4.471784483918301412e+00
-1.294718039945734311e+01,1.376824631212188343e+00
-4.583240616960151392e+00,-1.324701573211425654e+01
-6.615901140914171918e+00,1.096277123195284453e+01
4.600953527378082164e+00,1.127852732104316935e+01
4.859181790937750378e+00,-1.105708593873237255e+01
-7.573473463093248093e+00,1.439802072141372591e+01
-2.151242512061937617e+00,1.631119363657142429e+01
-1.116368925372431775e+01,-6.063762464993985191e+00
1.103236638163010142e+01,7.081108182457382050e+00
1.691835182748785371e+01,4.300985040330043141e-01
1.327854236904414265e+01,1.346369231796382593e+01
5.822542435876821187e+00,8.395341944527032751e+00
-4.515186407945801506e+00,-4.431682080445920491e+00
-8.697672252058591624e+00,3.918871890067082031e+00
-8.788950743606045890e+00,1.063973635671714923e+01
5.155472790122166415e+00,1.318042465439365962e+01
-7.083683926336456160e+00,3.128070582076964534e+00
-3.473836890331270855e+00,5.201489389610558511e-01
-8.789891116978459706e+00,-1.358205236609160815e+00
5.301709579591061816e-01,-6.049350159496940549e+00
-2.228170945220634636e+00,1.284691078531666619e+01
2.014770322586011186e+00,1.145932274696885145e+01
-1.852041203599620545e+01,8.448864207940185445e-01
1.187380477741574225e+01,1.146702198818296736e+01
-1.487270912216747476e+01,-1.179044837689264646e+01
-6.829985708907052810e+00,4.902972276532490348e+00
-8.579117245473259601e+00,-1.287752980095791244e+01
1.325760866854206910e+01,9.714159704485547664e+00
4.749723451877756020e+00,1.841626219005372711e+00
-4.249661137190344107e+00,-2.656794958934323159e+00
-1.806620335879433270e+01,-5.880302616117998760e+00
-5.988816626800701037e+00,-9.815400634926605861e+00
-1.315264949906845615e+01,-1.220194976914991614e+01
1.400763567045756375e+01,-5.437982721554724952e-01
1.694069841234138729e-01,-4.168250513138242574e+00
7.609571637798515198e+00,-3.192162192649329877e-01
-1.573409942135471162e+01,-1.455400585840158190e+00
9.903741111046208800e+00,1.614330595788410250e+01
-8.463221000617114242e+00,5.683013346790698250e+00
3.791325867113473080e-01,2.699745214056477050e+00
-2.571789530302151405e+00,1.825124279129220994e+01
-9.865530053339535144e-01,-1.565582850124020808e+01
-6.130423699320087572e+00,-5.200124302417410860e+00
-1.026744665274270663e+00,9.808692011255184084e+00
6.625229013296760172e+00,1.671677358979489725e+01
6.521072903170881396e+00,6.713983900449211895e+00
9.696526824170634384e+00,3.977541144065201095e+00
-7.067815087562683729e+00,-1.191836173795917553e+01
-2.375743058551468945e+00,-1.882713311018004987e+01
2.588610629061677049e+00,9.790603779398701079e+00
7.496925101464008812e+00,-9.001599730916330699e+00
-8.696899887588699585e+00,-7.658136034472321718e+00
1.366430940094718594e+01,1.168236480317506221e+01
1.073264832004441161e+01,1.001309696208346445e+01
3.213226016035985566e+00,-3.368392159248426942e+00
-7.860450813563979899e+00,5.681216497556232925e-01
1.562999820465695677e+01,-1.078783737287588274e+01
1.488532634710305835e+01,5.367476864028875028e+00
9.083060264894943003e+00,-5.809080950963237733e+00
1.370010761440684810e+01,1.923054085895960830e+00
6.365339850655083787e+00,4.965864751857530734e+00
-8.930926264005863757e+00,2.044193409922527405e+00
1.092501524682819891e+01,1.596355182094213676e+00
2.832471746301309601e+00,-8.043137950670711689e+00
-1.000131972550576265e+01,6.585432595552323853e+00
3.141895361459906777e+00,1.115336196113466016e+00
-1.133590442216684480e+01,1.359881990184762124e+01
6.004636856247716814e+00,-1.763243254915473202e+01
-1.016902888056308463e+01,-1.433813573798907015e+01
1.051331912061437279e+01,-6.948866465004950754e+00
1.517439742910447809e+00,-1.344846291559943552e+01
-8.663852408922991799e+00,-3.120559948687292806e+00
8.886741809754425958e+00,7.365913290935476532e+00
9.731432247116881484e+00,1.159060198394060137e+01
1.143041894352515975e+01,1.500217340287816548e+01
8.002262591434032402e+00,5.765417008841939861e+00
-3.210504418423456130e+00,3.198877365996092070e+00
7.886598538796577351e+00,3.984115507058610728e+00
1.261560273325680015e+01,-1.736120961668665252e+00
-4.365486761318055464e+00,-8.903395302029620595e+00
4.316107419966328962e+00,9.431053302041620512e+00
9.503454638571396274e+00,1.338385248936115879e+01
-7.235847429896063332e+00,-6.614726757823073733e+00
-4.425051085247615923e+00,-1.084289474140238596e+01
3.364674249375700921e+00,1.262332311931523954e+01
-1.434744061878580279e+00,2.628781678380607723e+00
-8.307020733122150169e-01,6.049501857842673580e+00
9.940077222723509465e+00,-8.739380356780051429e+00
1.570990068586055521e+01,-1.065248587521767210e+00
7.418913855478251662e+00,2.194612290179322134e+00
-4.019937038088207792e+00,1.666187777448064367e+01
-3.925049826438647305e+00,1.166186476818796613e+01
-5.734848808580925272e+00,-7.673501727179123044e+00
1.174285780127141265e+01,-3.429206426482307446e+00
5.726673454277680264e+00,-9.347106907376653950e+00
-2.557505316897466852e+00,-1.961154764394818617e+00
2.403758072108907129e+00,1.560787864317787488e+01
3.837044216888874981e+00,3.375399952644986712e+00
-1.623730965039731577e+00,8.815294126732798885e-01
1.400426592030349404e+01,-5.117932568531537108e+00
-8.057112012847040816e+00,-5.017205988831276997e+00
-6.353593757016399834e+00,-1.354951221438391684e+01
-2.319068683600581160e+00,-3.823608724077936394e+00
-1.527271739659056315e+01,4.195059908090857270e+00
1.855030561884989382e+01,1.762354222292117800e+00
8.827355030652996870e-01,1.009510980823974835e+00
-9.348795873791186928e-01,-7.102346517276288296e+00
-1.220941626941200830e+01,9.313574391559589216e+00
1.673611815270975001e+01,-6.748088557651341191e+00
-1.385852522764432138e+01,-7.011215352355273378e-01
-5.312802561613578334e+00,3.615705344342035943e+00
-2.851682332025855526e+00,1.457825217026687348e+01
2.218416364119061956e+00,2.646273870419602492e+00
-1.473739324153852870e+01,-5.538474585372988201e+00
4.854820884435168793e+00,-2.559963035205452986e+00
-2.117730022950561342e+00,8.401266008218795989e+00
7.783947668767562389e-01,1.487593319476147968e+01
-1.049595146724499628e+01,-3.055934190040737519e+00
1.509206622472730963e+01,9.474971305073312422e+00
-7.634059062428693032e+00,-9.121407445750350007e+00
-4.656742311311572458e+00,-6.237844492757616877e+00
-1.421117380236904459e+01,-2.466623738044855241e+00
1.127593656522204846e+01,-1.352579723111610455e-01
1.073664527251217748e+01,-1.864125778649018850e+00
1.543657697423748232e+01,-3.384157301572052301e+00
-5.078388845166895926e+00,5.468157685712078830e+00
-1.706877248061348240e+01,3.478448157690095854e+00
3.495224315130645909e+00,-1.435056785074484198e+00
-2.859834147875841115e+00,-9.916970778153077148e+00
-5.574165943302628712e+00,9.397360821148625476e+00
6.794419665210643444e+00,-1.075094332111148177e+01
-1.184443631019500920e+01,-7.754891107946056295e+00
2.881139293168644588e+00,6.536626294879567034e+00
5.395649940656663368e+00,-1.431096848349707251e+01
-2.143219795160741459e+00,-1.388388472338490764e+01
7.250846785196181365e-02,-9.629977335021253637e+00
-1.720280675904890799e+01,-7.964589162199389172e+00
-6.312870768809680122e+00,1.521416276549349744e+00
-9.664796528640787088e+00,8.368831761030438798e+00
1.231963619205672522e+01,-9.461462862635499960e+00
1.084348093346197750e+01,-1.537321364872941665e+01
1.726573106761155429e+01,6.326726756275299124e+00
1.388327331088441063e+01,-1.034188754384424236e+01
-1.378005065365166537e+01,1.016186419060920976e+01
-5.930130834695600761e+00,-2.062401897730516520e+00
7.616632439004909827e+00,8.655889688825993744e+00
5.250777627414967341e+00,1.542674227534906706e+01
-8.231868236482504653e-01,-1.129767180100185975e+01
-1.079487721495367403e+01,-1.246108719252733010e+01
-6.945937552485812461e+00,-3.586170664163101929e+00
4.861500984469488529e+00,-4.349469759958575210e+00
-5.926966825842155728e+00,1.356198387779825154e+01
-3.364449995381889047e-01,7.789490788873019156e+00
1.470156619098964557e+00,-2.871327641121254715e+00
1.587886506893661753e+01,-5.181130461279552790e+00
1.137011077661589198e+01,1.317920600674052700e+01
-1.179713709827537294e+01,-4.392451046228424083e+00
-1.696741802003127120e+01,-1.489003648944681180e-01
1.556644366107838096e+01,7.011484319966196921e+00
6.547003977016975229e-01,-7.955521614183735934e+00
8.596215046046047803e+00,-7.524492263611281651e+00
-1.152790965282645885e+01,1.133701760083139831e+01
-1.246154061781008515e+00,-5.360598263552230236e+00
-1.552751909695940569e+01,-3.637661611460776268e+00
1.510918056092285511e+01,8.292960127388488978e-01
1.115696458265988067e+00,6.050184156045862238e+00
-3.055984504873834329e+00,6.892639277419260857e+00
5.946174528375330226e+00,3.199402064691325709e+00
9.763054999312966942e+00,5.818395959950999341e+00
1.138553855795594982e+00,-1.700016229985036631e+01
1.494637047174773026e-01,4.461344061404585837e+00
7.756170858372505528e+00,-2.886223281070161129e+00
8.991079551175422679e+00,-1.500859337975453123e+00
6.129204666183149186e+00,-1.261747603051198396e+01
-1.026991571718101959e+01,4.713987832724883198e+00
-1.114684664537610459e+01,1.302380472063791705e+00
1.063460779474118745e+01,-4.920369234726567953e+00
-4.601935120004760016e+00,1.487849795846240930e+01
4.711122349892234773e+00,-7.897531690635945623e+00
6.698042207998011754e+00,-7.378010657349729051e+00
-4.527000894016630639e+00,1.920182425124358216e+00
-1.520266494894230380e+00,-8.763757778175786939e+00
5.508751342946174745e+00,1.818260749259530229e+01
1.943120807635798364e-01,1.116524685078222134e+01
1.479170852895372201e+00,7.798890515190882944e+00
7.961920844471158887e+00,-1.212093030112091085e+01
-1.186362599980059862e+01,7.443692328861587271e+00
-1.450236565551758439e+01,6.949811569890082197e+00
-1.297347128403002792e+01,3.193193973573545730e+00
1.824850822848638865e+00,-9.521126353260841668e+00
-1.646379963864556473e+01,-5.130344939841048557e+00
-1.006175617754431872e+00,1.427305906269755553e+01
1.078568786110823119e+01,-1.037096367127532481e+01
-7.326043467033668044e+00,8.831001624750193457e+00
4.362068336252135303e+00,-6.132288538467443928e+00
-1.519112905648012912e+01,4.553645098015111081e-01
2.217551778472403257e+00,1.742525366145996912e+01
-1.882730598527005483e+01,-2.039805504330747699e+00
-1.210314550232507003e+01,4.765986286798545635e+00
-1.120704245177835290e+01,3.134645870836755055e+00
-3.233703801230896957e+00,-7.491959607534687926e+00
7.539266586932336089e-01,9.447075376439727279e+00
3.582492329797306141e+00,1.863898501479105363e+01
-1.651589239170378809e+00,4.450506808562773919e+00
-1.377589144423130740e+01,5.285465653839211519e+00
-9.606595831903769422e+00,2.750168699068722411e-01
6.231779867324758193e+00,8.692535739295295105e-01
7.676544371453980276e+00,-4.728153286215123430e+00
-7.688334438936970550e+00,-1.480642553953146390e+01
2.101527163867153991e+00,-3.560936525136792485e-01
9.230820758495388745e+00,2.275475608820737072e+00
-6.398700206390262935e+00,7.303913999823392622e+00
4.696655830357029160e+00,6.522018512670269885e+00
3.776109486046360875e+00,1.443975159195475655e+01
-1.638579207315871145e+01,7.675245137999938905e+00
1.259188111647876163e+01,6.187456696281709689e+00
-4.575197197369226920e+00,-8.939008296774508811e-01
1.668287974866251844e+01,2.850214976688967283e+00
-7.625445888835120645e-01,-2.577019442765806634e+00
-1.233599092240390327e+01,-2.200798158087818646e+00
-8.714025955390336975e+00,-1.059854783479303464e+01
9.612918269420012152e+00,-3.291898980638556793e+00
5.099263494016386122e-01,-1.294947166103614933e+00
-3.290021052998066686e+00,5.101202356960044426e+00
-9.855597806806121852e+00,-4.833109990182364868e+00
-1.332116501474233061e+01,-6.595219417068052259e+00
1.357713614642884714e+01,-3.365348007104748351e+00
1.679463595620320504e+01,4.626309696318192444e+00
1.170547778822632345e+01,-1.349035982630176811e+01
1.443325083926545993e+01,3.567363150800175742e+00
-1.216696565497443316e+01,-1.378071677122901306e+01
2.555066369229146872e+00,-6.239360788271677727e+00
-4.645797839172617572e+00,7.791385738107634573e+00
-1.107896661212155287e+01,-9.378951605053078566e+00
1.302014839134791213e+00,1.318511732071562470e+01
-1.193324009086800919e+00,-8.311074551856988402e-01
-8.140005262914915107e+00,-1.667731881211037148e+01
-2.582197327146861454e+00,-1.167346018932891205e+01
-3.669800065785715493e+00,-1.476653415329001007e+01
6.177895915416508288e+00,-5.668259051281943961e+00
-3.014154673931168649e+00,-5.511155392828580801e+00
-1.070796347522157532e+01,-1.234841436551511240e+00
-8.533425454664870458e+00,1.288022270772539635e+01
1.894082629614674218e+00,-4.572422230457509507e+00
-1.362617603653641041e+01,-4.173873464541414613e+00
