1.333405044546965179e+00,5.804254739008257502e+00
-3.453814535683043641e+00,-5.309073220498742307e-01
2.487400262873129098e+00,-1.881312330636711039e+01
-1.472975451432491134e+01,-1.197232591962456283e+01
-8.008507149915521595e+00,-4.574179862254964313e+00
1.117886314335217612e+01,2.102315778701908666e+00
-5.732788003464227566e-01,-6.268492864945681475e+00
1.128237479346276295e+01,-6.423793943030946252e-02
-1.660742408300471595e+01,1.645014134336172162e+00
9.829359555130928072e+00,3.269864375167492732e+00
-4.898065298744963769e+00,3.206974730066296964e+00
-2.924254997536090972e+00,-1.383880487491216904e+01
1.278105004336499562e+01,-5.646103982844054237e+00
-1.172729567483432511e+01,-5.808086214468485053e+00
1.769128555908227085e+01,6.372369094301037151e+00
1.157090618750606659e+01,3.986155286286985344e+00
-1.280818060390410684e+00,-1.150034629805684716e+01
-1.675291690262122657e+01,-3.562457683939445063e-01
5.614325949442394048e+00,-1.209893626443895087e+01
-6.351823718193577051e+00,1.150809777952136237e+01
1.029934310758015226e+00,1.698569575388907893e+01
-1.260892085919114614e+01,1.421320212924077353e+01
4.558539046316598231e+00,4.457524569420152183e+00
4.154160856269469626e+00,-4.276566120218669553e+00
-5.017898093977136043e+00,-8.412285679430821617e+00
-2.265101915847074210e+00,4.599954547872271426e+00
-1.272834663122752552e+01,6.225659648555012637e+00
-3.746233547683868625e+00,-7.080675225572131914e+00
-1.303862628976943938e+00,-4.058542113190190648e+00
7.442877174154187425e-02,-7.969448728128492476e+00
6.318865919500138872e+00,7.025605912647225892e-02
-1.391518331545074538e+01,-1.556197057499276948e+00
-1.158762915736172339e+01,2.847599074026629928e+00
-1.674386101646557989e+01,5.588317488352021023e+00
7.665049036897563006e+00,-5.718148649961590557e+00
1.047544108910188676e+01,-1.583840494031191959e+01
-6.037464686893459387e+00,-6.926481370804025595e+00
1.225486747036126900e+01,-9.595167041827680876e+00
-8.134788781336593999e+00,1.361408446404919559e+01
-1.975041615869222777e+00,6.370757664804828302e+00
2.315213834050166675e+00,-4.391413267625160266e+00
4.368398799238534913e+00,-1.848192022968214943e+01
9.561035490534479209e+00,-6.493762129101297909e+00
1.110252193349496608e+01,-1.405932440005236295e+01
-9.279343523990792875e+00,1.848861818334625040e-01
4.530856944960264698e+00,-5.981105636102910239e-01
4.288573739005787644e-01,8.438094930032464802e+00
2.380524227099855561e-01,-1.579491076747595990e+01
-1.525025995751847141e+01,1.122208479362681999e+01
-8.358500520890764562e+00,4.305477796773360843e+00
-3.653713954417433296e+00,1.304981659245607162e+00
-1.851322287173163517e+01,-1.047156089637367504e+00
1.552296502370473519e+01,-2.259427196162170137e+00
4.898520636857531585e+00,-6.663153987696453839e+00
-1.085531662127528385e+01,-7.352693697830983144e-01
4.414969244676036353e-01,1.026199314002095164e+01
-6.483494136444930334e+00,7.260988879483072367e+00
-3.121210109861034088e+00,1.018345667563070656e+01
1.124522214790077790e+01,-8.064710325739985919e+00
1.856199803118874669e+01,-3.970503997456899636e+00
-1.004604782387873385e+01,3.687619063362076677e+00
7.262562685554641462e+00,1.201792137452180853e+01
7.209447957824585806e+00,-1.067949663271873106e+01
-1.100535377232280965e+01,1.502037307648144271e+01
-9.019450042473248885e+00,1.157318174615700634e+01
4.265498271046721968e+00,2.605271356410643779e+00
-1.700856385937594251e+00,-7.681118578844996492e+00
1.200389326100479792e+01,1.471692814910422697e+01
-4.092699580022126860e+00,1.436435959531629436e+01
6.621467979814656957e+00,8.546506633142946896e+00
-7.218380318429873377e-01,1.390907672376567739e+01
-2.197937368817487816e-02,4.657175903601282307e+00
-3.164259154175837363e+00,-8.762363104878160058e+00
7.111890194694473699e+00,3.203699604125932243e+00
8.253253907662388755e+00,1.833544169534111479e+00
-7.343017797088615239e+00,-9.519745706839518817e+00
-1.117468437186073249e+00,3.232247647579720162e+00
1.718963960684599712e+01,8.074104282299115809e+00
1.812489482829634468e+01,4.511332694871423854e+00
1.344797323831087787e+01,-1.130682190195502201e+01
8.009064177984004829e+00,9.907213820388644621e+00
1.400438942359799910e+01,5.180285960143082846e-01
3.476944831224094479e+00,-9.833756409808881216e+00
-6.692609359715477879e+00,9.570878521198693534e+00
-1.122964469415472877e+01,1.091171486265179169e+01
-1.402506789102397988e+01,1.263112522115536862e+01
-5.207654489416681187e+00,8.493146902763513140e+00
-4.179211504642712960e+00,-2.861131283076359111e+00
-3.431956869395607068e+00,8.399940385820379163e+00
2.959639141867726142e+00,1.258094437175611802e+01
9.140381951850125475e+00,-4.726596275645277068e+00
-9.308325181411955640e+00,5.883473681936897570e+00
-9.197270803158630770e+00,1.544837670165684251e+01
6.386043293659617426e+00,-8.980593422926887115e+00
1.091673025012297948e+01,-5.270639466387197380e+00
-1.233067875552464443e+01,4.470972379264178009e+00
-2.511988723137199564e+00,-2.172517340593448587e+00
-6.842280756415854093e+00,-9.265833735017898753e-01
9.667866607986706384e+00,9.176176135053667693e+00
2.372600461552627937e+00,1.557086321035330911e+01
-1.628945847366104260e+00,8.158850446084212393e+00
-1.727158613315748781e+01,-2.830919101530564141e+00
6.583037503524677980e+00,-7.232607562677006996e+00
8.274392616010183943e+00,-7.799260311592083994e+00
4.499458961169582771e+00,1.152066988246646240e+01
1.013741261816576689e+01,5.111579365793000207e+00
1.927582272037116962e+00,-2.598259119134962436e+00
-1.530265483519631786e+01,3.707914274340009531e+00
-4.055497133576408508e+00,4.769468134512448998e+00
-7.311441652445890282e-01,-2.357928620118664664e+00
6.291979827388054503e+00,1.355987859835663301e+01
4.602565877569484876e+00,-8.420049798546665798e+00
1.296292713586972312e+01,-7.521651712590999850e+00
3.712930987423519014e+00,-2.540115683766369425e+00
-5.262260887041064983e+00,-1.502775652537052586e+01
-2.277937567817549247e-01,1.863090879042807302e+01
-1.882606148663488410e+00,1.485486361267043698e+00
7.738560379951082702e+00,-1.135557506107352177e+00
-9.556241356629241679e+00,-1.107610330598113890e+01
8.122032945675595528e+00,1.611420128661367457e+01
-1.577742286451942588e+00,-6.260558579686105185e-01
-9.952118680547339835e+00,1.355520784956296154e+01
-1.566049466262777479e+01,-1.831192630301202273e+00
-3.128832188700924277e+00,3.056471633394891807e+00
4.437238718447545693e+00,-1.518351990212333469e+01
3.172654465788539380e+00,5.619817553535607857e+00
-9.271099585762714312e+00,-1.622607544753192244e+00
-1.474297923859120552e+01,2.024632036205976870e+00
2.476832647107073182e+00,-1.131337281581728327e+01
-7.604180963630001955e+00,1.632954359754953089e+01
8.713492512427956527e+00,-9.587581852570121299e+00
5.965513219771308329e+00,-5.225979653438420414e+00
1.064054752938934145e+00,-1.417205842671732263e+01
1.345773148809426001e+00,1.188368456610398560e+01
2.853107658733587293e+00,1.082413594806605062e+01
4.695703972246086266e+00,1.510201827579245482e+01
-6.210710078753754360e+00,-4.702731381902016672e+00
-4.879877823866085151e+00,-1.681031683616791739e+01
2.040252763899091271e+00,4.147856932789847129e+00
1.040892534578124362e+01,-3.472893782146633690e+00
-1.011363011971059045e+01,-5.003208607673051311e+00
2.530893753285599068e+00,2.335953279422350537e+00
7.232095016877530647e+00,-1.281612843434856863e+01
-6.550350748428580339e+00,3.795082814127263227e+00
1.470214962328375563e+01,4.192425654165470306e+00
1.396948420281070824e+01,-3.163134048511674123e+00
9.673607677583566655e+00,-9.186706769936319184e-01
6.498721352328786338e+00,-1.778532311188027037e+01
-2.326145705550187071e+00,-5.981167847246237734e+00
-9.081162249317795698e+00,-8.939315298757726680e+00
1.045044283188205192e+01,1.149288434529825231e+01
1.612659870464937484e+01,9.639641749296476547e+00
-1.078696239496921194e+01,-8.418489979700263248e+00
1.202047314837734149e+01,1.259167656611071351e+01
-3.938743647651907320e+00,1.612759233091142264e+01
1.116270394801502031e+00,-5.800872654744859247e+00
-7.992700441204149797e+00,8.307949944885233862e+00
-1.492752586574322393e+01,6.553152928275665978e+00
1.133251555395549737e+01,-1.894056449837001610e+00
1.153127147742210390e+01,-1.180870374669885869e+01
3.249296096551391955e+00,-5.878266752101339421e+00
2.405510721297710874e-01,-9.714716710182791815e+00
-1.397763660188911672e+01,-4.823874667716886222e+00
-7.571806357621146510e+00,7.587112046016544209e-01
3.538428993862104743e+00,8.984945143808921175e-01
6.518261944938932295e+00,1.535300251080562717e+01
-1.224691356543674026e+01,1.242573862989008404e+01
3.836340449251669948e+00,-1.253343273354440512e+01
-1.039657374932531519e+00,-1.707192690324790263e+01
-5.812354894352474766e+00,1.618987124524078069e+01
2.137747392448078099e+00,-7.263472861023944738e+00
8.367996223490958840e+00,7.990513036509497624e+00
-1.092222335860995130e+01,-1.229458942301607216e+01
6.034739683437943647e+00,-1.693947643024615646e+00
2.252826788482842346e+00,-1.581386815933980472e+01
5.248759686172567163e-01,1.517177363947616975e+01
-6.308173523469947419e+00,2.018174544200529219e+00
-7.699230844531248508e+00,-2.579356475000428528e+00
-3.768670464134276532e+00,6.582788232837999409e+00
-4.971464291126012291e+00,1.026851309132371703e+01
-1.119362006319243719e+01,-1.016970805318000259e+01
-5.348737569716447204e+00,4.822942308661204991e-01
3.540627824261652012e+00,7.345394625857761817e+00
2.152600720925707645e+00,9.093911103317754652e+00
1.307392303212513340e+01,5.037980988476653543e+00
1.297010882794034359e+01,1.949800571344937339e+00
-2.842919550451350474e+00,-1.065008241582741988e+01
5.621686692224539428e+00,1.002807682775036291e+01
-1.526552220346571431e+01,-3.620949802578091514e+00
8.491098137203968221e+00,4.450593511431035765e+00
8.488205033824677059e+00,6.220769942504136729e+00
-3.129391523581838808e+00,-4.419125152211309526e+00
8.843021701846767613e+00,-2.510297853566374027e+00
-1.757169537841726026e+01,7.217459987752592454e+00
-1.140681015702217849e+01,1.073888006712387266e+00
-8.012333737038595416e+00,2.472992944112049951e+00
1.276706090477813405e+01,6.963453185739497897e+00
1.895225242543461475e+00,-9.011651762523662512e+00
-8.436419506789738065e+00,-1.392209489005771772e+01
-4.571101770694675714e+00,-1.312636527474830928e+01
9.803663485178860881e+00,9.534131205187794667e-01
3.696208129043228041e+00,-1.683581855790695059e+01
-1.434738619263423942e+01,2.441746513591044054e-01
1.134359577761438942e+01,9.930600199767907199e+00
-9.494990359931490431e+00,-6.764615980962544128e+00
6.313117377370917715e+00,4.780186750409016305e+00
-1.700622185128315644e+00,-1.510367134790813815e+01
-1.714714026363697741e+01,3.493917904927489104e+00
4.607459038357965553e-01,-1.897022934661428550e+01
-6.100050946089192294e+00,-1.207926516900464442e+01
-4.517510779367529317e+00,-1.119529084486972970e+01
-1.303028367063728687e+01,-1.142055334678387268e+01
-9.693022589773310216e+00,1.930500848724539420e+00
-1.835970903652319208e+01,4.883816579642888733e+00
-5.087370873550364436e+00,-1.295434584099350639e+00
-6.564546665037828355e+00,-1.378101785370451893e+01
-1.487939528697972857e+00,-9.424368619237300848e+00
-1.552129479199815532e-01,6.736987946051666398e+00
1.047807267525731767e+01,1.355946955843784707e+01
1.411473203644020558e+01,-8.892339114460471095e+00
6.858553946325456341e-01,3.014230167687911521e+00
-4.651587639516413297e+00,-5.522167494285555200e+00
-7.725581690573688931e+00,-6.347926793266354117e+00
-5.993354874657474518e+00,5.476557319770781973e+00
-1.403198742178070013e+01,4.996090400871858073e+00
-8.995532406316161911e+00,-1.567758120821341095e+01
-5.213780307672042369e+00,1.285964012488090447e+01
5.003388592322999262e-01,-4.050606789416003828e+00
-1.301646732555369335e+00,1.682049314713792398e+01
2.665840368441517505e+00,-9.773719697798223249e-01
-1.203927190607878117e+00,-1.334985577712470217e+01
1.046052841642426756e+01,-9.918086681774793689e+00
4.002851808086147045e+00,9.112166159952053590e+00
1.736644210255276155e+00,7.714579713649948323e-01
-5.936168566114575995e+00,-2.898867534396317058e+00
5.168876822975430052e+00,-1.036661596912937533e+01
-7.835333432626774730e+00,-1.155832775923146905e+01
-1.324763034310620391e+01,-1.330849108914370582e+01
-2.945184601787155465e+00,1.767023516088579882e+01
1.439435450052613241e+01,1.058174579164512785e+01
-2.327829707573431772e+00,1.466978949820737554e+01
1.274504884812455785e+01,-1.326804376538575525e+01
5.924160718996369646e+00,1.867799690871100982e+00
-9.358607054707778872e+00,-3.405107861728875918e+00
-2.904057013821048194e+00,-1.693421548380907282e+01
-9.735960365528967486e+00,9.889454438517402579e+00
6.515882409941489151e-01,-1.219196080390530845e+00
1.593272753782167150e+01,-9.474864920263417645e+00
1.220695141622466728e+01,-3.579884418124240852e+00
1.449025447647525056e+01,-4.914578604066451639e+00
6.745652798762185931e+00,6.547672797277029666e+00
5.857791428197933747e+00,-3.444581667011192394e+00
6.845022949003982671e-01,-1.145727722671821702e+01
-1.357909477037401125e+01,-7.424638552678810122e+00
-5.801007929458420337e-02,1.359232752765704433e+00
2.926380162289289988e+00,-1.413598506506396646e+01
