-4.132250493884964127e-01,3.107983080972547718e+00
-3.528044488529328282e-01,6.701175980699160206e+00
7.497020578089236054e+00,-1.745546690661409528e+01
1.574840931564396129e+01,2.554054172126474676e+00
-1.093491278372301778e+01,2.976108311147811492e+00
8.781728380959588520e+00,5.232264462463746213e+00
7.652678363268650141e-01,-2.585658254655406552e+00
9.675678850522530183e+00,3.169888952713119323e+00
-1.369592653619522871e+01,-2.451084223195395762e+00
-1.613580934145509405e+00,4.561449566471918793e+00
-9.276531156959116231e+00,-1.425730174050193533e+01
4.854118183266606379e-01,-1.027112035359876607e+01
1.346452899630800637e+01,-2.368117827328389158e+00
-8.246313956299092141e+00,-8.891096512221805526e+00
5.833724089476576502e+00,9.575512285503426924e+00
2.772644496115428847e+00,-7.541167840849599457e+00
-5.135261203478404646e+00,-1.370108123731904826e+01
-1.413571291331974678e+01,-4.769326866832551914e+00
8.409458655787416248e+00,-9.427452867703014050e+00
-1.039636947328486549e+01,4.778952024871014892e+00
-2.248920396554711765e+00,-2.610692677986017340e-01
-1.523834753817416576e+01,1.051908609837354192e+01
-9.145392819276821683e+00,7.137388181722563729e+00
1.465471805138944816e+01,4.473108634729575428e+00
6.030544179989681730e+00,-1.635442340605226619e+01
1.889332120220153177e+00,-3.962541403959420894e+00
-1.180105257864621038e+01,1.401468876721584378e+00
8.638965145534331924e+00,7.211155495025254325e+00
-4.160866119201103164e-01,1.588017474909766236e+01
-3.539839425849855559e+00,-5.677311459841999586e+00
4.161933158656895060e+00,9.161979945741370868e-01
-1.085327701905903908e+01,-4.316696545651254269e+00
-1.133170431693474001e+01,-3.700223585922759462e-01
-1.246952926360220815e+00,8.829256449407745677e+00
-1.363016408356251041e+01,9.665161261515274660e+00
1.438522575840339357e+01,-1.240065967009664760e+01
-1.722369537582643106e+00,-5.734279344021879332e+00
1.359531761967910235e+01,-5.553362145738928390e+00
-1.180113772351509738e+01,1.119309047518393996e+01
-1.494318876601862245e+00,1.371668820957462120e+00
4.881263408121933267e+00,1.421360771933428602e+01
9.166897768220255927e+00,-1.658705425212313145e+01
1.124529344049289392e+01,-2.627627330433971231e+00
-1.429629211942502565e+01,5.855820404505257315e+00
-2.993825149311591383e-01,1.405130718200267737e+01
-1.020027888406363026e+01,-1.220517962577212323e+01
-2.098862239572360178e+00,7.167142091654978842e+00
-1.022403951385580889e+01,1.021998332768904127e+01
-1.216142706334825085e+01,4.464830236064914359e+00
-2.713880283028215601e+00,-7.260668328629984458e+00
-2.543038929758312250e+00,-4.148275733127962717e+00
-7.881818319121356442e-01,1.775983718264638256e+01
-1.740878284768468376e+01,1.440284289988436939e+00
-8.479961760651087976e-01,-1.145501954923790855e+01
-9.383778550335927449e+00,-3.225955641993779821e+00
4.884086128367102653e+00,-8.590927184837724440e+00
-8.937324205224426166e+00,3.736425519178624644e+00
-5.904441420549888520e+00,6.945367796505720115e+00
1.262474544005306498e+01,-3.994549029831842013e+00
-1.187580746739865134e+01,-2.104406593595853359e+00
-1.566378368651318986e+01,4.590337452397315943e+00
6.912765087973256506e+00,7.911024921645857688e+00
3.815166957481434196e+00,-3.080940146357596721e+00
3.953427275747360414e-01,1.350497521875406948e+00
-1.227412717258515151e+01,8.473782128351595944e+00
4.224346385172012219e+00,-8.507093041686200063e-01
-4.161345532133540637e+00,8.904788117485640697e+00
7.983558507186174324e+00,1.722184220061863158e+01
-7.728671332981489783e+00,1.355253780308360412e+01
-7.196359080544083575e+00,3.149330796972575008e+00
-4.313968045547557750e+00,1.069126340143216503e+01
-4.804099705205948645e+00,5.457574165688534151e+00
-8.410725444661117933e+00,5.491538598896806178e+00
1.277407660571880577e+01,-7.326915864542964840e+00
2.676469692654911192e+00,-1.504604464938941177e+01
-3.838469570316153767e+00,-1.052820706609050561e+01
-1.740279172980028122e+01,-7.601414456998369928e+00
-1.102521856249857279e+01,-1.383465437911063844e+01
-1.504565180631579224e+01,-1.077536863541141443e+01
1.586564368055864094e+01,-7.530793942340904934e+00
7.060692234781506649e+00,6.130619914210777566e+00
1.294444918114150411e+01,3.882614921312686374e+00
-6.553758081367071497e+00,-4.076959050833058207e+00
2.693936040488510653e+00,2.096949422870706403e+00
-1.268621703821932023e+01,6.726450872722328889e+00
-1.685259435192464039e+01,8.052285658004560531e+00
-1.820490010257415747e+01,-1.639527878960723273e+00
-1.341445873331394623e+01,2.356089645517981612e+00
-2.936347260876922771e+00,-1.719290219151543297e+01
-1.098777596668812073e+01,-8.870608943228269538e+00
1.093729832154884640e+01,-1.139508691822314645e+01
-8.573749273288388650e+00,1.975300132270791931e+00
3.889369115994277148e+00,1.260303680008603422e+01
6.360729765470377828e+00,-5.543357437418237943e+00
7.780459596261242616e+00,9.498291457667967563e+00
-1.479633181528662789e+01,-9.763200713706297051e-01
-7.595965868537660093e+00,7.990557795590484957e+00
1.051927187186562485e+01,-4.353714454282792801e+00
4.404960321348625030e+00,-1.040767362636833582e+01
-1.917214991519134104e+00,1.488554523453271905e+01
-1.689303363567519867e+01,3.307354428567831572e+00
-3.810343079956728385e+00,-8.658286921524069868e+00
-9.726135108954034436e+00,-5.759762743679171848e+00
7.834505805920661814e+00,-3.778512816520395390e+00
1.396477899928063060e+01,2.283818114410697930e+00
9.302820156636382620e+00,-1.293022538983161063e+01
1.275129591578118848e+01,-1.160942283838626565e+01
-1.390514656728981358e+01,5.927697310991200119e-01
-1.862629891891305078e+01,3.745635044621276943e+00
9.524185603677507217e+00,1.437819343059249277e+01
1.248092563891941786e+00,1.495951547777744928e+01
4.839628309807261886e+00,-4.615886644295818186e+00
1.478369202284993023e+01,-3.855114338649963113e+00
-2.837557987844229856e+00,1.644814229683155204e+01
1.209969060587102163e+01,-9.458606055863896245e+00
-5.121218180622054028e+00,1.796128276562562576e+01
1.375568874521364826e+01,6.094482064721559844e+00
-1.045801693621576689e+01,8.479570663908720718e+00
-6.614015843747029777e+00,-1.266083328135460917e+01
3.268217724093496201e+00,1.743257754015873218e+01
1.366063320165751549e-01,4.947825009944584629e+00
-2.293950244271359740e+00,-1.884182954781610775e+01
-1.262204467668654040e+01,-3.848051933762337562e+00
-1.609928247982310623e+01,6.418354545475939865e+00
-5.908645477250395572e+00,-6.421252056898437699e-01
1.375526959446198960e+00,3.289617995281361562e+00
-6.603719842753835501e+00,-2.291092113452048107e+00
-1.183476111440896927e+00,-2.863282868531399128e+00
-1.522190877446430335e+01,2.644633915863356055e+00
9.232867059635603724e+00,-7.830191681917840540e+00
9.026056027157144612e+00,-5.974428324335756990e+00
-1.088079836316161142e+01,6.549982072848981929e+00
5.617503960420959785e+00,-1.266976636741379458e+01
6.218399640936452144e+00,1.544715730363865802e+01
5.689085429772595681e-01,1.018520820512242508e+01
6.245733636968608060e+00,2.185245717637810614e+00
-5.514137867226601486e+00,-1.546107432147411131e+01
-2.153658540622632511e+00,1.244343467770127276e+01
8.023910857759128490e+00,1.542695403932899190e+01
9.338231526315647457e+00,-2.766130563194588721e-01
1.077653928016198570e+01,1.561400764371597738e+01
-5.607277272419035619e+00,-9.154571813184048779e+00
9.277436479192578744e+00,-1.473487674872493791e+01
5.997799335248080510e+00,-1.419174305842795469e+00
1.260543977402901916e+01,8.124588186737295104e+00
1.401943092356293263e+01,4.151046995411296070e-01
7.736917683432454673e+00,5.358696036753889391e-01
1.082647476487293758e+01,-1.560173830751571344e+01
1.199747552171803200e+01,9.814451436029159481e+00
9.180907663512252626e+00,-1.114135145424948092e+01
-2.517741441793944546e+00,-1.362397233051094503e+01
4.703156937445444052e-01,-1.567715566507996705e+01
-8.755408955450766584e+00,1.565103896201949318e+01
-8.567737607230325736e+00,-1.067014289024472973e+01
-7.501277828525903857e+00,-1.438246453441434269e+01
1.026327298792954368e+00,-5.550926929246906560e+00
-6.645356663660932917e+00,5.289568223990741558e+00
-1.567152976324178404e+01,8.163186746810963124e-01
1.113542711900666760e+01,-7.669432907377109476e-01
-4.824242972373453675e+00,9.951024516679539689e-01
3.144511851884363995e+00,-5.232432425828140055e+00
3.049972936125662670e+00,3.854206589106723868e+00
-1.225604250743744927e+01,-7.568680267668408845e+00
-4.753173089636767656e+00,-2.295619099766420312e+00
-1.234543527168952437e+00,-8.345095652888566917e+00
-2.479304459433650520e-01,-6.776417054823666852e+00
-1.442049785530172201e+01,7.638338441803625756e+00
6.124899637049778356e+00,-1.081588372688598199e+01
3.210497342161538814e+00,-1.687203980391522151e+01
-9.477218701050798444e+00,1.400642373092804682e+01
5.854934788738911600e+00,3.759678759278232696e-01
3.511532898502225386e+00,1.029161909397724273e+01
-8.413536558435549040e+00,-1.255110441649375375e+01
1.892531697989077388e+00,5.217963406879223776e+00
-2.696040242122484720e+00,9.964028746708788020e+00
-3.488877836772955376e+00,1.387576408094110114e+01
5.705178131196516844e+00,4.079458491050046653e+00
-2.925042280044745535e+00,-2.173647220998413232e+00
-4.141062555111381549e+00,2.752528880616074591e+00
1.121213540989683954e+00,-8.590359151895569312e+00
1.644071213200961878e+01,4.239360837384797520e+00
-2.997346282963357922e+00,5.644751403978793824e+00
5.665779604511932410e-01,8.315383716506234535e+00
-5.558037508513378633e+00,3.846552239615714353e+00
-8.623332677477527852e+00,-7.134593235591248472e+00
-2.032911510838797398e+00,-9.939954467215894596e+00
3.757381454662234166e+00,-1.859943516545929398e+01
2.347097682994342627e+00,1.165606645063754776e+01
1.574689944418101106e+01,7.764484532823041629e-01
4.428444886081369880e+00,-1.552995984554324060e+01
5.353163803512662966e+00,7.010296336428606168e+00
-4.054818333946448861e-01,-4.537184893419870413e+00
5.835807842602784845e+00,1.260097084479836838e+01
1.426773979287791860e+01,-8.378314961620061396e+00
-1.002031672166231324e+01,-1.577469769405051014e+00
-8.171909314267288948e+00,2.343649222970656254e-01
1.014917884122069580e+01,9.471636573684870442e+00
-5.018905768433142178e+00,-1.188999968905574001e+01
-3.804656784180437956e+00,-1.496877670756991385e+01
-1.751135986498459474e+01,5.232636415285369935e+00
8.070098408647341515e+00,2.400076448130091578e+00
7.688632655657459125e+00,-1.375188659310336625e+01
-8.238556902273595384e+00,-1.625196235649921217e+00
7.473948844858028018e+00,1.186707128333993921e+01
-6.874523503024200899e+00,-7.784047656263918036e+00
1.816857638710717637e+01,3.526987163578331863e+00
-1.240470966888163318e+01,-5.668965171382222223e+00
-1.660588671295742458e+01,-7.531144163345073750e-01
5.585347322502591361e+00,-1.814514485676300026e+01
-5.416728160003708936e+00,-5.518751261485828508e+00
-2.569178618121306101e+00,-1.179298374848388242e+01
6.062722806244614127e+00,-3.207241154068190436e+00
-5.925309639890633306e+00,8.814555687071925050e+00
-1.897681778015215315e+01,6.452404435702757679e-01
6.709734807431488868e+00,-8.732122723715717072e+00
-9.946656112964564755e+00,7.936982464597068798e-01
-1.650227544717047579e+01,-4.300915350446405050e+00
-8.293944202244054154e+00,-4.638470879546114922e+00
3.598428412136164933e+00,7.363167412240049003e+00
-7.273580813646149945e-01,-1.152840383512363731e+00
9.009806598639347186e+00,1.090059971786789639e+01
-4.055053301980915847e+00,7.076215635322657072e+00
-4.956059960376854256e+00,-7.252092002515539981e+00
-6.589811137943328845e+00,1.075981467433106076e+00
-1.420416163056821368e+01,-9.093456090659499225e+00
-4.740974336889604679e+00,-1.719149322057318230e+01
-8.473884618606927432e+00,9.580447145802118314e+00
-1.067791798156191962e+00,1.092396333892728322e+01
-6.903782451509278495e+00,1.581040548161402981e+01
2.540984827557632553e+00,2.431135289961900148e-01
3.007447618790358934e+00,-9.287493538061537990e+00
1.099047503000587689e+01,-7.988793316772151876e+00
2.171566599224843408e+00,9.137743403517109897e+00
1.814503509099517853e+00,7.041958399570871663e+00
-1.394167345314020245e+01,4.084158001829660378e+00
4.409082240509565764e+00,-6.530225356570730888e+00
-2.338326432592023885e+00,2.940381618104800143e+00
7.600152319710211657e+00,-7.092821302189997290e+00
7.646694646189196476e+00,-1.562500614072792438e+01
1.135291074329135874e+01,1.351125390912634749e+01
-5.458171723687050836e+00,1.247207826227522887e+01
1.386048384168751468e+01,-1.021702625338574677e+01
4.546291449882147617e+00,2.740408716539605827e+00
-4.329428995539462477e+00,-4.042801452293263154e+00
1.027926294870352031e+01,-9.657965711016410992e+00
2.156487753791505479e+00,-1.091824448157043825e+01
-7.168154938336263271e+00,-6.036602204032066155e+00
1.724589313149172654e+01,-4.779304673106141266e+00
-6.102718364936085216e+00,1.061726140624887371e+01
1.491798824705433368e+01,-1.167386939280366631e+00
4.214647738671808419e+00,5.581679251973179490e+00
2.636645594850320240e+00,-1.697634640813634022e+00
-4.036829548763090969e+00,-6.674912608983057938e-01
-1.108664357325431205e+01,-1.065389897119710483e+01
1.076954980837727671e+00,-8.192904144853799808e-01
7.508286817331143226e+00,-1.191401463311926534e+01
