-2.710571641997125081e+00,-4.812637372885691711e+00
-1.045123210647045664e-01,-1.025193080044898331e+01
4.663506299219748463e-01,1.137252691721274189e+01
3.097395767450350057e+00,8.729499700664675288e+00
-1.578657783641815371e+01,1.056212886409470109e+01
4.708549114985959960e+00,-6.109608178246725529e+00
8.276248010305504721e+00,4.113378436760919854e+00
4.683889932431005043e+00,-1.426773167767264106e+01
1.181140184551738415e+01,-9.288624631014709365e+00
2.955174701274608129e+00,-1.678977042392951091e+01
-5.143493850481087648e+00,-8.041281293765052851e+00
-1.509364741637669560e+01,5.543571781521328568e+00
-4.422953530491916752e+00,7.807541473286324418e+00
8.567858955345432292e+00,-3.325218177696777744e+00
-2.313002559019264659e+00,1.721699920515459326e+01
-4.120812062765123684e+00,-6.567864847736992751e+00
5.755214959699324950e+00,-4.605190713579969675e+00
4.567410044248431333e+00,9.692791526601778784e+00
1.300008390000743308e+00,-1.541633683941915933e+01
-6.854274587388668571e+00,-1.655068352080566285e+01
6.858687926240889077e+00,-8.102969949563075147e+00
-2.569451902131539289e-01,9.719214169527552016e+00
-5.914922902956092798e+00,-3.091981102390962910e+00
3.981169618649995634e+00,-4.460785409368039467e+00
1.156997204717308847e+01,-2.242241583981361419e+00
1.576968947734584425e+01,5.287200909738716703e+00
-7.383787453473000362e+00,1.462986920361633914e+01
1.285473251207061463e+00,1.120974538625833405e+00
-1.470473835176773747e+01,7.441473702090990017e+00
3.532927399595355400e+00,-9.317564532165171443e+00
-4.306136764819858520e+00,5.915943998297834128e+00
-1.065448883503368638e+00,1.410483451931606247e+01
-1.902663405482122982e+00,1.050265688512373252e+01
6.766731614149603224e+00,-3.152280135735797018e+00
6.836536551945270546e+00,5.126538592462707378e+00
-1.720878555015070077e+01,-2.366617696163061169e+00
-8.727157503581379316e+00,7.801720788241485849e+00
-2.131888563266814973e+00,-1.460358011842903991e+01
-1.156330969868656666e+01,5.903867847314731243e+00
1.942459632182433227e+00,-1.362973629005561094e+01
8.716249285935029789e+00,1.236982313678771650e-01
-1.025597356103636670e+01,-9.790118388698425544e-01
-1.369377956230779070e+01,2.099333613088284700e+00
1.048890590376797860e+01,1.336943340333337993e+01
5.221375573067245313e+00,4.434214492294816345e+00
1.353822824836259109e+01,1.114899411775516391e+01
1.473930935387141972e+01,-6.025006881464864961e-01
-1.632715226300630462e+01,2.231924800016263255e+00
-1.298859890449452603e+00,3.456196101776534135e-01
-1.457394135962275250e+01,9.201981206604918029e+00
6.382527558019318370e+00,-1.370496320675379032e+01
-5.311307514412082931e+00,-9.851644670541844562e+00
-1.162073407625636889e+01,-1.392056902869063251e+01
2.678603576230687899e+00,6.972133849072553069e+00
3.679398389394310076e+00,1.125632690001420499e+01
5.863322543778860307e+00,-1.620305452992432338e+00
1.183507330349100251e+01,3.351999466176737830e+00
-6.462896330090081243e+00,1.300815492193189726e+01
-1.039524295312143032e+01,1.210923124624088487e+01
1.270575933392971368e+00,-7.577644096487878844e-01
5.698618114258695577e+00,1.113287896160985291e+01
3.739094512029100592e+00,5.537283973491200939e+00
1.183555832236725669e+00,-1.728217297176030698e+01
-4.454918827771821022e+00,2.027156976394381083e+00
2.148884933286872467e+00,4.672357457483943932e+00
6.403183037994976345e+00,-1.652953058531085517e+01
-1.859232209928383384e+01,-4.659779655503740736e-01
2.897630748954561408e+00,2.761205466691725730e-01
5.647940206005232611e+00,8.284181954526230740e+00
1.367800516533983490e+01,-7.842775194803347283e+00
-1.135656021799794502e+01,4.666186366545153064e-01
5.607734826328983679e+00,-1.812790567703334332e+01
-2.055642374744678147e+00,-3.089434802871315888e+00
-9.159224383589677387e+00,-4.318734330064972760e+00
-1.063217479751378214e+01,-1.221552894301328962e+01
8.325169367126481035e+00,-6.501399048424419291e+00
-3.084640959969268126e-01,1.947737734484782601e+00
-7.607744083379364142e+00,9.263488283028747716e+00
1.008680696653473241e+01,-7.195076448768949362e+00
-4.125601532566829377e+00,-1.875988086534752242e-02
-1.810420613354906649e+01,4.726157367641476981e+00
-2.240148855764736435e+00,-1.665364232825962887e+01
-6.661363994053591142e+00,-1.492689776338464336e+00
8.706017945838388172e+00,-8.339319940644028151e+00
-1.338895768998265012e+01,6.187834464460679307e+00
9.556514060093373786e+00,-1.206322195059899016e+01
-5.243637988433065722e+00,1.449063985835628188e+01
2.754617645943130189e+00,-2.118152731444864045e+00
1.293293089054721179e+01,6.801000681676211634e+00
-1.349210245941772435e+01,1.071114915755786789e+01
-5.302568257763516257e+00,1.166816137509612794e+01
7.492839363967321198e+00,-1.512230720283736574e+01
7.024701376536575559e+00,6.996702066852021673e+00
1.534320245858480725e+01,1.120316484470307650e+01
1.648623864633683311e+01,-9.327665524143373688e+00
-1.109881565345408916e+01,-1.037529576742147519e+01
-1.674895602440559728e+01,8.843422166823206254e+00
5.952200545369849216e+00,1.322492525760174154e+01
-8.399134303020879599e+00,-9.104796464943960554e-01
2.502033782158305630e+00,-5.607421855306286673e+00
6.400369806442105514e+00,1.586737212303840572e+01
1.443584376702306216e+01,9.335722553088222853e+00
7.545018245706910598e+00,-4.797563632260193778e+00
-9.792945817877662051e+00,5.835385886687372903e+00
-1.404892605255676763e+01,-8.580269836709371489e+00
4.559903759615542285e+00,-1.603703181748564788e+01
-7.043017965117048362e+00,1.713090190122095180e+01
-9.540531581157580376e+00,2.547151728791978265e+00
-1.058953109629321787e+01,7.645010700814952820e+00
5.107052253241493034e+00,-8.526013719333045415e+00
-7.980687419892364964e+00,6.020618453674474679e+00
1.094208478416167640e+00,-1.170455544402638459e+01
-1.128199141513182235e+00,6.267757850021165922e+00
6.953053484452007105e+00,-7.495331378406526468e-02
3.632137367823026430e+00,-7.522970533970444684e+00
1.008897336308776538e+01,9.462310850470764478e+00
-8.854427688351590220e+00,-1.230083373899616106e+01
-5.883334717161712746e+00,1.296494742495923336e-01
-1.395211146026957927e+01,-5.194856173593466186e-01
-1.289201361594000117e+00,1.216365330296651770e+01
1.205922928122125093e+01,5.200430688557695191e+00
-6.806021042743677640e-02,-6.920339897501107451e+00
-6.980994230908654785e+00,7.590999130564786590e+00
-3.309286977319503720e+00,-1.174760094446058112e+01
7.268145757626011338e+00,2.592471503689365964e+00
3.627770245778929148e+00,3.700375629928200905e+00
1.424870579926151493e+01,-4.721175970614297057e+00
8.601992974222586241e+00,6.048036438042602825e+00
-3.540670126117743788e+00,3.591604669076397638e+00
3.825336149840026234e+00,1.910197590114986799e+00
-7.736242461737330878e+00,2.847545539915096402e+00
-2.371684322544143075e+00,8.755940804729911875e+00
-2.346704908813107338e+00,-6.654313981049177151e+00
-1.541894541940096985e+01,-2.938702047976883502e+00
9.443924620486700006e-01,-2.492813821969166899e+00
-6.139608689773886852e+00,-6.560518906871928735e+00
-3.877553347641536252e+00,-3.150187271054180282e+00
-4.905363568510335170e+00,-1.701275968811206951e+01
7.664066383369822155e+00,-1.128298204592308807e+01
2.082003174688163316e+00,1.051988922972358154e+01
4.161420705188779934e+00,-1.002553078638569684e+00
1.315439117626359433e+01,1.368215463361953788e+01
5.951212832942126552e-01,3.573874583892776791e+00
-1.221947306733831518e+01,-6.901707369877690290e+00
-1.398691797183675689e+01,-3.960219156501509907e+00
-6.076408583076137404e+00,6.026541002915031697e+00
-3.506069391127023760e+00,-9.927919922241036588e+00
-1.464170503785728528e+01,1.206814018572703162e+01
-3.032115951808210585e+00,-1.524177091399270934e+00
4.754670059667586379e+00,-1.060165158811414443e+01
3.091601043819972361e+00,-1.502988741792054128e+01
1.689973136652429631e+01,-7.307142558462560444e+00
-6.209257937397676841e+00,1.889509385529520413e+00
-8.837416333959755121e+00,4.295281328200914572e+00
2.072041302048806433e+00,-3.861376276832239718e+00
-1.093314111298284930e+00,4.396546378697958168e+00
-1.651470888858020913e+01,-5.330060803368430022e+00
4.510816623647364576e-01,5.352578173347765755e+00
1.172219085347272127e+01,1.121485584602324792e+01
-7.964726924107925043e+00,-5.630739141400233017e+00
1.827726599441347410e+00,-7.285584268938295693e+00
-1.509192848139498189e+01,9.162172900373444229e-01
-9.472709984119827453e+00,1.501080273729484915e+01
-9.421894560026643717e+00,-2.570176630453313127e+00
-6.317931531263284439e-01,-1.566523426206063796e+01
-1.892416838839350302e+00,2.832435790450347213e+00
2.139416203212038514e+00,2.681097871752291972e+00
1.000211061137027713e+01,3.346708294036856657e+00
1.400462266391980748e+01,1.058300009051236668e+00
1.568599054417373750e+01,1.649178923459362345e+00
-3.833933125917714513e+00,1.312059348182099860e+01
-1.417628989860342692e+00,-8.150918474666010383e+00
8.145875332294735927e+00,-1.314321858852127356e+01
1.361638921921126411e+01,-9.727945108267610053e+00
-1.787981296380150242e+00,-1.286199476926407925e+01
-7.554857299685571181e-01,8.004518563226147521e+00
7.319612423578378824e+00,1.201404617378924300e+01
-7.693482140183624196e+00,-3.057089451261128410e+00
8.992196306159232932e+00,1.895267197704139761e+00
1.813792237985540012e+01,-5.502717318846543471e+00
-1.052768035038578809e+01,-8.523272321378462024e+00
-9.075191697068863306e+00,-7.053772221524127417e+00
-1.236428893609360458e+01,-1.175972245043992181e+01
1.764195187819392885e+01,5.312554212437924583e+00
-7.428190090218796726e+00,-7.851681861610463109e+00
-8.283650661318079145e+00,-1.535670560582515343e+01
-7.108397077937016029e+00,-1.290143126487725844e+01
4.499471086696763322e+00,-2.771627476613859997e+00
5.266238947483573796e+00,4.956027572004482740e-01
-1.095447851026889197e+01,3.734753960727348776e+00
-5.324151983542127375e+00,3.845421788098973170e+00
-4.512588185751640779e+00,-4.803631206863416381e+00
3.455489882294708881e+00,1.768663704674524695e+01
-9.439489525918800084e+00,7.902985722538834468e-01
1.109033465445538091e+01,-5.709365079475448468e+00
-1.092023451186258320e+01,-3.682675390370603985e+00
-1.837816753959577998e+00,-1.059326531075006628e+01
6.510510630359524598e+00,-6.324165805272597751e+00
1.318645225887447703e+00,8.942149988364056057e+00
9.339778797046060177e+00,-5.036309431801379688e+00
-1.777263801001094023e+01,1.157374982055640711e+00
-8.816577680395237593e+00,1.060265505594403379e+01
5.988574282653761571e+00,-1.185359361454667670e+01
1.075941570044792428e+01,-1.073901650821065878e+01
-2.791502641842729560e+00,1.311855379129283516e+00
-1.021726558841719479e+00,-5.381231487493430166e+00
4.346163860614050023e+00,-1.253589723659209376e+01
-3.561125586792397435e+00,-1.348599579520353409e+01
-5.781847434619617587e+00,9.048005729905469252e+00
2.015811480940430944e-01,-1.403036347600173173e+01
5.296676738853943966e+00,6.463993072873757129e+00
-1.033834462288956857e+01,-5.692303475442173522e+00
1.536587398471683663e+01,3.434497961855603521e+00
9.755102983949763384e+00,-1.520056875958139386e+01
3.086509749403145708e+00,-1.119297329209829250e+01
-3.324488439207611279e+00,-8.157189712122736580e+00
-1.352326105211218454e+01,4.397585493553304303e+00
-1.239057976435984010e+01,-4.724390628466689890e+00
1.183721582898904323e+01,-7.502568838560625508e+00
-9.533962522079381330e+00,-1.401301432010021308e+01
-6.147438755406591682e+00,-1.143505657076232396e+01
-6.971268735924132542e+00,4.458246228127716648e+00
1.146599391140601165e+00,1.535885103919704520e+01
-1.454831973880656548e+01,-6.690030509419927718e+00
-7.633921989491843973e+00,7.013448371395010206e-01
-4.869341377295888229e+00,-1.638376016928795753e+00
9.117975518113262012e+00,1.225359787489796481e+01
9.109947422946929052e+00,-1.013448050394842959e+01
7.181334164966601818e-01,-5.093412639533067221e+00
1.489085479535777701e+01,-6.485420898087580710e+00
-7.262010192804276842e-01,-1.874318884541233077e+00
-1.232951459967264007e+01,-9.100069199414702936e+00
-3.927695264573562550e+00,9.592326076189168660e+00
6.421134256033354859e+00,-9.936639004850109202e+00
-2.875883767025798399e+00,1.462411644057878135e+01
-6.320783029838844769e+00,-4.804271684396008268e+00
8.365940050700259034e-01,7.127059916253787542e+00
1.066810559518934021e+01,-3.814380687931170133e+00
1.016815392050991207e+01,5.227800307638148958e+00
6.834241284619240631e+00,9.608104034247551439e+00
1.052848405660752285e+01,-3.258963748648490699e-01
9.734224757869345268e+00,-1.990359620277882602e+00
-2.749439010365067215e+00,7.011665409386636405e+00
-3.538538062723676436e+00,1.135501698290227601e+01
1.045281007911835092e+00,1.356395459279837290e+01
6.091983176580467729e-01,-8.578354691223267992e+00
1.810289844328575315e+00,-9.927382762293239793e+00
-6.986474379747626529e+00,1.095596104490888223e+01
1.310090792939344162e+01,-1.320946024755531578e+00
8.356567193965942053e+00,1.055336768558996852e+01
4.124578778016944725e+00,1.311927211466533549e+01
-3.771366264715024785e-01,-3.664600657314631249e+00
-2.702812995035707822e+00,5.191475072353802567e+00
-1.192220386002764343e+01,2.156332653862000459e+00
1.003840563274454212e+01,7.633680311097441162e+00
-1.632116750071770639e+01,-4.480110061856488746e-01
