-1.482967044681567081e+01,4.651740062934593745e+00
3.547661449795073696e-01,3.237396218975378215e+00
1.214416567701866612e+01,1.460399462536127047e+01
-9.234479908407584148e+00,1.293269461759076933e+01
2.348778577427004244e+00,-1.068774599295910832e+01
-4.785516905907238439e+00,-1.443611287408246513e+00
-1.494933111507473811e+01,2.865563698438871487e+00
-6.248766494839459895e+00,5.331301642880657887e+00
2.518769000377359291e+00,-1.572679913071943680e+01
-6.744328667113216547e+00,-3.642447424828674674e+00
-1.833576986664809993e+01,4.552456523571618341e+00
8.385574720111961255e+00,4.318539099742948473e+00
-4.203460604636892306e+00,1.138094309035884244e+01
-4.786419722393555176e+00,2.163569500643273358e+00
-1.011182397043697634e+01,1.568476875364276157e+00
4.656082494077409706e+00,4.766656294433396113e+00
1.461545026053670782e+01,1.322728969674100252e+00
5.394322871004783693e+00,1.507014656876000380e+01
4.872785195270392222e+00,1.144643035872601011e+01
-1.636604450962578783e-01,-9.326407557769545775e+00
-8.419218467614646428e+00,-8.216703200347664549e+00
1.612958346054975456e+00,-1.892892347056299940e+01
-2.874547219327760139e+00,-9.666478140383166107e+00
-1.031394866099539342e+01,1.149630532407295114e+01
5.465098059665037589e+00,-4.558963971748563715e+00
1.087371739446642671e+01,-6.091099360628366988e+00
-3.423869490897673007e+00,3.759260310249324388e-01
-1.015283712294299967e+01,3.789262234191658862e+00
-1.371882594280304346e+01,-7.609900642233682788e+00
-1.086271154456309418e+01,7.951657979712773994e+00
-1.200595599276228054e+00,1.797269781464543525e+00
8.592748947981791119e+00,-7.420473674897921867e+00
1.333485508629552285e+01,2.637764885793500991e+00
6.905470979216060456e+00,-5.555389093593044336e+00
-2.157413111024597541e+00,-1.679920073161754956e+01
3.855472151303988682e+00,1.703988853708818141e+01
-2.077987203455034848e+00,5.276568077578350113e+00
-6.249335755102710666e-01,1.117780052364864574e+01
-4.661881916880302512e+00,-1.518977428830069165e+01
1.027425655268838156e+01,6.156526891281915326e+00
1.468600859393327340e+01,-4.190633862237233664e+00
8.786543026841256321e+00,-1.410830422508555415e+01
-2.467225888224299446e+00,1.081926079376404637e+01
1.687766606990631857e+00,-1.410831323880450050e+01
-1.177937381818690632e+01,-6.541631829636634698e+00
-6.603649602778618899e+00,1.754193733033267755e+00
-1.170778478338283968e+01,1.493856535947899644e+01
-3.853271058681924544e+00,-1.355517754231278182e+01
1.615193526965323256e+00,-1.233092730312190355e+01
-4.166206009645160302e-01,-4.684935064200439037e+00
7.151335156431230189e+00,3.601257315249731805e-01
-1.532669941747844788e+01,-8.414412090362271002e+00
7.214917757742143500e+00,-1.548697736630646027e+01
1.014220223081890815e+01,4.330065350606584929e+00
1.046797505999104594e+01,-1.489240423614847408e+01
-1.344756991991007133e+01,-1.141614907020965752e+01
4.658677590205945407e+00,-1.018603120852440647e+01
-4.026582454562980473e+00,-5.534782329838897397e+00
-2.677821583518499970e+00,1.276005370123220750e+01
-1.354534972406764659e+01,1.706661024525861325e+00
-5.725551489025996865e+00,-8.704710047540883622e+00
7.146252816400735064e+00,1.546871382314337495e+01
-1.413077228716296485e+00,3.568063299420265455e+00
5.359784267498008958e+00,-8.096948193516034564e+00
-2.144323807417945815e+00,-1.415424771624960343e+01
5.897618107876811955e+00,-1.676710255959702778e+01
-5.185584974723012941e+00,-6.897391676396540383e+00
-1.897094987543963640e+01,1.193999345481734642e-01
-8.963115610268419076e+00,-1.279653464410489327e+01
-2.216231691855237607e+00,-5.155540084444745652e+00
-6.912894670165122157e+00,-7.243330523811741806e+00
-5.211277391100932022e+00,3.941483418529644345e-01
5.288804147133292943e+00,-1.509143156291862731e+01
1.687863474646031259e+00,1.437551875651806554e+01
1.226174587717430597e+01,9.698189772067138392e+00
9.130600278255409208e+00,8.794335135135036285e-01
1.466662903082434077e+01,-1.179454881324518212e+01
1.690647088462720049e+01,-3.689850759112791589e+00
1.611871938810023508e+01,-8.743112299004335952e+00
-7.170220276640949741e+00,-1.298221815755656117e+01
-8.587166598760655134e+00,2.919858033430439370e+00
-9.233311192102792830e+00,1.000665174883159558e+01
7.564102718119065649e-01,-7.810476751314777921e+00
-1.589149669289177558e+00,7.005038491202417283e+00
-3.407664770633924145e-01,-1.400517708458435884e+01
-4.827982307589212541e-02,-1.824299903810530310e+01
-9.883918916750728201e+00,-2.478304896286217807e-01
-6.312344386024546949e+00,1.742172856696977945e+01
3.825529709709350801e+00,8.947119946829213077e+00
1.323349966490490814e+01,-5.250477701473901249e+00
1.289985445903285033e+01,-1.208052309143545422e+01
3.245381197669614526e+00,-9.097162377513241083e+00
-1.238550744755898592e+01,-2.340562240505257741e+00
1.092135677925995196e+00,6.710195947067349564e+00
-1.105705255744447868e+01,-9.935479366649699884e+00
7.106350295856136867e+00,-1.359402731631766237e+01
1.225358151951813079e+00,1.139459348144625572e+01
-1.392379930969641411e+00,-1.070615792512223585e+01
5.592898149488944703e+00,8.661154887929731316e+00
-1.207543233157461238e+01,-8.279375691024453587e+00
4.135345753212319231e+00,-1.643712596990265595e+01
8.630645658903379314e+00,-8.348254492496126611e-01
4.509949859132183825e+00,7.221318006772283304e+00
-1.274958384229222252e-01,7.973863992343109608e+00
-8.079595590615673117e+00,1.139638682668798531e+01
7.548561476234703527e+00,1.364683539994280004e+01
3.613278388769468386e+00,1.456359796621160463e+01
-9.403208108562912670e+00,6.682102413689472442e+00
4.954145654623851591e+00,-1.833756756437692559e+01
-1.733888253508537503e+01,1.580254902346856616e+00
-1.358757320257937984e+01,-5.797505289523735783e+00
1.424120546359034956e+00,4.658262439406783528e+00
-2.936523205163332317e+00,1.454014301816411603e+01
-1.326409943652867973e+01,-9.649479865888869412e+00
1.599006511749360193e+01,-2.120085274817621546e+00
1.230471172188613060e+01,-1.005248087620072894e+01
-1.108759912427762551e+01,9.770969951527106900e+00
-2.114753777259178236e+00,-1.231289155288710901e+01
1.421257719002444553e+01,-4.890685882830720921e-01
-1.711531186237848345e+01,-4.812662545306594097e+00
-3.445107735813817573e+00,-3.086795673640138293e+00
1.760906965939432212e+01,5.713242879665025420e+00
8.170335338195908292e+00,-9.546613275770580387e+00
1.470998071525798423e+00,-1.713638671109100287e+01
2.263522167101554405e+00,-1.201002452650403729e+00
-1.028816237968797509e+01,-7.977762822479200544e+00
-6.917392279921226184e+00,8.162545540153596235e+00
8.719419567822077610e+00,7.960895137438070535e+00
5.337412225993817039e+00,-1.324637620700938534e+01
1.493335963601229466e+01,9.395176828433459804e+00
2.388612329703277304e+00,1.000963018481493982e+01
1.579391678577195357e+01,4.935237459799937554e+00
8.698005901724226163e+00,1.046994598127090192e+01
-1.588602548286195848e+01,-1.034925940429511471e+00
-4.981827415177873419e+00,-4.036855893177297538e+00
-2.752540036070471707e+00,-6.927446502917739224e+00
1.632159460052546507e+01,2.126953412059234605e+00
-9.992442474010365672e+00,-6.211809650348953049e+00
1.990008542344917419e+00,2.466725839870879344e+00
-3.407933727093665155e+00,7.378675587154467586e+00
-1.880773368670017121e+01,2.696136786248709782e+00
-3.987554117116635766e+00,-1.692410975118841066e+01
8.963360291950001724e+00,1.470572762739048400e+01
-1.711334164416951742e+00,-3.398974033609841960e+00
-3.996109749645998743e+00,9.587837888891799665e+00
-6.116920796969904650e+00,1.147514594300709589e+01
-3.198768523865544111e+00,3.870152612016970917e+00
9.648357613038660574e+00,1.636777564866707735e+01
-1.344357969944697118e+01,5.734779428961847891e+00
5.458267227961117740e+00,1.325119294361541300e+01
1.186856849147906878e+01,3.745750827554624074e+00
1.359729248231457355e+01,7.065322753141130896e+00
-8.507773535442868962e+00,4.704415549334377999e+00
-6.628423502385518695e+00,-1.127641347035283026e+01
1.619675465654104229e+01,-3.416795707461537379e-01
3.704444870789778133e+00,1.664039851186296604e+00
1.210779139642404978e+01,5.605480049641390572e+00
-5.836154998780628489e+00,9.629487882086566586e+00
-1.058742792150451528e+01,-1.497553472725233270e+01
2.193349507835407886e-01,-2.997031381992860677e+00
-6.934475936633277549e+00,3.573992688953342878e+00
-1.623866558303010743e+00,5.982621923733376368e-02
1.188044218727545243e+01,-7.672329864862529547e+00
-5.159545785044232780e+00,-1.230204631845920815e+01
6.715331438304518841e+00,2.347653030198463497e+00
5.470286930779972856e+00,1.030579398596684459e+00
-6.646271061501842770e-01,-1.574554943151867370e+01
6.379461374251616412e+00,1.027848127567107106e+01
1.354927070039688708e+01,4.535943269779979303e+00
-8.128654757497105976e+00,-1.452270683219575886e+01
2.690954745117651647e+00,7.466192343440301471e+00
-8.285654024810304108e+00,-1.220199386213747239e+00
1.422437413454250610e+01,-2.411739472546214458e+00
-2.990407609508600295e+00,-1.391123142579764105e+00
-6.398234336383355370e+00,-5.468479390415194707e+00
-3.608887192139224265e+00,-1.135762626134745368e+01
4.912256311668304343e-01,1.302828526977216184e+00
3.082350261134455760e+00,3.891040677055527919e+00
-1.224801388821139536e+00,-1.686056625097041906e+00
6.497850837372742383e+00,4.258812260076791034e+00
-9.443387017830628949e-01,-6.526941028819445378e+00
8.557322704641042721e-01,-6.049970217619450530e+00
5.022801674371351943e+00,2.956999544988899054e+00
-5.607501053661916757e+00,1.522468326820111173e+01
8.564827849329732956e+00,-4.716346694586942334e+00
8.468709982609421871e+00,2.564379793930098295e+00
1.404748017921391501e+01,1.150737698606991799e+01
-1.030634974521324487e+01,-2.782000410262360113e+00
-7.415056843106187401e+00,1.313650501956375827e+01
1.168866649977551297e+01,1.155198321661021588e+01
-8.400098431603455040e+00,1.127231938018869339e+00
2.236487536510730845e+00,6.235159705138610953e-01
-1.444924020535841791e+01,1.911633561408255522e-01
1.767958857906264569e+01,-1.520517428636573465e+00
3.973323331701993144e+00,-5.636330771629159742e+00
2.282868366118774084e+00,-4.962096602861881145e+00
-1.274381933738886197e+01,3.616230430965926335e+00
1.101261028344895898e+01,-3.240047340373267915e+00
1.499361716255672761e+01,3.330329025966250356e+00
3.131298057913389332e+00,-1.793671123971378734e+01
-4.991803375425227784e+00,3.935950344369204768e+00
8.929064020078099517e+00,1.227240072430835660e+01
3.768733566069151220e+00,-3.828676005672674965e+00
-1.182510577411994568e+01,2.087874342749362455e+00
8.636428582744953175e+00,-2.747659344620176469e+00
-1.097018899008241810e+01,1.329576764870602723e+01
7.864955809055574676e+00,1.715323322122844374e+01
5.547565808049659708e+00,-7.569752869136263662e-01
1.288199726534348422e+01,1.286967735021335990e+01
5.486549854509926050e+00,-2.655003246528333971e+00
1.029476042364023236e+01,2.481210237127900786e+00
-1.712343246649540018e-01,5.460428804822766047e+00
1.039486734639671361e+01,-1.312251679654638892e+01
7.590682242708442828e+00,-1.740088221488821318e+01
-1.559417263132979015e+00,1.794139881035998840e+01
3.668541060681475674e+00,-7.388405584195810505e+00
-8.426079174754155687e+00,-3.043120627276290957e+00
7.098396043185426940e+00,-3.695934370412745196e+00
1.082088411977267839e+01,1.861685028332520919e-01
9.221211183381466725e+00,-1.175997647889570707e+01
5.889896154999187061e+00,-1.155799103477747281e+01
1.238833362925373649e+01,-2.003586617856869978e+00
7.093979013315757420e+00,-1.792454115950311566e+00
3.834125816245843144e+00,-1.554962056380657931e-01
1.447928277142086273e+01,-9.583776858948924726e+00
1.728736854383507904e+01,3.967344279795565143e+00
-3.982626214116562480e+00,-8.262298972449411139e+00
-8.189678598536611176e+00,-5.880852692541572502e+00
-1.067022087146741960e+01,-1.320915041660710720e+01
1.023825721989231852e+01,-1.612675039687693213e+00
5.927927558349158410e+00,6.068346916990983608e+00
-9.521599405413871509e+00,-4.458819030886322921e+00
-6.528148894471192953e+00,-1.770614418554403713e+00
-9.211334998253299489e+00,1.619753213720317220e+01
3.431894050111358396e+00,-1.254997012666763823e+01
2.958872141649685261e+00,5.688613274443679479e+00
4.981414030262824588e-01,-1.249454921823796694e+00
3.069390273117929446e+00,1.168275695326785169e+01
1.026735928895367067e+01,1.346693416329598492e+01
-1.664405685266675405e+01,3.916884702965497400e+00
-8.629959438268956617e+00,-1.083409992144069278e+01
-1.682682564120353774e+00,-8.334370166547429903e+00
-3.005488493033747766e+00,2.076769644804154158e+00
3.833704745599337826e+00,-1.973598575759928142e+00
-1.681877881602633806e+01,5.695470280461797152e+00
8.405385859888196975e+00,6.143456753683853577e+00
9.941912707421698414e+00,-1.003873112265386602e+01
-7.591381418173273943e+00,6.462711989790737022e+00
-7.248985898149996387e+00,-9.636760191837586476e+00
-5.671695786131582651e+00,1.338762281473910143e+01
-6.962281219943053046e+00,3.016181301731695949e-02
-5.157616262686687492e+00,6.963590877184500094e+00
6.378092547941239809e-01,9.659543899140686563e+00
-1.259340311162157278e+01,1.242703216957158041e+01
1.046504334261308244e+01,1.026156208324301744e+01
6.811645383389164365e+00,1.198686170683899910e+01
