4.223839289321265511e+00,-1.278197310264488706e+01
9.842038199015565425e+00,-8.769591685849526641e+00
6.986408162954958811e+00,1.200407911614001044e+01
9.962115701348784214e+00,9.728107322635620946e+00
8.805376568363113776e+00,6.927941599686584517e+00
4.402468879149028957e+00,-6.789655104341857594e+00
-1.142728808022128728e+00,-9.263649052758024638e+00
1.384609177498174759e+01,-1.247620167144389924e+01
-8.304661506313523844e+00,1.362247098617462804e+01
-5.849496402359152469e+00,1.255809498731371221e+01
-1.448160224286675657e+01,-7.825569783256471013e+00
1.777659217640236711e-01,1.921825126493671876e+00
9.601185135322856112e+00,1.421205987666049175e+01
1.032074122173238129e+00,-1.469872375492961680e+01
5.502606391760857640e+00,1.092119756530422414e+01
-1.007424310702023762e+00,-7.204257451323583084e+00
5.967730802578880223e+00,5.089183563516957776e+00
2.909622507224886689e+00,-1.156291874417576082e+01
-1.017985231980719973e+01,-1.402994512853310560e+01
-1.434751208754041052e+00,-4.453947222457996791e-01
-1.006699095825263335e+01,6.216399502020716561e+00
-7.680643558282961969e+00,8.364031900543045239e+00
1.668983930704193241e+01,-4.059715935756358363e+00
1.396741304694877428e+01,1.052834608052408960e+01
-2.973698872154295625e+00,7.395272645401548495e+00
-1.071995466023359533e+01,-9.053264550840355085e+00
-3.697556605958009612e+00,1.496745380720646557e+00
-4.847002135250261468e+00,1.816149870157352808e+01
-5.601018468962510433e+00,-1.375426506271458926e+01
-3.210734620915066451e+00,-4.322567645540022596e+00
4.710237515337982295e+00,1.495450642107097572e+01
8.005185566645341311e+00,1.053000376846260799e+01
-6.833259868674863569e+00,-5.041046726801289957e+00
5.968161578003833512e+00,-9.735124992347648387e+00
1.148513118383454845e+01,-7.305373812859085048e-01
1.387768219313640294e+01,-6.625914033008526438e-01
1.341524762719206620e+01,-8.781392329412243569e+00
-8.581779493745388621e+00,-1.264518313603402078e+01
-2.514385493203537436e+00,2.802294017468056175e+00
-7.344274202359974524e+00,-1.395121027403916436e+01
-1.245649092532015878e+01,1.395054393397766379e+00
-7.573276709855914390e+00,1.200331243683822002e+01
6.361822593355571875e+00,-2.528714947151140535e+00
1.841272501273877893e+01,4.685355288948384711e+00
3.541605763603193680e+00,-5.254470233423568892e+00
1.896619769279107004e+01,1.117594804287192378e+00
-1.760758518545199491e+00,-5.392486372222672131e+00
3.555854612392914671e+00,3.122955108537694979e+00
9.651102028157701795e+00,-6.976518262580907681e+00
-1.590794589166812711e+00,-3.609895665253624042e+00
1.672312458360451393e+00,2.878236421937513612e+00
1.080561223670811977e+01,9.025602546422396566e-01
-1.786264630290553868e+01,-4.119692596546616237e+00
1.462879875949206365e+01,1.424199134683553192e+00
1.310381200464390217e+00,-2.412705958462738831e+00
1.874817703052903184e+01,2.901758078254230266e+00
1.300121198062398697e+01,-6.965110436703666252e+00
7.687938898867643367e+00,-1.270579732351198254e+00
1.286071564473842743e+00,1.219199206971974014e+01
1.434930063231643738e+00,8.582544028035222539e+00
1.315160502047467261e+01,8.163292641548025586e+00
-1.288889286311728455e+01,-3.929159970326292495e+00
5.804946880298729184e+00,-7.922165535000718073e+00
-1.248362620441085546e+01,-9.231012740675682338e+00
-4.426532212957419721e-01,-2.194989498683931561e+00
-6.310358213488827417e+00,-6.792837318500046351e+00
-1.526503209512842751e+01,9.865834766103175113e+00
-1.278947173836660012e+00,7.948346874570733078e+00
1.763603808730320299e+00,-5.455648428720825116e+00
7.457888187541283465e+00,-1.512870861697301450e+01
1.363317429854334328e+01,-1.053874340953447231e+01
4.270246751173326416e+00,-8.870769991276530320e+00
7.467067797721249178e+00,5.271610322246440550e-01
-4.089755016254006392e+00,-1.207854944199385905e+01
-1.583128388101811801e+01,-3.280360796388076317e+00
9.442947371468495277e+00,4.138057303149930810e+00
-5.455474203922514143e+00,-9.218153716671706022e+00
-5.478487764011819472e+00,-1.799846609823845611e+01
-5.843480679206854989e-01,-1.102198393016567479e+01
-8.357337791542017058e+00,5.709230921044747831e+00
1.132439004733039312e+01,-6.349358358841747041e+00
-1.139374873493679985e+01,3.219842025128683449e+00
-3.948579720977212659e+00,9.139069854683473437e+00
6.080806126243293086e+00,-6.151094918501934572e+00
-6.471009754701650962e-01,3.552592507624006579e+00
1.205145959170940806e+00,-1.703808177177032945e+01
2.650546014047541643e+00,-9.644425547562315515e+00
-6.206704702205271040e+00,3.883823597881375989e+00
-2.588305707023258462e-01,9.381937630805994743e+00
-6.152975662223432174e+00,1.029372117262080977e+01
8.898225077626568336e+00,1.563602730093245130e+00
-6.532208148338066067e+00,-1.423208537931708095e+00
3.098393451813751476e+00,7.746090124492025275e+00
-2.432378745612876259e+00,1.806412030669119417e+01
7.862596845726486094e+00,-1.727747417782560646e+01
-1.671456709911454297e+01,8.710227542540591728e+00
-1.051799010670643852e+00,1.107243786396321816e+01
1.650199891731305613e+01,9.417219957768786287e+00
-4.361610461107098935e+00,-2.862801236110790182e+00
-2.347396655928280840e+00,-1.131909078081870845e+01
-4.491686722366361018e+00,-6.275469133816518941e+00
1.851384586215637285e+01,-9.871483201102932981e-01
7.685815224007686908e+00,1.366820580084811532e+01
2.775273556128041719e+00,1.497375114909682559e+00
4.590494244162281134e+00,1.701939038191620401e+00
5.084264521248199609e-01,-4.007584421903933602e+00
6.213957314740174986e-01,-9.004486658658148457e+00
1.021976989440142702e+01,5.855879854299504750e+00
1.478693676013941882e+01,8.945381071634201930e+00
-5.917674853584418138e+00,8.464743722453000885e+00
-7.982215247881075726e+00,3.943475448809512507e+00
1.397075071005564517e+01,1.267709886835476141e+01
4.562662209320102136e+00,8.940594187749955069e+00
-1.130370652264265097e+01,-1.263945548841706312e+01
-1.226375319137774689e+01,1.432386416093689441e+01
1.862730731688744701e+00,1.389210930767808350e+01
-4.722192907270971851e+00,-1.096818102057434130e+00
1.180464174128366928e+01,-4.593655637674409320e+00
-6.771007063160651818e+00,-1.228738704692592698e+01
-2.823324662795775541e+00,-6.875676048040982202e+00
1.174762934178849472e+00,-1.078077366329261544e+01
-1.364072511562757661e+00,-1.300224116055114187e+01
1.310255768174050495e+01,5.002427609592434266e+00
1.274652478782537290e+00,1.039444127732384615e+01
-1.018130469355321743e+01,-5.115128166270103138e-01
3.452358790254610454e+00,-1.441567273035566821e+01
8.374341198047732249e+00,-1.267992032114473133e+01
1.654399357006748872e+01,2.000539682176637690e+00
1.731764520732435031e+01,7.810616325610425292e+00
1.102024640455614879e+00,-7.207748179675938616e+00
2.143836767609479388e+00,-1.321904974092955776e+01
8.390712446679803094e+00,8.767250996953583453e+00
4.958435365698039554e-01,1.704053124614009107e+01
-4.771280927176672293e+00,7.101014581259251557e+00
1.221610326083205855e+01,6.641139313354330831e+00
-1.333998638737539011e+01,9.588225788431964602e+00
6.194889015876090532e+00,-4.299933014040897561e+00
7.935012839957149566e+00,3.055559712910016046e+00
-2.519250482295924520e+00,4.623257812381461385e+00
-5.060825777941233561e+00,-4.571736539548754585e+00
1.013989346567744398e+01,-1.365623165038958398e+01
1.529172918396206882e+01,-1.124462700683057115e+01
-1.094911705381109712e+01,-3.695423794738414536e+00
3.025523589394916169e+00,9.931748219484266116e+00
-1.914777177167140243e+00,1.437898357869448240e+01
1.930882695114684022e+00,6.356157019354190751e+00
-1.261536571961411646e+01,-5.757490804085163560e+00
1.900019486930715762e-01,6.882851958264500247e+00
7.745722429076207227e+00,4.820223439591319270e+00
2.346442323038667954e+00,-8.783740937964534812e-01
-7.511707178403320917e+00,-1.650299495174001763e+01
4.160058257715929741e+00,4.786552844283470165e+00
-1.121066310980715919e+01,1.139458987469290818e+01
1.002353804056422959e+01,-1.180293836660819728e+01
1.205724093825120136e+01,-2.484936946101332200e+00
5.360866783015763914e+00,3.382284062565788396e+00
-1.633741971022509176e+01,-7.646359602615903306e+00
4.018550039090797443e-01,5.086696067228239748e+00
-3.192915630582537467e+00,-2.357660244081589973e-01
5.625448951960542843e+00,2.803551452954495260e-01
-7.103786668034720364e+00,2.182311675434136955e+00
-1.040536052941118150e+01,9.774663692796409009e+00
1.731718308597719513e+01,3.327021959613418178e-01
-2.657034650226938854e+00,-2.131401944695417772e+00
2.397112030349259015e+00,4.643431923755094282e+00
-2.896138057792084997e+00,1.119537299827778476e+01
9.418424265865985134e+00,-2.057177691050262602e-01
1.348753954441474079e+01,-5.278994321926267830e+00
-4.237832959683779377e-01,1.854858241499314531e+01
-9.917381399405924114e+00,-1.149231989955844924e+01
1.053153753739879583e+01,2.667004753877521228e+00
-8.973897875475033814e+00,-7.713114119258468016e+00
-6.657239298713766296e+00,-3.235347660837047723e+00
6.069045558425681719e+00,-1.706808491703947439e+01
1.488504948352663604e+01,5.207287493539340950e+00
7.832027940338854854e+00,-6.717507018525811446e+00
-1.061502046001332822e+01,1.593230656919013333e+00
1.675892559706204654e+00,-1.889627307255680577e+01
7.076412891042246578e+00,6.484320017419728188e+00
-3.822029403477375631e+00,1.558951237708965110e+01
7.498319406061609627e+00,-8.504325680763972883e+00
4.481480726139023929e+00,-1.072905350566918692e+01
1.456367993240181491e+01,7.091191346683297425e+00
-9.865095165595695548e+00,1.271536389090748109e+01
-1.214651329424516923e+01,-2.293877246690219085e+00
8.937447966770754704e+00,-1.037586881488600454e+01
1.637192149363232474e+01,-2.276192085673988785e+00
-4.123202865623785129e+00,3.626728087866742722e+00
7.899923027869809822e+00,-4.893994746581487476e+00
-5.339949542588832365e+00,2.306052793397940448e+00
-1.483805695053128648e+00,6.204877798166354097e+00
1.269825339354160310e+00,5.254710527416345256e-01
1.158689651477805427e+01,-8.577700406891533902e+00
-1.184760241097035660e+01,8.547227394021627234e+00
-4.572746459151692200e+00,1.394598327849212716e+01
-8.300897680311297933e+00,-1.183162142698454433e+00
-1.192140689098948592e+01,-7.445537011447279419e+00
1.042229618560423177e+01,-3.483918378368161317e+00
-8.671207510569685084e+00,6.344734123442042906e-01
6.233528377896367267e+00,-1.256616277523243674e+01
1.558794147145558284e+01,-7.910787764939969158e+00
9.678236215864689740e+00,-5.161699566190105060e+00
-2.881182096742153753e+00,-1.426376503688246622e+01
-3.020286036023531295e+00,1.297048471088552901e+01
6.589918522795385591e+00,9.409167269892435570e+00
-1.633464988214293356e+01,1.303564956304049602e-02
-4.413551576009107080e+00,-1.516415353731557580e+01
4.434257500478715919e+00,6.600791098398254064e+00
4.963617384799311694e+00,-1.361614559349497489e+00
5.839268555147404172e+00,7.735278362534829810e+00
1.355461056532484498e+01,3.283209703952906455e+00
2.425294456232712559e+00,-3.825593450877199153e+00
-1.072527908741581371e+01,1.540910368040909617e+01
3.836792168934852754e+00,1.336263339563254604e+01
-1.649001634542154093e+00,-1.855223717501920433e+01
3.850315441619748924e+00,4.913691919202075459e-02
-5.094786655523644292e+00,5.251263089387265381e+00
2.771881699433128787e+00,-7.867393897917440704e+00
-9.809169299646503859e+00,4.041777296259210672e+00
1.558702395874944635e+01,-2.381841317997474838e-01
-1.527177667213940548e+00,1.309341256662592601e+00
-8.744581524601137801e+00,-1.514309561104919233e+01
6.501760793889063805e+00,2.032830296337921450e+00
-1.629276785869308952e+01,2.917178410072542860e+00
-1.224840415788734838e+01,6.178993937293334682e+00
4.548577463825950851e+00,-3.665135828766123982e+00
-1.478649812658116147e+01,4.957698184468299019e+00
3.422102362460593739e+00,-2.306783731532323856e+00
-8.943965884568548574e+00,2.462743895269885908e+00
-1.163316126386060034e+01,-1.078585132570543692e+01
-2.119598627315695705e+00,9.581752292084077638e+00
1.198503395881800060e+01,-1.321011508374215815e+01
6.967274785486708311e+00,1.611066575087971842e+01
-1.366185563812270232e+01,1.144761996396147907e+01
9.285861160058974662e+00,-2.009354059009432980e+00
1.072420914605782194e+01,1.565510741676628115e+01
-6.860184855777972324e+00,4.388241905506627960e-01
5.794101845273969431e+00,-1.427741116150321510e+01
1.224456147316449517e+01,2.122218465601351856e+00
1.624582298266096103e+01,6.401466100443226281e+00
-1.183531445364988978e-02,-5.757210803421971335e+00
1.495008112391042587e+01,-3.509288448493312895e+00
2.988375744418619195e+00,1.178229944931852380e+01
-7.142397420408786779e+00,-8.374574828894896683e+00
-9.069913173560987474e+00,-9.904747155261908631e+00
-1.366116553250621379e+01,7.314266342497127482e+00
-5.517260527123013958e+00,-1.096789629859826753e+01
1.845823596043209847e+01,-4.479503033561690550e+00
-8.285746411138491752e+00,-6.067518871088815047e+00
1.657632261707443888e+01,4.566471500322428767e+00
1.227570753021327654e+01,9.769783117635466141e+00
1.132044519618802170e+01,4.393490236059687248e+00
-1.849850431516248861e+01,2.149707997883908206e+00
-2.929215053659382395e+00,-9.587306814253283349e+00
-4.071549565003794946e+00,-8.134136113121595457e+00
-8.337004248192462441e+00,-3.990552688844803075e+00
