1.243339626002285137e+01,-7.737940717956401926e+00
-1.572942922956477396e+01,1.060961592950389765e+01
3.285452791233590020e+00,1.421656291798739780e+01
1.827631802571265851e+01,-3.557895108355069169e-02
-1.975585208569236917e+00,-2.662556574281881971e+00
1.067487918520961188e+01,-4.959960290319603615e+00
9.579458494854643291e+00,-2.312537561334101710e+00
-9.226474350679815473e+00,1.178706409794217436e+01
-1.156327495616398160e+01,-1.158596595565496434e+00
1.522193920736137862e+01,1.623923699770270179e+00
1.841694400449155111e+01,2.542686021814560604e+00
-2.294432424887531852e+00,-4.413427303346802333e+00
-1.514488085417272600e+01,5.199247882331617276e+00
-1.012335487301228021e+01,-2.656502504790883457e+00
4.233985531749557829e+00,2.339033573336907423e+00
-1.211292720881787943e+01,-5.663447572068061042e+00
-7.148738508115711987e+00,4.754321821764560418e+00
3.861747829588637160e+00,-1.656941440354327000e+01
1.078241774730648928e+01,1.156968326888859799e+01
1.091795491065705548e+01,8.030022944395119211e+00
2.067703243810294911e+00,-1.637016906826222140e+01
-5.594340429050107533e-01,-8.686930013001678219e+00
1.391993007463529786e+01,-5.480580124416862819e-01
4.666381153188070563e+00,-7.792299493855260550e+00
5.015147759501692448e+00,5.550510639429735882e+00
-5.425802970776985035e+00,-1.944043491768503218e+00
3.108992554195510571e+00,-4.531278594060306197e+00
6.414040353717117782e+00,-8.267189894501292713e+00
1.598896984343121197e+01,5.280211726829220353e+00
1.133899866092672148e+01,-4.266490253685982226e-01
1.331515704700813352e+01,3.681209212002353404e+00
2.717579789632810883e+00,-1.257463583031244525e+01
1.309837857629357849e+01,8.329640380330483040e+00
3.995627157758450565e+00,5.682134096643309817e-01
7.738282682418025971e+00,7.997786939184462485e-01
-6.384993845858542905e+00,9.646132869177133529e+00
-2.284219383071110610e+00,-3.552051798769414459e-01
-7.440937986001265436e+00,2.988486641551268974e+00
-6.646177634164983417e+00,1.387561203012786670e+01
1.732432269297278893e+01,3.990407921100276756e+00
4.268305554972870119e+00,-1.371488040805769870e+01
1.393790638726619946e+01,-6.723840634504040459e+00
-8.194644667295808205e+00,1.395440595091299585e+00
6.027966443931192408e+00,3.493942654239028806e-02
1.304902900068446447e+00,-9.477080083138540445e+00
-1.453128373079530178e+01,3.881133898151957196e-01
1.096618521110565858e+01,2.307354408966640236e+00
4.222469159567840968e+00,-1.148567773709894446e+01
-3.424825132617534074e+00,1.632493915743682678e+01
-4.517554618495343455e+00,-9.447322753747780411e+00
-6.460848926111214530e-01,-1.175078777381568296e+00
-2.506701219964870830e+00,-1.705907642038011218e+01
-3.733213774960431053e+00,-3.394022574975493534e+00
-1.482921176686563314e+01,2.511259864837280364e+00
-4.620747479307439898e-01,-1.434365397639387218e+01
3.364124892741815032e+00,1.043439598123072010e+01
7.260618686122737309e-01,1.205016241965482182e+00
-5.665229164756445002e+00,3.484106748139376375e+00
-8.036547921972577058e+00,-4.094921127006732053e-01
2.282344132966011241e+00,3.305861226189670266e+00
4.633719062091717689e+00,-3.630174969414217578e+00
-5.124924905838187605e+00,1.549270620062271497e+01
-3.893524592865473810e+00,-1.546928881677360579e+01
-3.020607914587739362e+00,-6.129854752966506837e+00
-1.402447098188501329e+01,-1.019402677716509409e+01
7.866083652734682019e+00,9.548345160046732616e+00
1.951555902730020442e+00,-1.888679877733706647e+01
1.733180689426234267e+01,-4.869934940700803239e+00
-8.901440121453143561e+00,5.520391051256475556e+00
9.546773387697328417e+00,-1.487767418074794179e+01
2.862878753085473349e+00,-7.960682181226975906e+00
5.234511991870006931e+00,1.148363507888546842e+01
1.384670449109233481e-01,-2.829685664806641743e+00
-9.190265801404056134e+00,-9.725071615375277645e+00
-2.997407239344628938e+00,1.454642031109138678e+01
1.099461751581227809e+01,4.067930482054858743e+00
7.229976195813489603e+00,1.215527363460247834e+01
-5.843447909262783568e+00,-1.067774007901378397e+01
-4.451065532097955746e+00,-5.066026661923728192e+00
9.621470074758425639e+00,1.628224829592616985e+01
-3.969966925158169069e+00,-7.707559891431652765e+00
-6.810721326775639461e+00,-5.425364754505357823e+00
-9.652211907856216300e+00,1.000368588719083185e+01
-7.357066419895121889e+00,6.513211870700426509e+00
8.409071390735890716e+00,7.684114875933731881e+00
9.888071031692433621e+00,5.504656040348727686e+00
1.440693141016144097e+01,9.582612304342116971e+00
8.025830834446525230e+00,5.909648845077300372e+00
-4.802218680957886399e+00,1.742840243314013193e+01
-5.044949937513488081e+00,-1.410321281502902480e+01
-4.591647465352092894e+00,1.893581956423912027e+00
-1.846446063946800109e+00,1.310521170546109637e+01
-7.404066035549628388e+00,-1.683771821601175134e+01
-9.973495098163686734e+00,1.613521747306283727e+00
-4.245431428348785730e+00,1.192711904293597591e+01
-1.399130778781227846e+01,-1.200126174236431886e+01
5.623206421655543075e+00,9.656246568131541252e+00
8.539997550551463590e+00,1.489398994594338888e+01
7.269452347393270841e+00,4.300493739706837459e+00
1.765442093583133198e+00,1.121309001689902018e+01
5.855232154149484503e-01,4.824063183481348993e+00
-1.125965573860737257e+00,-6.179562403534972326e+00
-1.005553531895076347e+00,4.069917078716824399e+00
6.654370828014874562e+00,8.101233036310512503e+00
8.584695907196653764e+00,-1.124042238131100291e+01
-7.462107781106682047e+00,-3.758929613785836121e+00
-1.694557087645533500e+01,5.369679587069114746e+00
5.572770776481974941e+00,3.625266264101080882e+00
2.824102355243117479e+00,-7.956713844128546764e-01
-1.143262149169173902e+01,9.702580344727463668e+00
7.479340715761252367e-01,1.557442864045438213e+01
3.881753728781311974e+00,4.133159831577493115e+00
-1.121509175850019169e+01,-4.112118209428414772e+00
-9.220635145141187650e+00,-4.180698276309392725e+00
-1.615373818968118869e+01,-4.040242969958975916e-01
-1.455194068609465141e+01,-8.276643529837077295e+00
1.202428620078474175e+00,-1.376778255905834847e+01
-9.811206787698637299e+00,-4.406875132223531666e-01
1.181208370946341546e+01,9.621056114654042091e+00
-6.951199039592653728e-01,1.148659888700919574e+01
1.704693545091512874e+01,1.302174222561692574e+00
-7.509871096623308873e+00,1.107908602290393851e+01
2.495073307926846784e+00,-1.076806293731335096e+01
-1.350762138949712110e+01,-6.863544161791767628e+00
-1.642002658344759336e+00,1.611118687308228203e+01
-1.349538528371146562e+01,-1.140236050488272923e+00
-1.146557949425532463e+01,6.751738440468264546e-01
-8.512551207531462438e+00,-5.918693831433848196e+00
-1.159302250519317568e+01,2.489764403024652406e+00
-7.330031228061713477e+00,-9.394332577297170417e+00
1.524359640320117926e+01,-5.411480222691371189e+00
1.282313052060337100e+01,-1.388073161675268175e+01
1.630624283739065872e+00,1.714809554559733229e+01
-1.382874795297201231e+01,-5.038140439879715160e+00
2.787517705521886491e+00,-1.467932863438557689e+01
-1.324976884443123204e+01,1.644537856510344120e+00
-2.563304834243974373e+00,1.143109054782238765e+01
1.892222766962171576e+01,-1.676023426941560146e+00
5.675592315908238206e+00,-1.254470733194404097e+01
4.124511775442285533e+00,8.700142941479352743e+00
1.551529405855291444e+01,3.470239404186875820e+00
-2.174396897524088601e+00,-7.703937748729754453e+00
-3.319809601500034901e+00,4.743558272475921989e+00
-5.393856023186616611e+00,-6.561302938369416360e+00
8.990187108896435575e+00,1.168696442762086996e+01
-1.238473034435355480e+01,-1.102506447771014919e+01
9.300964052993871078e+00,-5.697028215972590459e-01
-4.674206470020256354e+00,1.373696657680507549e+01
-9.252435850924674909e+00,3.287770764216305430e+00
-9.840751913509933502e+00,-1.418826470545403140e+01
1.333641110570522237e+01,-4.995836596245020189e+00
-3.652430877866585934e+00,-1.531793775938184776e+00
7.590872531311640081e+00,-5.383633102146332838e+00
-8.355077988041090364e+00,-2.140893345728732022e+00
-3.653714937878874913e+00,-1.101785561458462936e+01
-6.273212428939290319e+00,-3.849909799487821194e-01
-1.404725510198263638e+00,-1.276048233234512352e+01
1.299707140619253209e+01,1.099951623323549654e+01
1.346001133804026395e+01,1.830174841879433023e+00
-3.143878576840700934e+00,9.288160919380171521e+00
-1.070878022466325241e+01,5.936653684627445138e+00
1.672507608406414903e+01,-6.618315501378281951e+00
8.068516816844800488e+00,-7.524072663469275390e+00
-1.082899318659736210e+01,4.120801452699641487e+00
2.344914049775757015e+00,-2.754829230166071063e+00
1.684858983492918938e+01,-1.122171962908296017e+00
-5.003303196123583874e+00,-1.230191448678865562e+01
7.507015123624272590e+00,-1.040784009070883531e+00
1.141566555058687760e+00,-1.300684640144065707e+00
1.233861790255429369e+01,1.267453355966648054e+01
3.704703296695296411e-01,1.003328788537377569e+01
1.111357552792978787e+01,-3.250295004863116510e+00
-2.491262979344985418e+00,-1.419857027583838693e+01
7.617506705738656514e+00,2.554963696419225716e+00
-1.432623911775223391e+01,9.519902173301218795e+00
-6.080280255824800584e+00,1.211385772485452250e+01
1.815367683595177795e+01,5.590891696809900502e+00
1.590626394607645011e+01,-3.620914398023014957e+00
2.205465488000229457e-01,-1.596258788423509856e+01
-4.701925788091234182e+00,1.019817845652607602e+01
-1.512084014639081542e-01,8.178515594539149447e+00
-9.170323263625011379e+00,7.337038954021781301e+00
-1.513558393766414412e+01,7.840294060553604893e+00
1.763322099878913463e+01,-2.922637060360353978e+00
2.494101432225002579e+00,1.471050398140368864e+00
-6.408833397185750513e+00,1.442849279372537374e+00
7.281738516192524102e-01,-5.912929171822235652e+00
-1.396629401520836256e+00,9.619168428889105726e+00
1.506007981883027824e+01,6.785599370685960530e+00
3.101861504593080632e+00,1.610658804796428711e+01
-1.060142599374714401e+01,-1.081141508795633399e+01
-8.054503464436619353e+00,-1.135023792603647230e+01
-5.093152116953773678e+00,5.199479774481772232e+00
-5.927868524421100460e+00,-8.308389529497709702e+00
-1.386777332343201685e+01,6.493869452567643918e+00
-1.026926543161271965e+01,-5.711543419801595078e+00
-6.392257136396736428e+00,-1.533288682871521580e+01
5.597477784245042720e+00,-5.976671610314348015e+00
1.097555187769231999e+00,-7.671171132538471049e+00
3.783761809779451646e+00,-6.232376650824122954e+00
-1.903408504160953585e-01,1.723799184197446266e+01
-2.559698796025133394e+00,3.087737482183411153e+00
-2.335737314891166871e+00,1.780814188775159579e+01
4.830884113883631148e-01,3.053473668800206653e+00
-1.866664905105124728e+00,-1.099512285984386395e+01
-5.607280292915900688e+00,6.888629443888906856e+00
1.628214387396845098e+01,8.236444183065014357e+00
2.354583649124044165e+00,5.237521279881550029e+00
9.392613671852933166e+00,-6.305540522675732618e+00
7.341923019310264031e+00,-9.899461145258461769e+00
-2.012905677847408814e+00,5.903585358897314173e+00
3.551328213086387908e+00,1.220991293783796294e+01
1.062064736743756344e+00,-1.179122079573086701e+01
-2.656501194218300110e+00,-9.398713963015167039e+00
1.613032316094483676e+01,1.004055151490627296e+01
-1.179144009187839259e+01,-7.428103580007603846e+00
-1.234698179837259158e-01,-1.049216842417052042e+01
-1.249042093223918215e+01,-9.050065229760674512e+00
-3.011779779180623895e-01,6.405450385261834967e+00
1.415628959465652947e+01,-3.401954950264581168e+00
9.224652121980751573e+00,3.382020459644139443e+00
-8.792547889872507128e+00,1.360616712115445459e+01
-1.412220803982988748e+01,-3.291643479917451653e+00
7.613243612539895899e+00,-1.539258877650130231e+01
4.946342021569781089e+00,1.350006161936797788e+01
2.249819464475705910e+00,8.755226833441923873e+00
-1.158922250303808177e+01,-1.478558732268017906e+01
-1.243822137086158186e+01,-2.756773905931503954e+00
-4.787009402988406936e-01,-4.519808522874522616e+00
-5.701214418449519705e+00,-3.763538854455983795e+00
5.542760801531497528e+00,-1.020170834141473648e+01
-2.937974445067485618e+00,1.296133822441714045e+00
-6.816994770247859492e-01,1.449703341794881162e+01
4.555555371027691258e+00,-1.162417053776697573e+00
8.981909818429082648e+00,-4.130194797081402136e+00
6.504284712235254950e+00,-3.998390844188077775e+00
6.704938864238060958e+00,1.392931466833082688e+01
1.652137053159034474e+00,1.890546792544470378e+01
3.829161873200901844e+00,-9.563187157704065910e+00
-4.717715829116237103e+00,8.408715353221477784e+00
-1.612020983687849451e+01,3.701050872217222842e+00
3.800754158200878585e+00,6.956395689301677621e+00
1.329719977482278326e+00,7.224082683019668494e+00
-1.687082986137342644e+01,7.307357097317618511e+00
9.169125419004441113e+00,-1.301895936317949598e+01
-1.561451935533404445e+01,-5.535309032012235342e+00
5.989342754868275165e+00,-2.182559915009107065e+00
7.830062584748945120e+00,-2.765896261810645740e+00
-7.612155366031977621e+00,8.377864613873637012e+00
1.361427061816550044e+00,-4.216666049066648547e+00
-7.499587041420506139e+00,-7.347715467191402006e+00
-1.285477295904597739e+01,8.517838071666668398e+00
-3.780568568789876682e+00,6.551222965422323519e+00
-8.261419392266249773e+00,-1.509039265483798431e+01
-4.451535317796485813e+00,5.649622858367694955e-02
-1.092812430925402811e+00,1.032713810122480869e+00
