-2.191347936598047053e+00,-1.963749552696634204e+00
-3.110725696119314154e+00,3.487319102467584475e+00
3.911581359774430222e+00,1.230951477412934203e+01
2.180251343661079755e+00,-1.033004343852013918e+01
-9.889262398079450733e+00,8.097414168013226998e+00
6.288910422656307730e+00,5.271612075060269298e+00
-5.188291545917478320e-01,1.393526567145906192e+01
4.319130227464078597e-01,-1.390773341285933773e+00
-3.523607862623737930e+00,-4.873626756638895330e+00
1.588851538540071040e+01,6.812885806325605920e-01
1.863358440978754871e+01,2.039319240281262768e+00
-4.458783751818700125e+00,-1.059929718996292358e+01
-9.775759855431166434e-01,-5.078277250629072981e+00
-2.320331410431557995e+00,-6.227173146142800597e+00
1.000601172558888763e+01,3.869402514962115625e+00
-1.373944506561641354e+01,-6.437465568304444830e+00
4.877077724419337734e+00,-5.482297172766586790e+00
1.199259003776305121e+01,2.534822414907182520e+00
-8.700304433090206402e+00,3.227448522053435909e+00
-4.080227656977008621e+00,1.752258553411951247e+00
2.451765049551661857e+00,-8.546253032844141728e+00
7.843531671810127115e+00,-1.473315526294756705e-01
-8.891866869432050180e+00,-1.320314976074104152e+01
-2.565610311369323604e+00,1.042524298923001957e+01
-8.526830539462076919e-01,-1.032262011718931838e+01
-8.414480686960571276e+00,-3.666833549664558767e+00
4.190205690517640136e+00,-9.039669157600826566e+00
-1.007075155187900073e+01,-4.255748650015529044e+00
1.635730504171676003e+01,4.780530127604754931e+00
3.188654099372384199e+00,6.982660478927145142e+00
1.553021890197068977e+01,2.921214681729308094e+00
1.842747939286547121e+00,-1.512031573278217955e+01
-1.508275665001273858e+00,6.618063872232828437e+00
8.423915442129599640e+00,-1.883580826678751929e+00
7.010536432880963842e-01,-9.239243873794755757e+00
-1.083859099271425386e+01,1.379768963200538678e+01
-8.346640399310411240e+00,1.991465110416467191e-02
-9.639803040505446674e+00,5.406896337454279333e+00
-6.115115982036670061e+00,1.510547593855223703e+01
-1.307089541608914329e+00,1.698974619539760766e+01
1.412917708722704191e+01,-3.789389351664084860e+00
7.018522036570054468e+00,-1.270964289007686787e+01
-1.317364375162669177e+01,-4.556186991671095754e+00
-1.046617578665246384e+01,3.474884178858548722e+00
8.977028227707635200e-01,-1.160285930609067151e+01
-1.556942884737146748e+01,2.433984902803234818e-01
1.012975878608491875e+01,-8.971777726266477515e+00
4.754031061542037584e+00,-1.370832758050457656e+01
9.904583654758710054e+00,-7.572890590855079207e-01
-1.496309446466670323e+01,-4.365045575547830126e+00
-4.124052044225105185e+00,-6.760846344453842249e+00
-1.771661267916680327e+00,4.740090149267637720e+00
-2.721543801139743590e-01,-1.621455060482545107e+01
1.329930644953055408e-01,1.614081744007805019e+00
-5.736658848381119835e-01,-2.850452656730019907e+00
2.298307122715824935e+00,1.139568288492422710e+01
4.682484798673490545e+00,6.029773465532352716e+00
2.151519682414944512e+00,-3.198880980651918726e+00
-1.378413592863331516e+01,7.983569929107018348e-01
4.224119528912631871e+00,8.447136097467389249e+00
8.263317945696609712e+00,4.534858823906660064e+00
5.506469163938326972e+00,1.319075624647487466e+01
4.588816415577785079e+00,1.473794281217515945e+01
-1.358988835283635943e+01,-1.055682299843498662e+01
-3.306012466872738642e+00,6.974883120418176929e+00
1.071769958551167790e+01,1.004533962106958533e+01
6.644519245519813211e-01,-1.894422084293371711e+01
1.786030807504845441e+01,-5.663542854337346277e+00
1.220180207971538877e+01,-6.693430267469201667e+00
9.673889074029972335e+00,-1.517809820894249739e+01
1.377885877324027897e+00,1.080211066218543514e-01
4.400763835972049343e+00,1.055954306154853128e+01
4.895754102648814943e+00,2.292535668488270062e+00
-1.057158209051864617e+01,-1.106353161679305686e+01
-9.556403969607815796e+00,-2.254214949974527205e+00
1.321413951264389119e+01,1.263284185821460959e+00
9.902588704833409139e+00,1.289489644085109887e+01
7.786866520782809609e+00,-8.999661641045417326e+00
-5.806841440787169795e+00,-6.126007583358307862e+00
-7.043455512031073340e+00,-4.790247175951238390e+00
9.054072419577563480e+00,-3.612576388641514313e+00
-8.599839071225533260e+00,1.143723950053712102e+01
-1.010479006518722223e+01,1.043928579104621335e+01
-4.270442439378765442e+00,1.522063634648597130e+01
1.430269386254163777e+01,-6.198310107226710386e+00
1.159718054805559717e+01,6.144432826516503354e+00
1.468266968287240903e+00,6.444992998254983618e+00
-1.310682774343802315e+00,8.390103759290346019e+00
1.176078063391819306e+01,4.345456832189482199e+00
-3.953695042883396571e+00,-3.125668251092704519e+00
-6.853836396928256747e+00,-1.163250701930368969e+01
-2.723505899248335194e+00,-8.056835040341351117e+00
6.450720899209246184e+00,-1.438996459447581344e+01
1.772569640332883623e+01,6.028044366314803781e+00
-3.565123472537564453e+00,1.350913318965275423e+01
6.881744821565846770e+00,-6.691589199682486999e+00
7.384852476342740779e+00,1.010816738252915137e+01
-5.060160759812239561e+00,6.500566902598608365e+00
4.108388190785816185e+00,5.908990625258829787e-01
-3.616848761001645762e+00,5.204474870904388872e+00
2.879604162734623163e+00,9.631495299212629035e+00
9.904295691963570292e+00,5.677352774507625988e+00
5.798072639410925433e+00,9.367740508293030288e+00
-7.436969744254691150e+00,-6.822454323077835170e+00
-9.739141203578852712e-01,-8.550170928389885461e+00
1.147355266009757102e+01,-1.462808049526462106e+01
1.325250325773575177e+01,-1.261794820292386810e+01
7.327638398978816525e+00,8.356683922094774175e+00
2.251194870091312694e+00,1.321220434954735090e+01
-1.188649196353938997e+01,1.028257908918709518e+01
-2.030690620528938783e+00,1.977362724258007631e+00
5.764540934292360141e+00,7.511889481826218962e+00
-1.081165709339101255e+01,-1.353341264747447958e+01
-4.926563190581856766e+00,3.401375645867819042e+00
-1.689232935433360794e+01,-9.458073132841067210e-01
-1.736336744973360524e+01,2.708776309528629689e+00
-4.243243750654120405e-01,-1.437631397803567879e+01
-2.611835613020671243e+00,-9.803923836614963250e+00
2.332834114628378419e+00,-1.368597276137485164e+00
-1.448164051171459299e+01,5.951548940309890234e+00
9.336550183034560746e+00,1.041880559248697269e+00
9.543351957195098656e-01,1.495064434334794257e+01
6.503650570670948206e+00,3.172144874720226770e+00
1.453445354218138341e+01,5.153694527659512303e+00
5.560756890076731906e+00,-1.017829126415599106e+01
-1.435218870388967893e+01,-1.158281194042090734e+00
6.693455142243721845e+00,-1.520759056239235907e+00
-8.680859628049606869e+00,-5.528037250634975308e+00
-1.288258881539339029e+01,5.152261093297797245e+00
8.954287979367123285e+00,9.201782561626171031e+00
1.599929220681271502e+01,-5.629203622706215882e+00
-7.827247878069812259e+00,-8.561275194376062103e+00
2.248333767166863062e+00,1.844387140903246092e+01
1.068216534410832308e+00,-7.404768668907951046e+00
3.596901002812709081e+00,-1.555014545384921298e+01
-1.269991124223619217e+01,2.844128377839233224e+00
1.379640526155927560e+01,-9.604096151024945627e+00
-6.905679235777505198e+00,-1.383431310348234611e+01
4.939355409770479710e+00,4.092834001982435410e+00
9.079992410298336480e+00,1.099207934843879642e+01
-3.212893021721109577e+00,8.747363279480586229e+00
-5.311365046110342547e+00,-1.274158954702948421e+01
5.287817419671718255e+00,-1.193649035526765267e+01
-9.142738412891338484e+00,1.331855276106840336e+01
-6.936492184826740903e+00,1.217655365512940158e+01
-1.210810629047720788e+01,-1.219101222133831541e+01
-1.259225149774693797e+00,-1.209139257795482081e+01
-5.983060989077612746e+00,-8.066696465306160135e+00
-5.732406465844074539e+00,8.141562265023571499e+00
9.147652363476606041e+00,-1.251549518079970724e+01
1.230958293232598955e+01,-8.474981154172793296e+00
1.371935258470545449e+01,3.502728162349683316e+00
1.042056385212197966e+01,-6.857781810173772641e+00
-2.969307845861954842e+00,3.214014056521987128e-01
1.079302061524753675e+01,-3.925357718103290150e+00
-1.037669735535272331e+01,-6.494773004558516138e-01
1.250123396330782732e+01,-1.098622317715082275e+01
1.406250374406493364e+01,1.166707612837102026e+01
8.081760057959309407e+00,1.325103510101744142e+01
1.173415017345875055e+00,-1.339216653448171002e+01
-3.056564796935796302e+00,1.654932565907686737e+01
-2.859074739950856481e-02,5.482323662639560169e+00
5.524333834932869003e+00,-3.172067038137250883e+00
-4.973392720829819424e+00,1.474145510229827594e-01
4.672593238468435217e+00,-7.225373243312022353e+00
1.702317198708577450e+01,-1.651857874973519769e+00
-4.346728082824848016e+00,-8.766295032578666380e+00
1.103317283575604435e+01,-2.155790491263558817e+00
2.955407483891085096e+00,-6.801531514498019071e+00
1.248811210057993470e+01,1.268333865093535984e+01
1.577645587235210556e+01,1.026833085713874105e+01
-2.178737863553968701e+00,-3.718415064196020303e+00
-1.457777603395014587e+01,1.216868864813191564e+01
-5.945176719971505541e+00,1.688580553842802923e+00
9.464725911096577349e+00,-1.063392103568079783e+01
-5.303079475149035993e+00,1.314325607779529115e+01
1.847183623839771727e+01,4.413576861773517379e+00
8.796294283047810580e+00,-1.683552476785877516e+01
-1.777797258616381626e+01,-6.595043872695539378e+00
-4.216546480644317363e+00,1.102472625058228317e+01
6.403793775491360973e-01,-4.171276040341034275e+00
-1.153464686615547308e+01,7.411294723018550634e+00
-1.537330039934090031e+01,7.786007045604319998e+00
8.686329737109456772e+00,2.697369806242010615e+00
3.251814107168780055e+00,4.956497561739855229e+00
-1.759914465808321893e+01,4.459049819073488408e+00
5.914021904249079142e+00,4.653009908781280957e-01
-7.172878703712368686e-01,1.076866061926038753e+01
1.482919588372617703e+01,6.950252558183298568e+00
6.880197856308618576e+00,1.187095788057450818e+01
1.855180391015674113e+00,1.669096832691796806e+01
-1.515164589363292258e+01,-1.145168234026992060e+01
-7.544138702165335886e+00,8.189525445606363974e+00
2.363260012144682509e+00,1.600049864842449265e+00
3.589867396266180677e+00,-4.255325279497739643e+00
1.731527914273402757e+01,-3.844997976682363205e+00
-6.657307146350832205e+00,-1.564560752496109330e+01
6.099926876199922354e+00,-8.419941197686785728e+00
-6.875690129757439983e+00,3.326934554869127147e+00
1.459548010755008463e+01,-8.019490997145716449e+00
3.540261349891449250e-01,1.769358164887842833e+01
-6.877882217292808242e+00,6.492181018099969947e+00
-7.711921963620004483e+00,1.755276309022516523e+00
1.682687510424200283e+00,8.264384663008108589e+00
-2.995203735943181567e+00,-1.160250217318646726e+01
-3.949252060989533852e+00,-1.450910361543217775e+01
1.252050110010411776e+00,3.046184016607927703e+00
3.290648672339346437e+00,3.134919541474594507e+00
1.557279078756226065e+00,-5.692317980362599172e+00
7.641444267486607878e+00,6.539683178471243252e+00
-1.266990027199541125e+01,1.333008120970388433e+01
2.766815198935432374e+00,1.504687986528795385e+01
-2.459263732659377144e+00,-1.346121654761366493e+01
-5.965075128577940866e+00,4.983799374606557642e+00
1.274058349703804360e+01,-1.433728530686049885e+00
-1.332837634100300939e+01,-8.500882414831298917e+00
2.944131338522848473e+00,-1.343268642458487605e+01
-5.326776377634515391e+00,-4.309261774435721115e+00
-1.192805267397844027e+01,-9.836164676301592635e+00
1.547926690059513177e+01,-2.671396226721725942e+00
-1.284219494091869196e+00,-3.819904923394649154e-01
-7.960345935719666421e+00,4.846130148281925010e+00
-1.750799633974263259e+01,-2.660323416364300364e+00
7.121970987458464464e+00,-1.614430813114987373e+01
6.588406876619480990e+00,1.465183563027048130e+01
-1.569289273098664772e+01,-2.664689972009480545e+00
-1.263009764323672179e+01,-1.416167919074349513e+01
-1.338568773810317580e+01,-2.701267514769469358e+00
-1.429212261488030578e+01,3.749297029625654254e+00
3.849556300348877969e+00,-2.476433946851999135e+00
7.589117403890462299e+00,-1.092995509853308533e+01
-6.691909633275120450e-01,3.169982263286109436e+00
1.385500917762101558e+01,9.886402497749562812e+00
-5.480362415733933013e+00,-2.123937021886906251e+00
9.238979536290532479e+00,7.326556428971116475e+00
5.398835925058534713e+00,-1.582124712178780612e+01
-3.879467196673746621e+00,-1.338617568776420574e+00
1.500387449838265574e+01,-8.438179525493672006e-01
3.863710716304627812e+00,-1.084693323394404452e+01
1.679858836920580600e+01,8.832548269465890556e+00
-1.088624068775211029e+01,-8.396761071381487085e+00
-1.123302790252833994e+01,1.755122191594902681e+00
-1.373271029459297843e+01,1.063017361254203230e+01
-6.665679885737612054e+00,-5.201007071234787782e-01
7.308734208500466956e+00,1.549799091493985648e+00
-1.639680545577825299e+01,-5.398781304357958000e+00
8.631549283496132929e+00,-7.382277725471871221e+00
9.169646140047051475e+00,-5.465545980889409350e+00
-8.037242806719012478e+00,-1.033364655597266513e+01
4.892823870768980399e+00,-9.924490476672740424e-01
-9.411807156619326875e+00,-7.182014082792215426e+00
-1.287747376421346779e+01,8.763393960082334289e+00
-6.526625232146906486e-01,-6.808817821698954553e+00
7.292841440569866052e+00,-3.249313346758306853e+00
-7.609633649170794101e+00,-2.086522079315630052e+00
-9.505144420177305875e+00,1.425443226055856272e+00
