5.347602498563915674e+00,-2.551860214432234653e+00
-5.713378890165227375e+00,-6.402109520641764639e+00
-1.423468140707124796e+01,-2.034001254983237583e-01
9.848710711885679814e+00,5.947614720859770721e+00
-5.360706504380569726e+00,-1.263906311143181682e+01
-1.068405678547091142e+01,-6.730002402034029885e+00
-1.298625945574636376e+01,-4.952129955847984988e+00
1.195647447828119603e+01,-1.216529167894434948e+01
-6.694586202779785999e+00,4.750265057960735504e+00
-6.063455058314845658e+00,1.486400212635013673e+01
2.946849166122639030e+00,1.261698331259003858e+01
-6.576965059203485175e+00,1.000430695317970686e+00
7.377038517133795104e+00,9.789061844158757353e-01
8.870744741566904068e+00,-1.169197362058435630e+01
-7.741119157585072408e+00,1.093034325414649643e+01
-7.784993828077869438e+00,-2.437189685393211569e+00
4.697787261432831762e+00,7.335739577645543186e+00
4.168004469315311766e+00,3.872381065198593930e+00
-2.037366667421748545e+00,-1.113356625442445491e+01
-2.695662215275538731e+00,-7.796254838902688888e+00
-3.304862418702776417e-01,-2.527857751985780776e+00
-2.873345592682783334e+00,9.655004025690642422e+00
1.235060163611262141e+00,-3.372735393062681108e+00
-5.108552269567360860e+00,-4.707785402033763056e+00
9.945241003609003982e+00,3.332440772334161583e+00
7.847847298434716734e+00,-8.247649727646610529e+00
-3.336169305315009659e+00,-4.761104480614220869e+00
3.166447726139273389e+00,5.856642585327275219e-01
-9.631761789473873847e+00,1.415399327950354369e+01
4.756535470377161179e-01,-8.428111734621030138e+00
-7.900474725995914937e+00,1.444187786781558991e+01
1.415530585202375669e+01,6.774094479242260824e+00
-1.390424038130099582e+01,4.199916465452899317e+00
2.085532523131660820e+00,-9.125858518437549805e+00
2.404725289690627932e+00,4.097922332376825238e+00
-9.714849809328926611e+00,-1.460573691014865538e+01
-8.235465415299680458e+00,8.818758873600387460e+00
-1.002154903625794624e+00,9.686478734392595769e+00
-1.277258625361962885e+01,-1.047304862481328236e+01
-1.598734892564792354e+01,-6.504565088680639207e+00
-7.797760159491314624e+00,-6.417947009282729098e+00
1.251573228797908577e+01,6.007413825885717706e+00
-1.201566674459643735e+01,-3.154640997841971384e+00
-9.928635713364262205e-01,-1.363539139764506380e+01
1.110406615767139016e+01,4.686954956268068351e+00
3.461055255726119384e+00,-1.535555086853858064e+01
-4.438608010786774472e+00,-1.294600408275350834e+00
1.288160412154165080e+01,9.083502921782770301e+00
-3.445985684609160771e+00,1.218690245280309625e+01
1.040183050218671390e+01,-1.330653428287250506e+01
-3.093239403465107173e+00,-1.133763345077017093e-01
1.482767238090102957e+01,-3.245430734965917829e-01
1.636397873587683804e+01,4.788033657582501768e+00
-4.839799873472718339e+00,4.407944292649739193e-01
5.190166729600567130e+00,5.802248564686421917e-01
9.147336760201975281e+00,-2.066712240686872537e+00
-8.502687685061744105e+00,4.161937195081717000e+00
3.461480943545722777e+00,-2.662566974458266067e+00
3.614324771002169978e+00,-1.357132435926214242e+01
2.551668047058853528e+00,9.105313353318772229e+00
7.720806572792413558e-01,-1.103329312454946365e+00
-1.305080187494649380e+01,1.138134613033431641e+01
-1.604298232099907295e+01,-2.656057373613349704e-01
1.424598286361562494e+01,-9.624590461127034757e+00
-8.525776537761935003e+00,-8.136995494798496154e+00
-1.359317198864566123e+01,7.950484200768468845e+00
1.773988613634966072e+01,6.641037086258228861e+00
-1.609831060808049330e-01,1.869465457103456885e+01
-1.588448859557191950e+00,-1.742458644477862961e+01
1.128588414513209059e+01,1.392792386428779139e+01
1.699567872117159206e+00,5.810552377117592648e+00
-1.302226060811308805e+01,1.342259837471922346e+00
-5.004484149426651207e+00,1.334197087119841107e+01
1.292611333623977954e+00,7.381078471552043885e-01
6.912972709432604113e+00,-1.014965015828108008e+01
-1.023735382021594731e+01,-3.366270162150879042e+00
-1.636563368622227799e+01,5.138734103362184058e+00
3.647204876712859978e+00,-1.134327306683599268e+01
8.682732422705852215e+00,-3.905867714355195197e+00
-2.344598877510622181e-01,1.681415796729863077e+00
1.505757675429308495e+00,1.139935005125431644e+01
-8.285988791901578665e+00,-1.169726276221039107e+01
-7.169207725321131264e+00,-1.318474584181234199e+01
-1.319728815785003384e+01,-8.758645959349655286e+00
1.566719134111320688e+00,1.549772447293988620e+01
-1.124231820495814915e+01,1.001994070939352000e+01
-9.473675852227659178e+00,-1.729940832088098901e+00
-4.846942115096025461e+00,1.099115424598889490e+01
-9.441133252511887619e+00,1.012447653346885446e+01
7.275607991055881740e+00,-2.375920115513288522e+00
1.289112181546262192e+01,4.249638771586711883e+00
9.594162009503039101e+00,1.257139649429925010e-01
1.149879838263110088e+01,1.065420886160393721e+01
-6.889589463750670717e+00,-4.856685411799736229e+00
7.561369711150785378e+00,3.110655987796892230e+00
4.427515096917609583e+00,9.123523339164133716e+00
-9.260570826023393209e+00,7.084358696928331200e-01
-6.621857197335850209e+00,-7.932619593470180419e+00
-1.884558201699640945e+00,6.143864942547609509e+00
1.066512681385917283e+01,-3.013609303697249331e+00
3.897710589993801822e+00,-8.676847749300414137e+00
-9.224162324794805912e+00,7.319876719571584367e+00
-1.196969805580112123e+01,2.903879343641937449e+00
9.281294722162151345e+00,-5.718880911120077570e+00
9.004827811591473719e+00,1.823605509972470839e+00
1.180812022714288290e+01,-1.040258128743795751e+01
-2.764887686419770785e-01,1.130127275399938824e+01
-1.170115435865547759e+01,4.646861078514259447e+00
-1.811023959291397700e+00,-1.483330788140706513e+00
6.442690268225771177e+00,-3.964413283744204541e+00
-1.931283806848240303e+00,-5.823391380348081903e+00
-7.838777529281214740e+00,-5.141923433629188578e-01
1.617192285134040475e+01,-6.132373356714065693e+00
-1.420787599839717252e+01,-6.731809982269978399e+00
8.646320208852227296e-01,3.092712947909640686e+00
2.781036254193927526e+00,-1.733894184973562957e+01
5.997349454008926273e+00,4.011243880517634253e+00
1.137212307468291073e+01,-5.773963783660982507e-01
2.727618850324010857e+00,-4.305593799047178649e+00
-1.213984986751824202e+00,-1.563478128601141037e+01
6.203724693277889557e+00,-8.828449968828688821e-01
-1.476525756681761514e+01,1.609586431907112924e+00
-5.811708904049889490e+00,6.381836179744666993e+00
-9.742695730302047608e+00,1.218029185210404997e+01
7.815103976563144705e+00,8.991705042290321970e+00
-1.529647351781456877e+01,8.529879092605165525e+00
8.424276552191080070e-01,9.661756196759705873e+00
-4.914910340180632886e+00,1.628540130102651773e+01
-2.523223530292133976e+00,1.618330839365080154e+00
-1.283945726376013852e+01,6.219407265424968578e+00
3.539451033875694597e-01,1.698098986264964694e+01
1.095125545796562072e+01,-4.805858775357395807e+00
-1.831967782841929804e+01,-3.574646821173664168e+00
8.548314605283898970e+00,4.598508341447721470e+00
4.374848849265871920e+00,-1.042451461280470504e+00
1.699118503264613667e+00,-5.781096238347784855e+00
-6.255411091221565023e+00,-1.347049575687950140e+00
1.533912605804473372e+01,-2.286736038591134168e+00
-6.848456199683394807e+00,2.944200780924358440e+00
-1.473559456739598694e+01,5.878962771948200938e+00
1.142448581353184522e+01,-8.498962966273648334e+00
1.447303177884286463e+01,1.230952633752218794e+01
-1.798181987728485609e+01,5.960093441911495482e+00
1.000325128047375145e+01,-1.030114423644091737e+01
-9.492429724458963491e+00,-1.036392219245300339e+01
1.537880674879232679e+01,-7.764950997324914006e+00
1.307837747866304312e+01,1.323595375093817195e+00
4.550302010795973295e+00,-1.674842504630946394e+01
-1.240414317978567382e+01,-7.107510498040469749e+00
9.220421039965620125e+00,1.283747640699777470e+01
-4.959396303927371186e+00,4.165046168692350115e+00
-7.917896084522102029e+00,1.268378988476599467e+01
1.184374599243448323e+01,2.789111905549934711e+00
-8.931592394304473936e-01,-7.305254862526411763e+00
1.239514841589246741e+00,1.330411009325797522e+01
5.067573903071755481e+00,-1.005346609896959365e+01
6.542242617254958148e+00,1.526681656823583033e+01
-1.554587227081535161e+01,1.041306206079268115e+01
-1.338814208941377482e+00,2.187838401344316952e-01
1.452201300022726471e+01,4.983200951470514894e+00
-1.492204715810195736e+01,-8.367615471424707962e+00
-8.546354751860334886e+00,-4.124330395312961528e+00
2.853544697776686512e+00,7.337175224099299342e+00
1.206958945493656898e+00,-1.829757994555258449e+01
-2.740291867117898850e+00,4.595172277639463232e+00
7.998354940475896235e+00,-7.323855106826938632e-01
-6.261781214970833176e+00,9.928818940580352859e+00
-1.319742156310802716e+00,1.303939589684505940e+01
6.997953204487087575e+00,6.017335324188851864e+00
-1.646239658151363727e+01,7.054424147271222800e+00
2.402169707516974562e+00,2.195043261783950594e+00
2.731046582275693801e-04,6.304159665077572861e+00
4.861148350618647029e+00,-7.162351910822821743e+00
-6.100611123406887160e+00,-3.154019978070551566e+00
-1.073667404839951622e+01,-4.378830050630207471e-01
-1.086525548199292679e+01,-9.181060588397290445e+00
-9.859323658918082600e+00,1.621668150632634919e+01
1.314362154319329257e+01,1.370908268565190546e+01
1.180568554862397868e+01,-1.487353511319408916e+01
2.579657597182738904e+00,-1.090345559809244413e+00
-2.886010731581289956e+00,1.392272062125041288e+01
-3.508222316297671561e+00,-1.325870272638147718e+01
-3.226705354451942398e+00,-1.671550695176115298e+01
-6.033918353238020060e+00,8.153308220707813803e+00
6.039179004129562323e+00,2.157243453756459761e+00
1.439504442834710796e+00,-1.261947885260421209e+01
-2.388107788274419718e+00,7.908768418101709941e+00
-1.114670026261755709e+01,-4.928707012688294142e+00
-5.692928834628070422e-01,-1.893216892874026769e+01
-4.609309504578273931e+00,-8.059364553108860463e+00
-5.159632205843021069e+00,2.170608942452353141e+00
1.558070682540064134e+01,-1.083439447886011386e+01
-6.766072346160569850e+00,-9.708674082607235079e+00
-4.132699302042552425e+00,5.723191609061927032e+00
6.077309399467180739e+00,-8.465493332655302794e+00
-3.049478078976599060e-01,4.456177352610576570e+00
5.693194174829854681e+00,-5.546048527318374610e+00
6.128811622817728733e+00,9.553079536003149741e+00
-9.211251994491721495e-01,-9.672996687045140263e+00
-4.598847977029426382e+00,9.191635767079045394e+00
-1.705666852747467743e+01,-5.085341829764987942e+00
-4.753796257985515972e+00,-9.844494285352693552e+00
5.322084372268058416e+00,-1.202865851867662528e+01
-1.420785923159420816e-01,-5.688862453387270257e+00
1.499923043605199524e+01,8.963031445119952423e+00
-4.511780494659040075e-01,1.458551812616901344e+01
-4.306635482724063380e+00,-3.076857345983716296e+00
-8.496607241014935141e+00,2.322320840697322808e+00
5.264099088567031792e+00,5.625056781392957284e+00
-9.786162215189968094e+00,5.577182502659353780e+00
-8.697291827218670335e+00,-1.610513168303753773e+01
-1.539786798463075357e+01,-2.097196320646601997e+00
1.487565745882540291e+01,1.851881797969429533e+00
-2.926684261524707953e+00,-9.580265780737938996e+00
-3.595348549703016872e+00,3.051920750990822828e+00
6.452074693964384267e+00,7.778843382868552148e+00
1.180999889716707507e+01,7.688275159140615322e+00
7.485280836730220599e+00,-5.424062835898000756e+00
-1.129362622342827827e+01,-1.157919820819414980e+01
-3.891118964095059418e+00,-1.149130993881213136e+01
-1.117668682210471998e+00,-4.181283529814082023e+00
-3.911079506111834192e+00,-6.432466268614770222e+00
8.115238528821729247e+00,-1.580099905813376715e+01
1.271690735069123690e+01,1.195524638403961148e+01
-1.658287347342254137e+01,1.890854996180527436e+00
1.780466935194638722e+01,-9.502891081763029657e-01
1.736030300896181089e+01,-7.578986203007433531e+00
7.083189875736680463e+00,-1.207496143010275347e+01
7.918726578558270557e-01,-1.570961164574042535e+01
3.510433652727660281e+00,5.608620069416890175e+00
8.144740391035330873e+00,1.134164312828288423e+01
1.271984943373415078e+01,-4.525628136543111246e+00
-1.380756972618543799e+01,9.709583014755128971e+00
1.100090621820922010e+01,1.216758072351281639e+00
-1.169879299389385174e+01,7.637799760304311292e+00
1.405023160422514117e+01,1.055554518250439067e+01
2.599473440080033004e+00,-7.369378215087663442e+00
-3.250234294395479395e+00,1.570235891226361780e+01
8.946654449754085192e+00,7.522332902988677183e+00
-1.354909065345837860e+01,1.327453993085484463e+01
1.466842289203375005e+00,-1.079334755081329256e+01
4.504484654801356847e+00,-4.130927212686042793e+00
-5.846918810649825993e+00,-1.629108684722800504e+01
-6.273309353151285128e-01,7.948880072781423500e+00
-4.198759305948583709e+00,7.477815171619405454e+00
-1.533012879990295563e+00,3.148201039013094782e+00
5.043526383610321240e+00,1.103694011827323074e+01
-2.573334309643091622e-01,-1.130754059854770155e+01
-6.240470017165264949e+00,1.207032678782658230e+01
1.185335527700955183e+00,7.892181828155784729e+00
9.827870178028678794e+00,-7.426570067331730307e+00
-4.408520220562260228e+00,-1.495564078155033982e+01
-2.512887501772213650e+00,-3.100059332021118053e+00
3.187829032323396650e+00,1.079003943024356893e+01
1.055606852867632384e+01,9.047856853136517330e+00
4.181459956309987902e+00,2.097475537100455867e+00
