-3.898728592060634046e+00,-1.488591837341718715e+01
-3.143730483779954898e+00,3.368751709559190954e-02
-1.520481901201998554e+01,1.137155312264651386e+01
-1.243292866657997564e+01,-9.886412732457355190e+00
1.054493937358393296e+01,2.911253348511045669e+00
1.346780941644209584e+00,-4.665839524564241891e+00
-2.109055636314062010e+00,-1.489137387223009590e+01
-1.581530403531169249e+01,-4.823346398789657430e-01
1.550203707833776612e+01,3.283864970921086535e+00
3.861130578355910892e+00,-5.415157216294309350e+00
-3.609159611738031792e+00,-1.853988344718710479e+01
-4.636461837006801368e+00,8.120596983757577547e+00
-1.116108856540793681e+01,-4.761198625842185450e+00
2.011415119821681863e+00,-1.069982365940585112e+01
-1.062911956362565080e+00,-9.721169218279550606e+00
-4.698371991138765580e+00,4.237176258684920427e+00
-2.075704334591225386e+00,1.452983439386605546e+01
-1.525602176802071597e+01,4.622849498018889669e+00
-1.172662886055690201e+01,4.252548581390188431e+00
9.152132959922436584e+00,1.120983455644540272e-01
8.327236598021602987e+00,-8.005017218095941800e+00
1.881699691487396109e+01,2.630708479787111642e+00
9.451393319744081367e+00,-2.840461519397008860e+00
-1.095836538039438857e+01,-1.088554517815042111e+01
4.211639748784233639e+00,5.565472919577435285e+00
5.701172656406014561e+00,1.128622196920672671e+01
5.661009510890976926e-02,-2.988580626650361172e+00
-3.157889121356586504e+00,-1.013103674740599836e+01
8.397855434693841659e+00,-1.304579983499270668e+01
-7.396841408154118724e+00,-1.125689169310927973e+01
-1.151851728019835486e+00,-1.575704421223417917e+00
6.968590600016085546e+00,8.967897961071807700e+00
-3.130702134239772061e+00,1.304968386831501981e+01
5.131621327276580935e+00,7.083429664867129993e+00
1.664698128738735150e+01,-1.204477495461145020e+00
-1.719367403666947780e+01,2.996769492379220967e+00
-4.764058221786786618e+00,-2.222239938324274799e+00
-1.112087327381329693e+01,-1.218344208324240840e+00
1.530000952647415957e+01,-3.746025634565085305e+00
-6.668176001749316129e+00,9.941536512262414860e+00
3.438418260922925462e+00,1.488578209855604406e+01
1.364736289780876355e+01,9.505813128624193808e+00
-1.069126478884759024e+01,-3.005791765647668701e+00
1.397154570256673090e+01,2.430601074044445919e+00
7.184129737566477658e+00,-1.135276943046820541e+01
-1.718021203973973510e+00,-6.758692207694462439e+00
-1.432762537553553095e+01,-1.247189633412323140e+01
1.366552147235316994e+01,-3.067810250896210622e+00
1.251378407898681111e+01,1.375774831387286179e+00
4.633157365417512885e+00,-3.296124727299807322e-01
-7.653535643234133934e-01,6.976510726006129204e+00
9.091873042104806402e+00,-1.469593151625057814e+01
1.508581334624135017e+01,7.997955487658667373e+00
-4.840038354940558563e+00,9.904304492059026188e+00
1.434747413018965290e+01,1.120290900116133948e+01
1.194383135755880865e+01,-1.281569055697925918e+01
9.886205938467130139e+00,5.177401984643103638e+00
5.161604239308264397e+00,-4.172537474203159569e+00
-1.260360746936516740e+01,-3.328012282001008959e+00
-1.145752048551152535e+00,-1.340636297659852971e+01
9.248595710248505242e+00,6.894475287932458230e+00
-1.573647993734078909e+01,6.347630180375973374e+00
-1.601208754635274900e+01,-2.492450689502027306e+00
7.826750488570244357e+00,5.698938159427510364e+00
1.393618920567548258e+01,-1.301509042232818825e+00
1.644904131840821293e+01,6.742849366262041677e+00
6.824445650856860723e+00,-4.792630928872458007e+00
8.545014647533164531e-01,-1.894908881182513127e+01
-8.440099010447985606e+00,-2.308891853702907060e+00
4.001025639820187330e+00,-1.968207327013887786e+00
8.034243729222668051e+00,-6.213817533203032539e+00
-5.408700500217655804e-01,-4.730807960874292561e+00
1.478845299831164262e+01,6.052728605664971617e+00
-1.442570933426252644e+01,9.631029109994724280e-01
-1.032849102192434110e+01,1.173924852980021072e+01
-1.158095295090264099e+00,8.950493060618715191e+00
1.104062292652846899e+01,1.524304396415503859e+01
2.812805368934818251e+00,1.706112885511407740e+01
4.923286167765020593e+00,-1.245998757392420053e+01
1.280569160606187040e+01,-7.410120298720888066e+00
-2.338284270003532672e+00,-8.447414633752771351e+00
-9.532412287448826405e+00,-9.731719297403413904e+00
7.471842106038651288e+00,8.463241070581792869e-01
-6.688095990209479424e+00,-1.827192521741233699e+00
-2.286229907375803005e+00,-5.089981796490592458e+00
1.823267957134243389e+01,8.971923391476270826e-01
6.963092330154022624e-01,-9.442388081078350481e+00
-1.707906494690570653e+01,-7.179235392333218613e+00
-9.393561978426179238e+00,2.451080657220531034e+00
4.587213260704999129e+00,1.344853588050787607e+01
1.141555536481946298e+01,1.351267937377435757e+01
8.760418138220222417e+00,3.759052520359655869e+00
2.982150105134866891e+00,-1.227033779284375825e+01
-6.736353199878547748e+00,7.458924567221778545e-01
1.028309001515975396e+01,-1.048862359991691129e+01
1.321428669040497361e+01,7.784645552487206466e+00
-1.144635276776376465e+01,6.377775057720436180e-01
1.031418978939208486e+01,-1.245756008453396957e+00
-8.969629686332321938e+00,5.097209533815564519e+00
4.104524905093314580e+00,1.032089792841294518e+01
1.623910907231795164e+01,4.981974213467461610e+00
4.979762747686594104e-01,8.330239942534042541e+00
-7.471219426736365854e+00,4.094694163858008551e+00
-7.953780834081740636e+00,-5.641599305007769516e-01
-1.097113154102190080e+01,-8.668259436032547782e+00
-1.404024252941928452e+01,6.993805788999634565e+00
-1.473403177000137276e+01,2.891814192742819145e+00
-6.034672764167842374e+00,-9.020845150877079277e+00
1.806773042418430109e+01,5.869544706049326876e+00
-7.128713705638393128e-01,-1.741613301212951370e+01
6.615553068766345746e+00,-1.326790978645017560e+01
-4.642295302859353434e+00,1.039438615703536239e+00
-1.435980509794008775e+01,-3.653932851417792005e+00
1.007148639496544362e+01,-1.229075460544215836e+01
1.316134685400579318e+00,1.608322564652573661e+01
9.416222228658419624e+00,1.279958378175213696e+01
-9.210960138601016922e+00,-1.156407617961144574e+01
1.212516104386175009e+01,-1.409587512584552504e+00
-2.374236914093924844e-01,1.421528353816346169e+01
5.690075316813146600e+00,-1.685499823955103338e+01
3.437498203377247208e+00,-3.695934334094728158e+00
-6.593322650882995184e+00,1.731687729737251402e+01
9.043316336215237783e+00,1.935355557868304155e+00
1.704994820492737873e+01,2.350743685149706330e+00
2.601997221684319239e+00,2.216242889504820734e+00
8.670274372937949892e+00,-9.781821771921284991e+00
-7.422430072664785605e+00,-7.280574243842394822e+00
-8.252565001198437500e+00,8.271020182247388774e+00
1.296298162895429584e+01,6.003322137671378123e+00
-1.013444630732200125e+01,1.443018701148275618e+01
-1.381734500343814176e+00,1.238112602709628263e+01
-5.722713096878051076e+00,1.549442546924796282e+01
-1.110805325348889383e+01,8.183498141472101750e+00
1.832541571246931067e+00,-1.581795815180989884e+01
-2.997781671940327186e+00,-1.727666279220420487e+00
7.486141505395647933e+00,-3.053242729634345398e+00
-2.929566482769019320e+00,1.617114559510688920e+01
-5.454559428158515466e+00,-4.125573333167203316e+00
-1.920902916474341415e+00,1.984105865150455283e+00
-7.152556246093436876e+00,-3.618754199937062044e+00
-1.740087184238821694e+00,-1.891733017383637971e+01
1.692813602242849669e+01,-2.981023524674165870e+00
-1.478526596809392935e+01,8.685475703376315693e+00
2.377180508937625447e+00,-1.172315308357424479e+00
-9.382489889743977685e+00,-4.553261171357998904e+00
-1.115716252845947132e+01,-6.661776536576857310e+00
-3.541328330433842542e+00,-3.558269018529286232e+00
-1.671139028610002697e+01,8.876683040756441656e+00
5.440473304893862050e+00,-1.066612496018701606e+01
-1.347234252238585839e+01,4.797528579465920373e+00
-4.309442598714139372e+00,1.164272157089125059e+01
-7.762656521295348888e+00,1.323112007483604557e+01
-4.288106964095641516e+00,-8.646797114765798042e+00
1.165520393767006979e+01,-6.004089317469220255e+00
-5.019713771823360871e-01,1.617320123416466515e+01
-7.876468967528051923e-01,3.459339975674469159e+00
-6.192509292470765203e+00,1.178062457916564121e+01
-9.078912386177979243e+00,-6.409307197032314996e+00
1.524545765897443594e+01,-9.797150369472028331e+00
3.017795457419265137e+00,5.052652403736054287e-01
-3.500453126901213352e+00,-7.007727765692321142e+00
5.680930043715410882e-01,-1.222435407005289409e+00
1.180742246386089889e+01,-9.451339185503117690e+00
1.253971306863473423e+01,-4.441088985014871149e+00
-2.493081703728647014e+00,6.458877789934160063e+00
-1.191409673856712814e+00,5.209129044699540856e+00
1.526029278994827365e+01,-6.813061898804109728e-02
-1.065152971506502411e+01,5.805943576681113605e+00
-5.222177896609236036e+00,1.331371663479523271e+01
1.459566530586773681e+01,-7.383874222551090938e+00
-7.541931129106989040e+00,2.312509610646906300e+00
1.766700065932532926e+00,-7.906272825450591846e+00
1.681729890846139774e+00,1.428009217042708379e+01
1.847178322329716460e+00,-2.949120121323280941e+00
5.517932108873321084e+00,-6.036205656164157496e+00
1.132118843109224038e+01,-3.082519006317565147e+00
-1.328298505528261897e+00,2.922309982018782004e-01
-3.696174218219885788e+00,2.534701000869545418e+00
1.375101208009686182e+01,4.321038770828551812e+00
-4.702987259745742499e+00,6.326273068382067599e+00
6.615437272131774016e+00,-8.367549071389561721e-01
5.710605279807180246e+00,1.112884432928553213e+00
-3.003896285315713399e+00,4.707955717130073658e+00
-1.490997906435348241e+01,-6.384648116269606710e+00
4.128049530352372543e+00,8.552606410916984814e+00
-2.848578016290138404e+00,8.228470659655966912e+00
-1.221964378902209170e+01,1.344290386218073863e+01
3.645289679836515528e+00,-9.916232399826739652e+00
-1.274850561858489684e+01,-8.084553720624326090e+00
-1.214034512637185159e+01,1.108819809198928219e+01
-4.200067356834359944e-01,-7.996669306821398315e+00
-1.441818318865778215e-01,1.692150466316971524e+00
4.670724065660130653e-01,-1.441471819753635586e+01
6.051472021907170484e-01,1.772231214859656490e+01
5.267554378811828641e+00,4.063408778616495631e+00
4.444487173162277038e+00,2.348105965512597759e+00
-2.945761746062823594e+00,-1.291822154802459899e+01
2.434173637697746528e+00,1.103001068428928200e+01
-4.042663613638637798e+00,1.465138401277556390e+01
1.774862153097779682e+01,4.027990905369898123e+00
-4.093354502610581314e+00,-5.239109202382026709e+00
-1.296287813032609826e+01,8.447792348358859726e+00
3.400749787325025419e+00,3.869933102393136259e+00
-1.241199011818169717e+00,-1.158011427593343612e+01
2.306764805238698202e+00,8.613090535043225415e+00
-1.272451074202489174e+01,-1.163044416262578551e+01
-1.752801706827417050e+01,6.965705822205052300e+00
5.503306035646832184e-01,4.767013118553471429e+00
-1.351199516472996720e+01,1.221044587288102967e+01
2.333977432017007470e+00,5.286591487009300039e+00
-2.992657632457576877e+00,1.008311903395104459e+01
-5.430851169937724876e+00,-5.369079223572094106e-01
1.258136264459013098e+01,1.105009924488380868e+01
1.701905516372329430e+01,8.425718569094396315e+00
-1.783020295282466705e+01,-2.464356131109930015e+00
7.019806196342191384e+00,4.129391847567211116e+00
3.589867373661738803e+00,-7.989402085731834191e+00
3.089923577194741533e+00,6.930281216346459772e+00
-7.647123442416757788e-01,1.072149376413891808e+01
1.126615269370855188e+01,9.819536933695852454e+00
1.117130062305954041e+01,6.418378017619542852e+00
1.386326383264996576e+00,1.253965286508587695e+01
1.007017632573826704e+00,6.598450619713585930e+00
-1.707336058642920307e+01,4.764032778171202409e+00
8.469994769534817891e+00,1.563052993555714387e+01
-4.834195763160166415e+00,1.707705571470724948e+01
8.605808358929397883e+00,-4.426747051023455448e+00
6.396874436799754093e+00,-7.640009543303358797e+00
1.356005234035977125e+01,-9.253510819082555017e+00
9.489544209225305726e-01,1.005871958199920613e+01
-6.161997435523684175e+00,5.264195725800021819e+00
5.136493884349269123e+00,-8.899329623878495354e+00
2.259030134554074198e+00,-6.173791863123514467e+00
1.068759082595001964e+01,9.791267075369533002e-01
1.230444905475259887e+01,3.178194009802220332e+00
-5.517524636047873798e+00,2.614893619493995125e+00
1.229842069401952509e+00,5.778422707033900041e-01
-1.160833651426447233e+01,2.496575436625199540e+00
5.814460818498642602e+00,-2.457211846022136825e+00
-3.023989061465444106e+00,-1.682433105243939053e+01
1.102887776372608108e+01,-7.823505972834806421e+00
8.303602265747631606e+00,-1.479624315709624716e+00
-1.702236801463525406e+00,-3.337571330591006635e+00
1.005686956711201008e+00,3.055264203093701170e+00
-4.831805356124752038e+00,-1.709274545335419759e+01
-6.431585537190346535e+00,8.108135419324122850e+00
9.504482657281251079e+00,1.041572715556726259e+01
-5.477826962223542928e+00,-7.150377393794877356e+00
9.861054026024646646e+00,-5.855362781984469578e+00
-1.309761800509843077e+01,-6.338728884782583783e+00
4.108044146483159076e-01,-6.325998796308093475e+00
-6.715218018310897818e+00,-5.529628576839606069e+00
-9.409666565291598062e+00,5.758735458207285829e-01
-1.175770642492787310e+01,-1.322086466065603716e+01
-1.078279886246134822e+01,9.931788974619482957e+00
-1.240682001302103821e+01,6.223141273055220246e+00
