1.397478392846896611e+01,5.761178230897907149e+00
-5.981165680307581667e+00,1.092471747457465625e+01
1.557456523397262771e+01,-1.083417650136100363e+01
9.350340501252317083e+00,3.307404216929550334e+00
-2.440188337232248816e+00,9.739920617358984956e+00
1.896961500972842174e+01,5.651471192985428882e-01
-1.098287160280091257e+01,8.441061049433836061e+00
3.863619703948644180e+00,1.379594829424494939e+01
5.801560056693583212e-01,-9.017640728508078851e+00
1.091501503383939919e+01,-5.538879008076338373e-01
6.342434088591023311e+00,1.786526784068133011e+01
-1.629957874444344412e+01,-1.262030647619732937e+00
8.366735560360620383e+00,1.831923295898200132e+00
1.135841818119046920e+01,1.353634885863647952e+01
9.197951733941989616e+00,-5.274413347096459148e+00
4.143020078500745385e+00,1.360277801397982378e+00
4.423814957467062214e+00,1.109413342108631362e+01
-3.144703393031178962e+00,-6.633875053941085120e+00
-8.144412686383378785e-01,1.139544538308785881e+01
-5.253534868068196140e+00,-1.627325375303102462e+01
-9.336171035845424626e+00,2.562304034657625795e+00
9.247090366262327166e+00,-3.443623062760082565e+00
-1.508789655735369273e+01,3.757495755668246229e+00
1.028908280118993490e+00,1.052512505553652566e+01
-1.376817320423782753e+01,-6.097364492435655592e+00
-2.448956312742160080e+00,-8.295256609514936486e+00
2.201714945006179036e+00,-1.439872244635213860e+01
6.380385823348980523e+00,-1.317594265919395546e+00
-7.263305926137125113e+00,7.725212893136876424e+00
-2.166069409303756022e+00,1.739724101194738637e+00
9.920418049423733731e-01,-9.487423918793851385e-01
1.219116753177580925e+01,-9.757274128255362555e+00
1.067415117971053595e+00,8.742238196159270558e+00
8.457476582869837500e+00,-1.337008106391180995e+01
1.519964083169127278e+01,-6.986097551225211255e+00
-9.104077390112289336e+00,7.617570470114807257e+00
-4.686124587511386053e-01,1.397592658677285904e+01
1.472637687764927250e+01,1.149880902204641586e+01
-3.469809203084899707e+00,-1.639899666300027148e+00
1.701370950205453170e+01,2.766292597157601563e+00
1.554057237975837946e+00,3.476492522457065970e+00
-5.652870254290601970e+00,-4.017887818764838137e+00
1.022747491395377573e+01,1.758163691704756726e+00
1.119947493259152083e+01,-8.272789736015662143e+00
-1.474831172404062807e+00,-1.801802414499006488e+01
5.458610633556710390e+00,-6.699937116391707193e+00
-1.800838982665389310e+01,-2.781550425323640496e+00
-1.416677993064604379e+01,-9.673349413686116449e+00
1.351886072914974513e+01,1.811178104580666526e+00
1.134894482726743536e+00,6.856575428139919381e+00
-7.840038289548920680e+00,-1.382736712025204540e+01
9.322835155897111648e+00,1.455735061481298942e+01
7.491996020733959760e-01,-7.149354187360896340e+00
-3.966407774396689234e+00,-4.693013470039568702e+00
1.854602384884346122e+01,3.961270664056404378e+00
-8.239393674756581021e+00,4.269039456423157297e+00
-4.923873122893227539e+00,5.332784324500103423e+00
4.229060589385182922e+00,-6.203737322848749125e-01
1.075459458472543339e+01,-2.373341446976259927e+00
2.832741577857389892e+00,1.026741701936963302e+01
1.428132799932476105e-01,-1.714996352792323364e+01
1.437765000715219621e+01,-1.238511396942484488e+01
1.529263242621346741e+01,2.343326957465338811e+00
-4.990132699814681771e+00,-7.054538821395067494e+00
-6.459149051925734408e-01,-1.388119058898160851e+01
-1.190462634117262830e+01,6.807347322426228864e+00
6.913678924458126929e+00,5.928779071375982923e+00
6.363684522679449174e+00,1.441317799561980628e+01
-1.813956573961956664e+01,-9.062648597802860362e-01
-4.252800993818405928e+00,-8.705550672554119629e+00
1.623271879300997966e+01,6.275370029272640870e+00
-2.891044342736901918e+00,1.848908799308817663e+01
-9.733617047382155718e+00,5.903370918876661655e+00
1.980950617404512837e+00,-1.633538575904256263e+01
4.969542628202756163e+00,2.939717665835599014e+00
-9.989741786839484661e+00,-4.211817043078204037e+00
-1.237775268938331452e+00,-6.730555359145344418e+00
-8.093005891171504373e+00,9.319138075497635398e+00
4.568501900497730972e+00,1.816766304366274909e+01
5.645045413057117045e+00,4.297229748779349268e-01
-6.785284941980585849e+00,1.607072682948355080e+01
4.263973210017247162e+00,-1.463774201613757953e+01
1.186871955617925600e+01,1.112069193760389263e+00
-1.025781984517466050e+01,4.222832314898625761e+00
-7.600277045356165218e+00,-7.232875684576151265e+00
6.602017358696371296e+00,2.011465316328365560e+00
1.055139894022701164e+01,1.004901685697972624e+01
7.830938257987660300e+00,1.336933435201904707e+01
-8.817852835345977525e+00,-2.758274900836375387e+00
-1.313670288872423431e+00,-3.641211426032185394e-01
-4.147376253700854498e+00,1.049361499442279921e+01
1.952262933486364149e+00,5.224472467332263115e+00
1.188753112938298528e+01,5.551816078541894406e+00
1.572422405752466901e+01,-8.977209701255388197e+00
4.792181415586930449e+00,1.541279990959496438e+01
-1.179051866436432228e+01,-3.473190693430380449e+00
-2.495524298538922991e+00,-1.067471445244390615e+01
2.624692791698992611e+00,-1.819506927742252422e+00
-4.094222486622924428e+00,1.454408351936553245e+01
7.815442291606293779e+00,8.613551603572942028e+00
8.994171153090507076e+00,1.199784116404282841e+01
-1.824547432815439407e+01,-5.272420890854692566e+00
6.807910569128830858e+00,-8.007196473863254838e+00
-5.133376185267205294e+00,-2.329525505754880044e+00
-5.245373041572914952e-01,-2.015380092964647929e+00
1.048251244760398571e+01,-1.153103592320878690e+01
-8.132101529306153154e+00,-1.142335055071470507e+01
-5.427527711980607572e-01,7.715510520164645669e+00
9.456426176731845601e+00,-8.959101180407003540e+00
-6.281241430010224391e+00,-8.525290423112224403e+00
5.714737555473003994e+00,-1.566003134215460690e+01
5.886918909219207130e+00,-4.943528122013055359e+00
3.264466949324817069e+00,6.522946903222417880e+00
-1.242719937198058844e+01,1.359057531527311680e+00
-3.475489603127154936e+00,1.644018057305649450e+01
-3.045101822434067351e+00,8.939988621700412086e-02
-1.625843230757833169e+01,2.339373516183552049e+00
-1.323426201247519352e+01,-2.403092372045918523e+00
-2.104794460740336159e+00,-2.855339105064955696e+00
1.386556538289660168e+01,-8.857167277027130581e+00
9.130980131647424614e+00,-1.495386851915253779e+00
-9.716378700155667403e+00,-1.349768004764479734e+01
7.621516901296215174e+00,-4.388674802849138246e+00
-6.128732685874461517e+00,9.144410835847283536e+00
-2.185169210553659092e+00,-5.166809917216449222e+00
-1.184223568527109727e+01,1.005124928490248060e+01
1.374626561889285448e+01,-5.856041676390463024e+00
1.018908616185497662e+00,9.112692983089667464e-01
7.874464011598551139e+00,4.414491587087688629e+00
-1.355207398491113224e+01,7.721762783037392275e+00
-6.972763162570108975e+00,-1.552290092361418949e+01
-2.097769729768423463e+00,-1.498744988206847850e+01
-8.779173877524987901e+00,1.493931137004232923e+01
-1.472047185830172289e+01,6.391279531409017167e+00
2.552421025782376507e+00,1.512618746581180496e+01
1.654061679321951672e+01,9.247516402204150054e-01
1.737661344875697012e+01,-2.782636230244559084e+00
-7.246198465932706112e-01,-4.019287964675794633e+00
-1.038021000374316927e+01,1.012105903948802954e+00
-9.622959637933451660e+00,-7.308519086325068415e+00
-1.162426908375194756e+01,-1.075411308319762682e+01
-6.355640712464156294e+00,4.240505035761648500e+00
1.475262951882061735e+01,9.376787718547072714e+00
5.938827989149690012e+00,-3.113907350215975978e+00
3.042679408015086739e+00,1.224404743945874330e+01
-7.028238960060468443e+00,-2.820163858410368096e+00
-1.954406997652361699e+00,3.507846660736446687e+00
-6.646198927126751421e+00,-1.244153212846445378e+01
9.608445610033312656e-01,-4.668132132421335179e+00
6.248451137574325465e+00,7.618890981097806048e+00
-1.744127029136810236e+01,4.147295556717430998e+00
-2.584035667765780087e+00,1.154289182237724631e+01
4.931602949059840313e+00,-8.452189347140354414e+00
8.555418637440579843e+00,1.024749603500998596e+01
-1.984192893421038439e-01,3.750190628029654860e+00
4.073334483110423676e+00,-5.080757522337454368e+00
-8.408363141762263682e-02,5.498101082329540645e+00
3.305048616438937437e+00,3.972843617363987168e+00
-7.975308821525191050e+00,-9.388197465641859196e+00
-1.133273839320864118e+00,-9.507885458266642331e+00
-7.588378442871413831e+00,2.269787291808138541e+00
-7.480248614938044938e+00,-4.534482488562152191e+00
1.802632431834231852e+01,5.684973746442642195e+00
2.997827402673387542e+00,-3.642441179726355838e+00
-1.051251524373488522e+01,-2.129755353799293704e+00
8.493109179891884963e+00,-7.458828808019191570e+00
-1.688893897348321715e+01,6.795393126573834763e+00
-1.344656598479834031e+01,-1.333954785182600844e+01
2.547005784568972864e+00,-4.691692683159727484e-03
-4.901431377597467609e+00,-1.804974745386906321e+01
8.532023162539950079e+00,6.900378866611765361e+00
1.059026297598382271e+01,-1.341032534925949449e+01
-8.264701471992356829e+00,-8.086827037220275516e-01
5.740364713177354083e+00,4.598780726182584822e+00
7.760048033596819828e+00,-9.480561021958259005e+00
-1.404565187164968521e+01,-7.862442247778579585e+00
-9.877214008953826507e+00,9.888964927340852640e+00
-1.507634323393671139e+01,-2.779801582325903020e+00
-8.810112390294360551e+00,-1.553887462857237800e+01
-1.119802115201240333e+01,2.638024235337419476e+00
1.112502266561785191e+00,-2.911612884520307087e+00
-5.928934526320717158e-01,9.612566656372560914e+00
-4.012663505426517396e+00,1.872798044157772956e+00
-1.384370006530811104e+01,-7.425350097418129680e-01
-4.257182054734750309e+00,3.615193040089995868e+00
5.301238587817463932e-01,-1.525188782482484662e+01
-3.129956150351576039e+00,-1.870334637172652492e+01
1.294112638863473386e+01,1.223663828165834921e+01
-5.699704034797040464e+00,2.526176992756548056e+00
-3.956655999729891349e+00,1.264718926931990062e+01
1.619821595838279649e+01,-4.154888900169782850e+00
8.723828001129765752e+00,1.634552594729611386e+01
-1.475201063309190275e+01,1.134086596558550930e+01
1.056163616527322979e+01,6.878517047260318762e+00
1.018659313595930627e+01,-6.762539609887955550e+00
3.428958560210401352e+00,1.675743684440470815e+01
-6.321974896389630949e+00,-5.870382998765884430e+00
4.318694989354862734e+00,-2.440684130297729570e+00
-3.002617492756896489e+00,4.944815748874175299e+00
-6.780816955358261566e+00,5.951523088869684841e+00
6.818128813480450745e+00,1.614633529745158569e+01
-1.753387372148828005e+00,6.227053342945672476e+00
2.486735998511627965e+00,1.967773000087037927e+00
-1.110292123182630242e+01,-5.999159141679665908e+00
1.932643236546710108e+00,-1.015916463269349101e+01
-5.648015622167976701e+00,-1.417867799182983646e+01
2.365658832272321099e+00,-8.234230264750628692e+00
-1.133000050589695462e+01,-5.448470320049405569e-01
1.576625563139284480e+00,1.788604597909032279e+01
1.282988522245500995e+01,-7.414635229884879664e+00
-8.849739273561556985e+00,-5.644787234094412298e+00
-4.759298125333509155e+00,-3.565442367145685298e-01
9.317647586587000319e+00,2.508394967338682946e-01
-5.856210255812665189e+00,1.442957195061405251e+01
-3.933313196790050537e+00,-1.493644907094180496e+01
-1.392173135431181841e+01,2.301786336019821189e+00
1.430289358227839358e+01,-4.144501540463185307e+00
-4.368181008812091370e+00,8.717411663116571674e+00
1.468067042019071522e+01,7.455475462519370211e+00
1.404489902100039345e+01,-1.687331432325069214e+00
9.476328181853460819e+00,5.379684262776313730e+00
1.236217068180472722e+01,-3.171352453471226074e+00
5.051685747466284404e+00,6.256696706162521160e+00
6.892170779398157698e+00,-1.419495476986719140e+01
-6.429558072939479452e+00,-1.057362483346939719e+00
-5.424985533007626870e+00,7.150344842245038635e+00
1.276699463655372746e+01,-1.404236006031015904e+01
8.780126264001882674e+00,-1.100444452461182010e+01
2.391114671646050294e+00,-5.747705947553026107e+00
-3.924309802626559374e-01,2.008948248070591802e+00
3.711841364780827046e+00,-7.022743310172477216e+00
-1.440919713609326891e+01,-1.169845794790798443e+01
6.117375688199663486e+00,9.977328280545036066e+00
3.674643957946543527e+00,-9.693144615476500192e+00
1.669773784750027801e+01,-5.922190504379231335e+00
1.377388258237586527e+01,-1.071065795848470259e+01
-1.099127217434650738e+01,-1.536867676281532802e+01
-1.169965754252394019e+00,-1.190676261531114122e+01
2.915866770964548493e+00,8.344230748783342477e+00
-4.295126927395249261e+00,-1.049508892840314722e+01
5.836721175300366049e+00,-1.276113037912792159e+01
-2.411183509741137154e+00,7.924637749575955681e+00
-6.252485416065658441e+00,7.934480785194886199e-01
-1.850568514874757042e+01,2.605766202544392396e+00
-1.007936284769287205e+01,-1.166067472767807800e+01
-1.236499947705252467e+01,-7.222937025383351362e+00
-3.110724971606165123e+00,-1.653930283470459628e+01
7.003514090486873123e+00,1.180789191771692792e+01
1.480027787783772553e+01,4.165208790029316432e+00
7.243244436892805282e+00,-6.183620808868402818e+00
7.510588425621874675e-01,1.527842006071192849e+01
4.416607463187922633e+00,9.293012522924207985e+00
7.719356945668780057e+00,-2.540003805868428444e+00
-1.390870803661825938e+01,-4.245403665383996383e+00
7.501302760825297788e+00,1.619249892635082899e-01
-3.679100518315876034e+00,6.646966257958510482e+00
