-7.566613182641461322e+00,2.177314389341452827e+00
3.333790041271203486e-01,-4.053554566439463436e+00
1.890745125684349048e+01,1.549022614548882348e+00
1.118454843761634976e+01,-1.533036197663629174e+01
-1.323604297644048877e+01,5.056017359160343005e+00
-1.758593961601274458e+00,1.168919609113850200e+01
7.885389837353716125e+00,-2.133868520192141904e+00
5.258015235478393556e+00,-6.817726107495390764e+00
-2.510239790347109423e+00,-1.652455426837827090e+01
-3.598520941868736944e+00,1.073069342998121023e+01
-3.040149478339891242e+00,-5.826429580012403520e+00
1.286770928485706733e+01,-3.614824035675266334e+00
6.341279189170219155e+00,1.344763019912904412e+01
5.454702650363022265e+00,-1.282181917775866253e+01
-5.442146311499338474e+00,1.797544562670771029e+01
-4.754314112663334591e+00,1.212738897937957461e+01
1.150755777284047277e+01,-2.021335056942660025e+00
-5.463973745450801944e-01,-1.678298004167989532e+01
4.242268997705924555e-02,1.580137611291311028e+00
-1.182436543411919239e+01,-5.861642286990861983e+00
7.931204517336201132e-01,3.348313322521894175e+00
3.357173994222988789e+00,-1.309943961933788259e+01
-5.729881957496744782e+00,5.379487107771552701e+00
5.861205207186171329e+00,4.264506669117484883e+00
9.363426854267238753e+00,-5.827325979848530402e+00
-4.508092270199463236e+00,-2.611449676272132869e+00
-6.898198384911653491e+00,-1.242018127449596321e+01
7.759041582300006290e+00,-5.057957500358196690e+00
6.233948392564147234e+00,-1.406954119182655338e+00
4.457396616645041831e+00,9.072881679534226862e+00
1.248679034927139497e+00,7.218986471933128257e+00
8.639236463491122286e-01,-1.376817761892863601e+01
-5.640386946303338478e-01,7.140272397091378842e+00
-6.447909827490454049e+00,-1.639969690575663108e+01
6.023938785857685829e+00,8.038444429770395416e+00
1.635504895180200080e+01,9.667633091144328006e+00
2.410044145491946566e+00,-1.462253723047360765e+01
1.063534763328421917e+01,1.193562663997877138e+01
-3.533012792466223573e+00,2.471300525678815863e+00
-7.921670808485521853e+00,-2.492160871623691154e+00
5.352785025678216790e+00,2.430030398919519108e+00
1.865547425364584555e+01,3.468409592502110339e+00
7.936668844522144717e+00,9.813174007807475618e+00
-1.337493934898709291e+01,6.819459333931454204e+00
-1.415421625636875014e+00,-9.589272830989516549e+00
-1.013627954198330272e+01,4.221104221684813140e+00
-9.164846171928690666e+00,7.901330416562669656e-01
1.582490401459996043e+01,-3.136398271293113771e-01
-1.195986655631555351e+01,-1.468796559586357375e+01
-4.938890361526659945e+00,-8.712895173934800397e+00
-1.627768636804461932e+00,-4.408502283613931816e+00
1.359613247341142361e-01,-1.858094459916055285e+01
2.739739893854302721e+00,1.575890843551194465e+01
7.666110924643816382e+00,4.461150107488263572e+00
-2.040592708690785462e-01,-1.116422794197691637e+01
-1.060775678412342060e+01,-3.287211642219378671e-01
-8.140556207609570549e+00,-6.506149640039581961e+00
-1.122719798326397012e+01,-2.764705396013625638e+00
9.009709045942361882e+00,1.124536124179055463e+01
-3.473771625559029630e+00,-9.812392032783328943e+00
-9.537051681062680419e-01,-2.772223490181696892e+00
-1.167398943976081327e+01,7.977031237088825222e+00
1.151540479377683646e+01,6.500905583558997058e+00
-1.560501106511025249e+01,-1.029632256642154076e+01
-1.203562088445598377e+01,-8.420008612817214910e+00
-3.849518706879047514e+00,5.595799486991638538e+00
1.650470853332002719e+01,4.915131838049451751e+00
5.441644630861967036e-01,5.438860031226095515e+00
-1.458792914498422455e+01,-3.685924614509889174e+00
-8.413322736858852124e+00,7.377713523898961512e+00
-1.402612752392558093e+01,-4.940797758271573970e-01
-6.175912277090242597e+00,-1.945411639258572079e+00
8.933734614575890021e+00,-3.594949379408996837e+00
-3.071764559487867086e+00,8.480121369181665258e+00
-4.959710362295851604e-01,8.942996713077556947e+00
9.370188228037363842e+00,-7.934593107674511536e+00
-3.819143509167669315e+00,-8.732716035605034843e-01
-7.190855703899194040e+00,1.756786163611709384e+01
-3.608871750166511738e+00,1.835168875288196233e+01
1.221600781312883832e+01,1.300196389984660250e+01
-9.877663923413816605e+00,8.518457789841781036e+00
3.213041399531534337e-01,1.414659471444598182e+01
9.281795070044982054e+00,2.823611668952797693e+00
-1.015709551577632830e+01,-6.734586940151380041e+00
-1.146266063338797636e+01,-1.066935075003475752e+01
-1.330093323169401032e+01,-1.337586285807909015e+01
-9.316542976955817679e+00,-5.097190293301540720e+00
3.697408463479363139e+00,-6.011017690843250882e+00
-9.550756216910674112e+00,-3.319920263955169037e+00
-1.292002114607793040e+01,3.253682316049789414e+00
6.180862723769353195e+00,9.821494597645308744e+00
-6.621843770792530393e+00,-9.412869862689333900e+00
-1.590941654746966982e+01,-8.407001536890300386e+00
9.699933388426076775e+00,6.407133239182117634e+00
6.218101648334332765e+00,1.165618008251251148e+01
-5.035211882188314725e+00,-1.221439085731869412e+01
2.538536138329324121e+00,-4.198856849224553933e+00
4.448925693914425050e-01,-7.317329144389961293e+00
-4.468605673833954128e+00,7.301042816347190545e+00
7.641232547246420204e+00,-3.438088034105429847e-01
-8.934940669571595606e+00,-1.034786099237352097e+00
1.665345717286982996e+00,-1.734667943446155647e+01
7.903615597024940875e+00,6.219552198704579205e+00
7.836804745266237937e+00,8.040623897847311241e+00
-1.148918534600048424e+01,5.428287719655035204e+00
-5.837524935618200850e+00,1.068463405840706137e+01
3.547163574576620793e+00,2.101054612334793958e+00
-4.466208669191097158e+00,-1.516451001398838372e+01
-6.011463817597230808e+00,-3.759469731372818480e+00
3.125674680694582097e+00,-1.940587548781834260e+00
2.669416555027374627e-01,-1.462565455459129860e+00
9.411857782552532470e+00,4.650026673856464399e+00
8.048724462975567207e+00,1.278459761574783116e+01
4.109984361063390601e+00,3.779044752446536926e+00
1.474367932117371716e+01,-6.002507792552624899e+00
-1.865534906123730607e+01,6.423871347709890767e-01
-3.401588938624411806e+00,-3.985534061723819299e+00
1.298281412221738096e+00,9.030959425957309605e+00
1.057935633893303518e+01,-1.017963722241333180e+01
-1.570101378172516249e+01,8.998938042381958269e+00
1.534896064934365700e+00,-2.688050743438632040e+00
-1.397809464894289455e+01,-9.283485148378652241e+00
1.812415201950023258e+00,1.849588361369024048e+00
-2.725867662591536789e+00,-2.310438054572231170e+00
1.527223666692345816e+01,3.611759622078561716e+00
-6.415714107128803967e+00,3.657877314017564885e+00
1.425528406376522783e+00,-1.049593306481623500e+01
-2.792500677335707948e+00,-1.460634872982233645e+01
1.414810677164094699e+01,5.622957835388731063e+00
1.466534096551939115e+01,-3.590675452383576882e+00
1.142739492129243395e+01,8.388927668747546917e+00
6.074014646429294118e+00,6.128591187200362000e+00
-1.234518062985041631e+01,-1.347625223071652112e+00
-1.174819157295293515e+01,1.053373953360969395e+00
-1.117794660894235825e+01,2.738437476032376416e+00
-1.497899173849179455e+01,5.473509982565706089e+00
3.876476352074688769e+00,-8.013159755874765366e+00
1.656825581964750427e+01,-5.662979384365431024e+00
-4.627236857896047439e+00,3.899921383337835668e+00
4.572410375458508369e+00,1.093985465543919489e+01
4.892607558593388362e+00,-1.107395614587236921e+01
-2.782634787186681891e+00,4.152511776705975599e+00
1.317745872078919156e+01,7.153034610115931891e+00
-4.524324481761571093e+00,-6.940111344817448291e+00
-3.361092688141393392e+00,1.500930530324659884e+01
3.792590898810583422e+00,1.435703817936572690e+01
1.309019487500568957e+00,1.083504122067634157e+01
1.810781136237113742e+01,5.730965945516004467e+00
6.611941454078300140e+00,-3.469093723827654241e+00
8.474106074088881613e+00,-9.515411207938266003e+00
-1.097763987116533357e+01,1.105064425888009616e+01
-8.811894012973860768e+00,1.659534380311758639e+01
8.013888322407169085e+00,-1.139814094452854043e+01
-1.200917186829719441e+01,1.262200823725705590e+01
7.098117345036010661e+00,-6.791540972142601440e+00
6.411949580858435915e+00,1.005396673446105060e+00
9.659318590196413368e+00,8.172705894014834271e+00
-7.365378746742599070e+00,-1.458004759818982876e+01
2.883314878296403982e+00,1.174278472009570251e+01
1.236937688403789082e+01,1.093926691761993020e+01
4.868568047378802888e+00,-2.630900654372970937e+00
-6.485449666813235758e+00,-7.590604248343535865e+00
1.534966627386195448e+01,-7.977285349344094278e+00
-1.379986613987372657e+01,1.426897343171404042e+00
-1.284527191909905941e+00,5.447651888017218447e+00
-1.519983686914646981e+01,7.260687418671432525e+00
5.110317442827744472e+00,-9.262921474668587507e+00
1.312067339824317891e+01,4.143465237961220460e+00
1.748675386420005751e+01,-1.724507562606818034e+00
-1.646636883602658230e+01,-4.977416406696266726e+00
8.151582478103435392e+00,1.432370740384759644e+00
-8.117984213983861608e+00,9.138327505733503386e+00
1.308141132924561489e+01,9.002114757067730011e+00
2.609371520287464552e+00,6.028481417714957047e+00
1.345332958548567959e+01,2.363297657276306030e+00
-1.557687077683368670e+01,1.959065531285820061e+00
-1.691769739212771961e+00,-7.050149545310745225e+00
2.104076744667372711e+00,-8.839855851175322243e+00
-7.715560671277703619e+00,-4.337841692388002102e+00
4.420711729132799306e+00,7.308917557660098652e+00
9.774107677873171696e+00,-1.174749795732379276e+01
-4.673479160910326002e-01,-5.755845787424026305e+00
-8.162501803575782588e+00,3.982351530382085336e+00
-9.342878408086940922e+00,2.598052791849537968e+00
-4.737025427116711818e+00,1.391589290478807861e+01
-1.322950804310355943e+00,1.344818954521384846e+01
2.807821614689285816e+00,8.123880943707524338e+00
-1.029406139138158771e+01,6.750301165201484821e+00
3.128659476046386168e+00,-1.631480169331981500e+01
-4.745691226033715182e+00,9.279722278437912308e+00
-6.405657833732299800e+00,8.709692754145020643e+00
4.324043389160110884e+00,-4.348599584409646113e+00
2.833976977848061907e+00,9.877453828104954425e+00
1.351848127387957232e+00,9.214051823477805922e-03
-2.113089394841235258e+00,-1.120258435168721611e+01
-1.766828159568103240e+00,2.062670488542446279e+00
-4.816741637055652170e+00,-5.185793189703647776e+00
9.950892863930155485e+00,1.062658112131250610e+00
1.345788442387303796e+01,-9.107254286969073576e+00
1.296788216940116456e+01,-5.397920786739347498e+00
-1.567512661216723657e+01,1.532378441360367771e-01
1.695996820561334317e+01,2.860808608399806552e+00
-9.212974448523647553e-01,-1.464240426683609719e+01
-9.301232674775548048e+00,1.182099208598910778e+01
6.637154259851913096e+00,-1.012698155971475877e+01
-1.984318041161288182e+00,9.903837208489063570e+00
1.570083411878568391e+01,-2.098653186153569550e+00
-4.379399078786707200e+00,-1.694041546642090168e+01
1.899475614703498039e+01,-4.463618651686138139e-01
1.166248753215678846e+01,-6.733316394504960556e+00
1.097860554310947201e+01,-4.972849597400746724e+00
1.075488492188377165e+01,-1.354835064438125869e+01
-5.681508780781888035e+00,-2.367940737085045266e-01
-5.766851216683816617e+00,-1.810368545475292024e+01
1.317548509375513044e+00,-5.547448708975807108e+00
-1.344820169383708297e+00,-1.292431470472662447e+01
9.672851966054608397e+00,-1.765035300132825835e+00
-7.450666814668097437e+00,1.218072916692888308e-01
1.110117498766475208e+01,2.409002510266092134e+00
9.667648132691068597e+00,1.372641838842899276e+01
-4.302338157328253310e+00,8.609928654759299027e-01
5.977481311907737904e+00,-5.120614339787759484e+00
3.215760478793125987e-01,-9.079192934227741318e+00
-6.460500014071548058e+00,-5.800420666771548994e+00
-5.727595825202861590e+00,-1.391148118195919992e+01
1.519994048912448825e+01,-9.839417707216844278e+00
-1.304993778234570101e+01,-4.565585589196582639e+00
4.664915590835773784e+00,6.928120477794165177e-01
-1.737300110729747615e+01,-5.860469962959817813e-01
2.326035189527867697e+00,4.277979173167901550e+00
1.382974054369179306e+01,-1.482642575075553193e+00
1.044753516799092985e+01,1.007894291501746586e+01
-8.955304940851254614e+00,5.578524157718708132e+00
-1.002191561115705953e+00,3.657301884106713530e+00
2.258590223641468775e+00,-7.096445977248079906e+00
1.117930450207464510e+01,4.733006587892334416e+00
1.112890024077344719e+01,-8.425592745828483388e+00
1.259542962023347634e+01,-1.387367770696512714e+01
-1.473786554608759625e+00,-9.801069121449211829e-01
-9.862068772772879299e+00,1.493354205407297641e+01
-1.517486567828106381e+01,-1.872394539803763802e+00
-5.762945627783699010e+00,1.931254069832891940e+00
-2.513332371920313779e+00,6.792194151894135778e+00
3.368426197132043498e+00,-1.014000823620269109e+01
1.680547438849267650e+01,-3.697470437930836962e+00
-1.037647270941450195e+01,-9.247211506697109229e+00
3.104161473982284924e+00,-1.075846026624791146e-01
1.021352516083316786e+01,1.543949078256811269e+01
4.631288302781738864e+00,1.270488840979757938e+01
2.952329950412851733e+00,-1.860118230163353203e+01
-6.597222770354899346e+00,6.949889547088472952e+00
4.337580985084570351e+00,5.555308686382775640e+00
1.131048041701790829e+01,-2.248809579111007706e-01
6.766526188831779365e+00,-1.399544005834556692e+01
-2.535937566030693979e+00,4.836706608940637420e-01
1.501118173526524302e+01,1.455421304823328432e+00
