7.267635316235665499e+00,-1.243755285263930865e+01
-1.067783853549682505e+01,1.568181720544922797e+01
1.011202910269271626e+01,1.315865273200124008e+01
-2.281917169021184577e+00,-1.050351919307807513e+01
-5.570721292794423185e+00,1.142152088907832130e+01
9.483650019148175403e+00,-9.377518168886695094e+00
5.106022397671971191e+00,1.070647859250781053e+01
-5.789986239591319084e+00,-4.951786291355649183e+00
-2.523474665900352409e+00,-2.949847304210358345e+00
1.499481840107605635e+01,-5.226589894722161844e+00
1.813648838572444077e+01,-4.908533865637489058e+00
-6.415972678015936737e+00,-6.636882050629195895e+00
-1.256989487507003034e+01,1.164958422760743417e+01
-1.093402580494572085e+01,2.503414343072781101e+00
9.464609885935011846e+00,3.459513879091735133e-01
-1.478484062325138737e+01,-1.312186852956918726e+00
9.156187853484075712e-01,-4.422920767257291885e+00
-2.694012431530862894e+00,-1.755214850764927093e+01
-5.097693120514813714e+00,6.350123248500136874e+00
1.346933440947911897e+01,3.874238222567208290e+00
-1.013594477454337550e+01,4.138467203314431409e+00
6.850971254919119957e+00,-2.145947045594009506e+00
-1.314389859057092913e+01,-9.053838197549753275e+00
1.126497778092510282e+00,6.945930958299781466e+00
-5.233200062363346561e+00,-8.053381544623480437e+00
-8.739894487366299813e+00,-1.465648260145336473e-02
2.941744132896431108e-01,-9.603654526412590542e+00
-1.042791980326443024e+01,-5.660708658076304411e-01
1.687550441344485819e+01,-1.450931064164105111e+00
5.678200207342275485e-01,-7.834548401768462789e+00
1.506634537649303773e+01,-2.514946706545689192e+00
-3.238420031858534998e+00,-1.342980317692997438e+01
4.907618974174685178e+00,1.627395129487896952e+01
6.435492897275771007e+00,-3.922191886707129704e+00
-1.393367515945474588e+00,-8.975446336410110248e+00
-5.082206527291130982e+00,1.676625424672265297e+01
-5.176338797156746274e+00,3.022782023230895287e+00
-6.531818677034053167e+00,7.913200778167702509e+00
-4.656976620278683865e-01,1.605695433276322959e+01
-5.928097945370017996e+00,9.560530165919814749e+00
1.132032607288776660e+01,-8.891774076723002906e+00
1.690957400072295558e+00,-1.394507667102995896e+01
1.665676815084182039e+01,-3.264286611164315843e+00
1.013772231625006626e+01,-3.512472731049057995e+00
-3.711880184288973705e+00,-1.165009241396801620e+01
-1.427283118014622154e+01,5.827195625197361117e+00
1.193240305679772639e+01,-4.409065024792719889e+00
-7.021028715847732471e-01,-1.387265136544446165e+01
8.446848457280156097e+00,-2.881481371970750160e+00
-1.582149121349108434e+01,2.139927920005034512e+00
-3.833084455756343267e+00,-4.220907388826991458e+00
8.221905844963471877e-01,5.149522111738553676e+00
-6.125957007761074991e+00,-1.467837362509991905e+01
-1.351496659123428223e+01,9.951981314963322944e+00
-1.900942761511829948e+00,-1.053469709899115481e+00
7.473806031275245232e+00,8.647353087629259250e+00
6.056305650041510447e+00,3.830941188162198863e+00
-7.054883564566986065e-01,-3.025775186984055676e+00
-1.195363817275543639e+01,5.076198993997965481e+00
6.318118430243309547e+00,5.580189826782628870e+00
2.721675768818579755e+00,5.019626326994632848e+00
8.227581221519256971e+00,1.034700982931330415e+01
-9.743624088653525916e+00,-1.272783044076547299e+01
-1.631558427073847284e+01,-5.028167571383857393e+00
-6.388677465242287301e-01,6.768010491672373341e+00
1.285150539453744223e+01,5.587738411506763647e+00
-6.258204512339923475e+00,-1.792627142676737506e+01
1.433644420336267089e+01,-1.147649586253072940e+01
8.727673942647331984e+00,-1.124919072466339642e+01
3.063634678408180267e+00,-1.796335696550084648e+01
1.800915362110350637e+00,3.485228356950577311e+00
9.547889509594723378e+00,9.159529687030898870e+00
4.101326636435337569e+00,7.435992011115447609e-01
-1.448347709397521399e+01,-5.342586598706954071e+00
-9.246325806430746752e+00,1.678374615636570422e+00
1.231719589076329591e+01,-2.651578529585741695e+00
1.313346466200164286e+01,8.568837974366029897e+00
3.763388290795117275e+00,-1.088230664345694798e+01
-6.679894149200550579e+00,-3.339631633193298477e+00
-5.568617768192072326e+00,-1.116151531702702426e+00
-9.831877054924214931e+00,1.167735974218726369e+01
-3.689823948104627771e+00,1.403247774282450600e+01
-5.236276250197207993e+00,1.318698910152157566e+01
1.306383391648866299e+00,1.547377991283094367e+01
1.074159330867093409e+01,-1.066076100588598941e+01
1.132043107061032572e+01,2.770910787019358335e-01
4.128103723428968586e+00,3.966920087492302294e+00
1.094675431275572031e+01,3.587764857722581802e+00
3.008897272468728179e+00,6.848394045714371714e+00
1.690500438655890614e+00,-8.886446014468462051e-01
-1.099030175475969351e+01,-6.457870640834047826e+00
3.268600094273935941e+00,1.265661648140947904e+01
-1.364010689413892763e+01,-1.266062255483226373e+01
1.855091215815816597e+01,-6.043903495235286583e-01
1.689430742068376290e+00,1.361674694079881576e+01
-1.255372161478232407e+01,-7.355321671957242735e+00
9.251314145866571081e+00,7.287046690406442373e+00
-6.880814348734213048e+00,2.582068651415295513e+00
3.481288636078084586e+00,-9.067084193934927816e-01
-1.181569963989004712e+00,4.959721863192325664e+00
5.473994248534484797e+00,7.235878921459705460e+00
1.034213086619111621e+01,1.911743765573219012e+00
2.227321356932525198e+00,8.435741142374416413e+00
-8.524756291651646833e+00,-3.598586961785667171e+00
-4.432745177030093409e+00,-6.256609386498909409e+00
5.389417962545441476e+00,-1.784984143219538666e+01
7.976571583315879899e+00,-8.089606590157977228e-01
9.115970497133201178e+00,3.637506210572174936e+00
1.623115276516887917e+00,-6.148542307703142917e+00
-6.944461818767914352e+00,1.383595368700720307e+01
6.492965153977245052e+00,1.428356702169324244e+01
8.073118937242471205e+00,5.220696472696975121e+00
-1.156798949090804918e+01,8.701218452199257491e-01
-1.659903638816714766e+00,2.652455686000403379e+00
-1.604548098882683860e+01,5.943977710616057841e+00
-1.743163146258655516e+01,-1.758166458698670276e+00
-5.016619483842922556e+00,-1.324019640460684677e+01
-4.961343772930800533e+00,-2.845616906048776595e+00
-5.442635712846607271e-02,-1.388260120117606800e+00
-5.656573103746672437e+00,1.322592012120224814e+00
1.661781489768840103e+01,-5.980832940682252463e+00
6.753235866318371805e+00,1.140553441036361804e+01
4.819096824690749514e+00,-7.250189821656054079e+00
1.522129226477378161e+01,-5.125456508762505914e-01
-4.036942529666029067e+00,-1.504223067676350567e+01
-1.355013140201402777e+01,4.161077364893905006e+00
3.430547719451114475e+00,-6.127194738138164176e+00
-9.702062653518254365e+00,-2.253697958589980566e+00
-1.022675236132610799e+01,9.211187498011886632e+00
-8.973213312088333282e+00,-6.935416562774506133e+00
1.254733588118598142e+01,-1.104011776377392273e+01
-1.114092670929692908e+01,-4.663104856921592045e+00
8.565046218484905438e+00,1.564388965266151210e+01
-1.199941970821419401e+00,-4.717546503863506047e+00
-2.370970081112707462e+00,-1.572270922871817334e+01
-1.044080964451322835e+01,7.293117594350612798e+00
8.844268470098247903e+00,-1.344084434812583062e+01
2.412147259196830706e+00,-1.631107763233593388e+01
4.207134808845338081e-01,-1.525648418660369821e+01
9.613797092351163087e+00,-1.632224586027955482e+01
-1.769322852958572767e+01,6.916923369763904539e+00
-2.771497476224361822e+00,-5.662368544262472270e+00
-9.586468790485084268e-01,9.228804247404351457e+00
-9.398620543718639198e+00,-5.179273680311209382e+00
5.952156454964348420e+00,4.682537800845005260e-01
-1.534240163349466890e+01,-6.998724121835383727e+00
8.129700540107674955e-01,1.954750419778303883e+00
-7.605563273941545965e+00,-5.245642616005097736e+00
-2.076448929112041153e+00,7.796532632692783515e+00
-7.795605091251384344e+00,-1.783310442415457997e+00
-1.779982247762231795e+00,-7.169198482985725818e+00
1.360417953147499048e+01,-1.442212442765599789e+00
6.056810077492272626e+00,-9.394451876637608834e+00
-9.267825175221225953e-01,1.001833978036107409e+00
8.322539635635779476e+00,-6.948115294529457309e+00
-8.505477813305382995e+00,3.349037926931174525e+00
-6.772022138141690739e+00,-1.273284646055907920e+01
1.689420069982124772e+01,5.216346379783646015e+00
1.134450249169037583e+01,9.135225951355131713e+00
2.064951740460734264e+00,1.131941115795605768e+01
-1.219517259813228982e+01,6.831936411672604237e+00
-5.353882314902499218e+00,-1.635253893282904158e+01
2.790186937211355467e+00,-4.451523967927888847e+00
-2.657755505311395261e+00,6.931985124640002160e-01
2.361139362810990683e+00,-7.757607902284294532e+00
1.502902161373346956e+01,-7.790225365395496482e+00
-9.708727098324878568e+00,-1.074188493502995279e+01
8.932390905287549643e+00,-5.296407617106027921e+00
-2.215888071377893342e-01,-6.243920962839771605e+00
1.635125440457927581e+01,6.908275194238863826e+00
-2.217608413343790996e+00,1.553230248844557870e+01
9.985080200115591609e+00,-7.636278897751114236e+00
-9.139557388749322442e+00,1.665418762673112596e+01
-3.527878515835660700e+00,2.259675697623986679e+00
-9.863720325725344296e+00,1.403764221817581692e+01
-6.631817734312740464e-01,1.428710909372427729e+01
1.880147049957890104e+01,-2.411355416113366346e+00
-1.712831232988131447e+01,-6.673103466969472208e+00
1.357099216833135502e+00,-1.102390506034173789e+01
2.421633212616378372e-01,1.131726640279763707e+01
9.702774981655363007e+00,-1.509954025454282478e+00
-7.355268546864228263e+00,1.151338965414557514e+01
-1.132107910640463366e+01,1.293529306643501009e+01
-7.756691942093210668e-02,3.571881256956419559e+00
4.922144347454824320e+00,2.359065766957316512e+00
-7.019125244781711181e+00,6.144545638609572258e+00
-3.824443529216665194e+00,-9.546183778910952711e+00
3.200152156625076127e+00,9.932737276259034687e+00
1.669559277837892708e+01,5.911598780132032438e-01
-2.755634639218700332e+00,6.039449667296773683e+00
8.275600288741832955e+00,1.386417856256040260e+01
-1.824661886005621270e+01,-5.225868372711148346e+00
-3.149826482316575582e+00,9.260935336768131521e+00
3.104035887405416361e+00,-2.705705902356677406e+00
5.215972762640579852e+00,-1.252474290208757335e+00
-1.210888148163463818e+01,-1.252074034057681251e+00
-1.186434046717098667e+01,-1.205735676883483620e+01
2.508431554329237478e+00,-9.515043665999012745e+00
-4.398456280933013218e+00,4.604558889348971285e+00
1.042962179700883318e+01,-1.251493875458492155e+01
6.694978491295242584e+00,1.608320343982034828e+01
-3.880864691297860603e+00,7.650918589350928833e+00
4.707413729053105733e+00,1.806298123715730952e+01
4.404570438753101946e+00,5.712083393968007350e+00
-5.833175045320019514e+00,-9.770293599674140239e+00
-8.149664298932046691e+00,-1.156221081768477710e+01
1.837622080295181348e+01,1.212336647921819832e+00
6.683520516689355873e+00,2.119140771138197099e+00
-8.405420489938018491e+00,1.502883998717278224e+01
8.552562235470810847e+00,1.924861636531050912e+00
-6.867016850471658884e+00,1.710675066322412619e+01
8.634957505783015463e+00,1.210871440717691527e+01
-5.485279361604602499e+00,-1.149727304168312081e+01
-2.709200832291684069e+00,4.057305920009879330e+00
-1.574978682724952250e+01,-9.870035895090733646e+00
-1.523135513288046106e+01,-3.101621597422991705e+00
-1.757896878822575504e+00,-1.243154030396903131e+01
-3.686599424683540960e+00,-1.500223368128558166e+00
4.011639142779856115e+00,8.295111768967089461e+00
1.296575122742782682e+01,-8.152780142434538746e+00
1.175922683553610426e+01,7.139471765581544282e+00
-1.562364877614795056e+01,7.727033346448514806e+00
-1.636020228855242564e+01,3.968596114369636219e+00
8.999130476420688085e-01,-1.740401393169717181e+01
1.054441698825085716e+01,1.089566213403776374e+01
5.718914463089766365e+00,9.046081122754504378e+00
-1.695488309021548190e+01,-8.547003169139097523e+00
-1.362563066782517218e+01,2.330888052582951619e+00
-1.203989439154619667e+01,8.718729047298925394e+00
1.265630469748487030e+00,-2.631253403807263247e+00
2.595561263485684389e+00,-1.234584728643189244e+01
6.719251048511436508e-01,1.754938159883028703e+01
4.840896473063771133e+00,1.362738582302482726e+01
2.252094243005782204e+00,8.267340802576326197e-01
7.779150898533907288e+00,-8.834137452923014777e+00
-7.547177585642804720e-01,-1.663003887731932551e+01
1.243046119940426486e+01,1.058069719336735837e+01
1.363312591095981041e+01,-6.513947457219400050e+00
-4.915718887715592733e-01,-1.118054727588816988e+01
7.140254752276707251e+00,-5.616416615802801715e+00
-1.354208976313060475e+01,-3.804573196908215937e+00
7.511155295025852219e+00,6.883310490944332116e+00
3.160861631300541763e+00,2.334565898520939875e+00
-4.343851592948166029e+00,1.477183560067903134e-01
4.861704300196044493e+00,-3.080378947041845450e+00
-1.725678865720279376e+01,1.039512977408236560e+00
4.296257232957526817e+00,-8.935969673370925292e+00
6.567163826212931710e+00,-7.380366830406755341e+00
-3.751926139559666584e+00,1.093928035346298344e+01
-3.459395980892912448e+00,-7.732332499642168955e+00
-1.143189598015247732e+01,-2.908003969369772346e+00
-8.502992596252882507e+00,1.290203585349901694e+01
8.343544988458392320e-01,9.622903614737774447e+00
5.173875943986024240e+00,-5.247778234029380151e+00
-6.951278739249735494e+00,6.848666776008302537e-02
-6.180683143668393775e+00,4.549468205726189041e+00
