8.756553701660660494e+00,-1.683488998914747370e+01
1.378557188801871725e+01,-1.439695501519167919e+00
-1.153078355444248437e+01,-5.385864324362581002e+00
-1.372602415143708932e+01,1.252885289010657566e+01
-1.262380346529199038e+01,-9.625765328835459655e+00
-6.295944263404972041e+00,1.790344547710773071e+01
8.608843667418010881e+00,-7.646750457816851920e+00
-9.545764447559660582e+00,1.234007250904429753e+00
1.497854001635712429e+01,1.145507326287328276e+01
9.556737234841492068e+00,-3.549053152720903714e+00
-7.024560710120920426e+00,-5.374053758174884621e+00
9.629509521765916347e+00,-9.419345978843562506e+00
5.048526501128762334e+00,8.817788770111173235e+00
-1.808968331034465082e+00,1.562658970289640159e+01
1.059655576334157168e+01,-5.001969989573782804e+00
1.711464460207108296e+00,7.822034934524379146e+00
1.571116852143899045e+01,1.697038804204285878e+00
1.400459857328257662e+01,-7.078946291589533146e+00
2.867307625523057624e+00,-6.646423727092982681e+00
-4.930930577405292503e+00,1.076863227662414779e+01
4.311425151118798205e+00,-3.746626810569536392e+00
-1.227260707722054356e+01,-1.320383310523640885e+00
-3.626576105959937735e+00,-4.253992571981436654e+00
5.140553030365603959e+00,1.573393575191369465e+01
-1.259999175913009140e+01,-1.421375906225149599e+01
-1.338960900005849997e+00,9.658448175322087437e-01
5.336877125384433818e+00,3.939697260970365544e+00
4.344063975152543833e+00,5.419986129824128973e+00
-7.885891503554230297e+00,-1.726840026761333391e+01
-8.033467103169838808e+00,-3.898311116278390998e+00
-1.439129128455823547e+01,-9.849854254998266612e+00
-7.961026276008138503e+00,1.391179906148516920e+01
-7.529582193254690914e+00,9.033054776934898555e+00
-2.393183012445876834e+00,5.463900335749316106e+00
3.722506794369690120e+00,1.200099886191679310e+01
-6.266796498737255305e+00,1.269317046379290304e+01
-7.554028749889993399e+00,-4.478219038773166294e-01
-1.548969701280534039e+01,8.859477328713611044e+00
5.704966450571041570e+00,-1.580010315172901159e+01
-1.069027834536672117e+01,-8.415857537400913913e+00
4.342406783038724960e+00,1.367145298926215347e+01
3.849593035071170011e+00,-9.396239612189352997e+00
1.730914626750745100e+01,6.071065277397449833e+00
7.760486864212404967e+00,1.344426077679548293e+01
-5.222763724948117137e+00,1.609045534084426166e+01
-1.192803225677190326e+00,1.176718121091078295e+01
-1.016813288794858217e+01,-4.341959132422308354e-01
1.263842327943008215e+01,-9.814137710770152623e+00
1.246824967276359253e+01,-7.959858627960219479e+00
6.352330542850345374e+00,-1.783935176979366588e+01
6.151972922807408928e+00,-2.748947477861964916e+00
-1.414119735285362278e+00,9.994616910965291368e+00
-1.150806152006118310e+01,7.435097863295008214e-01
-8.382159705230080249e+00,6.952645365892770712e+00
-8.782416311569711809e+00,1.569604838184040219e+01
-6.519995100944260713e+00,-1.325248276597814545e+01
1.901338724505246658e+00,2.728734746871108729e+00
7.726941135659990856e+00,-4.511248411384015000e+00
2.835841915999737228e+00,-3.962392104555679806e-01
5.708363228797126432e+00,1.810645536521095167e+01
3.703770070134653203e-01,-4.017873083867616657e+00
1.320904091496158062e+00,1.222070320925034004e+01
1.503729359694791334e+01,3.418392884040112545e+00
1.254718910353839201e+00,-7.411822373487644278e+00
-5.353212572370089184e+00,6.128672131936386158e+00
2.081211983391536346e+00,-4.648887272445911378e+00
-3.165615100618900613e+00,3.882039105398550127e+00
1.726854926966008286e-01,-1.128885177945866758e+01
7.551877713708805118e+00,-1.553884546303544312e+01
1.559879815038167017e+01,-7.856326990709338709e+00
-9.736489544497226589e+00,1.417621198470148691e+01
-8.990644180944824981e+00,-1.091870736542260723e+01
1.348574195432170875e+01,1.050932677196024301e+01
7.012053586346620904e+00,-6.187906694349003089e+00
-1.131302148419042375e+01,2.524604137435500384e+00
-6.352100008650520380e+00,-1.631552024946958213e+01
8.896590918672670156e+00,-5.826459304696568253e+00
6.869080931669882872e+00,9.012346248343218846e+00
-4.378694033800455188e+00,2.554739356833090724e+00
-3.538892608577757670e+00,-9.376616932899251466e+00
1.128789139400777941e+01,9.185861728252123215e-02
-4.505783133032755572e+00,1.353375225131429360e+01
1.090595964548578678e+01,1.470018642875256987e+01
1.132592628721003436e+01,-1.098359222145622383e+01
-1.116975685949243058e+01,-1.535162004429651894e+01
5.102867169374945888e+00,7.007976120355853489e+00
-1.360392496681203234e+01,6.468042432213250592e+00
1.287895645203781081e+00,4.421838153570020191e-01
6.973636214289471447e+00,1.178155125198327369e+01
-1.170070936093619629e+01,6.342193038922778747e+00
4.278695710664554674e+00,-1.697419828539491604e+01
-3.237451386223060723e+00,-2.538078566934945268e+00
-2.385637170137922869e+00,1.390028405853793636e+01
-6.424938984217326343e+00,-1.142188394271006224e+01
3.346788080882117100e+00,-1.303931813801678352e+01
-4.488430180542729575e-01,1.894190325512789386e+01
2.567969350699221831e+00,5.225261360223164786e+00
-7.252865157781026584e-01,-2.586137388061221731e+00
-4.462359575865508354e+00,1.771309025742382914e+01
8.471811496057291890e+00,8.032049262555149838e+00
-1.264298399411581109e+01,1.408288101200854925e+01
1.021694028876839333e+01,-1.498477678927673296e+01
1.933937226032977685e+00,-1.197680480412939552e+01
-6.148774314621535453e+00,-7.045400372504280639e+00
-1.366804221494191651e+01,-4.636018477418937245e+00
8.643148333191833288e+00,-3.544784102318405267e-02
7.958294831214063336e+00,-2.632464575528800754e+00
1.583019499530863250e+01,7.035758429713069972e+00
-1.523106633882262528e+01,-3.535653668971187269e+00
7.711923041964750425e+00,-9.753292463759063224e+00
3.249708438422538759e+00,-1.481151560447996651e+01
-3.763415535982443938e+00,-1.522024415380389328e+01
1.409858574925034347e+01,6.316003225035252910e+00
9.592355143368108017e+00,-1.168810241717276277e+01
1.559886526706033472e+01,-2.072907649004239961e+00
-1.020290791555355803e+01,-6.695268489855921601e+00
-7.311131938535877062e+00,3.521646007850727678e+00
-1.829312120433206701e+01,-5.582225008608304728e-01
-9.564816267156404095e+00,3.037542969064300102e+00
-6.571393734895156769e+00,7.449876498048976892e+00
2.419685281428664680e+00,1.079931024058328859e+01
1.489209145867708628e+01,-5.389455314055830115e+00
1.561077923813975055e+01,5.175128032491818963e+00
-1.293134116090264518e+00,-8.081439530324209253e-01
6.426137095786345732e+00,-1.413716034480705019e+01
-2.569414379304399976e+00,-5.760305180580091111e+00
-1.348502179150955094e+01,8.300362477959128071e+00
1.381976864928562421e+01,-1.270567081747453209e+01
-8.660372889286080067e+00,-1.274194871893643466e+01
-3.499880482974691898e+00,6.846247871305338961e+00
-3.400036659595691013e+00,-1.113506803907837650e+01
-1.966428070795292138e+00,-1.570403317016437228e+01
5.647715260704320173e-01,6.382930042155961381e+00
-1.561311389394065507e+01,-6.441057088385295337e+00
2.970274346860670267e+00,1.642795936097772724e+01
-2.647337582100474318e+00,2.133495249643178049e+00
2.838330759155255567e+00,1.464325697006221283e+01
-8.457025237108240390e+00,-7.030064861006649402e+00
-5.931357214682956291e-01,1.391929294043113252e+01
-1.224508567234438061e+01,-1.147285725569186532e+01
1.221809758524131873e+01,1.333920742524769310e+01
1.273619618206996762e+01,-5.863084776340276250e+00
-1.401423791843688704e+01,1.009843417460027482e+01
7.962579987351518618e+00,1.521810898244940091e+01
-1.385908287006604134e+01,-7.211726723338291123e+00
9.995788515675757324e+00,-1.774872649779522416e+00
1.009599684364360428e+00,4.350527553666763581e+00
7.625699437131988390e+00,-1.278884371123756125e+01
9.219145612806372014e+00,1.637546096905512005e+00
1.739817758536305270e+00,-2.785492874338234337e+00
1.124220549515082268e-01,1.671077104251348544e+01
-1.244672554722412627e+01,3.879000165881528073e+00
3.874618558829209913e+00,1.806035372180709686e+01
-1.625210764707936129e+00,-1.114590847298422993e+01
9.339662259109841713e+00,4.613202490637061892e+00
-1.074776508062621261e+00,-1.728830718761264151e+01
-8.151302622937501852e+00,-2.098992996952262491e+00
1.281221996027069032e+01,5.077674703359785546e+00
3.032649699427568457e+00,1.383868314173540837e+00
-1.069534439531811465e+01,9.405300068394719659e+00
-5.434387592188048899e+00,-4.563260079235790023e+00
1.652346669829829651e+01,-9.379342263877626706e+00
-1.108220255028885148e+01,1.543177357239918734e+01
-1.890040984447738381e+00,-3.926295743088898504e+00
6.806390120472190830e+00,-8.107062872262320141e+00
-1.338574389159214117e+00,-8.771144377537927639e+00
-1.222888695013682891e+01,1.037744200218971891e+01
1.739821320595675402e+01,-7.634411970753177457e+00
6.888334956153962629e+00,7.234549263549559406e+00
3.370933395329864801e-01,1.056011802307573078e+01
-1.394708491370224124e+01,-1.288712501954652190e+01
-3.148502364795879416e+00,1.041726069150269218e+01
7.435256789885146489e+00,1.744158733389416227e+01
1.852272572765732761e+01,-4.230870206534619982e+00
-6.974847825543077029e+00,1.624193743030429005e+01
1.305154227116101495e+01,-4.000514606707997523e+00
5.909707776064474949e+00,-1.227416522748252170e+01
9.571336187981113852e+00,6.374148539917528389e+00
-3.016855239721062176e+00,1.224033830854466665e+01
7.179048969915026390e+00,-1.040779881189134670e+00
1.286516713605826467e+01,3.206888387758150216e+00
-1.052019709529079883e+01,-1.205336334449444458e+01
6.520068563346798740e+00,2.395100933372360963e+00
8.136929889566088647e+00,3.106677489716391793e+00
2.572829418374402710e-01,1.966577050175513763e+00
1.103461719420496756e+01,-1.314895171716180933e+01
-8.036987596524674871e+00,-1.543672443017055862e+01
-1.109459587990072293e+01,1.302038468830813578e+01
1.138417317896398906e+01,-3.417340644295047802e+00
-1.702974208120904009e+01,2.791097151337229132e+00
-8.004647620344533365e+00,1.215284769608838111e+01
6.453578419730176208e+00,6.324646047951307803e-01
-1.107532644273161226e+00,3.200980240548871869e+00
5.055118360402293121e+00,-1.342376195959416041e+00
-3.856531489483105535e+00,-7.499638465801897524e+00
1.101023855526406692e+01,5.267567634633908646e+00
-1.879928734365400445e+01,-2.576507438818781637e+00
9.699313372064587435e-01,1.498559786182297060e+01
1.173461535126827826e+01,1.858445385099203317e+00
-8.877609386031529937e+00,-8.847320116265153800e+00
9.289101141653931748e+00,1.103275361147739098e+01
-1.069749759335381256e+01,4.419080554181495479e+00
5.607808135062921195e+00,1.062486092641719893e+01
-9.986368058762055355e+00,-2.190790118818871424e+00
-8.785841073982510352e+00,4.697217036004373014e+00
-7.180499577434526159e+00,5.613724428528848343e+00
-4.277299631953190406e+00,7.297620356113684315e-01
-1.042329589564323733e+01,-3.925841020207765375e+00
-4.376337669392428076e+00,-1.840683059298714497e+01
4.607053450291930474e+00,4.171458036313575590e-01
-2.864379452984179064e+00,-1.730366302967068748e+01
-4.914288122049480734e+00,8.084950291628091534e+00
1.421709037788126118e+01,-1.094662719082532654e+01
6.667973808494358501e-01,-1.346128812703448974e+00
5.119440609524685826e-01,-9.039819087410934983e+00
3.409014380000665589e+00,-2.084753162405850180e+00
-3.154190542648358520e+00,-6.586068105350969537e-01
-1.696183992045800082e+01,-3.945110960973062131e+00
-2.450368294774198930e-01,-1.404623865119406645e+01
-1.351378921272492661e+01,1.101008676481540549e+00
2.416894103158107932e+00,-1.709332472844302941e+01
-6.674718955713293544e-01,5.026350220469563368e+00
5.904260392143088509e+00,-4.529186018901436128e+00
-1.509058413996446468e+00,1.750938710963509948e+01
1.776320103521668159e+01,-2.635172737489683836e+00
9.628850904563672486e-02,-1.581236559540988296e+01
-3.020847687378551250e+00,8.642849253825753308e+00
5.200225525582370167e+00,-6.136579125249692623e+00
1.437440256220861201e+01,-9.154704997886341289e+00
4.696808644909440389e+00,2.259151305619507610e+00
9.256497560004547154e+00,-1.344297987940223926e+01
-1.732008506317353991e+01,7.713816862412654629e+00
-1.608501781017168497e+01,-8.288647046414117980e+00
1.391782524876961702e+01,8.689121748921213140e+00
-1.061858041595132107e+01,-1.019314069694941161e+01
-1.294556996636723634e+00,6.969195522066052639e+00
1.802022898678050566e+01,-5.994727978306202409e+00
1.040632293762438643e+01,3.061391367084975279e+00
6.139306202961827275e+00,1.424794063261407651e+01
1.267277312870351125e+01,7.396724068775367478e+00
3.465476053393112377e+00,3.651071756556661274e+00
-7.958506340467359497e-01,-5.360431320623492368e+00
-7.790587907587728012e+00,1.393347554092939200e+00
2.302353801662700761e+00,-1.884407682919019678e+01
1.114836964185311352e+01,-6.742096441260647666e+00
-5.218859800144854955e-01,-7.163697905263564536e+00
-4.923140631670335665e+00,-9.367492605698295449e-01
3.291242275230811920e+00,6.896688050271295722e+00
-6.792675457990774213e+00,1.082449569090652197e+01
1.758835599627287039e+01,1.959456800920753583e-01
-1.320917320095679592e+01,-2.876596074245127088e+00
1.724811053855883625e-01,8.703054767556354321e+00
-6.145965872723062162e+00,2.192026411898126970e+00
-5.281755997707586303e+00,-2.766695014047165557e+00
-1.393996387043781837e+01,2.924629522250462799e+00
5.035361050520495318e+00,-7.962902530206407370e+00
