-8.887441419283458544e+00,-9.181377581497274676e+00
-6.308431616659031071e+00,2.623994297545503063e+00
1.378532572568018466e+01,1.804957825413273653e+00
2.232686953566851873e+00,-6.116445972587343516e-02
2.848584644546881428e+00,-3.434217914505850899e+00
-1.212858879317878369e+01,7.209338227635037732e+00
3.856889129156325868e+00,1.823055669463040473e+01
1.380539107486384331e+01,3.606379079442359803e+00
-1.003304325688195675e+01,1.032564099697764171e+01
-1.436514465034134069e+01,2.478827347747797560e+00
5.578823474054873444e+00,-1.400611785689270583e+00
1.071483116788892787e+01,1.084296862461069644e+01
-3.844790063542582459e+00,-1.908491833597827814e+00
6.052491799709556197e+00,-1.044864618013434843e+01
1.684985296343906924e+01,-4.211425811355897331e+00
-2.357229640131684789e+00,2.641447476896020330e+00
3.861955279631586802e+00,-6.484335961611839672e+00
-4.347882480203890232e+00,-1.080009058979264047e+01
8.055851817744740018e+00,-6.735403329103319514e+00
-1.233806295719208102e+01,1.232795699048769045e+01
-2.954009205822166084e+00,9.141851949100062713e-01
4.856586399513775021e+00,-1.176334095855900053e+01
-6.308212101229040414e+00,1.669439877839308650e+01
-1.077509900411089383e+01,-6.437574333939813265e+00
1.228122904878327404e+01,8.007659066569717154e+00
-8.475372067169736345e-01,-1.619171620968502978e+01
9.678686855163132208e+00,-1.222269107567904989e+01
1.352144524781830226e+00,-1.239493301556410998e+01
1.038841257230376591e+01,3.688347414302370453e+00
7.390891550307078228e-01,1.752818253315469121e+01
8.891640913556956960e+00,9.090946263692501361e+00
1.226053440255533822e+01,-2.947283913023200697e+00
6.492729519659727444e+00,1.006737733080387831e-01
-5.131487933169264437e+00,-3.183806057044166860e+00
-7.591773472422339575e-01,-1.439860453172534349e+01
-6.128059491151759630e+00,3.918026451077430417e-01
6.217374625779593877e+00,3.168559338741072207e+00
-3.735450214353238874e+00,-4.294305971729824201e+00
7.751477626421072742e+00,7.610743752182671962e+00
-1.702218799407653549e+01,3.876969374485277342e+00
2.155137144956656314e+00,3.018172612316371239e+00
-6.190610112252605823e-01,-4.943211872615789204e+00
6.628028074799355629e+00,1.170236683067610706e+01
8.150681046639848049e+00,-1.320041626093417442e+01
1.258887019071348945e+01,-9.917765458829466141e+00
6.589099142659715191e+00,-1.226829767190442588e+01
-5.403608389164741510e+00,-1.292857113080394882e+01
7.813255567582937822e+00,1.435843796616124202e+01
1.205333736872397488e+01,4.418280902007039934e+00
-8.637524494734153180e+00,6.791432709659279254e+00
1.728158339919138342e+01,3.988162991033267879e+00
3.927890284512131625e-01,3.119389227510288798e+00
-4.655303601227889221e-01,4.784034724843198028e+00
-1.441290529629916661e-01,1.406542574808555202e+01
1.070136995070969199e+01,-9.100787866150866989e+00
-5.617956704459437844e+00,4.273734234099370255e+00
-2.118022149331630022e+00,6.273723144567582288e+00
-7.995091064862454466e+00,1.534070578168015686e+01
1.552603271817423192e+00,-1.593539344183317752e+01
-1.178570448523091052e+01,1.051205351922725839e+01
6.457805426386037162e+00,-7.565109965559805083e+00
2.996681390165923276e+00,-1.676851707024523019e+00
-1.519643784207295134e+01,4.062975686444512569e+00
-1.536919363214952838e+01,-1.087210955875041130e+01
-1.766925153308770646e+01,-2.956141456664712064e-01
-1.110426839313539915e+01,-4.613280623690699578e+00
-1.389031261787060068e+01,-3.713170555863789968e+00
-8.989410979666216051e+00,5.033730099175993900e+00
5.588077395706616102e+00,-5.967485609598925933e+00
-6.248332547862974984e+00,-1.462850883135658897e+01
2.474569881660196646e+00,8.425745807323748338e+00
-1.737207339111391491e+01,1.524597082779849178e+00
5.188458484240542568e+00,-1.520459765787438577e+01
6.455636424851676214e-01,6.250236183598634199e+00
3.964579729751056991e+00,7.375284035391424631e+00
-8.421470644062100774e+00,-4.936884390886372209e+00
-2.866390692137545937e+00,-9.828576442589536555e+00
1.220292982307783625e+01,-7.949876702510559667e+00
-1.042378146769834046e+01,-2.974699617305306631e+00
-7.464074440796461651e+00,-1.782217794503621056e+00
1.111281869565224767e+01,1.498918212605206435e+01
-1.434647035476903199e+01,8.490565284079115926e+00
2.903026259155347066e+00,1.254293276996565787e+01
-8.017081485604407476e+00,1.721843303045752194e+01
9.140932219558717264e+00,-5.264790066736909857e+00
-1.297783286839818295e+01,-1.400788747808081602e+00
7.211188289019120568e+00,5.916061335935174803e+00
9.639891724338101042e+00,-3.077624385253190931e-01
1.345439813910446869e+00,-1.417035480038827089e+01
1.469659966041317212e+01,9.688891717450919927e+00
1.206891112309421921e+01,2.320234473927858865e+00
-1.589336891537975482e+01,-7.513053211018848598e-01
1.175468056034689113e+01,-1.245552306870264658e+01
-1.217155726918942626e+01,2.948857994768228519e+00
1.002387758873149437e+01,-2.772352848408951687e+00
-5.030541617009550492e+00,1.337826515804813177e+01
-3.959392290777008494e+00,4.984427973492076447e+00
1.074479884084552594e+01,-4.445887768600093715e+00
-1.418584451914168199e+01,-3.974884949830872344e-02
5.334911702736711447e+00,1.048626496478735781e+01
4.476612488161942238e+00,2.897053483661732098e+00
3.213497939910979984e+00,-1.667247072912163830e+01
-1.835563606825948213e+01,-2.004320886114503875e+00
-1.408447587879021690e+00,6.511224084288004532e-02
8.319599092633906068e+00,1.258346467593894502e+01
-1.559846814392242287e+01,1.078860882112264052e+00
1.831230136331691938e+01,8.353140215954981684e-01
-3.289211587241100965e-01,-3.152445474108471313e+00
7.794174563705679404e+00,4.246778158788653279e+00
-5.717992543205335565e+00,-1.476657402854413270e+00
1.521118452524864217e+01,-5.789402834686145916e+00
-7.918042118787211869e+00,1.885628801882370809e+00
-8.661390118592191101e+00,-3.149305102015504509e+00
-4.068399556435563724e+00,9.433307907378852164e+00
-1.729371208766933066e+01,-4.720668206902319142e+00
3.052857596822060593e+00,-1.176357883108301294e+01
-7.057994697192406797e+00,1.305599920726359464e+01
-1.262012034476779831e+01,8.952459189045628207e+00
5.273217788757329494e+00,1.301725700232637628e+01
6.916415534785090635e+00,-2.576585059357971552e+00
-1.909729808726337852e-01,-1.092315958304122425e+01
1.368450401003300065e+01,-6.655278762624217137e+00
-8.178485086360726797e+00,8.773463407124085123e+00
-1.065712309533319768e+01,6.028428604801418622e+00
8.675162202813726964e+00,2.716024479424584914e+00
1.346553204357437750e+00,-2.274339743623171817e+00
-9.505764411747232856e+00,-1.107283372541727751e+01
1.218661911241346374e+01,6.209559272809286767e+00
3.904179376455068073e+00,5.524699217565218312e+00
6.945324034897878640e+00,9.253127073342707121e+00
1.872199869513197257e+01,2.733588163629122825e+00
-1.106830352389597927e+01,1.543740666763322089e+01
-4.051282416867761249e+00,3.235981369260998886e+00
2.769108773535821300e+00,1.440982190132316454e+01
-7.754358372396228383e+00,-1.160898706167396632e+01
-2.236994250234102033e+00,4.492159830127387288e+00
-1.756473965849133734e+00,1.189351789803302317e+01
-1.367057425574371976e+01,1.093404979915941055e+01
-1.121731229640419514e+01,-1.373382669765363939e+00
5.253827560457386525e+00,-3.206242280494375319e+00
-3.014489667768580183e+00,-5.913510275651226777e+00
8.078294394252683475e+00,-1.714041188692882756e+01
-1.978020103796609197e+00,-1.143843713402742601e+01
1.386977189309993541e+01,5.464912121548501922e+00
-2.112769484819108978e+00,-3.477617103766432294e+00
-6.091512457593353247e+00,-1.103252335930350725e+01
1.405486059634532836e+01,7.949179858307419799e+00
1.651330593031851635e+01,9.351252728923755697e+00
3.256128961028871949e+00,1.533872639497628310e+00
1.698210474734120012e+00,4.735224508547795530e+00
-1.299663435338085726e+01,1.346496682812245327e+00
-1.311674857129188076e+01,-1.289294455005058637e+01
1.597364247273971927e+01,-1.039690653928003083e+00
-2.016167755466248934e+00,-1.651857094209108867e+00
-6.981003760041776474e+00,-9.235479681638933513e+00
1.171909179280906210e+00,1.186994326123644505e+01
-7.941612281531887696e+00,-7.578432105994539647e+00
-5.596830397234943355e+00,-4.916189772722028728e+00
4.557994628738931020e+00,-1.352034564313634846e+01
-4.562609390425544476e+00,1.634400811526247566e+01
-4.785670889114731708e+00,1.626785930913214440e+00
-6.221339893262394227e+00,9.526908267893873017e+00
-1.473484275486016415e+01,-2.080889434581619568e+00
2.399576497837702771e+00,6.436816420158555374e+00
-1.126024066517332045e+01,-1.461337893173771363e+01
4.279985591241686649e+00,-4.757030579755264554e+00
5.163656930954877211e+00,1.255522240568758274e+00
1.696650908376150069e+00,-8.727568520544858544e+00
9.336401618516582346e+00,1.537872666758510931e+01
-3.985636751860976545e+00,-1.408021645497878538e+01
1.125359102601610317e+01,-1.451900546120780566e+00
-1.543728653740582146e+01,-4.674594625727304553e+00
-5.715568386477922758e+00,6.053760600604230824e+00
-1.054854935910456604e+01,-8.490889945872437394e+00
-9.151065026875325970e+00,3.178327226667101435e+00
1.029638466594931856e+01,1.778377030154922211e+00
8.040126895890866265e+00,-8.626637594894747352e+00
-2.510848211299843147e+00,1.028401926780164821e+01
2.533307232515639829e+00,-5.201050051685941256e+00
-1.277627922474618494e+01,-7.283904214233985819e+00
-3.451711751370412529e+00,1.261210027313967608e+01
-2.666661392251838514e+00,8.264124445674452701e+00
-6.003269562604088172e+00,1.491072580708531703e+01
1.525706802221406377e+01,6.651399385991256352e+00
-3.898546252650710198e+00,6.870781242587423954e+00
-1.103836534286716464e+01,1.363627998406250263e+01
-2.407604693081781544e-01,1.076049555356330067e+01
-8.382999655639538972e+00,1.120632840129468022e+01
-2.537972208940784680e-01,-1.339094381703119563e+00
5.632598303059496381e+00,6.763312461000418274e+00
-6.099585390553146524e+00,-7.650212068151489575e+00
9.964719578199902061e-01,1.183236411938523691e+00
1.501597987973409687e+01,-9.927380141251592960e+00
-3.528342113819705084e+00,-1.237364345443771896e+01
-7.024940665522169780e+00,-6.042435957516304690e+00
6.933899313588693936e-01,8.470424403796929624e+00
-1.067311067699103333e+01,4.127463518254064212e+00
1.367253009613184034e+01,-9.562382607288869574e-01
-5.544616272487355779e+00,1.168290133072911807e+01
-6.916172053729442659e+00,-3.575423793043460918e+00
-8.279006806961634268e+00,-1.548709964781844484e+01
1.709044403429637882e+01,-6.078177726103026757e+00
-1.854743941927459172e+00,-8.346371702442862528e+00
-1.220436504992527560e+01,-3.137889634560202090e+00
-7.571743710584083686e+00,-1.344860444125032117e+01
1.206356745001478181e+01,1.247887466703065762e+01
-1.118423837459489434e+01,4.930363849881332916e-01
3.993155556307138365e+00,-2.054366168695408723e-01
1.133070826678409304e+00,-4.137283154130916962e+00
1.071883821192280273e+01,9.061943314317881359e+00
1.040698772295167451e+01,5.654552352686653016e+00
-1.033136486634723239e+00,9.155425287310123394e+00
1.023643212569925787e+01,-6.669357475953892944e+00
-1.655701300832591016e+01,-2.491383896997481084e+00
-9.466215412521837180e+00,9.394503582504901695e-01
1.398826970178912887e+01,-8.413608615870158403e+00
8.920035462450341512e+00,1.084355064803444790e+01
1.841066632685789850e+00,1.015307258562616255e+01
1.550780616064632156e+01,4.235999777406727951e+00
-9.184910620888025790e+00,1.387722723594334084e+01
-5.222735583249311198e+00,8.060106946656546256e+00
6.747673358982628322e+00,-4.596169609804490186e+00
1.228115940781438908e+01,-5.526064223129234954e+00
1.157259954160265031e-01,1.581544229442934935e+01
5.189005670251940927e+00,-8.840195832639469842e+00
2.073369810255104362e+00,-6.975803487824198790e+00
-1.617862260540707098e+01,8.512561874376164184e+00
3.699905517545790445e+00,9.827632494622912773e+00
-4.359545504656433756e+00,-1.827452902491946418e-01
-1.116514190545845864e+01,-1.026886872457287403e+01
1.599164414206227569e+00,-1.059272202091855242e+01
-3.704537069323418752e+00,1.479121648754976626e+01
8.172602741692104544e+00,6.665632197446205165e-01
1.359098451813672170e+01,-4.307880358180625535e+00
-7.860194725292134699e+00,1.360492972376032249e-02
-7.468150811247214804e+00,4.126286304546270323e+00
-8.111331599605349219e-01,1.755990236479498812e+00
-7.006993619258555794e-01,7.383648760630828534e+00
-2.510530950712260845e-01,-9.111567344442658367e+00
3.439382242481501706e+00,-8.258004720189591197e+00
-3.675869678972790933e+00,-8.043607833247024885e+00
-4.727314341590287405e+00,-6.475411463191652395e+00
5.604220187045442891e+00,4.919083125005816015e+00
1.130317818283478282e+01,3.393743711734737434e-01
8.427950365605942906e+00,-3.630652194119443621e+00
3.040655630650265007e+00,-1.466390730814541321e+01
3.051884128685842801e-01,-7.346190044380722206e+00
-9.576520376946850988e+00,1.638285190149597526e+01
-5.204393104937311776e+00,-9.168309815719874578e+00
7.904318764416896848e+00,-1.116464331524580800e+00
-1.286245369289139973e+01,-5.235089546141161065e+00
-1.330295702246821810e+00,-6.608749354194862313e+00
1.495867091652439029e+01,4.239189685016388487e-01
5.210356308767707390e+00,8.625143035799215596e+00
-6.974965095592562392e+00,7.497705377214416878e+00
5.966125606310265894e+00,1.464213493395589616e+01
