5.092189862717681592e+00,-1.040638198716153084e+01
4.421631542354312217e+00,-1.382871359355773855e+01
-4.280217536598081018e-01,5.428338856876376184e+00
-4.046913651050009442e+00,-7.491568631831774461e+00
-1.755667413202356864e+00,-3.509256215376718391e+00
1.318767420242667798e+00,4.412442311480208268e+00
-1.689609537926726190e+01,4.535358568074466135e+00
-6.820549296153157748e+00,1.284813296998351451e+00
-2.769248110704490617e+00,-1.504150560110060297e+01
8.902069439630762915e+00,-9.473564670155177225e+00
8.574197309457247229e+00,-6.252079309005831753e+00
-8.475749584810239767e+00,1.140741231338961548e+01
4.733130043714406376e+00,3.333581897682467154e+00
1.142323102160630599e+00,9.805068569280750879e+00
2.724161349005508548e+00,7.885833568126351167e+00
6.807453503087660174e+00,-5.699402267666513922e+00
-1.178634970384394265e+01,6.034369797917858769e+00
4.034405211340581054e+00,1.053031936229255905e+01
7.808645905953394362e+00,7.477444245680389123e+00
-1.108016107236367453e+01,2.557553805976803485e+00
1.157893673462502271e+00,-1.189367155437414603e+01
5.177284025411313273e+00,-8.048836946173794971e+00
-1.555046583116781100e+01,8.445420756716206512e+00
1.498706673942030942e+00,-7.599786313046296371e+00
-9.510753545204890358e+00,3.353719401669264411e+00
-5.067653429308696111e-01,3.629655283271450372e+00
-1.336264914361456135e+01,5.118245787163677285e+00
-1.184569990720780730e+00,-7.132179760705598781e+00
6.356296143058556503e+00,1.717111578826939322e+01
-1.099475197419929451e+01,4.330168355367930211e+00
9.863759761913232893e+00,-4.903638349136376640e+00
9.939837074965378605e-01,2.554701092581058042e+00
-1.088324062750530530e+01,9.567194040114291198e+00
-1.642144025378168726e+00,-1.360868890984866297e+01
1.682621853527280464e+01,-8.318465613124139679e+00
6.907437689709445827e+00,8.363554745034685878e-01
-1.526513176793166338e+01,1.131215712556014807e+01
4.478809000259363238e+00,1.335685293760125525e+01
1.238503927070120447e+01,9.985099451677255544e+00
-1.854120260417913002e+01,-3.831561098345455663e-01
2.784035429522706995e+00,-2.705741684954847237e+00
-1.306085297473259565e+01,1.378345095761836525e+01
4.414444197165122930e+00,-3.559866562800972023e+00
8.122056010317657559e-01,-1.064203958863337185e+00
-1.416395606193180257e+01,7.736633348700228119e-01
3.691424285991443011e+00,5.759784218011529955e-01
7.337448940961423638e+00,1.102397195310122768e+01
8.105624667750250367e+00,4.864028135609776093e+00
5.425796060879225280e+00,1.166834532774086242e+01
4.248485452043898825e+00,-1.584296038436458609e+00
-5.747205324367644863e+00,8.988638521101920631e+00
3.058302953995418516e+00,3.933650705712132822e+00
1.590125564808430925e+00,1.318866995089220850e+01
1.121201676790501445e+01,-3.614225961598803938e+00
1.390573066220044751e+01,-1.008274165055225602e+01
-1.511970611552349686e+00,1.220955362469521432e+01
-4.886665251518354403e+00,5.794891578773336605e+00
6.171389130408828194e+00,-3.948233972591955521e+00
-1.372599703280473626e+01,8.167069195297598228e+00
-7.679049954409005174e+00,-7.240017757067250592e+00
1.029506574251707995e+01,-1.117399580269545822e+01
1.503230273179632315e+00,7.933030823589196645e-01
-3.197411423378841544e+00,1.150685999933917536e+01
-1.340802067253406671e+00,-2.721027438746242422e-01
-5.233449004805040827e-01,8.984390273115884895e+00
4.820339607141286287e+00,1.611991217264034049e+01
1.212819111295538654e+01,-1.023262735102878018e+01
1.535009717540856045e+01,-1.114969998265501161e+01
-4.651819664429787338e+00,6.632076749888320411e-01
1.313488972173635183e+01,-4.331874714591481101e+00
7.289371774508158097e+00,-9.475263047767478186e-01
8.163208524122697041e-01,-1.414969610412709677e+01
1.204222539030687500e+01,1.469556429998630342e+01
1.175024038423577899e+01,8.286465405535592410e+00
2.598764948728357727e+00,-8.879330716225137810e-01
1.165550911069572493e+01,-5.471972380949736703e+00
-4.576953738972802554e+00,-1.498754176607584654e+01
-3.125099065379118857e-01,1.570021431808061685e+01
6.099338553255890361e+00,-1.300453773901578103e+01
-2.817951505951645785e+00,6.904428613595872122e-01
-1.174729912543837607e+01,1.235511106003029447e+01
4.324866625202170134e+00,6.897766180523762003e+00
9.378809443472752250e+00,-3.093950341230577106e+00
9.235618077669697001e+00,6.316209718759762559e+00
-4.825461331553751343e+00,-9.175294933740515191e+00
-1.240555231999447372e+01,-1.333673735737786004e+01
8.143256162490418504e+00,-4.504930020610148134e+00
-1.127033787081188798e+01,1.409374202569029855e+01
-6.741175926578424349e-01,-1.520590809567904600e+01
-1.265004984756935569e+00,-1.176070636484266529e+01
-4.078296997068662222e+00,4.092815988139586025e+00
-1.366212556890217833e+01,3.345508567630900654e+00
-9.327136443736364413e+00,-1.261777968473989153e+00
1.421583868601656064e+01,9.690797444759322588e+00
-8.586597233684678088e+00,1.838657831317225932e+00
-4.301151263627725818e+00,-1.168971382348587662e+00
-3.603957930774186469e+00,2.330462716703120218e+00
1.400494609404114144e+01,7.828967349723790825e+00
-5.573612111227279620e+00,1.171303393282089012e+01
-9.615349295971011401e+00,8.102827480749608569e+00
-1.802413542151729775e+00,1.024303166269485210e+01
-6.098430369202598733e+00,-3.488263612120650614e-01
2.611230057209441568e-01,-1.032946653980887319e+01
1.578286160443225228e+01,5.413393925558621644e-01
-2.321656587446399467e+00,6.064158595775754002e+00
2.661097047580969766e-01,-4.408632313994873542e+00
-1.814620220537853212e+00,2.343706800604437035e+00
-6.930713051057653118e+00,1.298341328589205190e+01
1.059208562995378777e+01,1.060494157038115581e+01
1.859612449252510658e+01,-1.601848389628947711e+00
-3.699792555612576805e+00,-3.748308427491984229e+00
-1.724931951817326592e+01,-7.269396442169035133e+00
1.082191636778670230e+01,-1.434154223383381144e+01
-1.244748008031452713e+01,1.066300003199082980e+01
-1.080584867421414330e+01,-6.094162937995350582e+00
-3.683542422416766993e+00,7.182366726594599626e+00
-1.164997372571047940e+01,-7.695674849520924177e+00
9.519096712213208633e+00,-7.734709452220830173e+00
-6.553572674085907046e+00,-5.865272570169246968e+00
-3.130087060626800088e+00,9.037813856795988698e+00
4.367146494376667576e+00,8.717011819230961578e+00
-1.308192676020878631e+00,-5.219989253420092901e+00
7.805738133903569853e+00,1.504446316893366742e+01
-2.883867525206378346e+00,1.704692590227439197e+01
-5.570872551852523280e+00,-2.397433411480498044e+00
-7.190277153222119466e+00,1.757199446020172218e+01
-6.023612357655301786e+00,-4.118253123040941155e+00
1.268103533443117747e+01,6.619590252488723792e+00
-4.427653575467070723e+00,-5.428924721251039642e+00
-7.886518615292287926e+00,1.473394255367306904e+01
4.593891875405343050e+00,-1.757633158289473840e+01
8.442154212585430528e+00,-1.120549948915672367e+01
4.771945969249869357e+00,5.112729232206706165e+00
1.443141682439820173e+01,2.502844059898628792e+00
-7.314196833036294976e-01,-1.960650230038993636e+00
-1.602523692617524631e+01,-5.621346697303601481e+00
-7.840052225813753495e+00,-4.617416635062668639e+00
-6.001859359799214033e+00,-1.614789272158007805e+01
-9.886696237166470169e+00,5.127065094071424634e-01
1.435174214023863115e+01,-2.792926747820558386e+00
-1.101182460738398206e+01,-1.118491135370224043e+01
2.709496920657333163e+00,2.150958796071198886e+00
-4.442184300065704861e+00,-1.183801533860755661e+01
6.804697034320045468e+00,1.292690830243572719e+01
-1.358307195879041629e+01,-3.485511494501536411e+00
5.923605940452268293e+00,-2.129994427568451698e+00
9.643575058136551803e+00,8.087425822908945960e+00
-1.059513188296387654e+01,-2.577192258414088943e+00
-1.027231611119460553e+01,1.137292042396476255e+01
-1.261055161729144913e+01,-5.470716403499036318e+00
2.849632064534916243e+00,-1.138576497826118050e+01
6.870714798736301532e+00,-7.537027865629277734e+00
8.369670454222349676e+00,3.006199380218822270e+00
-4.506036918912644573e+00,1.028245078732191864e+01
6.688643950532339844e+00,9.348688907312821428e+00
1.257061770026977943e+00,6.234667378419576522e+00
1.729365515523071295e+01,1.562107315886121173e+00
4.958026817461019808e-01,-1.654178610819335660e+01
-8.366281176195016656e+00,6.851765641131429163e+00
1.563241972813301928e+01,-4.114894866556169539e+00
9.766597389158070186e+00,1.628295148077835819e+01
-2.931032365699630104e-01,1.325492332880941371e+00
-2.471786203299847440e+00,-8.348413704610337049e+00
1.746795849517669907e+01,-3.103759999968322081e+00
1.812086380057392088e+00,1.144478550872780609e+01
-1.160559202693362657e+01,8.631487110322260126e-01
-8.610887702155556767e+00,-3.007422811381427863e+00
-5.824905470657918194e+00,-1.067397354086095795e+01
-4.091032271109278362e+00,1.837336452879801740e+01
5.126761804948255730e+00,1.624093526804313736e+00
1.236515709027198540e+01,4.893066539609419507e+00
-1.757902741822108794e+01,-4.576366474037694587e+00
5.919616575192811148e+00,7.758882081725772650e+00
1.394010286823237443e+01,7.562170229722982029e-01
-6.425124797799838028e+00,7.258962476847235834e+00
1.716779674114194876e+01,6.163322622296372622e+00
3.591923697973000151e-01,1.899617936024064235e+01
-8.778057225181990830e+00,1.665154919641497955e+01
-4.378814832274619206e+00,-1.737812642219089909e+01
-2.500346452004894804e+00,-1.627675198139420853e+00
-5.875851553471398425e+00,-7.503501559864560022e+00
-8.773788327623469385e+00,5.072637908843252497e+00
-7.972438406858031179e+00,-1.445679814686382236e-01
9.145322371614305723e+00,-1.353890286287574085e+01
3.696827898051123995e+00,-9.199532900946001845e+00
-7.250328377603389107e+00,-1.837605337073965783e+00
-6.106715056047491430e-01,1.390347360197316462e+01
-1.507507117807082331e+01,4.567963030162431437e+00
6.394333313132464447e+00,4.432691527131930265e+00
-1.242793446165697446e+01,-2.001851543009736556e+00
3.776718890859775413e-01,-6.212910845883031108e+00
7.095918497030949901e+00,-1.760133897885105725e+01
5.779070156903195254e+00,1.456574123106068441e+01
-7.163048331880911945e+00,-1.212562984541398414e+01
-1.868858135091592487e+00,7.787352823698594939e+00
-8.528309935833446431e+00,-8.832819218925125782e+00
-6.793586661183351083e+00,-9.118800361874262350e+00
8.159373624964091576e+00,1.713961146776551558e+01
9.834715169682294089e+00,1.245063911957327996e+01
-1.457241242875430665e+01,6.438401866072369195e+00
-1.567032259688520313e+01,-3.693602015490736190e-01
-7.804926188147089050e+00,8.553240032749405586e+00
-1.728241051923495064e+01,7.777353351586362429e+00
-5.918046574319114406e+00,4.081507004361681012e+00
-1.750551659367383195e+01,-2.077889234062259671e+00
-5.934427824716572708e+00,1.450685351547600277e+01
-1.384977500505837789e+01,-7.150546890546702450e+00
2.958199964476395660e+00,5.719784202901490033e+00
-2.818045962800113546e+00,-6.204652063537102968e+00
-4.412839245037806002e+00,1.350971295972244235e+01
1.022719891606340425e+01,2.177208655409136551e+00
2.532408721672973151e+00,1.482513635940496677e+01
6.570391057696427062e+00,2.628006289739050594e+00
-3.032459319443467916e+00,-1.857475181980166568e+01
3.059136520232951462e+00,1.655065163650560578e+01
1.455302630403557274e+01,6.085504482253940139e+00
-3.493103682839972191e+00,-1.031778499838783958e+01
7.597413495902376468e+00,-2.703067688440461414e+00
1.247806153626620151e+01,1.790339680857533144e+00
-9.784905828452103993e-01,-1.768473070679684156e+01
-1.407563652477755589e+01,9.918432633009718558e+00
2.442275110938429972e+00,-1.340499694636613981e+01
-1.531972205399575904e+00,-9.930004319894642606e+00
1.105312003761030226e+01,5.733007830483205503e-01
-1.148849967340614953e+01,7.879386244552411434e+00
9.342499583509471517e-01,7.958472765351681133e+00
-9.247408567610719388e+00,-1.071006852828898559e+01
5.422198921608790023e+00,-1.706084614721280479e-01
3.371180691170240884e+00,-5.650813372548529223e+00
2.772878867336506570e+00,-1.514158631320119319e+01
1.003857104717756021e+00,-2.817044372033951305e+00
2.147559163644892521e+00,-4.396428482045725339e+00
9.784578911147795210e+00,-6.972958713708690137e-01
-1.202820604827902345e-01,1.112852655697294857e+01
1.448086956418662474e+01,-8.312830372849763449e+00
6.596711316675611947e+00,-9.306130381993446221e+00
1.407835636847364036e+01,4.309745206448523547e+00
-9.670851004740077528e+00,-4.759260580781575989e+00
-7.012658314072698573e+00,5.463848937794471006e+00
-5.428732644779874050e+00,2.364590440376411973e+00
-9.384541706445373443e-02,-8.525946081700597645e+00
9.895267242492506554e+00,3.981721137266407418e+00
-1.524532500178520777e+01,-1.081872635222290135e+01
-7.680507660904686063e+00,3.567890394976904300e+00
-1.140085648973760080e+01,-4.194673860629254847e+00
-2.553465036693962631e+00,-1.682411404941984401e+01
3.525856127677101437e+00,-7.425389551028097834e+00
-1.355981222132074393e+01,1.202384743751373897e+01
-5.892159086239287191e+00,1.634869750139650435e+01
-2.318768644890846442e+00,4.227662379388783087e+00
-7.153948500078860739e+00,1.023247885707774607e+01
1.544706947768069938e+01,-1.227126523370019262e+00
-1.416835929071045364e+01,-1.479944476012864829e+00
1.957632264791744126e+00,-9.797517844413295762e+00
-1.103985500260632158e+01,-8.522699341797801420e-01
8.508830558512476827e+00,9.490673520420582321e+00
