3.928569502980628236e+00,-8.348240957745654001e+00
-2.439890370983651025e+00,1.881260955373071297e+01
-1.256514501513687065e+01,1.425155050690234759e+01
7.854708249001713938e+00,-1.604534176587061367e+01
3.536052259464431913e+00,-1.374238418027054820e+01
-7.975829833642614553e+00,-8.363334238658262976e+00
1.327165897980804532e+00,-1.228633524845540670e+01
2.989401400450684587e+00,9.808115334555328246e+00
1.529907982598651550e+01,8.158232191451558535e+00
-6.891222239629395396e+00,-9.759543347078411202e+00
-2.626254006589837792e-02,5.421591720467007214e+00
-5.005985786255006786e+00,1.310987600095009320e+01
-6.602356009995834718e+00,-3.831483798977665778e+00
7.499445144697321375e+00,1.235295930190031832e+01
-1.123666343423943736e+01,-1.502056512710428748e+01
-7.068589281444802808e+00,-1.202103280246294048e+01
9.448445926222031943e+00,-1.529262616246528772e+01
-1.075915814000695914e+00,2.052992416030298806e+00
-1.740381365995107510e+00,-3.183331286047138331e+00
-1.375479219304393830e+01,-5.042494048749258440e+00
-5.296378084362949323e+00,-2.548822546381240617e+00
8.595378968742984682e+00,1.042530889021410623e+01
5.412564001762773636e+00,-8.351919925284578827e-01
-7.803439128153681459e+00,3.175800378983877348e+00
-8.257934231846970619e-01,1.154397836223310136e+01
6.747398133899453754e+00,-2.123180024719727665e+00
1.475017026621427974e+01,1.555885692535120768e+00
6.299211429585187538e-01,1.033605992962972309e+01
-3.042926873187654646e+00,6.742085312132209296e+00
-9.837940645770627768e+00,-5.206338223808160137e-01
2.170941610681510703e+00,-1.930927844273239824e+00
1.051354909798676474e+01,9.310401136165751268e+00
-6.016801454427842089e+00,-5.755773158273097323e+00
1.639062893382673280e+01,3.514074486779908746e+00
-1.114522084881457431e+01,1.304741996963658668e+00
-1.749172636475607945e+01,7.377211945602703658e+00
1.410030504667482631e+01,5.216075288688764466e+00
-1.712422233252110004e+01,2.209745886849546537e+00
-4.689361060651445201e-01,-4.687699811285262363e+00
-1.323324774285840055e+00,-1.435275054306790921e+00
-5.858800981750749592e+00,1.989366147298731846e+00
-1.390314403289947975e+01,1.291591688983172936e+01
-1.293812248496689499e+01,1.404165329129610784e+00
2.645174802119578672e+00,-1.527687690592651570e+01
9.527492509287100120e+00,4.752792553701372213e+00
1.297753969631633630e+01,1.402358831740328604e+00
8.952387519765906410e-01,3.765922900182027355e+00
-9.107156004309748809e+00,1.299260804199638564e+01
-1.052009383835176060e+01,-2.350514874619581640e+00
1.046870118330114607e+01,2.095671240789076073e+00
7.155731532262529448e+00,3.231079354345800958e+00
6.352806140408485014e+00,-3.880920266112390937e+00
-1.515133248126303833e+01,-7.628817529488690852e+00
-8.889842220751532409e+00,4.615710776263900250e+00
9.903100383580156318e+00,6.529368293744423291e+00
1.927297412591073567e+00,-1.303251218107778497e-01
1.149682962659155727e+01,-3.314140333853924147e+00
1.051871640351967230e+01,-7.411399028275195811e+00
-1.438895921540932044e+01,3.374404204007184216e-01
-1.200414941339354336e+01,-4.598463465298088693e+00
4.983803056239797691e+00,9.074906355586115358e-01
-2.639526408951470282e-01,-1.501840664642367607e+01
-1.263880100297874520e+01,4.950470755615819840e+00
1.800289073653956962e+01,-6.039229031101127632e+00
5.189206788161062178e+00,-1.461072926348373180e+01
-2.959128187626268502e+00,-7.308338534289364752e+00
-1.379843720998662704e+01,1.031197604942637724e+01
-4.886648644878450298e+00,-4.389161661581898244e+00
1.361641950059074802e+01,7.411371671739746425e+00
-1.968402006385552017e-01,-1.070827567692297144e+01
8.818933322499059813e+00,-1.097585150779741348e+01
6.068309493389431708e+00,-5.687603530083881864e+00
2.419772908330083183e+00,4.698574119878943023e+00
-2.705776132289598568e+00,3.603376941859999238e+00
-7.566846268874892090e+00,-6.639843240112257128e+00
1.215885074791974496e+00,1.203541171244481944e+01
3.396246130936122043e+00,-3.320939866990344935e+00
-9.821174134428195757e+00,-1.626289868135078009e+01
-8.787196364955857320e+00,-1.945805184096714102e+00
1.924074816977054514e+00,2.329723433859580251e+00
-5.385374755633421273e+00,4.169589958093102844e+00
-1.194041527887893039e+01,-8.357750663338279651e+00
-8.990967295851081786e+00,6.474914936891884132e+00
1.245541297610761866e+01,-4.803088210968615712e+00
-2.880775552149758223e+00,1.662582485988170822e+00
1.861936944212743228e+01,-2.737080806743743544e+00
1.090528441804642767e+01,-5.682500012652814014e+00
2.966101282232090242e+00,7.950817531382528003e+00
8.978287401056389783e+00,-6.306899258580155987e+00
5.652944315880524151e+00,-1.278143341234954811e+01
-1.156662740301094416e+01,-8.638834209412846743e-01
1.138676506190789617e+01,4.999363333229820405e-01
1.600999409133316931e+01,-8.732071858733483793e+00
1.782955377657644835e-01,-1.676219614115106182e+01
-1.363227297462062282e+01,-1.314379451215342609e+00
1.277858528841227681e+01,4.001631057291681337e+00
2.087788586962583182e+00,6.426066811049237160e+00
7.724796804522856775e+00,5.015744663348729482e+00
-3.319138792111679948e+00,-9.026182118426989476e+00
-4.580867682241010819e+00,7.652649725878940323e+00
7.354137038047785957e+00,-7.029069979401471713e+00
4.228558153741064807e+00,4.727868408510453868e+00
-9.691092180079294849e+00,3.054249826275890811e+00
-1.193146844720841315e+01,3.029747942196111765e+00
3.955581170388302592e+00,-1.184281688501168439e+01
-5.513366082939930912e+00,-1.111398934877007250e+01
-4.271022863481500842e+00,2.750665707327895948e+00
7.719739822491802350e-01,-7.212598620356462042e+00
8.215336938616394136e+00,-3.223416263951746075e+00
-9.379066777681595468e+00,1.224182042654329505e+00
5.912582006133442647e+00,6.429405333958837510e+00
-1.087240254972375730e+01,4.438811099671345239e+00
-1.541410257378598914e+01,-1.337786713953748929e+00
-7.601720845970394436e+00,1.393283335329389860e+00
-3.934507024622804217e+00,1.551878302137703436e+01
1.123063306928183636e+01,-1.529755824003442655e+01
6.655704006285202645e+00,1.525160141706811689e+00
-8.053243786910982749e+00,-4.899145925369665200e+00
-4.184073118547614101e+00,-1.175859172983703349e+00
1.887033792283084654e+00,-1.809667959922826697e+01
4.361221433090183841e-01,7.183813083704435165e+00
1.581938428710634348e+01,-5.252322922745649159e+00
-4.437756644416525731e+00,8.251050192489914892e-01
5.026755987244750479e+00,-2.658888700344302691e+00
-1.009841270388323720e+00,-1.838667225137378125e+01
1.968142207415539691e-01,-8.876926181970775431e+00
8.313852970702415135e+00,8.645718504030115881e+00
5.297472964863296774e+00,2.703433874116854430e+00
-1.336062624224325823e+01,8.470273778084715488e+00
-3.440317107769827576e+00,9.062065077632954768e+00
-1.333480913529801271e+01,-7.184762068145273517e+00
1.323176548629068705e+01,-1.382813799882148809e+00
9.845384596659787491e+00,-9.132315953507063711e+00
6.863367790944702840e+00,-9.153581178164884591e+00
5.190043693936459590e+00,-9.918682350713348583e+00
4.950106150702638708e+00,-1.637806436065664428e+01
1.647636102847568296e+01,-6.942316661580480108e+00
-5.284373098895565946e+00,1.665876897880493956e+01
-9.745624568041227898e-01,-7.516998377594551251e+00
-3.102397660995825035e+00,1.192372725650741927e+01
6.197444054180457407e+00,1.116024163947273173e+01
-1.831779058513196334e+00,-5.880923583120552856e+00
-1.417160689692880382e+01,6.250161844538724587e+00
9.051297093524739878e+00,9.086048511986679621e-01
-1.033236285282120903e+01,-1.154818640853687306e+01
-1.208907046175062483e+01,-1.225597732425291397e+01
-9.764341607418749902e+00,-6.060728359996561565e+00
-1.534804229166853595e+01,1.115815466527795508e+01
-1.077337530470362204e+01,6.274567592591760778e+00
2.854041601491335456e+00,1.288113616394149474e+01
-1.998851845962254403e+00,-1.531706842059371709e+01
-8.118925807291860863e+00,-1.690377001477395069e+01
4.593641030278864612e+00,1.334581675154888813e+01
-3.121951607071192125e+00,-1.825060671621339736e+01
4.669548207874141710e+00,-4.565522326668779662e+00
-5.316552469839702866e+00,5.967978907366605412e+00
-1.171194782265782131e+01,-6.350922894094995108e+00
1.692668680235269818e+01,1.800394717668099887e+00
7.081715920285223120e+00,-2.392230242549994723e-01
-1.610086566415544596e+01,3.844791253926871821e+00
-1.394444239279322151e+00,7.528816046826920072e+00
9.990614887982216530e+00,-5.886300450876863488e-01
-2.691542769665546508e+00,1.700459650391895394e+01
7.611206888247099123e+00,-1.246623812129661246e+01
-4.263664794757030307e+00,-6.077800912459445648e+00
3.238952980318331676e+00,-1.694398036113773998e+01
4.821447038094523130e+00,9.932341275469681818e+00
-1.135201785079799208e+01,8.370060521704552059e+00
-9.018259133254307613e+00,1.509794024901850484e+01
1.376183132008522136e+01,-1.026389718202182344e+01
-7.154285254628875101e+00,6.615235165593214006e+00
-3.541023362899170746e+00,-1.277471865804817419e+01
3.582125677955841248e+00,-7.668740686042981869e-01
-7.002881920741510058e+00,-2.080505280828149672e+00
-1.020553011338461857e+01,9.752743318889965707e+00
7.686410601562810641e+00,-1.426961464296064008e+01
8.925644348312852472e+00,3.007160409677502866e+00
6.646747127276250389e+00,8.087357250563243838e+00
9.656810206034684541e+00,-4.371543831872359398e+00
-1.270132006305554784e+00,-1.212721172133829839e+01
3.709763845253027270e+00,1.494249996268127312e+01
6.021125838280132037e+00,4.601395139476479379e+00
2.100828451188750279e+00,-8.533442393204635934e+00
3.399407748329847934e+00,-1.017459428813397970e+01
-8.839846172162602045e+00,-1.251445434337145990e+01
7.105458756897603756e+00,1.554419748126653289e+01
5.260396571949211841e-01,-1.247645920892176408e+00
1.299081663809282805e+00,-1.406118265436715298e+01
-7.092487900130286960e+00,4.829229768653681809e+00
-5.151553007598909772e+00,-9.351144617383946311e+00
-3.701246051286615657e+00,-1.089428278865465494e+01
-1.614137336498306752e+01,6.495458981983633917e-01
-9.798576704731740250e+00,-4.224198643064980274e+00
-2.672958266762339274e+00,-1.521852623731941301e-01
1.126551694171247320e+01,5.080610787007496576e+00
1.532227277839966373e+00,-1.025596547090344757e+01
8.442519376030199751e+00,-1.421829696233090301e+00
-7.399608354764375839e+00,8.437258126172441308e+00
-6.705893365390560579e-01,1.617665440955747513e+01
-3.257568569975468620e+00,1.389140097137896035e+01
9.390866766899071294e+00,-1.286952053957582187e+01
-1.131620432569830470e+01,1.291753813447685673e+01
-9.512012000537728440e-01,3.800907389306929396e+00
-3.966283313729219717e+00,-1.461495969927903538e+01
4.182275527434491380e+00,1.159381312942851494e+01
-6.242451538369352626e+00,-7.929906166676030210e+00
-3.414320319964040618e+00,-1.651041581701954897e+01
1.955230767115185425e-02,-2.928239869612678792e+00
-1.090596735131482298e+01,1.552762636526574092e+01
-1.467623894969516174e+00,1.368787531834728277e+01
-2.118610987539197410e+00,1.031972391621708418e+01
4.454824241300934240e+00,1.671020658819173832e+01
-4.422310883805934623e+00,1.067910364665523204e+01
1.799712884173763427e+01,6.082436110259942019e+00
4.028494646219311193e+00,6.489233927417143555e+00
1.146459231740359819e+01,7.500711854725884642e+00
-5.615334390129217645e+00,9.149921441432347535e+00
4.469256702804051962e+00,-6.503848232862404544e+00
-9.173972356236218317e+00,8.264479155953509348e+00
-1.716972332224249342e+01,-8.439335100304335979e-01
2.930940257339164301e+00,-5.015132794983570008e+00
1.326039194417247380e+00,8.700727263869127981e+00
8.113779520538862755e+00,6.848878480732689233e+00
9.971102018343643181e+00,-2.423391450900486799e+00
1.450349390722657894e+01,3.452972851799176013e+00
-8.179036433944228968e-01,1.801039448481079575e+01
-1.481595460747242221e+01,-1.030898243897810396e+01
-3.747982059998936855e+00,5.067807270275193510e+00
1.108358747865166372e+01,-1.352081981440223224e+01
-5.764041948899487622e+00,-3.232213173010420881e-01
7.751965206694231725e+00,-4.967101987883419945e+00
-1.444895268772213370e+01,2.423672719678347853e+00
3.231491534313350567e+00,1.150111852660327338e+00
-3.121115216241253876e+00,-4.600449514367492831e+00
4.827683993156040465e+00,8.101661221667423973e+00
-1.241433756775412611e+01,6.931428256031637147e+00
3.604430829860596486e-01,1.400005105850120124e+01
3.704917615841646139e+00,1.835662476509796903e+01
1.632279980547932441e+00,-3.679171115914704693e+00
-6.093875478608096863e+00,-1.678751753351236076e+01
1.058294090816603727e+01,-1.109386617652249996e+01
2.697462917386129089e+00,-6.832395177742377257e+00
5.316228135741853933e-01,1.227677860235245388e+00
3.519311312299335803e+00,3.100078478653909730e+00
6.666942025235958802e+00,-1.092654577364555379e+01
1.369468173509086739e+01,-3.090782818580235514e+00
-1.818685342481705547e+00,5.381538267291526623e+00
-1.894228112928378494e+01,-1.105898517770629530e+00
-1.153360335167270634e+01,-1.014563190029045181e+01
-1.832717805833493685e+01,-4.184837688755196794e+00
-1.947733844831412542e+00,-1.020905045458110827e+01
-7.670729621673787690e+00,-4.387964222169670747e-01
-6.997670519284974411e+00,1.041128855770588579e+01
-3.518684463862110423e+00,-2.832720483940929235e+00
1.138249118851384356e+00,-5.398960621830894091e+00
-1.013231048725550920e+01,1.153850683387822329e+01
