1.317244701359999048e+00,-4.564663343132036921e+00
-7.169079032018503383e+00,1.663554121516564177e-01
-9.512155974058465802e+00,9.844800999718966494e+00
1.069696313437520985e+01,-3.555018673502136295e+00
-1.195984144805483496e+01,-4.491722119573505090e+00
-1.283318576002492550e+00,9.214299158358839392e+00
-1.233730436165223132e+01,6.400590292288507399e+00
-1.096703690038795420e+00,-1.691206490579174826e+01
-3.365745948757178918e-01,7.644749625983253694e+00
7.327115753475582416e+00,1.411368811064251716e+01
7.574185047309999419e+00,1.714466509568554997e+01
-6.351913054239290091e+00,9.218055008343105428e+00
5.013375473174924046e+00,-4.061910032521934610e+00
-2.712162624208130257e+00,-1.423244783120510704e+01
3.098515636253489358e+00,1.209953080630481814e+01
-4.881749740895470424e+00,3.708011517032846260e+00
7.186893669998594802e+00,1.561135334802956409e+00
3.148214768842012123e+00,-5.905892030400725634e-01
-8.303495350539936481e+00,-6.577707616841197868e+00
-5.476570291793376732e+00,-2.826818267812523100e+00
9.484404682864619573e+00,-2.166132937317673424e+00
5.228902165394791801e+00,7.948425089294298473e+00
6.466512213388968533e+00,-1.411720140068030815e+01
-4.765339855731546059e+00,5.322905049264422539e-01
8.837974524276994259e+00,-6.085597884949575764e+00
-1.091379075057766324e+00,-1.019067894225646675e+01
-3.070666076677615042e+00,-9.813932805447964092e-02
-1.316274039281732255e+00,-1.193883888494466028e+01
4.091056184087521252e+00,1.658481644191454052e+01
-6.599722125517241800e+00,7.454669422767763898e+00
5.342008534502209471e+00,1.498993751596992219e+01
1.419705350541106448e+01,-6.052966334019568073e+00
-7.905898526176354579e+00,1.963927077870845306e+00
6.911484262212007401e+00,7.259248092187302603e+00
2.045363450466746613e+00,8.070207950177750167e-01
-1.734466773301909726e+01,-2.569963573660433820e+00
1.502364666897353151e+00,1.133888116963639803e+01
5.033017424713397858e+00,6.157325886246135305e+00
-1.618165149250779322e+01,2.270729267571966137e+00
-1.542370375204126276e+01,7.426802364620124663e+00
-6.121248384561969402e+00,1.666907291235624866e+00
1.430127842127815363e+01,-1.419386043697689892e-01
-9.795027644085360308e+00,6.255218609808331109e+00
-9.231816140551863725e+00,-8.070489240309639101e+00
1.045410085727212035e+01,-5.323112726435541120e+00
-9.101623574704230890e+00,-1.282023691486817008e+01
1.289323080099879171e+01,4.337721827151618470e+00
1.461667969604021167e+01,-3.016762947138242446e+00
6.153638020219195148e+00,9.464952855667521092e+00
-2.885825193523145149e+00,-1.667858074276444569e+01
5.081889756679220049e+00,-7.887459433816284893e+00
9.635475942976986730e+00,-1.125641184593094479e+01
1.388607147944121678e+01,-8.395855306704914867e+00
-2.412743880457767887e+00,2.907859763761409422e+00
2.669301470647323260e+00,-3.233105772066012573e+00
3.439568113695316676e+00,-7.128609132949978111e+00
-2.777599290675719423e+00,8.060708828290493955e+00
4.800088895213512785e+00,1.853758162294385226e-01
-7.728695628151511343e+00,-1.169322043319806781e+01
-4.691069637700765682e+00,8.301199756236798066e+00
4.198387718767891963e-01,9.705376397545391498e+00
-8.731105117564137430e+00,1.182516579906327436e+01
-1.047301185939836365e+01,1.139358331416168824e+01
2.359954689922992621e+00,-1.707825773915472212e+01
-9.221310931948984546e+00,6.857513290129119143e-01
-3.310235822614546297e+00,1.502953961999375210e+01
1.676795564229060176e+01,-8.868012035887558042e+00
1.382822898510023002e+01,1.261573657851607955e+01
-1.401803054565991147e+01,-1.048894072635514263e+01
1.792164205680348843e+01,8.894663297556892889e-01
3.664955309328666644e+00,1.660087022009728575e+00
-7.732336294679410749e+00,1.036297842745242015e+01
7.286554141456417888e+00,1.095650984525098792e+01
4.295603910566520689e+00,-1.466431019277801262e+01
-2.945496406711232584e+00,-1.117866516568794744e+01
-8.301159008236002279e+00,4.163816075087751756e+00
-6.585377068231512254e+00,1.534558527454200316e+01
-5.510580374196151432e+00,-9.991093952175342352e+00
1.987479425609745221e+00,-8.287857100940936306e+00
4.264445543410481099e-01,-9.206130448718386816e+00
8.266385309232109790e+00,6.112961366734728230e+00
-1.423965317296003974e+01,-1.693745605018149636e+00
-1.414795667606779617e+01,-3.540923483945344064e+00
-1.523891479449386388e+01,3.903508596881824388e+00
1.255848732876326679e+01,9.290022405606915612e+00
2.899022106166014856e-01,1.468115312932563299e+01
-6.493146420918511907e+00,5.181555214962048517e+00
-9.530067560264052773e+00,2.789290452304372447e+00
1.292222242638342733e+00,1.316372712971896064e+01
1.784245198756282180e+00,-6.336190969990408206e+00
6.192394122773476894e+00,-1.198722112273085649e+01
6.254200947700659263e+00,-6.453380036634193573e+00
1.553348776976304002e+01,-1.471342580581041393e+00
3.693891958463587422e+00,1.838154990243690889e+01
6.677978901837810177e+00,-3.402068848073259932e+00
9.452837675029064357e+00,3.041960193705290472e+00
-5.456769006896936780e+00,1.254962689325437353e+01
-8.638069537509059259e+00,-1.074883210147551171e+00
1.981097827734519257e+00,4.496061101475958388e+00
3.658481871168823396e+00,-9.176035555102462382e+00
-7.975590728336605650e+00,6.240030790073740619e+00
-3.493481979844666463e-01,1.132015231909649700e+01
-5.305614465553968095e+00,1.076148454407711164e+01
2.054719605389520698e+00,-1.005877740296092426e+01
7.390157817972307974e+00,-5.065016440610890847e+00
1.840062462589737180e+01,2.616073564896771675e+00
1.760541738717872207e+01,5.122074164197578661e+00
-3.716927462352346723e+00,1.152338478203277816e+01
-1.008422342557871509e+01,8.145991374297988585e+00
-1.431708082076499078e-01,-5.758556091696541479e+00
-4.028314009670364904e+00,-1.604186423487695690e+00
-3.523815109327480766e+00,9.728808674425755143e+00
6.288931244574198942e+00,-1.613417281879932474e+01
-7.190648121713969054e+00,-2.121552330330705338e+00
4.039739530795844469e-01,1.442915782973190231e+00
-1.105053087329779338e+01,-1.372760809559490269e+01
1.221223798558446560e+01,-7.611794357111719478e+00
7.691847967670913278e+00,-7.583312618514271186e+00
-1.084786125346869579e+00,-3.759536015110915397e+00
-1.247787214860173854e+01,-9.549657376301469824e+00
3.072053784049441294e+00,-4.955496712217853705e+00
-1.370937587350558928e+01,8.183675981963043355e+00
1.430288518970455947e+00,8.063328148109899729e+00
2.815953352011419941e+00,1.514835204210915620e+01
1.126629709184500072e+01,9.191457870470171737e-03
-3.890338571617033558e+00,1.708417316918195894e+01
6.658440159586943352e+00,5.288584579539102215e+00
3.916318196564015364e-01,-1.113801775457212706e+01
1.278973016208290048e+01,-2.662014841967483836e+00
-3.605434235538170107e+00,1.327414616276879222e+01
1.284105688667997569e+01,1.105868383685854894e+01
3.610949541521134787e+00,-1.119827037245364743e+01
-1.488219517002462666e+01,1.121248803113358328e+01
8.499572417850169259e+00,-3.633774629215436924e+00
-4.709511585040282000e+00,5.552625028125959261e+00
-9.751624655875165359e+00,-9.772270533718657504e+00
1.529145150224471372e+01,7.068044356726378652e+00
8.548420552797795224e+00,-1.293804824801597775e+01
-1.239620338480630135e+00,6.105735205046795677e+00
-5.029247195872160070e+00,1.439628743006553968e+01
1.410687288842409570e+00,-1.366449342699142733e+01
1.881912176462417818e+01,-2.576414422376934965e+00
-7.506556363063769943e+00,1.727602293029600489e+01
8.143601669657016373e+00,-1.471337302070425856e+01
-1.404062240074043366e+01,1.457168251390819069e-01
4.482511102853845131e+00,-1.663766847635852741e+01
9.784686036225807015e+00,-7.647023707774507351e+00
-9.433207038634462194e+00,-1.458054642812467883e+01
-1.336011863204880790e+01,4.270657892842550041e+00
1.539864666830789197e+01,1.706579941802604417e+00
-1.250457829355076766e+00,4.344039770791733979e+00
3.967329338007760331e+00,1.372495136746535138e+01
1.151310173473360976e+01,5.670919993993633668e+00
-3.616954957141852223e+00,-3.756009201752067206e+00
9.323921756684248052e+00,7.604859169204386760e+00
-3.719658416029966386e+00,-9.577721185449595609e+00
1.572533705282451422e+01,5.332211802064573902e+00
-2.620042148785983294e+00,1.844038681072867902e+01
-7.464954369432290626e+00,1.362886914680257533e+01
1.229399710076902075e+01,-5.847813418378176031e+00
-1.583319788232582859e+01,5.631017201424716845e+00
-6.637962068503816759e+00,3.380910380502111234e+00
6.667438260654849458e+00,3.322276234257306005e+00
-3.769538502725866991e+00,-5.605690747044324240e+00
8.919485989378179991e-02,3.165374557116670040e+00
9.913439712658535186e+00,1.393834799537415314e+01
6.258375511189958829e+00,-9.289512014800347828e+00
8.026084561163846942e+00,8.799878174514510931e+00
8.157314444998920777e+00,-8.874613516113860623e-01
-5.725637208245336396e+00,1.697945389186216758e+01
1.240204628003505949e+00,-9.396531269435536293e-01
3.485926185521246889e+00,3.468838169223187329e+00
-1.781821259075470820e+01,-6.482985420190130021e+00
-5.294061951161110002e+00,-4.567722458832580656e+00
1.405500513598114232e+01,2.885109082447672169e+00
-1.404214290994538494e+01,2.005957977156905159e+00
5.462556680620203942e+00,1.819255702269937203e+01
1.898487036032052089e+01,-5.979985480315322954e-01
-3.162656267484306394e+00,-1.869601961484250197e+01
-7.376276533341691310e-01,-2.022635124255347083e+00
5.972463885930987537e+00,-1.747741774989836960e+00
-1.221031180006796646e+01,-6.286491062062007806e+00
-1.454391216226928840e+01,-8.752372455716047384e+00
2.202649943090607909e+00,9.686214878495119862e+00
4.160117854805408300e+00,-2.186192282915039087e+00
-7.157806203407869994e+00,-9.302033134461130004e+00
3.235564162946920952e+00,5.727926504517052209e+00
-1.002816441667472880e+01,4.507614753546316244e+00
-1.450969995738331342e+01,-1.226403831382102183e+01
-3.001277081344212672e+00,6.276035893985565828e+00
-1.349025911598473648e+01,1.008031587732143031e+01
2.332577431837965065e+00,-1.885618562027510947e+01
-1.188262030451066664e+01,-2.508737627368450074e+00
3.330540633193082578e-01,5.150955688032168744e+00
-2.165632689760603302e+00,-8.715735319790530511e+00
1.199962089362760054e+01,1.304468311505105405e+01
-1.825378175828261007e+01,-1.003716730242254052e+00
1.067334250111142602e+01,1.743306815045613023e+00
-6.648557055474983990e+00,-5.698347527828478754e+00
3.973542171869113293e+00,9.207909154998484169e+00
-1.520569422971332685e+01,9.250152663620708537e+00
-1.013622435517087439e+01,-2.119325015744487839e+00
-5.327162826930622153e+00,-1.176313385007232704e+01
-6.908414355799191497e+00,-3.888534163424335333e+00
1.670630488496915333e+01,-5.155941849881272354e+00
1.151706371698246656e+01,-1.083382971821765040e+01
-3.998293575220845497e+00,2.150837147958758688e+00
-3.218142297293211218e+00,4.506125125653785979e+00
6.565863191580710634e+00,-9.686537340733572532e-02
-2.084463133870577245e+00,1.085730558981058991e+01
-1.781851788301111128e+01,-4.282777123201967129e+00
-1.168726279783580146e+01,9.970340707453713591e+00
1.057562983098405063e+01,-9.243909772654433255e+00
-8.666520028914982632e+00,-3.204317179406662497e+00
9.094470593939920633e+00,1.076586923507574589e+01
8.950729590488551324e+00,1.218054918392118768e+00
1.335004832048420376e+01,-4.390634028297690783e+00
3.958800437216608015e-01,-7.442813142321419662e+00
2.561426329902493304e+00,-1.526392330316596535e+01
-1.015510630863148123e+01,-4.166005609650465402e+00
-2.463758992006292559e+00,-2.431527213892141326e+00
-5.806118033568347769e+00,-9.776499042575739207e-01
-6.386550927850012549e+00,-1.658838548176871086e+01
1.728094620445809326e+01,-1.673653655340429758e+00
-9.592196103442256927e+00,1.342782392443508677e+01
1.119063297418203717e+01,-1.392928895109294274e+01
5.954092361963721380e+00,-1.800492886571351292e+01
-4.215447743990290874e+00,-1.322088176613896771e+01
-1.111029811902690589e+01,-1.103738093858070357e+01
5.420547274491434919e+00,1.930895074633117936e+00
1.326361613036378984e+01,1.303824094887695795e+00
-1.190345888776548833e+01,8.198222864095786377e+00
-1.612046122074817900e+00,1.690790047642529359e+01
-1.320066158718786076e+00,-7.063394995017758582e+00
-1.887814552295027370e+00,1.263647721653124734e+01
1.635988443674489545e+01,-3.342046958026291925e+00
-1.910367071083785895e+00,-5.404023899188700852e+00
8.291934289557822524e+00,1.249725651471501209e+01
1.120739610610991654e+01,-1.771758828608273051e+00
8.501708319734619934e-01,1.897258469891776755e+01
-6.483008797926641087e+00,-7.579113182521395764e+00
9.502022200664487217e-01,-2.782998306633122088e+00
-1.600602453288010807e+01,-6.563507144375730462e+00
-3.402533256530240635e+00,-7.330731030048768915e+00
3.194257307733219253e+00,7.592274017701469369e+00
-4.660198951149853386e+00,-1.714380938868782422e+01
1.118385774407561684e+01,3.815400217058388943e+00
9.763881855833897561e+00,5.068410730863784686e+00
4.532038453788315380e+00,1.097661142275421398e+01
5.125905664704931475e+00,4.357597579644749253e+00
1.985195714462094863e+00,-1.187764517148160692e+01
-1.405026380864906521e+01,-6.725423373117317638e+00
-1.405967462357227138e+00,1.455929951857157567e+00
8.163615577099598397e+00,4.288456263651721834e+00
-1.324365901097817488e+00,-3.542897737513424072e-01
1.893471573902442362e+00,2.686549123845857423e+00
