9.348552647935735038e+00,5.291805242555514432e+00
-1.863614307216865384e+01,-3.657135189172330936e+00
-1.410433534929841137e+01,-1.269139206257350949e+01
1.701813027459623484e+01,8.407271137471488132e+00
1.403717749379205593e+01,3.044792028714341292e+00
8.664473800266256021e+00,-1.088756231085990223e+01
2.278579236434838506e+00,3.582167649717582947e+00
-1.093666211697906299e+01,3.222785790513465809e+00
2.827126911156007338e+00,-1.830515888668497793e+00
1.037825413521669660e+01,-7.302643586546331278e+00
-6.976273694415254800e-01,1.475432087796859859e+00
-1.321208542283110354e+01,-5.273308950214063984e+00
1.304808090836631251e+01,-9.524515878329697927e+00
-1.389508619347336271e+01,7.518710046399522007e+00
-1.182830533904943060e+01,1.044390231522218038e+01
8.273616169175763702e+00,1.317316506256731579e+01
1.552380022562424600e+01,9.437619192492199716e+00
-4.571076264017094104e+00,-1.688240815090137570e+00
4.235343542725462207e+00,4.585471180593591045e-01
5.291588444014376336e+00,-1.482683382144448281e+01
-8.077260552344176503e+00,5.381359813122973179e+00
-1.058043801439801257e+01,9.023256139474097992e+00
-3.481472045456996955e+00,1.867439377773243336e+01
1.069151730330880135e+01,-6.917522712748368496e-01
-1.534909766144273213e+01,-7.573160588438463403e-01
6.537386334846980063e+00,1.256621007532238821e+01
-1.771345007791554682e+00,1.521365995719877517e+01
-7.073430975270224685e+00,-3.638927520348083089e+00
-8.524775323332377752e+00,-2.579992315800649916e+00
-7.966670707154300146e+00,-1.493639632789193072e+01
1.989720580442872144e+00,5.368338470168776411e+00
-9.414624260200877615e+00,1.044101005980536634e+01
5.982134394635288288e+00,-8.005855497707340618e+00
-1.601989234300711118e+01,1.284721557223237776e+00
-1.028502137301520847e+00,7.325878246911003089e+00
-6.745117398214245164e+00,-1.774434741078028921e+01
-9.885293090003390404e+00,5.507567507765205761e+00
-1.376912942365806636e+00,-1.769311506378451071e+01
-2.909869763029540479e+00,1.694216941841401081e+01
-4.160864785373820318e+00,1.512229324007203557e+00
-3.160673992965939316e+00,-7.996208396323914336e+00
1.370788946895307170e+01,1.204126383342035034e+01
5.617456683089325331e+00,5.282939726648320011e+00
1.566084114555438944e+01,2.345297681979220172e+00
-4.911995738697617853e+00,9.777509814924270515e+00
-3.621327398204934878e-01,1.398956533234206212e+01
-5.614670233114403608e+00,3.541651060912524684e+00
-1.326227897171401260e+01,-8.847071151240166742e+00
-1.122991755686532578e+01,1.467407474243855425e+00
7.635426250350648480e+00,-6.271205731030054409e+00
-8.242591195292575890e+00,-1.674122072022878172e+01
-1.490406775908401471e+01,-6.159497501701328481e+00
2.240980815313335928e-01,1.566428198295172258e+01
-4.382573133837716739e+00,-1.125342994150792286e+01
-6.537731530590804141e+00,1.237765324697762637e+01
-8.413044335727612122e+00,-8.965322567477270965e+00
3.052842138966609387e+00,1.185616966581725329e+01
8.927475478897354932e+00,1.152291810775036218e+01
8.707768431391020414e+00,-4.103220855056742167e+00
5.097445599165401298e+00,-1.307113967667282672e+01
-2.619939031205769098e+00,6.158464935153114439e+00
8.931595883092334986e+00,5.668046875324701528e-01
1.036401833892528934e+01,-1.007816648815793137e+01
-1.560781731923485438e+01,-7.787207621906073740e+00
1.687308582453081840e+01,5.307160759909995029e+00
9.207887879072373494e+00,-1.691820649134280652e+00
-1.025651788800972142e+01,-1.383020874055150529e+01
4.322512546494602148e+00,-7.239227356887027121e+00
-2.139182895035110388e+00,2.536240835899464141e+00
1.342417633462361160e+01,-1.146203940575288849e+00
1.182127541913457414e+01,9.928096272275269030e+00
7.784811521885921515e+00,6.790445218583221809e+00
-5.985218287927843051e+00,1.697160061207331205e+00
-6.357419671891429758e+00,-1.624365758062264575e+00
7.536539809798314060e+00,-9.018929717719787575e+00
-1.296121157249769951e+01,1.951557559389772489e+00
2.445859970433005071e+00,1.781850748066972967e+00
-6.184906377546258938e+00,-1.600449754303761551e+01
3.939851060984970843e+00,2.793700924899610083e+00
-8.075112259576379126e-01,-1.549626891507539739e+00
-3.318809669762701198e+00,-6.155987212526717656e+00
8.694681498532549568e+00,-1.277569705321625548e+01
-6.572324094581216691e+00,-9.686348500174869258e+00
9.633858775815783204e+00,9.847870108920355747e+00
-1.965950198868262611e+00,-4.989050176397151759e+00
2.523594340985071405e+00,1.862860516789603693e+01
4.815751573782338646e+00,1.211797786397834287e+01
-9.106975574729451850e+00,3.080018429510546163e+00
5.664246415756315933e+00,1.001913990748067107e+01
1.446234741947438707e+01,5.847048334238450273e+00
1.086224427343631893e+00,-1.127950430365249090e+01
1.293775642879820964e+01,-5.742342038136110993e+00
-4.288527939639934949e+00,1.581493259551396413e+01
9.269715691023616699e+00,-8.659133654140273251e+00
1.596269998398791401e+01,6.849540982224072039e+00
-4.996549663825493148e+00,1.331768240663142144e+01
1.404673719326145154e+01,-7.161899535698728059e+00
-5.882295966254494246e+00,7.819030451176965713e+00
1.118538746122487559e+01,-5.617874436249400638e+00
-7.955549331653364753e+00,-5.279748692865800841e+00
4.610984870314100981e+00,-1.450490599328460251e+00
-5.937018728740004470e+00,5.340275697297800050e+00
1.521282659210895893e+01,-5.828364095702853298e+00
-2.621785131023039117e+00,-1.167798511349974966e+01
-1.329075910528555760e+01,-7.032889167190283786e+00
1.225868024653239452e+01,-7.590527624079117963e+00
-1.562594264083231321e+00,-8.975856029413737502e+00
-1.140520036771862067e+01,-4.452426614461294285e+00
1.000677056316057012e+01,1.990362769758729611e+00
2.483067660470961169e+00,-9.894654835168459686e-03
-7.788794152621049349e+00,1.809947699702249224e+00
2.483391944143650498e+00,-3.999599560079121652e+00
7.292156527048240244e-01,1.741373846005032533e+01
1.824687723707352910e-02,-9.799457024403460892e+00
-1.542231077364711567e+01,-4.382464837163313476e+00
1.533425468105121503e+01,1.120906278812156032e+01
-2.470489120148248396e+00,8.382920038293669052e+00
5.815057542632533938e+00,-9.798309219023289884e+00
-8.070329737251944024e+00,-7.093878509559292667e+00
1.820078601082025926e+01,2.022106344534116751e+00
4.204643406098162117e+00,6.352882783339310890e+00
5.081561566226545423e+00,1.586748928251957835e+01
-2.339525028222444458e-01,-5.848166487408732017e+00
2.480568354478838167e+00,7.104057711518644069e+00
-8.363045834554906577e+00,-4.889845085338310193e-01
-2.407529169097384347e+00,4.398342971828131276e+00
-8.977313943811548569e+00,8.262170568042781937e+00
-4.408562169514130602e+00,6.867661098119063112e+00
-6.254733464861494951e+00,-5.869644249586538187e+00
-9.618776718267742609e+00,-4.497458828438092304e+00
-6.476294294289770548e+00,1.057791390065431614e+01
1.695591750213595317e+00,1.438166833029249680e+01
1.077235399956172479e+01,1.150380861794076104e+01
-8.080273544027743782e+00,-1.082501055971964199e+01
1.057789284428078425e+01,6.691038032951642123e+00
1.188741435328531715e+01,-3.971985448972130683e+00
2.461911495388201310e+00,-7.093022716167741493e+00
-4.490114470439970695e+00,-1.668137492240218833e+01
-1.100154083256161996e+01,7.162619555945477501e+00
-1.175950170458122734e+01,-1.861931983744283814e+00
-1.166733249085108959e+01,5.152541684347122342e+00
7.704960526726660319e+00,-7.869293909225840711e-01
6.796057309761597054e+00,8.643996030374879069e+00
-1.424871413722504165e+01,7.436543890944548041e-01
1.183094497985445592e+01,-1.121866919539789187e+01
5.890981762545038691e+00,-2.380679319780903969e-01
6.691749372836024889e+00,-1.133704671877796777e+01
-1.800418942939426259e+01,-1.973028677287426813e+00
1.483273377552777461e+01,-9.517552277897701529e+00
-1.328848157151553266e+01,3.766980577262113883e+00
1.605871781168574941e+01,-1.691706300143177355e+00
-1.735698408745888210e+00,-3.477474665361773160e-02
-1.239070003175945089e+01,8.522351205673514229e+00
1.880794322115299266e+01,-2.505431628171481684e+00
7.426129180378388206e+00,4.960210482756024497e+00
-6.480792408874346933e+00,-7.916134364544058499e+00
9.028778844329167441e+00,3.502358248472532409e+00
-1.046752132413927061e+00,1.693185679555313428e+01
-4.458566368657906342e-01,9.087696807293067280e+00
-2.713714595464455925e+00,-1.648637719101595422e+01
1.185758275075720514e+00,-2.680137974617400776e+00
-1.090381039776450040e-01,1.103639979484176692e+01
-1.646766858726326532e+01,-2.909694362839273740e+00
1.265591176911248184e+01,8.102196501774937332e+00
9.372617119868245084e+00,-5.725228418845937917e+00
1.713575496376395790e+01,3.451967217824860601e+00
-7.146640172674083580e+00,-1.269824042296056632e+01
-8.930280263621478198e+00,-1.241743881902507773e+01
-1.495282246144708260e+01,-9.496545452930888587e+00
9.081799071916325516e+00,8.015871147850701206e+00
5.156185627818036465e+00,-4.559547571607585503e+00
1.419764732462093626e+01,-4.371721003115228044e+00
-9.705410220532041388e-01,5.504474502602376695e+00
1.478261873186792696e+00,-8.629754549249126327e+00
-1.039106840747959204e+01,-1.125441909893282499e+01
1.452461002008301527e+01,7.893817693365151378e+00
-3.133207558636907031e+00,1.011624451938723546e+01
-1.743465804061391955e+00,-6.924244736458184946e+00
3.909472468359844299e+00,1.025535136000008229e+01
1.499751560534412675e+01,-2.257651787630247098e-01
-1.561750292013308439e+01,3.089540958034003193e+00
-1.028259093156078841e+01,-2.844657860544981265e+00
-1.034649406132212679e+00,-1.567916228986341665e+01
1.133611968724308738e+01,4.862054323167273040e+00
1.597107012891883926e+01,-3.587996680130148164e+00
-1.563346410711751489e+01,6.929398881112343034e+00
7.665115833703576298e-01,2.453808481263747954e+00
1.029646771395106342e+01,-3.229152024260461218e+00
-4.815865513462276759e+00,-7.189873622598454972e+00
1.447292064987692761e+01,-2.625015119942868846e+00
-5.342122606328841172e+00,-4.394966767043372025e-02
6.913440217115700115e+00,-3.960281291136537707e+00
-9.336623057862182051e+00,1.516967565843518884e+01
-1.537711773453123376e+00,-3.225621218954310976e+00
7.211482155317804121e+00,1.102054638027301969e+00
1.142850270655435452e+01,3.066526024245759707e+00
1.433677063319197309e+00,9.965392855698118169e+00
-9.780347126358151399e+00,-7.722203313488362753e+00
-1.706977154223615045e+01,-3.426021873027887410e-01
-1.382194969263043127e+01,-3.529031062733758883e+00
1.360044308323144513e+01,9.951746774651409666e+00
-1.268959769282604633e+01,-1.162956319556759688e+01
4.330370793114555195e-01,4.263745991706864302e+00
1.339999737213954045e+00,-1.548429319890949785e+01
1.082827125308192429e+01,8.429455861194165678e+00
-4.114743362826063233e+00,5.064351411545941595e+00
9.543247171045361466e-01,-9.431047679924293714e-01
5.789169571750734100e+00,-6.225828093949275832e+00
-1.528980756321739953e+01,-1.126195413270841605e+01
-1.372706161909834321e+01,-1.731880585626201174e+00
-1.017836532335917887e+01,-7.284149857836045294e-01
-1.688441406609979367e+01,4.444243048592593226e+00
-7.589551298842834193e+00,7.138442549694942407e+00
1.541607142706113187e+01,4.224713973214549334e+00
-7.397155804347301356e+00,3.673027570849828560e+00
-8.291001426899443416e+00,1.182815447759867666e+01
-1.055878705096412418e+01,-6.122400673019193107e+00
-4.603043990228571580e+00,-4.953520876917870908e+00
-1.018000227307600625e+01,-9.467809112299175212e+00
9.026627596679260845e-01,-1.722478427611423157e+01
5.596530710287322741e+00,3.506618105842147504e+00
-9.495730226358759296e+00,9.657828828964276635e-01
-7.333600081813483662e+00,8.899532773348797221e+00
-2.168310510890337106e+00,1.338058583275047830e+01
1.108235560048615342e+00,8.201474970096150230e+00
-1.895888061712201988e+01,-3.796811942413541585e-01
1.051172233592247629e+01,-1.465755276562039811e+01
-5.310143123340933080e+00,-3.326376830605823898e+00
-5.300084455778014458e+00,-1.284556732368245768e+01
1.311339302176925870e+01,4.620880497997134739e+00
4.593707914425074534e+00,8.354909094610983189e+00
-2.755094687631892914e+00,-1.460784982244474328e+01
4.327724303359305191e-02,-4.044644371629820156e+00
6.425711416434298329e+00,-2.178453752312913938e+00
4.035316369658143110e+00,-3.170596886355428801e+00
1.387950470103416212e+00,1.254877849053898942e+01
4.513820858334629982e+00,-1.803916309683230779e+01
1.149201229252284762e+01,8.925028099811725957e-01
5.493423516614577728e+00,1.743884269031850565e+00
5.989078243976959648e-01,6.469049509234032769e+00
3.817639344902081344e+00,4.570065346911304616e+00
7.327609061197014384e+00,2.913227618733338797e+00
-3.496144593127688438e+00,-2.284505610508834328e-01
7.312555809612264035e+00,1.084573151478657316e+01
1.233626151386757286e+01,6.373726398243353408e+00
3.490129340827393012e+00,1.378451564283438735e+01
-2.633322633602430685e+00,-1.800431168032971652e+00
1.318849361240845841e+00,-1.894688575422236809e+01
3.617533011726346892e+00,-5.524554948634623486e+00
-3.786612897650318832e+00,3.252081775655867535e+00
1.182828790352186310e+01,-2.106171106075655608e+00
5.937016665829924378e+00,7.039445462518893137e+00
-3.387538720435744111e+00,-3.499538713166172155e+00
1.618794345830542269e+00,-5.536907515775221000e+00
2.900936198580925662e+00,-9.709247936685553526e+00
-1.193628083296768949e+01,-1.000085042186643669e+01
