-3.903425269492242666e+00,-1.155415564405247064e+00
1.038022950656172405e+01,-9.529118513706114513e+00
8.270403223850500751e+00,-1.030185272982510902e+01
1.069086642350809591e+01,9.595392854556074269e+00
9.020119162261380552e+00,8.880126771137511810e+00
-7.028358318175095043e+00,5.503251420781165582e-01
-3.485622618175535425e+00,-1.173676017607121658e+01
9.263499405322152214e+00,-1.358145667825549019e+00
-1.651905270640011025e+01,-2.262306965596020625e+00
-5.453755824738617086e+00,1.282836737601516930e+01
-1.915847514589058109e+00,-7.181364314962075390e+00
-1.926248567308487702e+00,4.686754563682645980e+00
-1.651510919746383976e+01,-4.677526541972953922e-01
5.976355910169023344e-01,-1.569930425315716427e+01
-6.715341643225779755e+00,8.730741811465613011e+00
-4.912193961352674165e+00,9.015110458135854543e+00
5.901512069307694119e+00,6.489179059800618710e+00
2.203442748196972278e+00,-1.482720749752446743e+01
-1.147788416460929817e+01,-1.313819705174129560e+01
1.053060959192731127e+00,-5.463950212762861192e+00
-1.129158080356275029e+01,8.103030409599158546e+00
-8.558947614003216131e+00,8.847226718793656630e+00
-1.006708668245838290e+01,1.466328463773443058e+00
1.606706936935192509e+00,-5.598322843272708349e-01
4.811063443729883815e+00,3.712353853144326976e+00
-4.609576754234320228e-01,3.256535778785841995e+00
-1.178790182378548046e+01,-6.032549611611622176e+00
7.211017842700909064e+00,-8.603826725283768795e+00
-5.984397267993534442e+00,-1.441405026496542163e+01
-6.441979870300925448e+00,-7.362754848834653920e+00
-9.799243893256910809e+00,-9.023111731068889085e+00
2.299583491682211656e-01,-1.748017362978329814e+01
1.048898125003057835e+01,5.905131737736649455e+00
5.240250776577909164e+00,-1.290464121245356566e+01
1.377664160141049976e+01,-2.710325802331633671e+00
1.550366433110978193e+01,-2.111875204644894755e+00
1.842249104346934008e+00,5.619931277284965887e+00
-9.648794112110882892e+00,-1.318900738193009659e+01
-1.497713230259663320e+01,6.270039396056866998e+00
-7.781716048487099080e+00,-1.500346956194410986e+01
2.741630800302936599e+00,8.143702820098700501e-01
-1.334893030198503361e+01,-4.144405821103884335e+00
-2.064995113031787177e+00,2.364693701005801341e+00
1.862273972749216000e+01,3.728562180902820877e+00
-9.891553615716915715e+00,-6.809796316272432648e+00
1.899776356517239151e+01,2.608930682996189465e-01
-3.537616124294295616e+00,-8.102499132959430028e+00
1.120064298821769100e+01,-1.525593770849443409e+01
1.053293234638805131e+01,-6.909140024338466191e+00
-3.375784013820795959e+00,3.533551221392033703e+00
-1.127939762538927759e+01,1.445781489637816830e-01
1.202190510406124169e+01,2.597201963166519523e+00
-9.686060547331497572e-01,1.018449561154920779e+01
1.634785886867538807e+01,1.643352133340663546e+00
2.745214696755194694e+00,-6.234154566631359806e+00
-1.468707328063056927e+01,4.137337631995280596e+00
3.460435848080168242e+00,1.360316811217167121e+01
1.570004787481504849e+01,8.184503452914002608e+00
1.131348207402040229e+00,1.344661937763165582e+01
3.080422564407446551e+00,4.296891289000045688e+00
1.573668729833726054e+01,-9.092840035998987769e-02
-1.723145849234453797e+00,-9.263303955911265319e+00
4.503188026234703933e+00,-6.247882349335705854e+00
8.121579120460504342e+00,-1.325100757817415520e+01
-3.961449581526419461e-01,-1.399832457301151400e+01
-1.043011258758366289e+01,-2.347556048255911243e+00
-1.504262297272774873e+01,1.060359387583010360e+01
-1.329910185864757288e+01,-9.669400071060138657e+00
3.353811023267895486e+00,-9.605167880620209431e+00
-7.470513816016578268e+00,1.656170412713925089e+01
1.264688451945998615e+01,-1.182570113371745535e+01
5.071631269456720936e+00,-8.993498090309524073e+00
9.546882424354231844e+00,2.814959971377002823e+00
-7.681524275385378520e-01,6.683573411238956652e+00
-1.519714340734561198e+01,-3.500607993401341655e+00
-1.591520630439258621e+00,8.364868444194359043e+00
-6.750175148316323037e-01,1.820433357063148705e+01
3.223740158543622947e+00,-4.355130230852482853e+00
3.220538199451807415e+00,6.917331180036232041e+00
-9.234463343763874121e+00,7.196814934029015731e+00
-1.356118668975160801e+01,-6.181378217836578592e+00
-1.303839382131501345e+01,3.404666448062636963e+00
-4.390402797683542246e+00,1.124450500913763307e+01
1.384565636150288093e+01,6.843994884055093486e+00
-1.805150193056774910e+01,-5.320092095656107745e+00
-3.104036856305850023e+00,-5.862278785043958607e+00
-1.272255151814279284e+00,-1.658423155721978404e+01
-7.119626383529944036e+00,6.972113742614681087e+00
4.108439050698600159e-01,1.131289675877012257e+01
-6.082955780562650183e+00,1.046138636660493049e+01
7.520977569497883763e+00,-5.905458514885848498e-01
1.394226631994879106e+01,-7.917709672618790329e+00
3.924566603726717950e+00,9.026718397734390109e+00
1.851627635949928674e+01,-3.521059058114377027e+00
-3.174746123558438438e+00,9.256625482364860602e+00
2.039953191554342737e+00,1.039592085647682218e+01
2.521631029164222770e+00,-2.294072995713585694e+00
6.142438722477449708e+00,-3.037175396396400107e+00
6.778813952482227734e+00,-1.201123498877086959e+01
-3.191347988637681876e+00,-1.347982591255050622e+01
5.206233697071937172e+00,1.239911955550274492e+01
1.208402609409873207e+01,-7.789633918561742476e+00
1.451994832127538082e+01,1.613460472925326794e+00
1.063776577095188003e+01,-2.467148936669516956e+00
6.460415545739265575e+00,4.612050515170843745e+00
-1.285281294191509549e-01,-6.864246022259359314e+00
-8.972937694739473169e-02,-1.049076186335258321e+01
1.049802980328987267e+01,7.733225879141024883e+00
7.714682302964857463e+00,6.106443076062393338e+00
9.191389717306538643e+00,-1.184174104682179518e+01
-8.419917720880096823e+00,2.174526401487159255e+00
1.235165200562607479e+00,3.827298449701006966e+00
5.096408979079406265e+00,1.042317009212341183e+01
-8.756112585752452715e-02,5.030337296740434283e+00
1.003494124650993413e+01,1.210090213697433015e+01
2.072417860399262679e+00,1.503204970468206270e+01
-8.297587889000194394e+00,5.638094531392998654e+00
1.306708058883814516e+01,-6.258775411721220649e+00
1.400190765515091762e+01,-7.630582236117946504e-01
-3.504621748848076646e+00,-9.878682832358062882e+00
-7.845537241046249832e+00,-1.304001559784512665e+01
-2.029881179111115763e+00,-1.485929056234814460e+01
1.330482565852341814e+01,5.013247484786856667e+00
2.416729055041181962e+00,1.213239035366669327e+01
-1.414492508311683316e+01,1.246369610444501674e+01
3.536052495316451605e+00,-1.619827520039210711e+01
8.285363549823838270e+00,-1.508605706051796602e+01
-9.660039769031676826e+00,-7.186254357049699504e-01
1.741849092525286480e+01,7.583482122111693258e+00
-2.608057548944956228e+00,1.097129708755821831e+01
5.058236642797054650e+00,-4.504244227303876080e+00
1.210839083673438132e+01,-3.460872107772006601e+00
1.218301743130438552e+01,-9.574776644930302893e+00
-5.958685254108363694e+00,-2.934598028018006843e+00
-5.117142450836270839e+00,1.601530020796249953e+00
-1.322931449947757976e+01,1.013989602938377210e+01
8.281901642447776268e+00,-4.160976224173068339e+00
-1.343230914991186431e+01,-1.287469451659788255e+01
-3.995970241797916156e+00,7.449983592144856281e+00
-8.069308310641352122e+00,-6.021405142251145648e+00
8.406850847542749250e+00,1.423232829111447328e+00
-1.329439498862646474e+01,1.249901860301569911e+00
6.898784754512188755e+00,1.164806667850527866e+01
-6.213678413793839894e+00,-5.537953887378136208e+00
-8.843183642107167453e-01,1.470453868451215484e+01
2.210548086913956212e+00,8.599376695535712045e+00
-2.386621311514360411e+00,-2.322493767857229052e+00
-3.383134988148559508e+00,1.182552507609958559e+00
9.053227274443468531e+00,4.863535095560598265e+00
5.270251559885301695e+00,-1.394899897213162543e+00
-7.784333934404394029e+00,-1.731931446366034422e+01
-4.755963521492645008e+00,-6.603261643881173981e+00
-1.079266517048502116e+01,1.269715228746232327e+01
-5.827710673233806205e+00,5.742865977033535962e+00
1.533099231534669826e+01,-3.932186942026097753e+00
7.891667410192655829e+00,3.409416460202282728e+00
7.838142691257433903e+00,-2.391895813402117099e+00
-2.282952663713177177e+00,-2.306345955147179605e-01
-6.974320618349414858e+00,-9.042728260182979483e+00
6.603326536593230323e+00,9.409784987654007393e-01
-1.010033508457368967e+01,5.449522849896773380e+00
-9.760114133127594016e+00,1.111351212066597505e+01
-6.115507010481787020e+00,-1.259658071061786622e+01
-6.816633571889433085e+00,-1.287239472591085399e+00
9.542550096736599485e+00,-1.638043193703299494e+01
-1.057444705922862127e+01,-1.158995672552493517e+01
6.273746466043194303e+00,2.675639286828563446e+00
-6.781539509523289988e-01,-3.643599575546877301e+00
1.045339499772209635e+00,1.879223712668394697e+01
-2.514148333004443181e+00,6.393629463087757259e+00
9.115090201949900717e+00,-5.796591322209029506e+00
-8.422215226026414925e+00,-7.827906703156377155e+00
-9.098369298130364768e+00,-3.564215045944538751e+00
6.811380435105008679e+00,-5.163341959818565030e+00
1.508711672908486179e+01,4.473978981498462737e+00
1.014842553892981947e+01,-4.249459156083257305e+00
-4.186936249200332583e+00,-2.913304038557380071e+00
-1.168561418524776485e+01,2.236315350391288703e+00
7.519226655580235175e+00,7.905297210573476008e+00
7.653581799269311148e-01,-2.149769784585150223e+00
6.407234847352276219e+00,-1.016679855406622046e+01
3.908240335954602962e+00,-1.420945550142589653e+01
1.550819761243793415e+01,6.255945182232220958e+00
-1.238778808850497271e+01,-1.122499570779323363e+01
-4.552757797445449839e+00,-4.730330250781042523e+00
1.094469935014754824e+01,-1.129637089585651033e+01
-3.032397118193742164e-02,-8.626728575182180947e+00
4.279145938356122336e+00,-2.899580730699667708e+00
-4.838702683694190654e+00,-1.575353366695056145e+01
1.736548662462752901e+01,5.766685750710665026e+00
2.319642904834187114e-01,8.853459258930195475e+00
1.018162018637739585e+01,1.603613320960284128e+01
1.595294975891315081e+00,-1.141136446653587555e+01
-5.372172123317914938e+00,-1.956429852847338946e-01
-4.268686535935241722e+00,1.427264823476019373e+01
-1.247184358836073415e+01,-2.307412836937635880e+00
4.368896558202753688e+00,5.554800415868509589e+00
1.364746585018163749e+01,-4.586111307161291784e+00
-1.818259304443587254e+01,4.831243471294416558e+00
6.577980406081480602e+00,-1.424104894201333238e+01
-2.721466379363453925e+00,-4.149405140643193768e+00
1.159842089362682138e+01,-5.289061336811568204e+00
6.463411296967064068e+00,-1.773254818918925935e+01
3.569806913392364223e+00,1.608290543699817476e+01
-7.247455761159393717e-01,1.131749455396357851e+00
3.593385936138998371e+00,-8.814213915149093914e-01
-4.227594189405661673e+00,-1.757550299329060906e+01
5.527854480714908370e+00,8.288911866453696931e+00
-1.155092381069342444e+01,-3.854405501968630077e+00
-6.689056940362213766e+00,2.522380210177115334e+00
2.542747431673530567e+00,2.565243680423489270e+00
7.684337955976594969e+00,-6.881766723411114839e+00
-1.005925200975314660e+01,1.577347932727153612e+01
1.269282927477508149e+00,-1.331320471246767845e+01
-2.468757502470638077e+00,-1.845061894148148340e+01
4.927157447976535209e+00,3.729257617649480161e-01
9.868244091555702369e+00,-1.359294852720599422e+01
3.275472401755617380e+00,-1.198670996511181031e+01
-1.193477157804073840e+01,5.662206340351509937e+00
-1.152571238285071864e+01,-8.445479552633049281e+00
1.484827504332033676e+01,-5.917039479520582290e+00
1.235989666086454264e+01,-1.548406909194964376e+00
-1.315301803405805492e+00,-5.295908564784082451e+00
-1.651821712914371076e+01,3.825435382502841541e+00
-7.335844406979635579e+00,-4.126758068965550308e+00
5.900179886939814544e+00,-7.366531930892237234e+00
-5.517971804484511189e+00,3.885431361811369388e+00
3.748973114130956574e+00,-7.837956842095203491e+00
-1.109095561320882695e+01,3.938050764631342737e+00
1.046952407491021919e+00,7.219030744150396472e+00
-8.256153353870676614e-01,-1.422235557819996776e+00
1.265855414862562789e+01,-1.414900046872757322e+01
1.501932524588405427e+00,-9.638000122824390559e+00
-1.245744835212869361e+01,1.172918412091865648e+01
-7.833371397270479264e+00,3.860331319714025877e+00
8.484408945892787379e-01,1.986499454778424489e+00
4.720529008621286771e+00,-1.085671433971368138e+01
5.264748190221742341e+00,-1.545430205928647283e+01
1.376870008617224350e+01,3.276783032139980456e+00
-1.114504298751394984e+01,9.891163771861775089e+00
1.840747262616053925e+00,-7.866828091342703111e+00
1.462638698188174269e+00,-3.758645522033865038e+00
-1.710450487767924699e+01,2.122247420349689495e+00
-1.709791927364767261e+00,-1.133222284467514207e+01
-9.049282286657236440e+00,-1.063764853864912574e+01
1.090650798762477969e+01,-5.425471021936071336e-01
-5.152623291705671349e+00,-1.102113152933888607e+01
1.818396527619232472e+01,-5.389677143878370380e+00
4.298114177665479652e+00,2.030992363740264928e+00
1.683454785562839007e+01,4.038523818857646219e+00
1.254370513214885285e+01,9.092595797996624540e+00
1.109398872133885305e+01,4.230753798058472626e+00
-1.868678065370822594e+01,3.112097349004002478e+00
1.019320745718561838e+01,1.131079698756922047e+00
-5.131287719522222623e+00,-9.141643054055938578e+00
-1.021467665434503580e+01,-5.083726394278671457e+00
