-9.851850627807241523e+00,2.740036671121161227e+00
1.608073877037067234e+01,-1.010345098664789809e+01
1.898877165317458449e+01,5.479640862726216088e-01
-1.789351748920613616e+01,4.582304682582639010e+00
-1.276508794401773628e+01,6.549764599455260239e+00
3.262686006184747356e-01,1.400644473853284744e+01
-1.155588653830914581e+01,7.917228321784953948e+00
5.931192554072706180e+00,-9.171191907592337600e+00
-3.412148870589106764e+00,-1.702565850497172306e+01
-3.730488682132422795e+00,1.181586354805228112e+01
4.307764040423322172e+00,-6.086553990711724538e+00
1.343082503834656549e+01,-4.630825917755085896e+00
2.152085124969378871e+00,9.386760641350706535e+00
5.719108069341709566e+00,-1.470135595542741136e+01
2.295856642012050752e+00,-1.542474481620549298e+01
-1.478202160315481173e+01,-4.631691718028602800e+00
-1.770597771259091857e+01,2.764011083849373662e+00
3.129505924109511117e+00,-2.081623745077208376e+00
-2.834099335886690607e+00,1.794113932698568448e+00
5.512046093072918929e+00,1.477456285096406852e+01
2.670222379460361672e+00,7.681660500766841260e+00
2.242265962093638265e+00,-1.359518347143278305e+01
-9.321441109461702013e+00,-1.628511053465584624e+01
8.811572791828188755e+00,5.475789722411091631e+00
1.225111032054427262e+01,-9.092290728175347780e+00
-1.247333939404130199e+01,-4.507716300331485293e+00
-8.345180824786707419e+00,-1.264700273140795339e+01
8.274408091689760880e+00,-1.397126986428852913e+00
8.339075840020553798e+00,-3.186780669977929747e+00
1.606387500752234843e+01,7.051116757088075282e+00
-3.668934493665457985e+00,-1.834645509495962834e+00
4.434309861588165425e-01,-1.407443075081447503e+01
-4.389814735880432917e-01,9.370299135198004947e+00
1.141282627303548480e+01,-1.131616453876357298e+01
7.928714419968932781e+00,8.075041922002746730e+00
1.684521296764909337e+01,8.780658361078927499e+00
3.809512205204141910e+00,-1.031839099208673538e+01
1.250503415228553905e+01,1.200184873449179790e+01
-8.269827161346475108e+00,-1.472577877578278560e+01
1.778012561673546088e+01,6.486084992284730788e+00
7.267090526184579069e+00,4.553627630468908727e+00
-1.825443155081352486e+01,-2.537741587164056845e-01
9.993875231845800400e+00,8.988888078458389330e+00
-1.347599098693820174e+01,8.233006586877021249e+00
-2.384178041840094409e+00,-1.008995069515967558e+01
-8.315502785353428905e+00,-1.088787507952206646e+01
2.479508048781093432e+00,-5.620587471656732781e+00
1.589360488718035924e+01,-1.796364477755142408e+00
7.417888830502201714e+00,-8.114867462903058382e+00
-5.295515670761819393e+00,-9.817362886922991194e+00
-2.104800413777628165e+00,-8.278530364122037355e+00
1.586266511924133660e+01,-4.680750450599494350e+00
-1.014112034161998643e+01,-1.188548556948790136e+01
1.059483621023095701e+01,5.681197131818468193e+00
-2.990975324455024342e+00,-1.320620504271252393e+01
1.211268796523784808e+01,1.317812160034507407e+00
-9.954517589543307565e+00,-7.400795389639069022e+00
-1.369645499110961318e+01,-3.236197183666542188e+00
-3.823418543786416102e+00,8.219898908503274981e+00
4.530855681030321769e+00,1.326080306575117085e+01
-2.819599707179256676e+00,-5.432034975006357236e+00
-6.152587820456094647e+00,4.274052375609090682e+00
-1.430136419063138709e+00,1.429609817454484677e+01
-1.611515888126167795e+01,-1.004917574868650298e+01
-1.635663397530541729e+01,5.671128656322865780e+00
-5.995917290439336078e+00,6.080629802262549788e+00
1.673757850763234600e+01,3.959686378224691605e+00
9.449333014516979601e-01,8.081078132147085924e+00
-3.023835543714612051e+00,1.343698506025099881e+01
-9.634816530852281957e+00,7.792572961247792307e+00
-1.476940870977829512e+01,1.278511089188881789e-01
-9.523385105985084920e+00,-2.716620061870813618e-01
2.565273055793916956e+00,-3.818324881445266161e+00
5.007634473761236826e+00,-2.657085376273811583e+00
-3.005952624631977876e-01,1.113012945414049959e+01
8.388045244348953489e+00,-9.654715891766977975e+00
3.085105023486172993e+00,2.342585516952106622e-02
1.457134919679174878e+01,9.020380078091823961e+00
-3.418587762067672564e+00,9.805032861358764507e-02
1.319299153241506151e+00,-2.308039384311298958e-01
6.245063914607252187e+00,2.151013265992743673e+00
1.555975709039006727e+00,1.532898114829501246e+01
1.118693005034681320e+01,2.810952636988511610e+00
-1.337036003388388572e+01,-1.214279017647495573e+00
3.806545377788367546e+00,1.653411968291308431e+00
-1.396013106522058855e+01,-1.258432500567840862e+01
-1.147544275223648924e+01,-6.015464257557717076e+00
4.679337433776846744e+00,-7.882890765383362641e+00
-1.084823379300739532e+01,-3.724611667220642186e+00
-1.471157834701226363e+01,4.874401304948502656e+00
6.455378374467283464e+00,9.264138230475845504e+00
-6.322708087457533210e+00,1.232647407861546718e+01
-1.694901414322799482e+01,-6.766077111927196519e+00
-1.796407681031745751e+00,1.203991547593713740e+01
8.042065377556236072e+00,1.392006179879010830e+01
-4.890707802169099949e+00,-1.335886135883802162e+01
-3.461656226195096053e+00,1.518276488303001770e+01
-6.110569729909953729e-01,-9.460597420711811978e+00
-5.348806024788454572e+00,1.079427922308319232e+01
9.835906327972482543e+00,-5.980031018873550597e-01
-1.197224689938360065e+01,-2.374398549708311545e+00
9.711478183778754492e-01,-6.632374996748228391e+00
-7.066228563235472215e+00,1.401393305402780598e+01
9.578136382132534266e+00,7.247601097570626649e+00
1.460986003890296558e+01,-3.299215136048937680e+00
-4.817352897775345255e+00,1.330175708903273168e+01
6.186894109434660116e+00,-1.295487044309532187e+01
1.166297650720896151e+01,-4.370774719947075226e+00
-7.991123322902347503e+00,-4.985439884125384857e+00
-1.466576129056263555e+00,6.840904574615384037e-01
1.516760033299868748e+00,-8.379561174224773978e+00
-8.060244949114292456e-01,3.872105139353334113e+00
4.562054624655915269e+00,-9.553169178040061826e-01
6.694020975597878120e+00,6.327220978633533832e+00
1.458806794068125612e+01,-6.946054764161403661e+00
-1.892844619622719549e+01,1.491344122446143450e+00
-3.519322581257126270e+00,-7.164541361223618843e+00
1.510860127730940139e+00,1.110413781183360804e+01
9.588121713104873933e+00,3.626074811622121530e+00
-1.516411655581359952e+01,1.023413473376666794e+01
-6.610600980981526043e+00,-1.612492966938924521e+00
-1.415217022949128101e+01,-8.871806902176901488e+00
3.874134933598332609e+00,3.493994304971320020e+00
-5.220470342601980285e+00,-2.727467344679234795e+00
7.135423466571421791e+00,-5.269587608313714533e+00
-7.609289202980058953e+00,6.974755579687528240e+00
1.509638890162213976e+00,-1.196906020387601721e+01
-1.487375511849012621e+00,-6.598807155152494275e+00
7.494551111964603329e+00,7.635670886702587978e-01
9.924433529659520303e+00,-2.440971091662224701e+00
-1.896434182818361069e+00,-1.182325551901794114e+01
-1.017832331418583003e+01,-9.789858905237901254e+00
-1.509543689770477215e+01,-1.811065133360584722e+00
1.305355753150398179e+01,3.087419961422873893e+00
-1.150297779523573638e+01,1.963811994904447467e+00
-6.440591086866514381e+00,9.374913770852066008e+00
2.142265513840108326e+00,5.898312990401567646e+00
1.632174045020348174e+01,-6.545772832952301279e+00
3.752090864388466063e+00,-1.265598403137042460e+01
1.067569547516342787e+01,-5.849805710180544516e+00
5.308740767580499842e+00,-1.130514522607286843e+01
-4.492232394662759809e+00,3.645586489978295930e+00
-1.022774398649505478e+01,-1.947516404142613400e+00
1.045576551558549916e+01,-9.739411034605534923e+00
-1.790659121745156623e+00,1.605290753955377525e+01
-1.667372413540010312e+00,1.793031271896655099e+01
2.121506957486274825e+00,1.278228856817367109e+01
1.840031197245305350e+01,4.735046839785983508e+00
1.189529451295563867e+01,4.455322568673339312e+00
7.741183223214183506e+00,-1.133702909684398108e+01
-1.084325702407542380e+01,1.113427639464561203e+01
-3.189785500245500005e-01,-1.326716365871769776e+00
3.977529221054549424e+00,-1.442787117709889344e+01
-1.273372569809667176e+01,1.409193122313394753e+01
-7.651036509283605902e+00,-8.174966376722354877e-02
9.272171458591254023e+00,1.182685590400371467e+00
-8.099335884459415880e+00,2.999579264902113351e+00
-9.905281576445155167e+00,-1.371156611115075385e+01
-4.781613606319094600e+00,-5.855360702680821205e+00
1.325889632446672906e+01,1.033437153528648622e+01
2.584416961923086120e-01,1.345626744030381294e+00
-7.284409767890683618e+00,-7.782642154339575846e+00
1.491768802292324025e+01,-8.746000071998503600e+00
-1.504907936243460931e+01,2.152504789061873147e+00
-3.749047806526500271e+00,1.002933002396151529e+01
-1.528779831252898447e+01,8.424726075943123504e+00
1.363981272541964884e+01,5.046897610711258864e+00
1.479459219209728715e+01,3.627503972883471928e+00
1.747198967303681627e+01,-2.756558331776541859e+00
-1.123993782635534444e+01,1.131591328183548656e-01
-1.435352906691627739e+00,5.515440302236872760e+00
-8.083590267169828536e+00,1.208453362101602124e+01
-2.556646660473703481e+00,-3.257280577695465862e+00
4.522348902618020361e+00,7.531593053358503376e+00
1.515824498388290564e+01,1.885738564592417621e+00
-1.612744234669094467e+01,3.593393477461733987e+00
-3.780389254632282370e+00,-8.913703986641326793e+00
5.594040494630874605e+00,3.898800454568287943e+00
-9.767743028272176886e+00,-5.188410517772600983e+00
-1.037906281781788209e+01,9.404824817839601891e+00
9.894329985011413697e+00,-1.248707822394560374e+01
9.825322593059043541e+00,-4.222767302070995932e+00
-7.882353842830365664e+00,4.810026236981367553e+00
-1.139897757436082060e+01,3.798836380452090378e+00
-9.810591414875293736e+00,1.265243340230630587e+01
7.477859717016899666e+00,-1.539147155874833572e+01
-2.074622599396565459e+00,-1.077606998672232530e+00
-5.590481382945831079e+00,7.827794261078306448e+00
8.048870484554496940e+00,2.689599774542578814e+00
-8.864742045163534812e+00,1.037906000312663757e+01
8.395040574180136161e+00,-1.340561868350387087e+01
-2.717626578954329020e+00,6.813343864593536026e+00
3.348585751500883223e+00,1.102680717731930216e+01
2.029550490169897969e+00,1.497676815979132936e+00
-4.324598631047787300e+00,-1.155692455905311533e+01
-1.091871416269115613e+01,5.546627853412774201e+00
-6.555250958973882547e+00,-6.100340336318786250e+00
1.157935307742761566e+01,-8.266816596663866257e-01
1.372340170271075799e+01,-1.010893487057908757e+01
1.278565768102617639e+01,-6.378937322283792177e+00
-1.644952855439487394e+01,9.668875022220794202e-01
1.716173316393300752e+01,6.854175380511594584e-01
4.262327783616689736e+00,-4.302031053334351540e+00
3.953877905392632730e+00,5.865618630358413910e+00
-1.334870337144425179e+01,1.217392928602976765e+00
-1.986286209563038474e+00,1.027050881277051175e+01
-1.095803853034799857e+01,1.411336827561084384e+01
-1.122702070440667610e+00,7.665028833191425583e+00
1.892439305077866507e+01,-1.493232527905323348e+00
1.130371398109610936e+01,-7.485444278882509295e+00
8.860945218000255252e+00,-5.893488753475158326e+00
1.005902628187092773e+01,-1.427598112209391346e+01
1.322935061134766555e+00,-1.017935905934626994e+01
-1.462166021466108035e+01,6.696539541791572958e+00
2.969833721140811456e+00,-7.354085459255347956e+00
-1.445331896442402897e+00,-1.420454617555095744e+01
1.178700589554403777e+01,-2.615516021006824232e+00
-8.747126127515924665e+00,1.328024001943026500e+00
1.386171131688607971e+01,6.899983549878169198e-01
1.039206476168918414e+01,1.371922183136916829e+01
-6.088902455302664052e+00,7.306451694714036771e-01
6.111903470053248633e+00,-6.752778670483613688e+00
-1.882343953037720063e-01,-1.122744390664629321e+01
-6.163829480646736414e+00,-1.174117670259873059e+01
-6.803191368838012565e+00,-1.355841881517244651e+01
1.487977209511111631e+01,-1.146255785904655333e+01
1.435029061667959738e+00,1.798060388537579612e+01
6.502244828419530442e+00,-7.585925621691739229e-01
1.228569115278448010e+01,6.415059354448485074e+00
-1.290023839317383114e+01,4.742165795236192416e+00
-9.028308621217584928e+00,-3.515673885254093634e+00
1.147062245723136797e+01,9.994803181881419363e+00
9.825638055308666408e-01,2.974314991906723993e+00
-3.489459460563448356e+00,5.184457135931108240e+00
-2.594885230360436168e+00,3.590699496610012975e+00
-8.707463716590009284e+00,-8.818519708349111141e+00
8.167462230151729230e+00,1.669237440327230715e+01
-9.232474615784324712e+00,6.079532981584691242e+00
-4.616740401580146980e+00,1.800741478486053593e+00
-4.146802045880515486e+00,-4.167097265274780860e+00
-5.035739920175794637e+00,-6.984688609174551921e-01
-6.323271535147666711e+00,2.487531607669306144e+00
1.334770627526372655e+00,-2.059363078634122601e+00
-2.952173336664666858e-01,-5.269890636214660695e+00
-1.341831048448134744e+01,2.996990202204524500e+00
-1.141268150902022072e+01,-8.442280761181509163e+00
6.564085578667575582e+00,-3.615030399257790794e+00
1.120548599156419733e+01,1.534395919223126725e+01
2.006917633231719011e-01,6.447426101148458599e+00
7.194050496440934639e-01,-3.812164668591474737e+00
-8.125197319382179373e+00,8.709835384110876433e+00
-8.464955213206653895e+00,-1.774574431514671424e+00
5.342247503312093748e+00,6.301048084017174533e-01
7.572559592940111273e-01,4.722669359491585617e+00
3.938760233743900052e+00,9.235639300371374816e+00
1.552018581858735757e+01,-1.143084498920093114e-03
