1.012151613330008182e+01,1.212143891701389009e+01
-1.746319232965430857e+01,-5.822907922691417326e+00
-8.132229132927434989e+00,-2.214321818383334861e+00
1.046861696437472311e+01,-8.625676053861107917e+00
1.018903769804043957e+00,-3.114532730594457899e+00
-1.380280923516932567e+01,8.796010261877371672e-01
3.762699335941006140e+00,1.543275885073389375e+01
6.900781049507843434e+00,1.026260165240599598e+00
4.193573871745934767e+00,-1.073289572060429009e+01
9.189636572720822016e+00,-1.248719734606431153e+01
4.339659263081514062e+00,8.796868137268669230e+00
3.073084135586130472e+00,1.439183303096240429e+00
8.600657958252782009e+00,1.079168691352121634e+01
-4.333705691399414306e+00,1.027018837643097804e+01
-8.712596083069712449e-01,-1.376091866539314879e+01
1.571989008192022252e+00,-7.154099923160265107e+00
1.341848648046344294e+01,-1.163784615515073062e+00
8.660012070697899134e+00,6.987219712192445087e+00
2.686301454662542998e+00,5.262206051185769340e+00
-1.727373487358074655e+01,-2.305686185393711174e+00
-4.139871211003524287e+00,1.206729791926924200e+01
1.143583586033611654e+00,-1.848201552808344061e+01
-2.682481662627286489e+00,-3.731704522771640775e+00
-1.104252249855805701e+01,-6.873712688857903430e+00
3.409365729525027255e+00,1.746147506392624038e+01
-5.260955626951849595e+00,-8.537118340711422615e-01
1.308117173578684067e+01,-8.939846161500282662e+00
-1.177130163012986896e+00,-1.195263863804754045e+01
4.933726699666843629e+00,1.221597407279531566e+01
-5.937530059772390345e+00,8.284651984421858018e+00
-5.370567213493935732e+00,5.607951569943484316e+00
-5.809473974137573826e+00,-1.219564585423198544e+01
-5.754588137144810212e+00,-2.587455295423413570e+00
6.865662184675006330e+00,1.016741185047669127e+01
4.414297514515299170e+00,-1.250558221073966436e+01
5.571521199026217452e+00,1.561957005414483923e+01
-1.277002351934487523e-01,-1.720758714298849412e+01
-7.022097915462914841e+00,-7.314460928785856408e-01
-1.040037308334683530e+01,1.262753683547910022e+01
1.519218474297055010e+01,-6.888618503833162654e-01
5.969560194086040106e+00,8.118202444133210349e+00
8.836027799977340891e+00,5.187820363091400822e+00
-2.579446760710298214e+00,7.456851266364652453e+00
-3.905731313708426189e+00,-1.513826849103449312e+01
-9.933648542147377469e+00,-2.446870453918752908e+00
-7.249497896952397546e+00,-9.024805278280512155e+00
-9.500565318060171904e+00,1.589262212766949567e+01
-8.831075987452532416e-01,4.677015805327057407e+00
5.339140917861192825e+00,-2.200645586629511374e+00
-6.431347551859002643e+00,1.237512353240303220e+01
-1.646299127140560259e+01,2.263046888321123884e+00
-1.054139923601355733e+01,-4.921175912627753668e+00
-9.303249454880358371e+00,-6.326031833729707010e+00
-1.153177403274681545e+01,7.676391937119451114e-01
1.086153608062140030e+01,-1.553126624116068832e+01
8.860845908298431439e+00,-7.661758681031867191e+00
5.605448678759675118e+00,-1.735545954221899123e+01
-4.426283508101509057e+00,7.418923721843901919e-01
7.982688524456934553e-01,8.177523921054092426e+00
1.115805394679770579e+01,3.057724064865591451e+00
-9.411168012287859597e+00,5.082103834021101108e+00
6.787948320929648283e+00,1.197093836998969252e+01
-9.167400735766088715e+00,-1.028702233087564188e+01
-1.722449408155802075e+01,-3.359896280894832943e-01
-9.572735914723979889e-01,8.277724870331223173e+00
2.066337531697254537e+00,1.457087977543518598e+01
-4.146518929428776090e+00,8.411916019527899024e+00
-1.845341525964422047e+01,3.038460644224231455e+00
-9.704298693612692928e-01,6.467632504689778017e+00
2.877759708447696241e+00,-5.885950435488711108e+00
5.455177786768537762e-02,-1.602876147629604064e+00
5.739872464394281337e+00,1.382910962757368445e+01
1.580997873509799145e+00,2.674879078194415394e-01
-1.112827935658410539e+01,2.499874376295945222e+00
7.143429052784746602e+00,-7.151704327284846840e+00
4.606818947815283227e-01,1.739411445258956590e+01
-8.972994285574825923e+00,-4.000926325406459760e+00
7.593306186513174794e+00,-2.360879735039969507e+00
-1.309807577156697533e+01,-1.118159935519804904e+01
8.918572763522064628e-01,-1.061516669313178340e+01
-2.409750609724915726e+00,-5.472004467096067692e+00
-1.107728628409115323e+01,-8.818813278214411966e+00
1.220133664700185605e+01,6.625832965127175456e+00
4.115104290018917754e-01,1.398335503727814277e+01
-1.205067944896017806e+01,7.041155971697735438e+00
-2.393717446053094555e+00,-8.991998746368395246e+00
2.395983322983049835e+00,3.530987989816997352e+00
1.567957041269812635e+01,-2.403975495390032080e+00
8.341567238252089567e+00,-5.716271375115225872e+00
-1.494101634195718731e+00,2.599668382912987852e+00
1.883480899617091708e+01,2.249089079336537456e+00
-6.850796453329921487e-01,1.006677821287125241e+01
-8.798988297215974086e+00,-3.833450336201710273e-01
-2.621818137844551533e+00,-1.872012335687135476e+01
-1.257952493097023350e+01,1.286701831226393722e+01
5.653235736302119285e+00,-9.608875459509311767e+00
2.710991547435664284e+00,7.041768455315651210e+00
-1.989779280271764650e+00,-7.238025295146467641e+00
1.414908037387543116e+00,2.023805528142210708e+00
1.948740844297379482e+00,1.639722658347074358e+01
1.530012990938513262e+01,-6.357810955881768145e+00
1.025068969568790322e+01,-8.286664854409179215e-01
-7.606244606968649791e+00,-1.130269356250141222e+01
1.079792211322489415e+01,1.402190992757835275e+01
-7.173318510544084425e+00,-3.721797265954779110e+00
-8.021681225831821749e+00,-1.449800286888362066e+01
-1.534323278915125499e+01,4.558737966270495434e+00
-1.350527040561363457e+01,4.774403072024364647e+00
-6.212980936296879086e+00,-1.395700538700588034e+01
-1.288528856870630435e+01,2.985717207765744341e+00
-1.165419946425766895e+01,-2.948273093953309054e+00
-4.399028192588104957e+00,-1.108817269792982785e+01
-1.128953517375062221e+00,1.184956044112550444e+01
-3.024939807121502344e+00,1.357625886264228399e+01
1.361187008820549416e+01,8.767352469384089630e+00
1.013263971750963321e+01,-1.043356577406865782e+01
-1.488313651410139649e+01,-1.092426214777588633e+01
-2.843243779859380371e+00,1.839523224234292798e+01
-6.258985173030978899e+00,8.705723517996252214e-01
-1.056615254264625214e+01,-7.481031865088035859e-01
1.315593848264691701e+01,3.279847591176421773e+00
-4.586315385289609914e+00,1.672134507430780914e+01
-1.324712032732908273e+00,1.430628375839006594e+01
1.542704216134773043e+00,-1.621785850363285775e+01
5.515318169781542323e-01,3.630879146374137001e+00
1.349191692360268036e+01,1.055076881832821201e+01
6.445139830077216025e+00,-3.747935313758963716e+00
3.070950645023181380e+00,1.063504535234506498e+01
1.004363223645086478e+01,-6.342849222920989405e+00
8.762375710209740376e+00,1.114751034462843293e+00
9.447946587211507818e+00,-2.459398395868740206e+00
1.411655533784507455e+01,1.616454456638805937e+00
4.550047799073979604e+00,5.193985111734300553e+00
-6.097771281784993835e-01,1.596206076801232676e+01
1.501829744346444251e+01,3.237620215960820058e+00
-1.669516482664751322e+01,-4.134896357929376265e+00
1.720289704535762354e+01,-1.391180370260310939e+00
8.290817757658246023e+00,-1.081668592770005866e+01
-5.087336403658516915e+00,1.360445867886567406e+01
-1.122947198449615769e+01,8.669960094545754004e+00
-1.411550581348217293e+01,7.183083980055721796e+00
-5.638484042156998832e+00,-1.569569672548024997e+01
1.443568285371112836e+01,-1.010601170418391526e+01
-2.593167913916740730e+00,-1.074074060220695515e+01
6.285705871942551148e+00,-5.527690066734469276e+00
1.442345366678193663e+01,7.040589225581284083e+00
6.231107238427213701e+00,6.362073429266447810e+00
-1.557384669117884712e+01,6.673890854999143807e-01
-6.498135852268523971e-01,1.880592788345601818e+01
-1.302102445877957759e+00,-3.670369584677070640e-01
5.019533560922651461e+00,-2.509769864866723266e-02
1.299013486392835581e+01,5.046903291130438340e+00
-7.743277646278518667e+00,-5.445768262930132941e+00
-5.643660577447868754e+00,-6.880721536938836813e+00
5.992217987474965035e+00,3.270515456750068939e+00
-6.036407369400232703e+00,-1.036067143387016998e+01
9.375445302325937647e+00,2.787815284718687003e+00
-1.113495077029856262e+01,-1.169015651037290127e+01
-2.566240280224821202e+00,4.024852138222692943e+00
-1.234679128093472933e+01,-4.592809566832264601e+00
9.084326026180712388e-01,5.471294828059998672e+00
-5.256634674169320398e+00,2.367453684959016869e+00
-3.256895806901779267e+00,5.749685977431276740e+00
-3.802652322446598454e+00,-7.676953890723473783e+00
-7.627996984167022987e+00,1.105228274610463757e+01
4.647171805723557370e+00,-6.255164762482866792e+00
6.638571989774948889e+00,-8.490950340180291045e-01
4.573551556289757514e+00,7.024279943264780002e+00
-6.393798096608069859e-01,-8.445516877949581058e+00
1.643328687699362689e+01,6.295445601518737666e-01
1.161333293426453395e+01,-7.152323565943117245e+00
-2.506767164798502812e+00,9.209552140763696215e+00
8.411747847071582740e+00,-3.946820944735395020e+00
-5.284396104380366666e+00,-8.700562041878660224e+00
-4.142986725560113825e+00,-5.734983195687050284e+00
-6.220806247889739460e+00,3.904191575967587813e+00
3.743918827781052006e+00,1.360318410953378532e+01
-6.118986566117030179e+00,1.004033833831890909e+01
-3.985556778003676470e+00,-2.253215530773002850e+00
-1.350800047335914478e+01,-3.074733336961640529e+00
-5.975983451925820589e+00,-5.065900937125825010e+00
1.838688570715405923e+00,-1.490402094946758682e+00
-7.597849071374216834e+00,5.045017502591050196e+00
-2.387378637140984861e+00,-1.684273604430664051e+01
7.106196644448576905e+00,4.739492360997600962e+00
1.125268994351846352e+01,-4.934314611157818220e+00
-1.850566038463229646e+01,-4.227366032506788329e+00
8.448779138825928570e+00,-6.672072576683224510e-01
-2.687504683136140216e+00,1.095705104810191166e+01
1.076414212728488273e+01,9.944888061579360894e+00
-1.815520646111692926e+01,1.294994218834030208e+00
1.876851937755548150e+01,-2.899449757934363436e+00
-9.814893734542479820e+00,1.166567114690107321e+00
-4.338352784983235289e+00,4.033269192548801563e+00
3.266905981759817390e+00,-3.092398682751370531e-01
1.127521205378748004e+00,1.186706520688925615e+01
-1.105329077539696492e+01,4.330792317349464682e+00
-8.087014505033067735e-01,-1.019661465959309865e+01
9.055818364750852112e+00,1.357324533595720695e+01
1.114578032148267672e+00,1.009782961329085715e+01
1.823400000930805831e+01,5.853982705850214741e-01
1.029359867625980662e+01,6.228514837712006980e+00
2.518664400237016210e+00,-4.088016432299471425e+00
4.286554420189694348e+00,-3.874355392038355106e+00
-1.281985051023186983e+01,-7.444163699491916475e+00
-1.562585566376899493e+01,-1.126622220648232586e+00
9.844855993550176265e+00,1.565348888692571627e+01
-7.474320251910157031e-01,-3.260408117662148442e+00
-4.497069094428051805e+00,-3.987946703886721345e+00
-2.037906945782553603e+00,-1.509575031243556253e+01
-9.481866954666095637e+00,8.091837347648324297e+00
-6.723653830251908881e-01,-5.011586689867703726e+00
5.667972455192536785e+00,-1.382643400821584123e+01
1.183829454893062660e+01,1.133731145587361766e+01
-6.143189778781493082e+00,-1.771924939092044227e+01
-3.996301442940592974e+00,1.504090731345789500e+01
3.288183946744586805e+00,-1.633278133213594430e+01
9.565276877559480084e+00,8.643228784108499596e+00
7.404744285022981209e+00,-8.948404921734592676e+00
3.934988085266384772e+00,-8.809456091823069102e+00
2.544930634925558266e+00,-9.977617612372677414e+00
1.549386838246064491e+00,-1.443529355500346156e+01
-1.468769467598976597e+01,2.915210310143502959e+00
7.492710481454732729e+00,1.450662972933210781e+01
1.143757884443777462e+00,-8.869667118720641952e+00
5.114360736174337951e+00,1.040868563826934157e+01
-2.690117971842415079e-01,1.349377164765766191e+00
-2.159796765546885489e+00,-2.037692128353774113e+00
-7.381003750742912040e+00,-7.197376636580036902e+00
-2.429630892652707708e+00,1.026446441428790379e+00
-1.372663989059295453e+01,-5.840403181732572335e+00
5.222640479067266028e+00,1.738073154140828436e+01
1.125402258458707472e+01,-3.001727758546322011e+00
-1.396120880267690822e-01,-6.698112016690606296e+00
1.090464616576966694e+00,-5.304510548534168812e+00
4.191987686309596839e+00,3.426171747893206110e+00
3.538488983836790336e+00,-2.175007926602011477e+00
1.436358387524716207e+01,-3.642147935514823853e+00
-1.559630386946927416e+01,-5.496677136899509541e+00
-1.345303674205394984e+01,-1.163982109455636182e+00
-8.998294588025304463e+00,-8.070353253115634118e+00
-3.273658695791519690e+00,-6.194915330805993436e-01
1.407817294499627669e+00,-1.264891257528070234e+01
-7.995323472819109156e+00,1.364099958279581415e+00
-1.572770953778842262e+01,6.423326751354232478e+00
-7.879684735860241318e+00,3.159341032214745937e+00
5.470368521815223595e+00,-7.860297341969070928e+00
-3.484381578266687818e+00,2.437388690536286706e+00
2.570079968319839203e+00,8.848064508375747650e+00
6.559383578938092541e+00,-1.120323142983453124e+01
1.482216959530260780e+01,5.244671950476193167e+00
-6.821652528546660044e+00,6.630638578237518566e+00
4.857210311362885946e+00,1.778058604819507060e+00
-9.466174591989865661e+00,1.100021630059852029e+01
7.779866185779099830e+00,8.514505009872673114e+00
-4.476155111207068965e-02,-1.543935489511227566e+01
