-1.186975452711195622e+01,1.129832393837683302e+00
1.883257286891228688e+01,-2.343302561968729325e+00
1.033418642756300265e+01,-9.180176178329308101e+00
-5.003628259774958731e-02,1.405000229383808374e+01
-7.734525340705047380e-01,-3.383700961852083022e+00
-2.574339905796385608e+00,1.403295341131190810e+01
1.652325835988270697e+01,8.693660740145210397e+00
1.172560674762314648e+01,-8.047350399644017216e+00
1.599546866671269774e+00,-2.975488265087506079e+00
-7.147063978026605646e+00,1.215460071635422423e+01
2.203574896497887181e+00,-5.597733566160305152e+00
1.491608437720128322e+01,-1.588787714197734235e+00
-3.338374145769813062e+00,1.011754809127699328e+00
-5.175441287221117292e+00,-1.098730656665777161e+01
7.531903022704385720e+00,-1.564999157363302729e+01
1.020237424613477994e+00,3.169530815489521647e+00
-2.411143101530646593e+00,-6.691270537660868101e+00
-1.091296825899063805e+01,-3.196980578716945853e+00
-4.161257400739247991e+00,1.502556935221320877e+01
1.673730565780104040e+00,1.721405894239591916e+01
4.421124604153186866e+00,-7.841632736183012931e+00
-5.189167860641851426e+00,-2.241555086855067380e-01
-4.392445245129882103e+00,-1.845972308930654648e+01
-1.113384668003013900e+01,4.727845206109730469e+00
1.339001871239758401e+01,-4.796569237660177620e+00
-1.298731597403289406e+01,-9.704281875099166399e+00
-3.250261261979474625e+00,-1.522455586339219558e+01
-8.236236862663163905e+00,-8.573094152997162709e+00
9.382086639359737745e+00,-5.641170686156454117e+00
1.394262173859675613e+01,1.059005594441756593e+01
1.292193543000710498e+01,-1.345538747019133341e+00
4.986650765100736571e+00,-1.089167246992067106e+01
3.061877306219478179e+00,-4.055200766181062733e+00
-5.008961610197162351e+00,1.675859445081702148e+00
-1.153530776888700338e+01,-8.672096478530319175e+00
1.169371021603699212e+01,-1.035205822415947807e+01
5.919965565866879054e+00,-2.259545472359562268e+00
-6.682377428113277951e+00,6.490753105312333737e+00
1.062080059348834027e+01,-7.180763569028725257e-01
-7.594567696198152973e+00,1.522593766297123175e+01
2.946297814266352955e+00,3.933001920491359105e-01
-3.237584614659354987e+00,-7.800258970177504914e-01
1.265279377468716326e+01,2.420978159332655366e+00
-4.898407698564654744e+00,-1.453115417266792342e+01
4.186572629946249680e-01,-1.599679323341928061e+01
-5.390115617197224651e+00,-1.277324859535689860e+01
-1.337819255619947789e+01,-4.011891697513053856e+00
1.599885883828354416e+01,3.227248617831406374e+00
1.108162857540041379e+01,-6.337900916217114933e+00
-1.756379177415753057e-01,1.094306954676789090e+01
1.411025129615140017e+01,-1.076775364068735463e+01
1.290326578363230059e+00,1.341991201231642394e+00
2.742458391521391814e+00,2.439302710159465981e+00
1.062054514435064689e+01,9.011334091915500721e+00
-1.340420797079340809e-01,-1.404569343059911013e+01
-1.248739863064348699e+00,5.618198279087750713e+00
6.201380925530357580e+00,-4.023026552003566181e+00
6.767357854563383235e+00,1.597044477206253354e+01
-1.087826558921346454e+01,-1.120470571525395087e+01
8.330311552362368310e-01,1.559610908833179188e+01
-1.132694795026623735e+00,-9.496751089801392709e+00
1.816318596107787120e-01,-1.901546463889782768e+00
-6.469877227237377681e+00,1.377715205410271260e+01
-1.816509027533213327e+01,4.847986902519245689e+00
3.287381675005946136e+00,1.212063441526745677e+01
-9.556204709165221800e+00,5.579674990382522459e+00
1.480794362469418424e+01,8.261736015827992219e+00
-2.361521243370282352e+00,9.021404623317643257e+00
-9.619927706873905304e-01,-7.720427064101405890e+00
-1.520298865313043102e+01,-4.526449789393727663e+00
7.290712601102153911e+00,3.383182696806428247e+00
-1.028889844757150840e+01,1.363956967895537886e+01
-8.106853431180027769e+00,-1.316421383892275898e+01
4.524184141232317380e+00,2.781742603788415202e+00
-3.175023277243740782e+00,1.225458214477448848e+01
-7.992688224159107513e+00,3.326188689555524824e+00
-9.194668665826736031e+00,-3.566354523010474065e+00
1.644577885530479788e+00,-1.446420176785932021e+01
-8.631827656032191598e+00,-6.745668004380538818e+00
-6.022867306721373382e+00,4.837772701040794487e+00
1.863334152500488372e+01,1.028435028137205665e+00
-2.808791943693532467e+00,1.620643827877798415e+01
1.147470647589213755e+01,5.774156022388617693e+00
8.442690731680015048e+00,1.667507618710257233e+01
2.029178583807505820e+00,-9.427361071212065013e+00
-9.246636902291811566e+00,8.962072287498049405e+00
9.161046685106342125e+00,-1.756739498502902341e+00
6.252045583794232364e+00,-7.386123569322068150e+00
-9.695477737136467766e+00,-9.809541358263393462e+00
1.684014316710735670e+01,-5.194251353752366462e+00
9.242960457508326400e+00,-7.749862057243472435e+00
-1.109422095045987433e+01,1.143930561510538446e+01
-2.030005191160736633e+00,-1.701433460712695833e+01
-5.449615808584774790e+00,1.162654851609829443e+01
3.797602668271855997e+00,-9.507180529169952266e+00
-1.430097185764466650e+00,-1.523644576568339737e+01
4.745389532592708681e-01,5.145703331427484706e+00
2.744943241284787838e+00,-1.104701470537239416e+01
-9.454970549399989821e+00,1.072878086898051819e+01
1.078248177857592793e+01,2.430031160501710641e+00
3.779224310646932761e+00,1.384587171881955214e+01
-1.076221929289088486e+01,-1.304752106785788968e+01
-1.250960643016797036e+01,1.265667769248892505e+01
9.110067401384581487e+00,1.029640365453036566e+01
1.499031635297175136e+01,1.643317954991669883e+00
-8.985795377546635265e+00,1.243791023929397177e+01
1.234982348993047907e+01,-1.354730179894384179e+01
-1.449215649455128485e+00,-1.150781889655184465e+00
7.834478599139062638e+00,-2.962056788363636617e+00
-3.845862710330799406e+00,3.067536839709886110e+00
5.226904324397080082e+00,-1.537709747374345604e+01
-3.027949487768736958e+00,6.229494146481273198e+00
-7.814228396695086509e+00,5.132886366713896642e+00
4.467610576845967962e+00,8.863891084965402456e+00
-1.465137207806225739e+01,1.023643571104173233e+01
-7.205470010620962817e+00,-1.002630664832565444e+01
5.552996801710551544e+00,1.376282744396427837e+01
-1.208274563684419656e+00,1.540052161353930771e+01
1.333989616900101893e+01,4.236214738867992047e+00
2.505667875318738247e+00,-7.349460641042472986e+00
-8.034387936514226780e+00,-4.993812127961656522e+00
3.533867516938652198e+00,-1.425425653478524168e+01
1.496963023158176309e+00,1.173126122785421188e+01
-1.390372951681082547e+00,1.248741778540610348e+01
7.810262724679747137e+00,-4.764065038919967243e+00
7.843796761135137796e-01,-8.139183203093567798e+00
-1.435065381506054294e+01,1.146450115771517793e-02
4.394087949417642136e-01,-1.033394927647636230e+01
6.380167338048493342e+00,2.730684789870749807e-01
1.161485016588983221e+01,8.837653464915288248e-01
1.408349535523834639e+01,-1.255154996992514782e+01
4.631027359447043246e+00,1.838400650102847322e+01
-7.317052841777937910e-01,3.783360027564603101e+00
1.284266242254488866e+01,7.044955570120395194e+00
-1.343818623870519247e+01,-1.654186069113146917e+00
2.196895711325163258e+00,4.529542276270897005e+00
7.936230056268144928e+00,8.855926244257958047e+00
-1.830160858994663298e-01,1.717537686755159498e+01
-7.827773784669467716e+00,7.870912110675035933e+00
6.248018037246002576e-01,-6.380466356199281819e+00
-5.534635798759796721e+00,-4.791961293092177776e+00
-8.029330639904742384e+00,-1.721940082956306384e+01
-9.920762656703468352e+00,-5.440278532068321127e+00
1.284175929398467098e+01,-6.497322239527684395e+00
-6.267470628026901913e+00,1.651933629593699493e+01
-6.914656970546485759e+00,-1.566836929891413632e+01
1.501271028772792171e+01,-5.516505054549352138e+00
1.778078430770472096e+01,-6.691842759509371241e+00
2.676162694437662637e+00,-1.501651165515539788e+00
4.592780184446089820e+00,1.019268111526836273e+00
-7.185041996792038255e+00,9.591553382838252872e+00
-1.279453728504171117e+01,1.084362974218025499e+01
9.429962696259440946e+00,-1.287653371808793779e+01
-1.598660291216514651e+00,6.187357085295381864e-01
-1.145869626672623909e+01,-1.148920104785740914e+00
9.511267116107411823e+00,6.263361754026910866e+00
-1.011126371747163155e+01,8.625026626646326022e-01
-6.692588212491331845e+00,9.480214453212132408e-01
-6.892496855749232765e+00,-1.180579285596206418e+01
9.625449576435620713e+00,1.403787053677626595e+01
-2.467732121013473279e+00,4.245345208316416930e+00
3.186034564331725161e+00,1.032924204346935859e+01
-1.100526380586418718e+01,8.957826498201070464e+00
6.131874912265193878e+00,2.049360203088940846e+00
-5.402020838983807138e+00,9.794554050331312212e+00
-1.015739399831105727e+00,-5.596627817014672601e+00
4.134977482515253655e+00,-2.580290854754846208e+00
-5.233379026061953709e+00,-6.565708475544981937e+00
1.775240227319046582e+01,2.668949604871914350e+00
-1.168969464783864787e+01,-5.485005281256594145e+00
5.765222703156910988e+00,-9.259979095363638280e+00
-1.281985847337061024e+01,8.952027929673164408e+00
3.812568192609380735e-02,6.869127302374208099e+00
-1.312630171674590507e+01,2.352341747146623252e+00
-4.081510477863448116e+00,8.334585146478188378e+00
7.873091689779544211e+00,-6.606785155609827598e+00
-1.261674480130057896e+00,-1.125649582090484202e+01
6.284614428260028696e+00,7.940281177285664072e+00
-2.379634106457011899e+00,-4.311735744044603358e+00
-1.376593059123015017e+01,5.184803680224947087e+00
7.485036067749210709e+00,1.113821092811341806e+01
1.132597022532301523e+01,-2.325565946881440915e+00
7.875020560801915259e+00,1.449520310094369258e+01
1.452801195124770750e+01,-7.361717218236032423e+00
3.482913804650968892e+00,6.277636142819046583e+00
3.455244666106478402e+00,1.701824787304944309e+01
7.853806068998121503e+00,6.993003954145053491e+00
4.767867609068159318e+00,-7.632699714895277987e-01
1.051148702584730010e+01,4.239668098877704239e+00
8.626855408739753983e+00,1.071404259648819079e-01
-8.669908088691705927e+00,-3.534387064073962748e-01
6.267296787836191818e+00,9.756356097715293885e+00
2.048906714772037230e+00,-1.762822167823820507e+01
-4.714263420732974552e+00,1.334832389414068921e+01
-8.440424654808600380e+00,1.485597229995723412e+00
5.729970683651573360e+00,4.180489402877052285e+00
-3.731266564193258084e+00,1.052567420072651139e+01
8.107472712694681505e+00,-1.081130640775606899e+01
5.629748205696919250e+00,1.179183249554978552e+01
-6.263867160525718347e+00,3.008110908268501582e+00
-1.717581925293344369e+01,-3.555134275353419415e+00
6.233339936436792073e+00,-1.702397296223458767e+01
-6.124550528358340351e+00,-3.021504534328482539e+00
-1.017399904394920718e+01,7.281451916106028932e+00
-1.498113087253628528e+01,-2.583019529495926392e+00
1.730682427678609159e+01,-1.326178725656961710e+00
-5.835664947412976922e+00,8.069111179100948661e+00
-1.940056962622348724e+00,1.075406651936501490e+01
-2.652799551119141785e+00,-2.571819090111239436e+00
1.372401489889050730e+01,-2.995640487498213211e+00
1.106643844577782154e+01,-4.101076129773041146e+00
5.215380569271975020e+00,5.990787998118046964e+00
1.241461716285883199e+00,-1.204257078538139680e+01
-1.529045151938854019e+01,3.423998246531500644e+00
-4.812865005360039028e+00,6.571372674440628003e+00
2.719121796224058585e+00,-1.588448012785263153e+01
1.408997972708531066e+01,6.905147319495982816e-02
8.745406429828680217e+00,4.593058232282758446e+00
1.319248052236687663e+01,-9.213625419887499390e+00
4.952984099443773047e+00,1.593425574638257025e+01
2.695425310817990638e+00,8.584016988129201664e+00
2.732155625771262919e+00,1.540918440321863159e+01
-4.081568902153398959e+00,-3.736138512696664193e+00
1.220963749486300998e+01,1.001431957140311901e+01
-3.955770605362750381e+00,-9.541941867628434437e+00
-3.731686236560725956e+00,-5.533909623921985599e+00
-3.778467120728933981e+00,1.779953106429495335e+01
8.919431718696314348e+00,2.700168106537322643e+00
-2.210977266432684551e+00,2.437308275149449699e+00
-1.486675379859988588e+01,1.699963085996488488e+00
-6.907055277843577201e+00,-7.244026722189341072e+00
8.840304147150177982e+00,1.230480698409838958e+01
5.663413726014162819e+00,-5.717331762533860662e+00
5.125390680696176204e+00,-1.327880813761502488e+01
-4.232709344288659636e+00,4.904917615974341061e+00
-1.662115863283073480e+00,7.344051005829206780e+00
-3.402024844804663051e-01,2.023878529045606278e+00
3.952549530362641672e+00,4.496786754389934693e+00
1.291170154522288005e+00,-4.296034506104339790e-01
-3.959537471120246011e+00,-7.783636687913571883e+00
-7.795832463969274428e+00,-2.403187351091621071e+00
-6.906183558960943714e+00,-8.361045209349164953e-01
7.367925673656533725e+00,-1.237716226343806403e+00
7.493471532044654992e+00,-8.709571284301960148e+00
9.686277016355571590e+00,-1.478747838380259694e+01
-9.206994784204951543e+00,-1.178757743720020024e+01
5.613229079015260581e-01,-4.543199132971929011e+00
6.422767048046346794e+00,1.785244853845860291e+01
-9.741728012551769567e+00,-1.790983235946724372e+00
3.877950271312893271e+00,-6.125434669943128796e+00
-1.204937822774419942e+01,6.981595225285532891e+00
-4.558941690120174250e+00,-2.032140468758699914e+00
9.909110626889106044e+00,-1.090338334090849592e+01
1.861682739589280322e+00,6.997090809470983608e+00
1.393174323693967098e+00,9.900187789048688458e+00
1.505537503843356006e+01,4.722276785608860550e+00
