-4.458817289033325082e+00,3.259550862464401622e+00
6.276837425091759570e+00,4.303709077238728753e+00
1.346596692280877328e+01,-3.048885389422458125e+00
-1.092306003087025879e+01,-3.212351378930232926e+00
8.352742860200265795e+00,1.035761723995505434e+01
6.216855807082039220e+00,-7.064003703848134919e+00
1.382239033554456498e+01,1.675318652994424840e+00
-8.686639273493099722e+00,1.464948941895891465e+01
4.516753513569608636e+00,-6.432414356768020980e+00
2.313745972801491302e+00,-1.563941898802113961e+01
-4.890976228091207467e+00,-1.092771853269496418e+01
4.748201035145574345e+00,-2.204799522147421253e+00
-7.183635637244107031e+00,9.657673539663322870e-01
-5.787225562679998880e+00,1.328878689417242143e+01
4.205233498832928518e+00,-1.185159547646794564e+01
6.705094271699974406e+00,3.952369435631233330e-01
-5.490659964594628129e+00,-5.677727225801526778e+00
-4.169715617009401853e+00,-1.645026263744827189e+00
4.063143103890655361e+00,1.000928724360289479e+01
3.011019297881597723e+00,5.559104907672305806e+00
-9.162669604847524241e+00,-3.539234132732325566e+00
1.986147815351173573e-01,-9.452970948425086561e+00
-1.330209126024051969e+01,8.006882135651553156e+00
4.297303738562762376e+00,2.814665831023396958e+00
-1.038875020958237094e+01,-6.362108295067663288e-01
-4.623523719681617017e+00,9.452109033394380688e+00
2.744679100801068472e+00,1.901411987579505469e+00
-1.282255298463276239e+00,4.124914195521662830e-01
6.011830862731204483e+00,-1.597806789835940755e+01
9.370658138249227775e+00,-2.400341596758035490e+00
4.096099198623602611e+00,-1.543468070549920945e+01
-1.516589977074652928e+01,-2.988567808728844977e+00
7.858566636317279475e+00,3.377115911637661227e+00
-1.378027041917256224e+00,-1.035780477757129425e+01
-2.203188139692162206e+00,-2.757908082605471822e+00
1.288906493561852784e+01,1.189650280888140088e+01
5.203694211045625018e+00,-1.038492776261416672e+01
-9.879875214485387414e-01,-8.036993575721837146e+00
1.467773343837178501e+01,7.273061312017222058e+00
1.691589870651701943e+01,2.542710006144665691e+00
6.257729444092772653e+00,2.461657663507105021e+00
-1.186169427833480405e+01,-7.928729813877506416e+00
1.141337710577468023e+01,5.747219590635485043e-01
3.553568000726266440e+00,1.244315900585979584e+01
-1.192611161073023673e+01,-1.732928217316424435e+00
3.159384508517251167e-01,1.572658478626517820e+01
-8.334542388203120211e+00,-1.113931448635640464e+01
-1.449004716784833491e+01,-5.464296715587824593e+00
3.026942278072410897e-01,-1.128320662729375989e+01
-6.977573788055855708e+00,1.539912547429136325e+01
-9.259304264864443468e+00,3.784340035591379436e+00
-1.432113457445552207e+01,3.820374166763738977e+00
-1.619916104987451533e+01,-9.546522671948208805e-01
4.266708168309850890e+00,-4.644741783093608301e-01
-4.453519902320231871e+00,1.175798039455098420e+00
-7.466707559628852131e+00,3.378387067177354819e+00
7.029487721327288163e+00,-5.492595152342361509e+00
-3.939180879912112854e+00,-3.394138034191068520e+00
-2.700197692428701890e-01,1.403748990365317262e+01
9.650961340171187786e+00,-4.278173089743775748e+00
5.096250575243542968e+00,-8.487186774583213023e+00
1.391246377208479679e+01,-4.921749191069431539e+00
1.523797452907833083e+01,-3.482623258361595031e+00
-1.154282014147318591e+01,1.272254657282469026e+01
8.488516835530049320e+00,5.096691753203350217e+00
1.134160372875370371e+01,-1.088679592947913832e+01
-1.880785608000227427e+01,-2.199989559041547249e+00
-4.294285048122024939e+00,-1.821990305018331213e+01
5.667135865263286831e+00,1.658156524111170071e+01
-1.428921397674320737e+01,-1.083006804150008762e+01
-2.075857271312563590e+00,-4.617385501222996957e+00
1.214413471705225334e+01,-4.287840381497577624e+00
1.015471151315846088e+00,-1.359206470543647605e+01
-1.180585683939361985e+01,9.678719228029343924e+00
-3.933652853962580132e+00,1.114122999185073937e+01
9.810286155716291034e+00,1.374043263812428695e+00
1.421397330211544308e+01,-8.946797331381015184e+00
-1.033104818739393638e+00,1.142045392697175998e+01
-7.102504402442302300e+00,5.605988463454760762e+00
-5.952014031209680311e+00,8.213263442349258980e+00
-3.229181846765498687e+00,-1.023228713516486899e+01
1.084602718561504098e+01,9.371974108473963838e+00
9.965782621783450423e+00,1.107417203400225780e+01
1.477047384117777895e+01,5.376307897061316510e+00
-5.137245910993463838e+00,-1.475808913568719483e+01
8.128447703531749724e+00,-1.230579174342805260e+01
8.354100445852539636e+00,-3.982004511435529026e-01
9.705431706245750689e+00,3.213510409710863769e+00
6.465536644721756154e+00,-1.168818953168977082e+01
-5.923774172514602476e+00,4.256321355120563865e+00
-1.187446444945726398e+01,6.407785621729983561e+00
-8.660820989804848935e+00,2.057312873282499677e+00
-1.365237038953853066e+01,-7.605297994211299262e+00
7.379121467045584026e+00,-1.724913467509360032e+01
-7.380676310163733156e+00,-8.280374294555580272e-01
-6.117192327319016520e+00,-7.638589683638738137e+00
6.342216120608072494e+00,-1.357309384001559760e+00
6.864361970795014756e+00,6.025868907603393332e+00
1.003732824198517282e+00,-5.420411635499769787e+00
-8.922800481594986621e+00,5.552043098894604789e+00
1.018098354098080272e+01,-7.485827861308440578e-01
6.726358225649994083e+00,-9.498258244034330389e+00
1.068959954172641069e+01,-5.786913392203465456e+00
-7.550231443400595488e+00,7.381865312826271008e+00
-8.870566680853753994e+00,3.215771975138035921e-01
-8.813370020105910640e+00,1.286471840810936662e+01
-1.161234247934915231e+01,-1.415363190950282757e+01
9.578398491181566499e+00,-7.729656402507920632e+00
1.297800134714709941e+01,-1.345586661699134323e+00
-4.223598571656458134e+00,5.101992634165205764e+00
2.727106912193711263e+00,3.793920623539195791e+00
8.716394870561938291e+00,-6.046647802642812763e+00
-1.427665466207274747e+01,9.793742599363932655e+00
5.097812911562080274e+00,6.315050554948487438e+00
-8.272141456282793293e-01,-1.584231784235856200e+00
1.380566425609129455e+00,1.757024835052368417e+01
-5.946171794983889036e+00,-1.911121964302433529e+00
-1.045095451677209653e+01,2.182384030312974676e+00
-9.505061239144583229e-01,3.836108959941994190e+00
4.900127375625316084e+00,1.490667820365721141e+01
-5.911004801920191731e+00,2.210833839806589207e+00
-2.436206282321839112e+00,5.085486797291361327e+00
3.415998475865677175e+00,-7.822967955565093945e+00
6.285514634140266566e+00,-1.411389702069218011e+01
-9.454076827209982881e+00,-6.576738696446454924e+00
1.285740117296155560e+01,-1.190262273001370197e+01
-2.757826809791334988e+00,-8.474668374228196299e+00
7.780882926855006154e-01,-1.657741841834333840e+01
1.071371205531511217e+00,-8.502437853439795967e-01
1.055244784653084444e+01,-9.223917327547345835e+00
-4.375144627953834409e+00,-1.635491609282727410e+01
-9.387999990383315563e+00,7.255541270287360511e+00
1.861851536492753922e+01,-8.302389508909508997e-01
-8.903318754871458296e+00,-1.752447181484343863e+00
-2.658414107243811664e+00,1.496261384628370106e+00
2.385218593348352734e+00,1.379500766830614822e+01
-8.602467401463028907e+00,-1.448217268664989277e+01
-1.436939181892815753e+01,5.808020304738001904e+00
5.194639175636170947e+00,-4.814104243870167110e+00
1.236361607407574859e+01,-9.035307535507724808e+00
-8.973940732553826294e+00,1.070159199655747528e+01
-1.700331336058256682e+01,-8.463654008316030541e+00
1.596580125527599670e+01,-1.005028873269732337e+01
-1.504578756269772377e+01,7.558408990714081455e+00
1.167657187958251086e+01,7.780761095091073720e+00
-1.308292388708257192e+01,1.118961627972380768e+01
-1.265917625075120867e+01,2.077792610137188412e+00
-4.401246455073755115e-01,1.738230341922003319e+01
1.341488629220718032e+01,3.986113008848553907e+00
-1.180098848015032331e+01,-1.006866656238151769e+01
3.749626216056396899e+00,-3.776633173711678726e+00
4.440973226065181301e+00,-1.368388158720063252e+01
-1.150257430714681028e+01,7.507031933690894165e-01
1.323396797823164883e+00,6.195781689773175671e+00
-3.302668190801654635e+00,-1.204841796608563520e+01
-2.329558077446984843e+00,1.018853326996655362e+01
-9.984230260220208208e+00,-1.327349583666619637e+01
1.259645025960987752e+01,-1.375675487080622972e+01
1.381996014350073665e+01,-7.022332679369161390e+00
-1.368005363468395785e+01,-2.018939624750328399e+00
1.624820643925971808e+01,4.291992896004506619e+00
8.061360013641278854e+00,1.564847904526057265e+00
-4.155928152182865709e+00,-6.967560550109312523e+00
4.018293938078906086e-02,7.535440390596904514e+00
1.913925886564145085e+00,-3.854393039369352625e+00
-7.094512462716046075e-01,-1.751221309738989973e+01
-1.100637561515727647e+01,4.303139683336085319e+00
-1.443245027395513080e+00,-1.211091127452929328e+01
-7.452151639718232801e+00,-4.164031558968084745e+00
1.429541324589955664e+01,-1.078648005173347713e+01
-2.617578200395790589e+00,-7.511319982090864933e-01
-7.413357381681905389e-01,-5.837663121242973041e+00
-1.736604615109707650e+00,7.305487831225208950e+00
2.791175579467624512e+00,7.385045088005320224e+00
-1.001634217175700314e+01,-1.035133933964664799e+01
1.274334951251199932e+01,6.313775224775686645e+00
5.692414755475738275e+00,-1.811812347632562492e+01
-1.600532286522906844e+01,-1.020731245537828791e+01
-7.963913009876419480e+00,1.722016431943989545e+01
-5.579117484561584295e-01,2.116053397289966220e+00
9.384900211685219817e-01,9.940319008194348216e-01
6.515468041919266540e+00,1.205311120883098219e+01
7.057424162198450368e+00,1.544675024871021485e+01
3.464104235888154637e+00,-9.662194300698303095e+00
-5.757164213137250464e+00,-6.875202674045631512e-02
7.698931005375895253e-01,1.152387919359325252e+01
6.115835052372399216e-01,-7.178871378679017035e+00
1.134100343501397923e+01,2.364401466263510443e+00
5.027518800003614174e+00,1.830564563618503371e+01
7.879995076057480397e+00,-3.746940984487313830e+00
1.684588863798876446e+01,-6.886829545760569937e-01
-1.257788248160952094e+01,1.423225444389496985e+01
8.763585665706745687e+00,8.607531076048903884e+00
2.995730581797503511e+00,-5.397644080863028826e+00
-3.114870723303197586e+00,8.482008511798619921e+00
-2.594410375565313842e+00,-1.753858642864734918e+01
1.452040864927516317e+01,1.114654889453152364e+01
-8.015285539787466718e+00,-7.684320984511221475e+00
2.471288311205500854e+00,9.120105545850607953e+00
1.825700014702129836e+00,-1.035091854240922160e+01
1.777858210154246876e+01,9.449068229702625166e-01
7.078970646643248266e+00,7.899463087505433911e+00
-2.289661960213706049e+00,1.274552933019825929e+01
7.493803269463542582e-01,4.503361011914002177e+00
-1.668032283554305195e+01,-5.147288175408091249e+00
-2.467979150023076329e+00,-1.367573475644578451e+01
5.011015595958127733e+00,1.152944972119055000e+00
6.166896276593427650e+00,-3.316816238115223747e+00
-5.628301454038521889e+00,-3.901344992805239720e+00
7.772981766999846442e+00,-7.946782186813780235e+00
1.227349657573015840e+01,1.359799483316534641e+01
1.529254603329100171e+01,-1.639966865597628942e+00
-1.445011879168056446e+01,1.830829920590542503e+00
5.168148466663430085e+00,8.127879118473655851e+00
2.592414910426283026e+00,-1.825262366144744242e+00
-7.324583775413844755e+00,-5.932879974652022881e+00
-1.357593761198597626e+01,-3.828686401989342070e+00
-5.439700726601748748e+00,6.458803488642137047e+00
-1.072390564046099826e+01,1.115442101879866144e+01
6.293965062286448031e+00,9.529965549494180621e+00
1.147509759967306975e+00,2.769010551442868007e+00
4.546515803576044235e+00,4.636094176564640179e+00
-4.117423381867219234e+00,1.731506303147191161e+01
-1.523271335122766246e+01,-8.475029363188610887e+00
1.557188356096453319e+01,-5.754842722748936268e+00
-1.709188018372345752e+01,5.151952708442617990e+00
-1.506647575532915262e+01,1.146250297446299271e+01
-3.973037827898667107e+00,1.329602937086467307e+01
2.960439252380791864e+00,1.545824674618940975e+01
-3.769041640727723852e+00,-5.253641445762241347e+00
-1.010917139120523878e+01,-8.535313984179694557e+00
1.445579501460739991e+01,-3.031814297937780039e-02
1.087596222751663966e+01,-1.303889494898087520e+01
-3.462539749770634501e+00,6.740449455943208434e+00
8.734792342127585485e+00,-9.471448648859764674e+00
-1.585444947873100219e+01,-6.753166854349677450e+00
-7.540760164383855102e-01,5.689721992813823626e+00
-9.622808995552988021e-02,-1.497228389283605487e+01
-1.029100564386866878e+01,-4.949050899102548584e+00
1.000385082807951953e+01,-1.612250964150042520e+01
6.770677340322429627e-01,9.748717282764628678e+00
-2.698152409679066555e+00,3.344549837699745343e+00
9.526175841578911729e+00,1.442836785951869061e+01
-9.477501468155026254e-01,9.028689293400883997e+00
1.779526539095164672e+00,-8.532181176285535074e+00
6.329790265332800869e-01,-2.564840951161384108e+00
-7.701701620654669789e+00,-9.487863800586747942e+00
2.463481981980604640e+00,1.098019189701112452e+01
2.402084396175669045e+00,-1.202195471834949814e+01
-2.392944395506289013e+00,-6.721440233294319277e+00
-8.449033838284858433e+00,9.017276828345643480e+00
7.831264520999653200e+00,1.350274802542106478e+01
2.523908090327643627e+00,1.423946276357833940e-01
-4.517061114177758796e+00,-8.770660549902808967e+00
-1.271362357046530711e+01,-6.072396563848971418e+00
-3.312793050785866056e-01,-4.121572069750708778e+00
