-3.969844004551966510e+00,6.828823637761781917e+00
-1.150679460490775741e+00,-1.726931849418135911e+01
1.195095331471090994e+01,-3.459917368133460958e+00
8.238682712074341552e+00,-6.016062098002508129e+00
6.822374902863646007e+00,-4.950928545201485953e+00
-9.656255018492386100e+00,-3.842988507296620337e+00
-5.328231075677456019e+00,-2.883962103780052466e+00
-1.692214315971479976e+01,-5.484973550400583653e-01
-1.290424012695543965e+01,-9.575141088303135817e+00
-1.788903013346874005e+01,2.742992528937195029e+00
-7.374710656521283880e+00,1.717460262488570066e+01
9.565211838358237628e+00,1.281678657080760075e+01
9.919280622588425800e+00,3.832434921928063787e+00
1.507142725420214724e+01,2.223029362035714218e+00
-2.513104055534876480e+00,-4.791305883538629296e+00
2.031098275329794589e+00,1.241564732327359799e+01
-7.982059654451524544e+00,-6.346591328208572413e+00
9.463388519718213487e+00,-7.335209612736919738e+00
-1.574257541934996141e+01,3.853807018970988096e+00
-1.374933268630545946e+01,1.054062753266489594e+01
-9.861896761219703933e+00,-5.904426883529658276e+00
-4.421119549096726331e+00,-1.553269585644224726e+01
4.104700670787162053e+00,8.380345108174333646e+00
-7.955920113867246179e+00,-4.573358815845718794e+00
-2.794262606572749608e+00,3.624814243029540695e+00
6.045954457624107548e-01,-1.685539409764888319e+01
1.668143602176346363e+01,2.984188836861113803e+00
-8.042737392392799833e+00,1.200145166997567570e+00
1.138366616656476538e+01,1.189480806582398742e+01
-9.012057078989169412e+00,2.679662213451945885e+00
8.326416276367922364e+00,-9.747036759596996447e+00
-8.379825051880578357e-01,-9.723317599518852106e+00
1.268953007461297844e+01,-1.737501279762671880e+00
-5.486109469871210287e+00,-7.926975833402562621e+00
2.771383116871998009e+00,-9.444447874222577255e+00
2.624762464802362860e+00,1.691792006119457525e+01
1.005030759887544001e+01,5.633590319274915714e+00
1.080970938802518866e+01,-1.983309128061649940e+00
1.244932144266532870e+00,-1.645713675960413847e+00
-1.451481140274906778e+01,2.580641830625303168e+00
1.264169315828125484e+01,-5.936563803295231700e+00
5.930852241374316769e+00,8.340730639634658772e+00
5.954932018853095421e+00,1.274331436436278864e+01
1.023881495208096482e+01,-1.476961511960884899e+01
-1.530843456684481829e+01,-1.422542422962393971e+00
6.803052830322513955e+00,-1.605469675415756825e+01
-3.733271545865822105e+00,4.690849611655318330e-01
6.883615427548092747e+00,1.500718135835139933e+01
-2.471721705867880203e+00,1.835922091802782319e+00
1.458172868194919580e+01,-7.087025829258568166e+00
-1.594290421604098640e+01,-3.074633126661767246e+00
4.651868370375205508e+00,-9.576004212010809979e+00
-1.010882053298417738e+01,1.515276895321821016e+01
3.606678959772184445e+00,-1.106413898873038271e+01
4.476138741684416722e+00,-2.236426961826656790e+00
8.211965470295220726e+00,-1.710546030947168461e+01
-2.947277317472509317e+00,-1.248609478660077698e+01
1.060897208722885132e+01,7.400677733200592634e+00
1.454913527297716058e+01,6.539949582610362633e+00
3.113205339157760321e+00,7.651883198238504935e-01
1.104868027657802720e+01,-9.956613553147340312e+00
5.000760046585831731e+00,-7.727304629557846027e+00
-1.742372332866196416e+01,4.449951430452681045e+00
6.063911134893646526e+00,3.605033733743832958e+00
6.067173695338147432e+00,-3.299470911831585695e+00
-5.592029315283305380e+00,1.480346302617233878e+00
4.926978641988259078e+00,1.789934781123301377e+01
-4.384354792238993048e-01,-6.369231034173689743e+00
-1.683163413042075973e+01,6.135718116659019117e+00
-1.178837110434943547e+01,-1.130156742177210027e+01
3.635702507173878217e+00,1.336375167450642998e+01
-1.899336363837566921e+01,-1.956302181079641045e-01
-1.312179979338735158e+01,-4.924222234980161872e+00
-2.516263464164825159e+00,9.854477000529403341e+00
-8.798598771509725580e+00,1.338288871877983688e+01
6.636311548505376301e+00,-6.750328157869001089e+00
-5.723926057109143262e-01,-1.222308089304382062e+00
-1.349511197682325658e+01,-1.248039219505377329e+00
-1.053641898990534287e+01,-9.450134925849127399e+00
2.272653152354107586e+00,5.392901074579413034e+00
9.590735717765602075e+00,1.597511035735188578e+01
-1.525208193791395850e+01,7.008535590816482141e+00
6.079934311506742795e+00,5.368441547937095493e+00
-1.172314298727527593e+01,-6.369113624943398833e+00
9.747860762142972035e+00,1.100056367815111891e+01
-1.513711256735149568e+01,-6.435775679113564962e+00
1.237279076902852104e+00,9.840859504958913817e+00
-6.757788909582783887e+00,-1.774264352120901167e+00
-5.416922679320616218e+00,3.789393365086427767e+00
4.023702286927334448e+00,4.885605253710765261e+00
-1.450910325787689581e-02,-3.002051316734370090e+00
1.466895980356805129e+00,-3.963617224120179916e+00
1.350207910095887920e+00,1.856399855259040499e-01
1.522364447625682793e+01,9.288475056320617540e+00
-1.369783369665007022e+01,-1.316286810877830504e+01
-6.908816235889449153e+00,1.385810276004960429e+01
4.795200589323568074e+00,1.310974370290467927e+00
1.252862067498227638e+01,-1.096636171245298996e+01
2.927998135198242924e+00,1.074718869536109622e+01
-8.201766517131421352e+00,-6.185712580505859925e-01
1.434236250200547858e+01,-1.088208858938282297e+01
4.927662338202035919e+00,-1.638127711189740054e+01
-7.288019945453933168e+00,-8.026963254789547975e+00
1.111339583613235327e+01,-8.149962910234636482e+00
-1.262574724159123107e+01,2.500368188038772921e+00
3.544204225052272950e+00,-1.748714095331036233e+01
9.653300685075425491e+00,2.241116550326782975e-01
6.628017810334111637e+00,1.003487249593461073e+01
6.786357435490217860e-01,3.344854149282541655e+00
-9.073054673664605829e+00,1.669235033241127297e+01
2.468780817417852713e+00,3.598094355688377988e+00
-1.184051872514962866e+01,-8.129697075685959007e+00
6.917276553527501370e+00,-1.680430250497452871e+00
-2.744539466292863938e+00,-8.967199053625698468e+00
-1.136698846209918479e+01,-8.115636873951560526e-01
5.859052584988527101e+00,-1.332309979118417687e+01
-1.381076705303063079e+01,1.236386127720476757e+01
8.749347092477995913e-01,6.514916246668587263e+00
9.744011762812750277e+00,8.993224977314685731e+00
-3.585888268309595173e+00,-3.089279154356357804e+00
1.058047366701888814e+00,-1.373676105504497968e+01
9.962405748689501905e+00,-5.314208268699342597e+00
-7.353372313162899188e-01,-4.611403986719516013e+00
-1.066392794489822826e+01,7.752268962573647393e+00
9.870416242860891032e-01,-9.378721575297825908e+00
-4.147808863591898820e+00,-1.345166035967347629e+00
-8.511837419239116187e+00,-1.255745436862050290e+01
5.439622151724959664e+00,-1.152770594789406822e+01
1.349336942332444345e+01,-1.290254259020401406e+01
1.227130134189959421e+00,-7.589448620825432812e+00
-7.346552621459848664e-01,-1.149716446950142057e+01
9.908027887601251749e+00,2.028599486386072126e+00
1.352333784371775849e+01,3.562211091373483907e+00
7.013022160837937058e+00,6.916834706192909188e+00
-5.593142021448787027e+00,-3.378119129856646530e-01
-6.174711345987146771e+00,9.325780011077444698e+00
7.800427138980588815e+00,-8.069664798340868472e+00
2.760025240366322574e+00,-2.766454055319821137e+00
-1.490902108224130629e+01,-4.627971793347435359e+00
-9.729983390202994187e+00,-1.597667667965549709e+00
2.220189572981457804e+00,8.379512327687544726e+00
-5.519264502211036927e+00,-1.718566142801791585e+01
-8.042345401223869317e+00,5.937230200122436408e+00
-2.007335145493254647e+00,1.487817780459023886e+01
7.232339225524749837e-01,1.571481225793638181e+01
8.234878241268775767e+00,5.494646076806333213e+00
1.260648900054594845e+00,-5.756405893301279164e+00
-9.804785530318469444e-01,1.642989621192030114e+01
-1.364085686747915460e+01,6.067784365614696362e+00
-1.206805674843377219e+01,-2.431061055142001770e+00
-1.625162556989231888e+01,2.056592235605253727e+00
6.534141320202731862e+00,1.897000554789807891e+00
4.994530447679188967e+00,6.807886890204565056e+00
-5.139394301245808094e+00,-1.340947658536897080e+01
-8.316331609146619286e+00,-2.667758816283572809e+00
6.314281635544022109e+00,1.106663301324583293e-01
-5.984091819113863231e+00,-9.628262498467366370e+00
-1.307840305420201674e-02,1.545148560762841905e+00
-1.244114354436767833e+01,8.243561851273842223e+00
-3.482259535675334750e+00,1.150939047122720993e+01
-9.660541133723205220e+00,3.874370753196311190e-01
1.286766465562294215e+01,1.361170564381100512e+00
1.708357019787687037e+01,4.761411746611059037e+00
2.876670674766930169e-01,1.132613459238542575e+01
1.806872290438617412e+00,-1.547709090298379131e+01
8.088780586309750831e+00,3.639097056045326628e+00
3.344633339259545313e+00,-6.837407358375359401e+00
1.090393119547519829e+00,-1.116540742616672510e+01
-3.098016430229246332e+00,-1.429909800450583468e+01
-2.779035663810073498e+00,-1.644720262525537180e+01
-2.386017816856107476e+00,-1.314139747708775063e+00
-9.118842043083329685e+00,4.475622631389355455e+00
-1.730141156528783952e+01,-4.288323235103090880e+00
-1.387619888456528017e+01,-1.115544249957623890e+01
-4.243960428588898992e+00,-6.511213541793862802e+00
8.654224032375838149e+00,-1.379971162430355447e+00
1.071469017995007889e+01,-1.178050204388418187e+01
-1.767500941535279679e+01,-6.058201518247968487e+00
-2.358373487458962359e+00,-1.078782536709518958e+01
-1.234412391997144365e+00,-1.327373274441634621e+01
-5.146593711341831856e+00,1.316561565171267567e+01
-5.451873062708955331e+00,1.102451368306062385e+01
-8.246098501818828197e+00,1.510121986433628649e+01
-1.814893868582203140e+01,-1.969428248801687653e+00
-7.967257589732684053e+00,9.419165976534483065e+00
-2.306128709598630255e+00,7.707797785425655412e+00
4.063615423471941490e+00,-1.317350936598897526e+01
-6.204849761549015241e+00,-6.213849602182348164e+00
-1.196446133557577340e+00,-7.978863070547445702e+00
-8.895477395475671623e-01,6.556117758902991532e+00
4.617683468058384477e+00,-4.285516454047008095e-01
-5.514168478544711149e+00,7.660759592474326141e+00
-7.265842837472761273e-01,9.799767827473569781e+00
4.456366586186172540e+00,1.179797234382089854e+01
3.014175262621090479e+00,-5.076560861228514021e+00
-4.782722139591541119e-03,1.407849042885140811e+01
-9.878268598332624606e+00,6.086061724204117951e+00
1.431816914574663713e+01,-2.481786550165792082e+00
9.704800146246544301e+00,-3.500164780785801621e+00
-9.271213073162002161e+00,-7.903083306792737517e+00
-4.435953469146614481e+00,-4.741369063842317821e+00
-2.442700141574785544e+00,-6.625993249868563417e+00
-1.375436975179801102e+01,-3.242863883774783851e+00
-1.419973597578474944e+01,-8.107770005052863382e+00
2.881991217746338041e+00,-1.003700397721812632e+00
-7.058122922770190932e+00,4.474686612041919531e+00
-1.540853900240453989e+01,3.880044116765700157e-01
-1.624350865302919500e+00,1.167988473898405744e+01
-1.415146713336766737e+01,8.794638064027981983e+00
7.265905260828940726e+00,1.696984179658879199e+01
6.508648776639059719e+00,-9.840332627541576116e+00
-2.656924834014474435e+00,1.311374509278435241e+01
-1.020396422672567693e+00,-1.510184880072212010e+01
-1.796892209157819220e+00,-3.093805140496711736e+00
-1.362478085750087331e+01,9.778307293224256513e-01
-8.612788793678030075e+00,7.731504792021943295e+00
-2.073960695480422611e+00,-1.883230514455286198e+01
-1.174743737305269420e+01,4.235259825708340031e+00
1.183968465583309371e+00,1.865099756415835586e+01
-1.059952211140169887e+01,1.316691356555282866e+01
4.547421891597670296e+00,-4.206404881197595813e+00
-1.419921375727921653e+00,3.664628493215527083e-01
1.467532974799618550e+01,-5.321753705906594689e+00
-2.767075138707882243e+00,1.664699956167262940e+01
4.795663586375032317e+00,1.001894168106010063e+01
-3.970263802681158971e+00,4.986604696218220667e+00
9.185524171893662881e+00,-1.330754293184795856e+01
-3.863116275290241042e+00,1.446535125989739079e+01
4.288394149524442089e-01,8.247061378350403871e+00
-6.143045238132211594e+00,6.004475330535227862e+00
4.164724441459714654e+00,3.017280878154633861e+00
-4.149782456256193797e+00,2.482419827061479012e+00
1.755770059133215000e+01,-1.212840533271809518e+00
-1.140308645703518131e+01,-4.565183761384819405e+00
-1.137694718178650088e+00,2.989066372244287617e+00
1.812122529123402614e+01,-5.242557074915820792e+00
7.991311063034355122e+00,-3.126318350637339538e+00
-7.038897671032216863e+00,1.203843229612319554e+01
2.371488394588019855e+00,-1.248017167723853049e+01
8.874529180291677477e+00,-1.144132272794318972e+01
-3.932423170861968575e+00,8.616574714494495524e+00
-4.580127175714226340e+00,-1.172089828260247302e+01
7.982307362656489325e+00,7.956418887684041374e-01
1.132861936221831733e+01,-3.003392453882048341e-01
-5.536203931986683813e+00,1.769716466204442895e+01
-1.081798873248833814e+01,2.739162100228440533e+00
-1.131173805846940184e+01,9.921155494500353278e-01
-6.161996929223112041e+00,-4.432059294490215962e+00
-6.661518329929816851e+00,-1.432503245094849476e+01
7.483317652919656560e+00,-1.260528972392014246e+01
1.283107176714321795e+01,-7.761401241262650075e+00
5.047104058711381569e+00,-5.940093085010208718e+00
-5.696477368114191142e-01,4.764555335963819083e+00
7.832090696653710715e+00,1.140371506282864011e+01
1.764170318350133160e+00,1.936503145339541376e+00
-6.992451434668383925e+00,2.653260527111048095e+00
