-1.049122327576903047e+01,-1.415609663378128547e+00
-7.934804518549014141e+00,-5.555294215870445029e+00
-1.943447567766089179e+00,8.504732018586254938e+00
4.843677893899390519e+00,1.796225589583030668e+01
6.738808273251876146e-01,-6.037598383869277718e+00
-3.958733859001489552e+00,1.153690658268205027e+01
9.880857786571551671e+00,1.275838423393765453e+01
1.402259974732596115e+00,1.598986721966233704e+00
-1.163019393890922970e+01,8.936297244096341075e+00
-1.170003017965708381e+01,-4.653543230470329028e+00
-4.966967536574917297e+00,-5.181892393817783216e+00
1.026097196710942505e+01,4.157603520018481547e+00
-1.551528428350209943e+01,-1.093857780027985172e+01
6.736551943983355883e+00,-3.865580633262832855e+00
-7.607680272576638814e+00,6.330475632710694356e+00
5.556310755811709967e+00,8.462227715813726903e+00
2.100905612990140892e+00,-1.069472084020458880e+01
3.180515845812783127e+00,9.912294301445518929e-01
3.381398789055222842e+00,-7.246811780842609352e+00
-1.969523696663187051e+00,1.133976568582748001e+01
2.535860505576152946e-01,-1.053151237589617395e+01
-4.588450769751209357e+00,-7.600462791493529657e-01
1.432691144570684827e+01,1.075390629674256360e+01
-3.973741682907767192e+00,9.464336283479235501e-01
4.998188335628751311e+00,5.494475800121782605e+00
-2.244199262646603188e+00,2.812768688042452503e+00
-5.801867535716857205e+00,3.294553383375423472e+00
-2.185646725896997822e+00,1.011618716044245581e+00
-4.765546187772991438e+00,-9.503849699445863664e+00
6.768297269114170511e+00,5.050821590556588525e+00
4.916736179727704048e+00,-8.209470315251872208e+00
1.828177445352866570e+01,-5.154253639795738806e+00
-1.115442100088526622e+00,1.779448942011602597e+01
-9.023241491111292589e+00,7.432679378436886530e+00
-1.420588219730295698e+01,-1.233744063464616580e+01
1.547240399886643658e+01,3.489551208205185495e-01
1.601816466990517895e+01,1.021853221396308697e+01
9.024260729078999788e+00,-8.690570532162929851e+00
5.064564386226634518e+00,1.591088281684665695e+01
1.000357785887339723e+01,1.455772108529176911e+01
4.637850625798170867e+00,1.096948078279041461e+01
1.764836746381500987e+01,7.013678532000799493e+00
-1.037835813928847051e+00,-1.177462384370567428e+01
1.168366200510313746e+01,1.273553751886224283e+01
5.858189619750328703e+00,1.260409429991759467e+01
-4.048624098131244686e+00,2.794568190386940820e+00
-4.646031109884223298e+00,-2.552243643169568976e+00
1.247451483607546230e+01,1.111892111085719392e+01
7.017898037362294339e+00,-8.966258637352582994e+00
1.149545136292586101e+01,-7.999931361797990803e+00
1.397807728758959378e+01,-9.875769498383309752e+00
7.628367797242945336e+00,7.914377027058440817e+00
1.061159459698430929e+01,-6.225818931659335753e+00
-5.912294779947297130e+00,-8.135756683150816571e+00
-1.472880601143825530e+01,-8.987569070657681181e+00
-6.466539512700217429e+00,-2.492380842877327307e+00
1.135795681470688123e+01,4.276888028316289114e-01
-7.625105837006319831e+00,-7.588221885497817176e+00
-5.129141093952093833e+00,-1.631000150467863108e+01
-2.132079909058855360e+00,6.149288057985893730e+00
4.619357055188062500e-01,8.701405340464816618e+00
7.354320990388787393e+00,1.165340143940778006e+01
8.599149005506628640e+00,-1.018213441902362959e+00
6.177215624540887795e+00,6.814713422645393592e+00
5.132029915543335541e+00,-2.751659025341639975e+00
1.215485525852264104e+01,-1.047687043008459362e+01
-1.340932992206495378e+01,-7.070552878346962444e+00
-6.749908707574276079e+00,-9.714523397898799928e+00
7.919399961791238063e+00,1.292439165180234939e+00
-8.559546464891932160e+00,-9.708201696421530968e+00
-3.447657974392241087e+00,7.515553652448384803e+00
-2.811553208295006545e+00,-6.460163264222323898e-01
8.817490923923514856e+00,-1.680954861136315159e+01
-7.629619232208539437e+00,8.200979039306242058e-01
1.663885146723871333e+00,-7.643313052049621525e+00
-9.367942249351061790e+00,-8.042872826014278331e+00
1.625457536780786327e+01,5.844263988128950871e+00
1.403559629069662584e+01,-5.542409731264949180e+00
-1.407213665938825820e+01,-1.301938081508155376e+00
1.001425098719951734e+01,8.880932610122862059e+00
-3.188401341523082522e+00,-5.820417257197537886e+00
1.366163594768932477e+01,3.251136547284682266e+00
-6.312777981090999191e+00,-6.335617894705499964e+00
-5.678016496297687565e-01,7.208766538792088951e+00
-6.434120946724060985e+00,4.988802827430134812e+00
1.502190382290699766e+01,-2.128228894613322542e+00
5.645770161045970070e+00,3.599712538567086728e+00
1.249161466675197651e+01,-6.442459180960331544e+00
-1.181501201999003214e+00,4.246396678528885360e+00
-9.186906460794668661e+00,3.022338035276292967e+00
-3.301811975591280923e+00,-1.472025869297432799e+01
-4.407824212374883643e+00,-1.125007032358192482e+01
-1.057751450478798105e+01,-3.182117922312458269e+00
2.347291817538218694e+00,-1.573147764390922099e+01
1.739364894381874294e+01,-1.867924773634997315e+00
4.426420394817509596e+00,2.273469163468867738e+00
4.631452323326539222e+00,1.403072206876938033e+01
-9.596038236278893407e+00,1.014153931374065820e+01
6.618930892008147993e+00,-7.245639512393482917e+00
8.465336974936198189e+00,4.361375557731399510e+00
6.835449784787158478e+00,-2.048134825871732012e+00
3.361087595870853928e+00,-3.093475115554751298e+00
-8.154029317392279097e+00,4.502740071190668658e+00
-5.463592878998329461e+00,-1.452438663700562671e+01
3.424734609188850865e+00,-8.544756309325071131e-01
1.685697442443443883e+00,4.717693667519711198e+00
-4.889709537656444560e+00,9.851077305758508373e+00
1.362732270575462934e+01,9.950434775696961331e-01
5.720940699884199176e+00,-1.389274509836817195e+01
-1.127758051148877882e+01,1.897490071552650204e-01
-4.685000215072846252e+00,5.116225673650849792e+00
-8.644533685601668571e-01,1.378792798317240198e+01
-1.684005235315640903e+01,-3.966141214688851946e+00
-1.118553945036062203e+01,-1.161683309618281612e+01
2.518321001661416592e+00,1.522547156114065992e+01
-1.001377614681890549e+01,1.463773264287611342e+00
3.264812794977096644e+00,-1.203582937931746066e+01
-1.044995662182026663e+01,-6.006491399903109318e+00
-3.336143196506466402e-01,1.311191282753110476e+00
-7.589052675807348436e+00,1.261829395633021456e+01
4.971835497528650727e+00,-4.534389424144761094e+00
1.365030348268676619e+01,7.622983973650388378e+00
1.104771586788441162e+01,-1.318233156022410846e+01
1.671708026637510969e+01,-3.884882765977342167e+00
2.010810085099328681e+00,-1.917243112106610026e+00
1.898465766617875872e+01,1.682383413126158911e-01
-3.782318919343499619e+00,1.622950679133658269e+01
2.229138621619049798e-01,-1.429047097215556938e+01
-8.164827581043038407e+00,-3.210233198067157012e+00
1.505696280935495501e+01,2.105754198071108529e+00
-5.830653772002457380e+00,1.221061858587956195e+01
-1.315995074432201228e+01,-3.613551901984350501e+00
-5.841355843281010429e+00,1.347859807603482230e+00
-8.052971819908874451e+00,-1.146030526133859695e+01
4.309532223650509586e+00,7.173368099305264423e+00
1.706806565979338997e+00,1.687249021735397392e+01
-1.592175985236596958e+01,4.396231892351742943e+00
-1.270184917181172501e+01,1.042969929924389483e+01
3.201296458632677755e+00,5.764936857974942264e+00
-1.010816692614644685e+00,-8.950830540719656447e-01
-5.635655831880100664e+00,1.405915966339233236e+01
-1.613341094102326778e+01,6.611198493419988331e+00
1.824213465353728836e+01,5.302409598113696276e+00
-1.584069271770987797e+01,2.607317484311480804e+00
2.943957244897843495e+00,1.341584108315623247e+01
-1.799917134212100933e+01,-2.208620736360462189e+00
-2.388861582320342403e-01,-2.561755803523495967e+00
1.520421031195353170e-02,-4.396973142148689284e+00
1.279032538611655312e+01,5.108928560061606561e+00
1.234901943929335388e+00,1.205072975429987459e+01
8.311496167230757237e+00,9.533906991748450466e+00
1.561448562843457388e+01,-7.211771402962786404e+00
-1.412650306867777150e+00,-5.508322546625482374e+00
-8.154720750846550459e+00,1.522406858173569333e+01
4.996105051776365436e+00,-6.347199827621734514e+00
1.071819218123026118e+01,2.093558983935483564e+00
-8.488024498513379257e+00,-1.699774031377079098e+01
-1.460403965289504491e+01,5.660356869752906306e+00
7.299988707182321512e+00,2.974095364060643565e+00
-9.356616263476745132e+00,-1.293358691270736927e+01
1.218579571907999437e+01,-1.455471397480571660e+01
1.485942301628057294e+01,4.576347695827751139e+00
3.465519342050157992e+00,1.679528447968550253e+01
7.223576122415851231e+00,-1.081150190659010235e+01
7.329057362053185365e+00,-5.602033343040353941e+00
5.211794218363047904e+00,-1.564655560749783625e+01
3.225275100627211788e+00,-4.879140988472345342e+00
-9.843275648096252439e+00,5.707469774980567401e+00
1.851143955423536269e+01,-3.297536479150526834e+00
1.770057661033000684e+01,3.586396360217877444e+00
8.701214841587566085e+00,1.577161770018833487e+01
1.482771723082464632e+01,-3.925332113086655639e+00
-2.886959739536828273e+00,-2.426901263321180835e+00
-4.249615348495413336e+00,-1.321998187135321068e+01
1.339983004874037320e+00,-1.757376599833249675e-01
-8.431944249409465408e-01,-1.825925168382990194e+01
1.737592626994010914e+01,-7.680535944539277793e+00
1.847721285146668180e+01,1.999519336393608793e+00
-1.791863156618921593e+01,6.281678315996617634e+00
-9.199487838851519328e+00,-1.518549152161510207e-01
-2.991270747110630790e+00,4.531423454696092534e+00
-1.165931416433573453e+01,-7.302073836979626975e+00
-7.510676052031564964e+00,1.687498707098006534e+01
-6.586544902050004424e+00,-4.293507061552849002e+00
-6.311245836734519443e+00,-4.286273494259146832e-01
-9.266604987683885852e+00,1.192418201955944213e+01
1.002596745640727249e+01,-3.720839022612072000e+00
9.069620486256175340e+00,1.112160563657044321e+01
-1.012413656594035416e+01,1.603339183197262940e+01
2.807493625826724681e+00,1.127189161809560680e+01
9.063258306746764248e+00,2.697519687274124500e+00
-1.899747492933774851e+01,1.957173117928105166e-01
1.059148854873737555e+01,-9.596597971144371186e+00
6.953116835455528388e+00,-2.786504898471214853e-01
5.304434117057880371e+00,-9.425866294409330770e-01
-3.042906033030961410e+00,9.937518768212422415e+00
-5.207129333484083133e+00,7.993563047466254901e+00
8.711794731434347128e+00,-1.196973688173747519e+01
7.312317338865526928e+00,-1.310231101425423184e+01
1.083196812055851410e+01,1.047449503315145414e+01
1.179480429901914107e+01,1.453931116355550834e+01
1.189152887797798464e+01,3.481707549417352165e+00
1.419126119260136143e+01,1.263153340630739407e+01
2.406960064410815114e+00,3.069157390107338568e+00
8.480286628884380562e+00,-6.993380279564616053e+00
1.015453774454500291e+01,-1.873111335127849220e+00
1.677139528345922059e+00,-3.750482121977853467e+00
-2.484200161492293280e+00,-7.513473305731951157e+00
1.453288737443877432e-01,3.027437675208329626e+00
1.365349763043900388e+01,-9.946872950497159804e-01
-6.705315829184186338e-01,-7.212785132393266352e+00
-2.765640257266900992e+00,-1.215530708879533250e+01
1.538553063470413873e+00,6.580567463069791678e+00
-1.563951046689612312e+01,9.760307709022546518e+00
1.683118087229699711e+01,8.567286965992424896e+00
-1.721330721744770198e+00,-1.373367688728643898e+01
8.444044415923185554e+00,-2.791749217506758196e+00
6.829555791022909883e-01,1.477542763992115837e+01
-1.571241114285183871e+00,-9.048989082101122960e+00
5.055539214424454642e+00,-1.214224515603993204e+01
-7.755657372474371591e-01,9.940010497248847443e+00
-1.093609036576356175e+01,2.973008606236425599e+00
-1.578253639169498967e+01,-3.827153886877206479e-01
-4.006397479995633226e+00,-1.773036203022868662e+01
8.167464435041402737e+00,6.216003660244159512e+00
-1.232192809906108799e+01,-1.914342055630025685e+00
-1.677963636253535507e+00,-3.735234325609882333e+00
-1.299174995909628727e+01,6.577652336615526174e+00
-1.101078732683078165e+01,1.334498329184220644e+01
-1.273381539987403421e+01,3.266959744732774507e+00
-3.885996641954324371e+00,1.341028524820922030e+01
-6.530167834949829775e+00,1.059968414729830322e+01
-1.041196181993421810e+01,-9.559671346755227006e+00
2.693625325833188366e+00,7.912316210407328576e+00
-9.354868571198363014e+00,-4.514519296340541388e+00
5.690799300645092706e-02,5.531785564857539583e+00
-1.138028719704650982e+01,4.810465681229493029e+00
9.075978098717756737e+00,-5.211853640032184209e+00
-4.403628513741081996e+00,-7.169972571173897080e+00
9.547761907218468735e+00,6.236495306995709642e-01
-7.460324718760067420e+00,2.602790709470066854e+00
2.828188431890483745e-01,-8.761288420893327711e+00
-4.108807241898537299e+00,1.817169226101239943e+01
3.908147754027763376e+00,4.086827227041673005e+00
-7.902060965811024573e+00,-1.402863255645526497e+00
-1.422711165658288657e+01,8.541639056658466345e+00
5.998713246805097654e+00,1.204045633462446530e+00
-8.090946954945970049e+00,9.000528744897847488e+00
1.724040224130477839e+01,-4.526888367761250365e-02
3.744713619056093012e+00,-9.931315190880670940e+00
6.268208475783397127e+00,1.019681383200180136e+01
-7.496630132276165703e+00,-1.320225846638990852e+01
2.076826402856906117e+00,9.555273645574617447e+00
-3.479885520496718065e+00,-4.080117425944048470e+00
3.905224637647828789e+00,9.241907604281141886e+00
5.511861439148279196e+00,-1.039397753613259212e+01
