1.791839586462988620e+01,-6.313815563864772606e+00
1.133774985502986432e+01,8.348862589910366339e+00
-5.709761083739960164e+00,-1.220897924084411557e+01
-1.856622536970000326e+01,2.154547913536731737e-02
-2.795354513242081840e+00,-1.569027716558897545e+01
-1.632017165236469936e+01,9.723381723757896111e+00
1.387883033651792353e+01,6.542898756864502507e-01
-8.627605243164445881e+00,-7.037852421586351603e+00
3.372102683438276127e+00,1.869383500594631897e+01
9.425340713862516040e+00,4.337380533747894340e+00
-1.319287098100982547e+01,-1.123422868244026596e+01
1.396085504375055208e+01,-1.249320198790610403e+00
-6.719975261316023740e+00,-3.536474470929487079e+00
-1.497819069810744352e+01,-7.636735979802962149e+00
1.131651962604150619e+01,4.168575409484548189e+00
-3.459039658003811191e+00,7.547901480345051262e+00
9.980628314308084725e+00,1.170095846777606496e+01
1.518270648583808580e+01,4.408338151938397509e+00
1.545159397700630599e+01,-2.627500656601063356e-01
-1.071949803768962184e+01,4.139282340423069861e+00
6.581533330324062625e+00,-5.625047078416048896e-01
-8.070369369093283396e+00,-8.721938247346002981e+00
-1.812580200095091243e+00,4.314643117931957761e+00
-6.801279961691048648e+00,1.470030544099625303e+01
-6.762713892013546335e+00,-6.629099891254154109e+00
-3.105735410731548019e+00,-1.014730774874234021e+00
2.128935475926374554e+00,8.943292261769869356e+00
-1.789452966182879301e+00,8.150111728503972586e+00
5.820189531900818558e+00,-1.807577303297002302e+01
-3.823980762527179778e+00,-9.789384346476605714e+00
-4.031246826923578830e+00,-1.698391455205382528e+01
-1.505963198001186854e+01,4.346159627146573889e+00
-1.121492850606172631e+01,1.459710646077977625e+00
-6.341566578845902136e+00,2.749580407860517717e+00
-6.454085230054411149e+00,1.149994687473696864e+01
-1.261004508493928356e+01,5.535835369769027459e+00
-4.430589822945623091e+00,-6.258950171057296785e+00
-1.734554430604114472e+01,-3.856310972726975983e+00
1.462668709200408301e+01,-7.559097765915102407e+00
-2.910631975207921496e+00,-1.378086183452688473e+01
-5.660184038211378166e+00,1.319936198128859672e+01
9.176708946056637117e+00,-5.912394269288680171e+00
3.612092018666749560e+00,1.362753258334558915e+01
-3.335714798892860156e+00,1.534313060355580838e+01
-1.438354549147380190e+01,8.848998291503527014e+00
-9.147533550108727596e+00,8.124891353848740394e+00
-7.633703392260440701e+00,-1.498803242548680892e+01
1.665338754843456570e+01,1.122016612909697120e+00
3.001006947382512724e+00,-8.822401961013072169e-01
9.103722851350328771e-01,-8.855757242569314514e+00
7.028093424692501756e+00,2.260668238307975475e+00
-8.229060152127924965e+00,6.536043502391050808e+00
-4.511106953981005141e+00,-1.465302823377902719e+01
-1.280922889094068395e+01,9.802937438124425640e+00
-1.811198547573797057e+01,5.482598658134197223e+00
4.059628817396341738e+00,-1.413863450218538986e+01
-1.396478221576012146e-01,4.918141805533596589e+00
8.755693626821456022e+00,2.646758627378599904e+00
4.499021138724184965e+00,2.449986038948091860e+00
-8.389257157296412970e+00,1.704280168204387991e+01
-8.491399471362603535e+00,-3.402318792439064321e+00
-7.923115302023904682e+00,9.431027049443072130e+00
8.921096731040401906e+00,1.310655275901662975e+01
6.855632508652937496e+00,-5.608565865532227690e+00
-1.834225102164743770e-01,3.091870740807745932e+00
4.783954327377422544e+00,-1.043997295440438178e+00
-1.297254629102421397e+00,-3.456994184345345555e-01
1.134710288727070981e+01,-1.038434908841743542e+01
1.618253523688331441e+01,-6.684849925958145533e+00
1.388933355472360853e+00,-4.030986970932694952e-02
-1.684297092290602293e+01,3.753880584408495480e+00
7.167364661998639752e-01,-1.416261820042005226e+01
3.259546525676280559e+00,1.689329789937178816e+01
9.668062272534236001e+00,9.468544235598861381e-01
-1.012677668890741067e+01,-5.701997896303149460e+00
8.373833897643034874e+00,-1.080328462463782113e+00
1.060512641078054941e+01,2.498612041536699468e+00
3.301898732378173662e+00,-1.155314858970285741e+01
-7.760239201201264869e+00,-9.574549492048048394e-02
3.463550606234509832e+00,-9.282674988336793831e+00
9.049307139508082187e+00,7.514608108681722243e+00
1.707923212460888740e+00,1.222341885198063949e+01
1.029194725408868694e+00,1.705175288561744384e+00
3.960626278611121265e+00,-7.375333720345550681e+00
4.282788569992634464e+00,4.256776471421223285e+00
-4.681953926434681557e-01,9.354512427483539838e+00
-1.445464253715046254e+01,-4.153811690218732977e+00
-9.451093978262171902e+00,1.316908457760990991e+01
-1.626806616910402781e+01,5.859420865484405994e+00
-1.366696262127131156e+01,-2.566005888622153730e+00
1.536897134142414423e+01,-1.089927429491892319e+01
-1.016869479463740289e+00,-6.162024289632528351e+00
-1.117080636913130753e+01,9.121045476545951658e+00
1.216806467994623020e+01,-1.289488472683365528e+00
-9.505683161977712459e+00,1.082339398741423508e+01
-1.141567772507071865e+01,-1.185548003380922744e+01
1.929888073030999518e+00,-1.036476885118451108e+01
1.957378961470542356e+00,-4.344206536198711888e+00
-1.473751018180550432e+01,1.061104877718397432e+01
1.111229535224839893e+01,-7.946774443881175820e+00
2.614601368875937304e+00,2.523426676338005770e+00
1.818298932789818068e+01,-4.474386094600464325e+00
-9.228278451832296891e-01,1.436261256634984385e+00
1.972423572246725099e-01,-1.077920029873571828e+01
1.973094802544210324e+00,-1.283326290128125713e+01
7.672170280684885491e+00,6.377153461838142690e+00
7.661097872442607759e+00,4.367440368378611382e+00
8.690495659972230058e+00,-9.394766340257394432e+00
-9.069980154456512622e+00,-1.288210416005003545e+01
1.312872211339053230e+01,-2.835720788613356191e+00
1.253342002435819502e+01,-9.056833809895277199e+00
7.503891000554908430e+00,-1.381652368003690690e+01
6.026958464929264458e+00,1.458667199325835995e+01
1.513614194203907104e+01,-2.558124750695006000e+00
1.304231301342113269e+01,8.928308122658295432e+00
-7.004061101709748272e+00,-1.020183125135083557e+01
-8.741568172983544827e+00,-1.577220152589918989e+00
-1.317802227255007175e+01,-1.306330576329519388e+01
-1.030753660940340311e+01,-3.846778216638408132e+00
-6.535729210852596616e+00,6.078182882281053523e+00
-4.360237138032175608e+00,9.191694163379729332e+00
1.449765356867234622e+01,6.065678612239195466e+00
8.251575820629065916e+00,1.480097919115674721e+01
-1.040047696757093743e+00,-3.839337742126123665e+00
3.357285799287489381e-01,-5.012192781496072946e+00
2.133112863735949105e+00,-7.592683074057951842e+00
-1.336965058767727532e+00,-9.907568545333610643e+00
1.893725591552190224e+01,-4.768229594885379785e-01
1.438617308991243604e+01,-9.384935811516987414e+00
-6.869211648139407878e+00,-1.667971442286542150e+00
1.782427885054282124e-01,-1.403390719014223409e+00
9.146552606169262134e+00,-1.301522813233265374e+01
-4.372092110433897894e+00,5.861276991730567154e+00
1.638874966254094900e+01,6.429838969980724350e+00
-1.433686139662357384e+01,5.991916511548021518e+00
-6.241524171436870994e+00,9.121387404328548110e-01
-7.692692670874826000e+00,1.290725951854674491e+01
-1.761587007354276313e+00,-1.167913819173685219e+01
5.905917196590437790e+00,-2.501930283527422194e+00
-1.435598556528673964e+00,-1.698634373868726755e+01
1.388286374111008215e+01,3.212129076555551244e+00
1.319056925145934756e+01,4.830575855082199332e+00
1.257790137492699856e+01,1.913782490979350381e+00
-5.012948951176304568e+00,-2.954486841126904295e+00
2.360443427297152841e+00,-2.599129767081213238e+00
-6.129487636475423606e+00,9.600229521679899847e+00
-2.579659613631622328e+00,5.910756851455433392e+00
1.417386904981839457e+01,-4.309767018240705738e+00
5.820209714251634914e+00,7.336011048406415824e+00
-8.771592295491959845e+00,-1.066145450831357167e+01
-1.122305449787696929e+01,1.243528329312386482e+01
-1.197205267312999943e+01,-5.032600590974583454e+00
-1.142037906531004410e+01,-6.923535834871715089e+00
6.806817497087283009e+00,-9.475004347484574652e+00
4.192059427770788105e+00,9.897279008585396554e+00
1.092467021886357337e+01,-1.405506296950333045e+01
5.298845803709500757e+00,1.286110059803350758e+01
7.116399376493776963e+00,1.313439568614361441e+01
1.146600073686536936e+00,6.145370444285547684e+00
1.065039311862011395e+01,1.002753659651824414e+01
-7.610997253253757311e-01,-8.112968420824614668e+00
1.855505367005757122e+01,4.068815419106946329e+00
-1.860921542794089589e+01,3.753444863796581377e+00
8.764626487336222738e+00,1.017593448259653321e+01
1.109875827856033581e+01,-2.812161536380583637e+00
5.526026936866920813e+00,-8.274517530391884534e+00
1.131890377264860525e+01,3.420740763404644391e-01
1.808401246741375701e+01,5.800286222011831860e+00
7.210709799690103727e-01,1.070753404085063565e+01
1.478595656966851468e+00,3.920870411247357357e+00
-1.663182732653838869e+00,-1.888908269688325703e+01
-9.953679241718338844e+00,5.954506823483478151e+00
-1.560454594319488297e+00,-2.156139021355035990e+00
1.218167025347487531e+01,1.104781709683460100e+01
-1.104853538192523388e+01,7.361602369889332032e+00
1.216675406350589483e+01,6.307416418991615537e+00
1.269823486777782051e+01,-5.421320340746366817e+00
1.702649354140233440e+00,1.606977923508653561e+01
-1.533239650524268427e+01,-5.845955301487377298e+00
6.003234543528524370e+00,5.509085837981231748e+00
7.432890204304022141e+00,1.133731727581435145e+01
5.649836506832263128e-01,1.456760421387012272e+01
5.619940468938027678e+00,1.100065476365221251e+01
4.217999517085178063e+00,8.129639222463257653e+00
-2.405102149859073002e+00,2.565480488640216716e+00
1.732613120397682849e+01,-1.587653906124072867e+00
-5.840119705927894422e+00,-5.098039256560015886e+00
4.373675406383310538e+00,6.281208589959647703e+00
6.510552487765840501e-01,-3.112774753597449262e+00
-2.497121151349937396e+00,-8.524620904530703314e+00
4.165750359245049772e+00,-2.712093700092287119e+00
-1.298946468058525383e+01,-9.224585342170142255e+00
5.077563137586451170e+00,-1.005312456675421373e+01
5.957768505912797607e+00,3.699766001299414242e+00
-3.604915466947545610e+00,4.086576131036233406e+00
-1.054358635645793640e+01,-1.029367815865077063e+01
5.532720414255600794e+00,-1.292342619560945849e+01
-1.550094709786616676e+01,-1.549027201080707350e+00
7.648245480087146220e+00,8.783339977470314253e+00
-1.154233160241199707e+00,-1.341416391938337860e+01
-4.295748910301663059e+00,2.368601234034851011e+00
-1.197076399566970473e+01,-3.182440823155090914e+00
-7.794005109044747082e-01,6.704210563169764825e+00
-6.677023539759717963e+00,1.660305100899385522e+01
-1.059401394631344218e+01,-1.842087705786107144e+00
-9.547432997591554837e+00,2.275640672309287363e-02
-2.727726315080443609e+00,8.190829096972631618e-01
7.706853810339703514e+00,-2.746927877204881518e+00
9.078739164124357330e+00,-1.662900341288446882e+01
2.789314659091573390e+00,5.282597514861137711e+00
9.311194131646924887e+00,-1.485678824748387328e+01
-9.723573789867820949e+00,2.638951209070337978e+00
1.853865712159385737e+01,1.339267215036725522e+00
3.828509384421213024e+00,7.593536522894543950e-01
7.088773476216673863e+00,-7.358825583586272145e+00
5.681872905235675120e+00,1.088644073284688263e+00
-3.196305021069359764e+00,-2.854030132348416515e+00
-9.954669463922204642e+00,-1.446266028416509108e+01
9.668463236037478481e+00,-1.097006689332661544e+01
-1.127272806455309073e+01,-8.684559801611133167e+00
-5.165532702032079371e+00,-1.073850426790673218e+00
-5.412167145410927027e+00,4.293529854870564044e+00
7.885918312605752156e+00,7.139989730879319207e-01
-2.576851798909126412e+00,9.744428927335876622e+00
1.494678534565040273e+01,9.945683950482944624e+00
1.117768939641198855e+01,-1.213900013801541000e+01
-8.942523634099652341e+00,4.394392164996953731e+00
1.012579198266823610e+01,-1.017027502015971141e+00
1.722343269153097722e+01,2.900923258455350595e+00
2.634693331279438500e+00,7.140135074750219246e+00
1.681711019107219940e+01,-3.318247263971024985e+00
-2.680003348801394125e+00,-6.778518514186208321e+00
-4.077208611009383254e+00,-4.515227951451069366e+00
4.555059590789476864e+00,1.567765674134302323e+01
-8.991116209577596496e-01,-1.519974272214292910e+01
-7.188609088410568226e+00,4.358534680580320675e+00
1.718109116100773193e+01,8.103344682448909708e+00
5.910767024372972855e+00,9.122701088109987921e+00
1.277775826877184429e+01,-7.290680247847226347e+00
-4.743322315042206583e+00,1.098716811730237630e+01
6.369456049940775966e-01,7.838018429488285754e+00
2.874271847089597376e+00,-5.953154592792936128e+00
-8.371605845054032713e+00,-5.239157412642826195e+00
1.434921605103183140e+01,-1.244782497073378735e+01
-4.517999418656073018e+00,5.629801712014649295e-01
5.103426118034013470e+00,-5.959503362989846842e+00
-2.372638011532444136e+00,-4.999028469522547091e+00
1.495236045966548133e+01,1.171248421887230862e+01
-1.261593928547551613e+01,2.714516877443789777e+00
1.331233115913548559e+01,1.241793933906198788e+01
-7.498500583114736884e+00,-1.196175762902855411e+01
-5.300535442320160939e+00,7.411153655011533559e+00
1.582403651796639821e+01,-4.946930521467273856e+00
-4.213120582361877808e+00,-8.062524612217131903e+00
-1.312641964581647791e+01,-7.477109292151698838e+00
9.440589583806485052e+00,-3.439850926440456202e+00
