-2.152673274107184398e-01,-7.370899695697364251e+00
1.058479849004102746e+01,1.333578787813476119e+01
-7.694429248692016721e+00,9.160875957543364478e+00
-2.920433098989452247e+00,9.326515498177339936e+00
-1.885257035552395166e+01,-1.778992148571143739e+00
9.481428279062622977e+00,-2.536773890337699289e+00
4.671781637974999235e+00,-2.923913458199370874e-01
1.428087212318257748e+01,-8.947230614445725649e+00
1.605364728021844201e+01,7.027873326615161620e-01
1.305920444953058812e+01,-1.198486199963438992e+01
-3.564813126568468604e+00,-1.833650109632639058e+01
-1.513321698589060915e+01,-5.241500608325666555e+00
-9.923097142905799473e+00,2.129461434130773601e+00
-1.355939588820936414e+01,6.762447335330764808e+00
3.636713979319177614e+00,1.378368853247034176e+00
-8.661921447498766469e+00,-9.084037677860377968e+00
9.758678578092156997e+00,7.380040052433542996e-01
-3.536114659936037796e+00,1.101098206579388084e+01
1.083191461402889821e+01,-1.194806693603005421e+01
5.489449799811722208e+00,-1.646802678863250691e+01
1.144223226417323325e+01,-6.741119260728937190e-01
-3.483646768827004969e+00,-1.649566137655601494e+01
-3.832343914997742296e+00,-7.537680802834389127e+00
8.539440367060750603e+00,-5.776640083612351040e-01
-1.340309963235587354e+01,1.402999792051140782e+00
8.858036054189842190e+00,1.396242303332009449e+01
-1.543132620219487805e+01,6.749980027366685675e+00
5.699341030769349281e+00,-5.593334301654329543e+00
-1.606973516187424522e+01,-3.473816634027246497e+00
6.077206937027766820e+00,-7.338344116265409056e+00
-8.187528246451611480e+00,2.597941226170282114e+00
5.492227820434201213e+00,7.622633235974342725e+00
-9.313083475566640956e+00,8.398443294655210778e+00
9.010433787598664424e+00,3.339333877372127724e+00
3.104547495550218805e+00,9.663917494429270505e+00
-1.164707841701685354e+01,-1.251108315156585959e+01
-1.149935839110140812e+01,7.282086149794336771e-01
-7.902373372415544495e+00,7.274619153863702614e+00
-1.167617820790479710e-01,1.351265025397051511e+00
1.062605189053233801e+01,-1.014913043396174075e+01
-7.045681767748552815e+00,1.203362065949947102e+01
5.456633640477778435e+00,-3.803768779230044306e+00
-1.211521976759679831e+01,-7.182213005538954143e+00
-2.028691677048077291e-01,1.775455077411557880e+01
1.912381405794804978e+00,7.691379154172808263e+00
3.432124834260466439e+00,1.705147581369730858e+01
2.910257482610803415e+00,-2.072071699501271791e+00
-1.409931262297832610e+01,-8.571312899395017837e+00
1.161470681170503338e+00,-7.230496411969974391e-01
-8.112268339728467836e+00,1.405282610251936148e+01
1.426802448916815536e+01,-7.014754847370510582e+00
1.391106788928859306e+00,1.026212552719779758e+01
-1.430599836329085883e-01,-1.820754631177915783e+01
-3.324830794979448889e+00,7.512453108041616368e+00
-1.996961997639913111e+00,4.598424740776550834e+00
2.815863204678344278e+00,1.878920293807907171e+01
8.410953128803383194e+00,8.912187765510079629e+00
-1.426490796160502406e+01,5.092095284205700345e+00
-1.571423094291628964e+01,2.754788255616515080e+00
-2.771601688848991607e+00,1.387118983177862530e+00
-3.626896964173675020e+00,1.434645263812725169e+01
-1.925403064282004140e-01,9.381127396924107131e+00
1.192643991795683434e+01,-1.339281368657147731e+01
-7.521339659178885029e+00,9.438255504202763824e-01
-1.936860424781369661e+00,6.369650074463343081e+00
3.613255922006326948e+00,-3.720677122892069200e+00
-1.411524573013054606e+01,-1.208282077721255909e+01
3.603425894843989230e+00,4.567899960935638326e+00
1.049441202472318402e+01,-1.455217240847584037e+01
1.611790776474897768e+01,2.748553702647400954e+00
-1.045919917254529530e+01,-8.664326214896508560e+00
1.583846964404809654e+01,-1.048926295006394938e+01
1.296796243867495413e+01,-3.110547397184982632e+00
-3.528084319719368978e+00,-9.287825702799676009e+00
-1.838354475499798246e-01,-1.604909043998754825e+01
1.408063170374969975e+00,-6.509368467441021266e+00
-6.841518952227605865e+00,-3.200130300595436239e+00
1.245583285558645237e+01,-6.642148387922163444e+00
1.402761054772190619e+01,1.877433792434126891e+00
-4.676150422290581865e+00,-2.938911220230882915e+00
-1.689321337138625623e+01,-7.823508425716994452e+00
8.698777741692547139e+00,-1.437220857218017578e+01
-7.538332686158141449e+00,-8.430537241912761104e-01
1.321393125934914181e+01,-1.320935361743760472e+00
-1.424112260238075756e+01,-3.621339595317391691e+00
1.608712202001998293e+01,-3.262041184845526853e+00
-6.675598904421703672e+00,-7.604588083018996691e+00
6.315215160259953997e+00,-1.152248671763928423e+00
2.300812920637608006e+00,-4.997368091752644403e+00
-5.951579560846000483e+00,-1.622636167420280495e+00
-1.188010621443559423e+01,7.500605009619444097e+00
1.035217897724825420e+00,2.732873794106646326e+00
3.177761283968322026e+00,1.525408684819901062e+01
-1.780518190911145737e+01,8.503518438515118572e-01
1.872419941860455950e+01,3.183299847213907796e+00
-1.982558112805978379e+00,-1.538001055139440432e+01
-4.579774682293654919e+00,1.517223376749564423e+00
-4.249716901948436210e+00,1.599668894114459583e+01
-8.449064143655826697e+00,-7.293058020616610904e+00
7.210000715514088832e+00,-3.914630900896629573e+00
-5.695358123898666136e+00,1.703944632103748447e+01
5.071645282295360602e+00,1.634557861190429406e+01
1.051656110074139505e+01,2.377008541447370060e+00
-4.266433201599986624e+00,1.261791200674703717e+01
9.262536000767388700e+00,-8.838310822263490962e+00
6.894483697206783113e+00,1.648171981693270993e+01
1.874172033431850570e+00,-8.214309397943249991e+00
-1.035765784202294881e+01,-4.117217458225373328e+00
-1.473451819094694848e+01,-7.860643295062621494e-01
-1.844941384674682938e+00,-1.890539098869808754e+01
-3.075981890393986617e+00,-7.333853880117398027e-01
1.438686144336811701e+01,5.112652584309324705e-02
-5.277719059187477413e+00,5.025990882947231064e+00
6.689562336752877592e+00,5.846486540632718665e+00
8.982067361704261899e+00,-4.540264256376455698e+00
2.456159095720956920e+00,1.356204243047276670e+01
4.500179196169938223e+00,-1.799611021801244348e+01
-4.078448740715765020e+00,-4.678684339364938438e+00
-1.297721103411034171e+01,-1.344659735293636027e+00
-8.726039777337650349e+00,1.064908860754022868e+01
5.886506175569208743e+00,1.204380098037020019e+01
-4.789537759250634963e+00,9.065953848590359243e+00
2.809137789729871493e+00,2.944574034068612178e+00
4.508940475197896092e+00,-1.234584846601657659e+01
3.660437929258334666e+00,7.979099731239285731e+00
2.915623379156690120e+00,-3.153755848901624859e-01
1.410551011461581439e+01,5.596939916999950526e+00
2.557302972148381315e+00,1.166374332300715544e+01
-3.922159282701416227e+00,1.825085657882259937e+01
2.900041273789147223e+00,6.214168335636630403e+00
6.691640611724725574e+00,9.415590772155173482e+00
-8.508865615591650666e+00,4.799319533966023954e+00
1.454253238745940813e+00,-9.993448211468400899e+00
-9.065403944635550104e+00,-1.927536622153023904e+00
4.727486596558748033e+00,-2.071100538958156267e+00
-1.982877940093085434e-01,-1.071872912314944948e+01
-1.883012704167475571e+00,1.180708007763496958e+01
-2.739267066162889841e-01,4.074177179181929453e+00
1.497430888175222741e+01,-4.685212446564534616e+00
-1.044582165326742640e+00,-5.691237595828478213e+00
-7.248826304170347790e+00,-5.871418282473079842e+00
1.421505001055089679e+01,1.113102054013846676e+01
3.269608727618670496e+00,-9.400174078233792585e+00
-6.693571063252906406e+00,-1.345428047624936596e+01
-9.407882583184575154e+00,-1.261210333661696481e+01
-9.727955414397985834e+00,2.229683548333905863e-01
1.773072412366551109e+00,4.806932084270992611e+00
-8.427482737440239902e+00,-1.415275298354256606e+01
7.878593657478541346e+00,-1.266234900292589138e+01
1.140709502100900608e+01,-4.934722936479808197e+00
1.239968750555179078e+01,-1.024741544235634017e+01
-6.291425464997682404e+00,2.231386420460625075e+00
-8.621449304490035104e+00,-3.685275651230210503e+00
1.169440406433125190e+01,8.054656333862686424e+00
7.753437164646999946e+00,-2.181255688024434036e+00
-4.858781027505633787e+00,3.313670605497850641e+00
-1.283129544654667775e+01,-1.381233931011538374e+01
-5.428328821749623945e-01,-1.432842446745920206e+00
5.688226471015627617e+00,-1.377746851936991135e+01
-3.571094503155412436e+00,-1.147682991077420844e+01
7.529084893200194806e+00,-5.696992601537516521e+00
-2.079174859921675278e+00,-1.043298529837316835e+01
-1.683328193338770973e+01,5.633474744979333870e+00
-6.910668126052598836e+00,-9.448064763687273881e+00
7.199590113324977558e+00,1.329412136489582430e+01
-5.220798509220339056e+00,-1.586718684865018325e+01
1.467482063862013963e-01,7.587534084528585687e+00
4.858565018904555721e+00,9.365366557973816342e+00
1.075552885636084888e+01,1.002781156277174013e+01
1.151043072076024387e+01,1.168140549749319135e+01
-1.206029604443915026e+01,9.280567844901952412e+00
4.937811999167024624e+00,-8.822394065558876619e+00
1.592766749387709879e+01,-6.230040952894500883e+00
1.769409788086295165e+01,1.418209944270634404e+00
6.641534339536496745e+00,2.633686236819786419e+00
-6.944887955412201386e+00,5.751130294642901930e+00
-1.907127186531326624e+00,1.506808168138253912e+01
1.749854041450929998e+01,-5.282360498958650119e+00
7.253226682247730928e+00,7.582370126291021251e+00
1.535789643040463615e+00,1.603220349678166201e+01
-3.136211859062305596e+00,-1.378208942388653746e+01
-1.381232358812742422e+00,-1.208067997659354020e+01
-1.669110981070909494e+00,-1.711419226711610619e+01
1.601833993063227624e+01,-8.582748404215506000e+00
1.166158938348882845e+00,-1.187678205362919215e+01
-2.050785365696655038e+00,-7.551805589185635270e+00
-1.001550766108521806e+01,-1.038156982076172774e+01
8.267257490003645515e+00,1.725704366211856078e+00
4.918698725407183225e+00,5.891557685555105728e+00
-2.847148533326841147e+00,-5.948547445475872664e+00
-3.084338893391498360e+00,3.131960477161279677e+00
-9.837942071349776718e-01,-9.043168456717687320e+00
-5.199362556938097235e+00,-8.692573886331805610e+00
-1.016600127670024278e+01,-6.794187894059841248e+00
1.343070835175028854e+01,3.918860835856894376e+00
-7.875477400487304713e+00,-1.160426666420609010e+01
4.780000207397850254e+00,-1.057778086690016295e+01
-1.039184454020116632e+01,9.885748920952755370e+00
-6.244151397533462600e+00,8.041513203391366105e+00
1.232199227009674303e+01,2.359916239809714433e+00
5.457165991087901347e+00,1.327669500195728380e+00
4.620011649472936632e+00,2.881485249461482212e+00
1.319676155059237743e+01,-4.951180242970249168e+00
1.630785978633158351e+01,-1.243887196371182613e+00
-1.375798923847457944e+00,2.573960137122213165e+00
3.542014851603881187e+00,-7.613036429672990657e+00
1.253938021914420275e+01,-8.488075838186516009e+00
-5.175474946286219513e+00,-1.044774067252969374e+01
6.748568448211024418e+00,-1.521520842055898015e+01
-1.552973759951619925e+01,-9.982308297284895104e+00
-1.506413271331214776e-01,1.128663818327855140e+01
-5.160286634461940913e+00,-1.226477255970590541e+01
9.282761635678962620e+00,1.187109630576707353e+01
1.760796245169569563e+00,1.072253667287515810e+00
1.083968787251843402e+01,-7.971220270022596033e+00
2.793047210622556342e+00,-1.114012731352983820e+01
1.230939971639511299e+01,1.440281411543230128e+01
7.312585412600483004e+00,-1.010985296968863700e+01
8.396806310990323041e+00,5.061065327999383356e+00
1.410630548822458641e+00,-1.684968281410655067e+01
-2.531688970871154853e-01,5.854086242769088066e+00
-5.870835691124092648e+00,-4.687811945666173763e+00
-9.119279161907595466e+00,1.247340956630670661e+01
-7.066712142982255251e+00,-1.532065378515356535e+01
-9.009971229098972856e+00,-5.410128220852066683e+00
5.308896398519543647e-01,-4.914008005525626110e+00
-3.264156972519047795e-01,1.590023894319472220e+01
-4.921772161599323958e+00,-1.406344258768823785e+01
-5.255269900034218011e+00,-6.411081271277608629e+00
5.851566316236252341e+00,4.242838222910298995e+00
-4.802652280147673203e+00,-2.813009132997091322e-01
1.633609389056523087e+00,-3.348889955083860670e+00
-1.382826502585802686e+01,1.082741823944880011e+01
1.130952588469728148e+01,-2.534548661140959780e+00
-2.424217662913702720e-01,-3.199844347021760793e+00
-1.205322028991015060e+01,1.454054096296025023e+01
-4.950968454795253493e+00,6.821766352059435157e+00
-1.079042539186715333e+00,-1.382996222037642831e+01
4.333087032864448851e+00,1.112274287077029555e+01
-1.149504294712071939e+00,1.343396774791270865e+01
8.932582635185363884e+00,6.794151964776951935e+00
1.015738001002078761e+01,5.394771172772525603e+00
-6.803019330365098760e+00,3.940148366196431162e+00
-9.524992617049196753e+00,6.348208625351233536e+00
-5.333952587908207477e+00,-1.775945385251711883e+01
7.559050238878134209e+00,-8.347626659603964328e+00
8.816747605192530202e+00,-6.984405523992378129e+00
7.029443614564285348e+00,4.492850568887051810e-01
1.346591903236912913e+01,8.155215234259895141e+00
8.159191755451963290e-01,1.438960857266562066e+01
-5.924253484721913487e+00,1.340325587090852544e+01
-1.523646119309105762e+00,8.155664684493915573e+00
-1.794701502801424153e+00,-4.058442302833859650e+00
-1.199623389649371852e+01,-4.775583904974895155e+00
-1.463666806325613745e+00,1.474243999508283720e-01
3.896959777252399171e+00,-5.834728350279881681e+00
