2.326908013565983646e-01,3.586345532299556105e+00
2.410187834384652561e+00,6.143400770303510505e+00
-1.969715859651969547e-01,-1.899533894552004654e+01
1.535791690696104972e+01,-4.171694215917015391e+00
-9.232554196267379609e+00,7.112245167151919567e+00
9.216434087084056870e+00,9.629620774016717233e-01
1.373155366075991068e+01,7.828506061791031811e+00
9.944536107420011817e+00,-9.772125883896211063e-01
-8.856205612002359118e+00,4.582937312896289583e+00
-8.709984329457791663e-01,4.967507150768367019e+00
1.019512298476607626e+01,-1.484429682478961254e+01
-3.818240337164005904e+00,-8.389123241159362365e+00
1.087864303728046345e+01,-6.624196318425901175e+00
-1.014829571688569665e+01,-3.676592578003862855e+00
9.161964845845508520e+00,6.422006699167761568e+00
-1.450424826927331490e-01,-8.061314716006464209e+00
-1.031160736571268721e+01,-1.043874177230767408e+01
5.500249901925372775e+00,-1.566954819574827340e+01
3.257915395507616552e+00,-1.204902442451848721e+01
-7.526414392437633438e+00,7.815111631147341420e+00
-2.440225877793445353e+00,2.950704466427362394e-01
-9.563921269518434798e+00,1.570924944837882720e+01
-4.600989317503707099e+00,9.919201757587250867e+00
1.524106578375819687e+01,-1.815649929015941799e+00
-8.182114750063975706e+00,6.807098576592058858e-01
-1.166886098010855299e+01,-2.708344980771629551e+00
4.591602081432974103e+00,2.349033388585528126e+00
1.088573971708840560e+01,3.078697529431473345e+00
6.072684451404761319e+00,1.476902129981092671e+01
1.349673900939714422e+01,1.093833874497091907e+00
3.504232102739602173e+00,-6.007451121418714290e-01
-1.127419752261205765e+01,1.261159214031744025e-01
-9.776780814338943415e+00,3.030960563542782538e+00
1.127193986306321616e+00,7.368493967096716446e+00
-8.556821086196810811e+00,1.412277324460388961e+01
7.996075365969747217e+00,-1.639072178081177356e+01
-3.939507710981024591e+00,-3.068701227136968246e+00
9.178381190429210079e+00,-9.798569395618098810e+00
-6.166724808244974376e+00,1.480793174864126094e+01
-4.097456660185669008e+00,-1.132291151180986510e+01
-5.745869173379185568e+00,7.432238985932263731e+00
1.465460606005196897e+00,-1.840911035604787216e+01
9.084469237762858640e+00,-6.873726726519641339e+00
-1.050292494167754676e+01,9.890036895236558934e+00
5.204182765461651705e+00,1.269699778459323980e+01
-1.417427899658739143e+01,-6.884485083828773000e+00
-5.781981694588526066e-01,6.748592374183164821e+00
-5.563853766023324710e+00,1.306761267393165760e+01
-8.928839962771792926e+00,8.979964590003620017e+00
3.635053107280991735e+00,-2.625198794048174911e+00
-3.294456948207093117e+00,-1.395468444879853775e+00
6.444627178287582581e+00,1.651424706272270626e+01
-1.546826123959454691e+01,7.193512983273168793e+00
-5.148116520345305425e+00,-9.706991256305727234e+00
3.363649092490968329e+00,-4.414470759935742450e+00
1.524680214335446315e+00,-9.694154782954541361e+00
-1.039000430803057284e+01,5.650255971914178055e+00
-2.315881980148399411e+00,7.255378081006969460e+00
1.029020402892581210e+01,-8.409734043253804359e+00
1.209464972526528292e+01,8.572901465792222453e+00
-1.229121301534474497e+01,1.012956933026809381e+01
9.325804334771850890e+00,4.586677067495589455e+00
1.702855350035075155e+00,-3.522271679221377294e+00
-3.872429373944155737e-03,1.828263712373922267e+00
-7.642738097420076926e+00,1.246545438934533045e+01
2.096548489390101189e+00,-1.663609364669382584e+00
-5.106271781536966259e-01,8.582322454378426002e+00
1.461645473644729698e+01,1.212846124743901832e+01
-1.365833819510652081e+00,1.549175631392965435e+01
-4.270517457927418548e+00,6.346423787918425319e+00
6.515559526576871763e-01,1.093143038718673310e+01
4.260687772404296858e+00,4.101903473432717107e+00
1.365409242346877106e+00,6.799526060536414951e-01
7.965799775500603808e+00,-1.200212113606661468e+01
-3.414073377376903196e+00,-1.509092164678621550e+01
-7.264912820978022268e+00,-7.341035783347003019e+00
-1.884004027804018477e+01,-2.795977511441904428e-01
-1.557616488832962887e+01,-8.090635794885143284e+00
-1.797435535269032769e+01,-3.609403326885770813e+00
8.853138682182933650e+00,-1.361633164013623798e+01
8.983187110812528076e+00,2.784315035670411387e+00
1.338373810126692298e+01,-1.747707014286794092e+00
-6.538516749149513529e+00,-3.118632743499896720e-01
6.650694010926913258e+00,-4.570693149507678577e+00
-8.946089454225699455e+00,1.083291368955388734e+01
-1.216913706116836025e+01,1.412416685162324015e+01
8.472977317344032144e+00,8.095183381969441427e+00
1.602756561972492477e+01,-9.336055914607014117e+00
3.346662962037140421e+00,-9.313365148870756727e+00
-1.329902635859785143e+01,-3.424329957530217960e+00
5.787802277726711075e+00,-1.386029385195740815e+01
-7.646901027460380362e+00,6.030917224422012168e+00
8.797072710383281091e+00,9.975492473026999818e+00
3.025143478357081861e+00,-7.571153248427836324e+00
1.080082357903350854e+01,5.558126927561903408e+00
-1.424540760003002582e+01,5.863186242447836705e+00
6.771032306345962759e+00,-1.067820551149874575e+01
7.488386158330924580e+00,-9.038117423844413523e+00
1.776810408257592233e-01,-1.102035780646868801e+01
4.305229023856009363e+00,1.434961156346133038e+01
-1.409079840064942424e+01,9.844636246068285246e+00
-6.604977683940602695e+00,-5.709887462503311362e+00
-3.876353131718644485e-01,-2.944528859629987227e+00
5.756789820022257587e+00,-6.200211323471568114e+00
1.368907560889252295e+01,-3.498157839541825798e+00
3.263619546566984386e+00,-1.530366548714443198e+01
7.432393543269029124e+00,-1.472642386088473287e+01
-1.649045880907066675e+01,7.882260227533958163e-01
-1.555886402834113902e+01,1.090083952374877541e+01
1.434222082790093999e+01,9.940971591025650866e+00
6.931600859385698143e+00,1.310434537851481451e+01
1.890704136234086397e+00,-5.392229186718703993e+00
1.180370148387072859e+01,-9.443366301037519506e+00
4.050883782060977545e+00,1.610525176878673648e+01
4.795271286359768403e+00,-7.687905363945531256e+00
-1.560800959376231667e+01,-8.300384712142558907e-01
1.507777656411815315e+01,4.025591523135060249e-04
-5.872319497519684184e+00,1.120156561045411436e+01
-1.118805333556307779e+01,-8.810078757038592556e+00
1.003388598883247340e+01,1.464181343202157137e+01
8.855631542121874533e-01,5.250819807028264563e+00
-9.904636081173391560e+00,-1.566224652547535889e+01
-1.332718756665805060e+01,2.552614264511306796e+00
-1.211052618664796654e+01,1.231378643057755085e+01
-4.225622771469939920e+00,2.113238774334883496e-01
1.707096662837825907e+00,2.495391238444608195e+00
1.152909396081619775e+01,-2.003178691947383516e+00
-1.691535224617369160e+00,-1.141201117724998149e+01
-1.258892069718448603e+01,6.796454776767083317e+00
-5.398877064709028062e+00,-1.683437505564112868e+01
5.618674836227248726e+00,-9.315712598355903040e+00
-7.211660467538615116e+00,1.006124391220421366e+01
5.050997951312026502e-02,-1.403641766212067488e+01
1.169822263395620432e+01,1.139001227061363153e+01
2.948119150359183038e+00,7.896066875382214967e+00
6.380401678010848343e+00,-3.407775115064053395e-01
-1.120187315945017303e+01,-1.205968623815541640e+01
3.804247618995309388e+00,1.150637988891284280e+01
2.407133244613424705e-01,-4.683709144810577207e+00
8.359145555445406828e+00,-4.044837347287983498e+00
1.617358485234393584e+01,9.966393033985662342e+00
-8.616826746668314385e+00,-5.020249411153109520e+00
2.654859273295683497e+00,-1.697274623538561755e+01
5.094089727018904057e+00,-3.708656575152365242e+00
1.486680115763428311e+01,2.366373248057087153e+00
1.218314670494655694e+01,-4.633700624109151178e+00
6.920861166997761771e+00,-2.550430221178807244e+00
3.273543408057329795e+00,-1.870915095281972995e+01
1.483657330809059971e+01,4.147045889627392512e+00
4.031112910114567960e+00,-1.369834390730627582e+01
-6.938655330037674318e+00,-1.100032715621696866e+01
-5.926596942839417181e+00,-1.452718234773342232e+01
-1.574269485555946035e+00,1.784571531170748315e+01
-1.115391040251270915e+01,-5.230774771751065977e+00
-1.261727039878904399e+01,-1.014153314408354944e+01
-1.682863555450817339e+00,-4.792290069670468000e+00
-5.757533104100617471e+00,-1.264508970090403039e+01
1.071424408383555971e+01,-3.612101404009148808e+00
9.822365533346683719e+00,-5.134890851667218925e+00
-3.552952951427190253e+00,2.411690475714768134e+00
-9.891017172612915687e+00,1.266057326478203793e+00
3.051997313833120451e+00,1.245188895786164318e+00
-1.395857497988288642e+01,-1.756677844264979305e+00
5.520041487941981906e+00,1.071343409840966210e+01
-4.368001605940485810e+00,-6.593026199884426397e+00
-3.624934480583877683e+00,-4.919727745888960335e+00
-9.912795507136829443e+00,1.231225279259976269e+01
1.466919001697238656e+00,-1.226030969417690919e+01
-3.219016554471165303e+00,-1.692260204034197812e+01
-3.023241810346384284e+00,1.665070977712856859e+01
5.268483933116477225e+00,-1.799985017276692023e+00
6.714426202840396485e+00,7.831297263605567771e+00
-1.249637614088699777e+01,-7.510112861398845929e+00
2.414249612759547858e+00,4.242007331333881304e+00
1.231471346913794340e+00,9.190480456039907153e+00
2.510209536818233556e+00,1.406363215565369273e+01
7.361314299044865450e+00,1.113466980521247818e+00
-5.069478409122792906e-01,-6.269672804768479324e+00
-2.201681575680868530e+00,3.718657009993591167e+00
-2.016114254696361296e+00,-8.127861990144422677e+00
1.666697945748699183e+01,-2.877438470642977641e+00
-1.509680017535812935e+00,-1.276952581230114792e+00
-2.559147321838596945e+00,-6.321303080223965587e+00
-2.585454159098266924e+00,5.502173287162254844e+00
-1.014751839515513510e+01,-1.687340716397810692e+00
-5.535293960536194824e+00,-7.952485097392690605e+00
-3.897019032847281572e+00,-1.858524690062813534e+01
6.948047534160903815e+00,9.691889571275003945e+00
1.416009156330548358e+01,-5.472114742719524472e+00
-1.353246324879207485e+00,-1.629821642949283245e+01
7.467490607716592343e+00,4.468700729497711244e+00
-2.176564144284908409e+00,-2.966636743862815173e+00
1.067877792182920871e+01,9.778772705044945113e+00
-1.464872510828792329e+01,-1.028831630131427133e+01
-7.184055702200392801e+00,2.204145372254706192e+00
-5.292741982235989795e+00,3.079572832167078111e+00
1.312783154321459733e+01,4.751610142398252634e+00
-8.790546496292568790e+00,-8.474768049278809556e+00
-9.436990103953702302e+00,-1.211725902970569990e+01
-1.390681183817495103e+01,1.185107852138142803e+01
8.195432677733329285e+00,-5.695537959736193256e-01
1.379964847062661981e+00,-1.545024402859140089e+01
-5.649485083193561685e+00,1.285003243441707577e+00
1.073261267559346344e+01,7.338888593408634975e+00
-8.555235641960091897e+00,-2.918533745807867508e+00
1.807704323316552575e+01,-4.079645681594669782e+00
-1.404607438681509812e+01,3.367571651965738100e-02
-5.285155191012252729e+00,-4.206424894062868347e+00
-1.862757226368653374e+00,-1.813629234600567131e+01
-6.745819626102703914e+00,-2.179418662394301265e+00
-6.844026365178389248e+00,-9.134588555054165226e+00
3.973552631356656484e+00,-6.086473651604526580e+00
-2.299682472072839712e+00,9.017101889836052209e+00
-1.701912032837513422e+01,8.405376540567580435e+00
1.271742685542238149e+01,-1.276997381726773995e+01
-7.104021770196403018e+00,4.008250376987960273e+00
4.425411019683486380e+00,9.277580515147358042e+00
-8.236471535710451874e+00,-1.110493598454876940e+00
5.891898675558691956e+00,5.307018494558878530e+00
-1.498360343926810323e+01,3.447236329856421921e+00
1.251958970988930453e+01,6.443191268872875632e+00
-1.076433716955454756e+01,-6.973819562755339874e+00
-7.047529268666229640e+00,-3.974686024082032976e+00
-3.888401032514149591e+00,4.233928248497996982e+00
-1.731934598717956675e+01,-1.920454852875579821e+00
-1.075943408529985668e+01,-1.411178672892613761e+01
-2.969447375045751958e+00,1.066953140066501682e+01
2.801569485715406316e+00,1.002981103399417862e+01
-3.580530028825910926e-02,1.682656800018865084e+01
3.100660842373556547e-01,-1.302251737445042190e+00
-1.032662556317441860e+00,-9.648782591488192395e+00
5.649458128352500275e+00,-1.204488900382041550e+01
4.923062929804749466e+00,7.590849870292039725e+00
4.163300452012201447e+00,5.886838707914831659e+00
-1.101715623302757585e+01,7.641504793725260036e+00
1.304292213920444476e+00,-7.059444919821565634e+00
-1.811152681913223983e+00,1.987473765670302983e+00
4.466272434043059292e+00,-1.068316126720588599e+01
2.964090710963132591e-01,-1.698587888625490905e+01
1.549921446374748513e+01,7.770911877402695289e+00
7.686887638926165334e-02,1.403681816329227594e+01
-4.053612948870704891e+00,8.121748156689776010e+00
4.805725748882620607e+00,5.872484473420521711e-01
-5.108105112607452369e+00,-1.463487444531534232e+00
1.660153314982377637e+01,6.263566178492382619e+00
-2.911190311670259323e+00,-9.935304488641110154e+00
-1.487868614698760084e+01,1.621418197240416470e+00
1.129203287861791694e+01,2.896974031310432518e-01
-1.294763881899715585e+00,1.211743456534302332e+01
1.277534598790485809e+01,-6.695805494072423869e+00
6.005627725766512270e+00,3.386558370783247174e+00
8.789760064382820204e+00,-2.327713254284282662e+00
7.293398239969368646e+00,-7.143715359398896680e+00
-1.416689482709858794e+01,-5.102283180893228298e+00
-1.675220170753126459e+00,-1.449258058630854151e+01
2.200189294953301289e+00,-1.387764381279317227e+01
