-1.731458052667993641e+01,5.879920748704174915e-01
4.125660732326964286e+00,-1.031160633573627416e+00
9.120136318019003596e+00,-5.579362559710471459e+00
-1.725783990819192981e-01,1.509671862330306169e+01
4.432108786072006978e+00,4.184328773159482040e+00
-1.818219541354983759e+00,7.839363617781120119e+00
-1.549720827090697739e+01,-6.538755073978942178e+00
-1.372662308852495805e+01,-7.561629538455468591e+00
9.475463046123483224e+00,9.387683600575272180e+00
4.631339993764583163e+00,1.503163697088620054e+01
-1.203951606548670838e+00,-8.218243571145283255e+00
-5.225596917647119533e+00,2.110091658220414779e+00
-1.515435964734101582e+01,-1.039891692778231125e+00
3.810479256927729264e+00,-4.531026586219082830e+00
1.138946241212944344e+01,7.900110684452904763e+00
8.054925736991046747e+00,8.347894600080955740e+00
-8.036539723423860693e+00,1.118619123353527200e+01
7.582423476981734467e+00,-4.433326247159912192e+00
-7.911198200328011687e+00,-1.090768779681894118e+00
-2.455085731472974597e+00,-5.043721024441770062e+00
-7.460483613144054615e+00,-1.153031790754449837e+01
1.419980251262908943e+01,1.257233352988443187e+01
7.019992819591672095e+00,2.284103689696231232e+00
-4.686614151109345983e+00,-1.350410848094319327e+01
9.392042795649317100e+00,5.013288799693730091e+00
7.280080254510028048e+00,-2.218381455521114987e+00
-1.312695967793204188e+00,1.673682957490174061e+01
-7.262630530841687193e-01,-5.739785420708019892e+00
1.314557249800016159e+01,-8.530999486553994871e+00
-2.629393520730066935e+00,-1.108620711340980947e+01
-3.839160687699493479e+00,9.631127903201978313e+00
3.849813627982311193e+00,7.731252746021477051e+00
6.751955243227049763e+00,-9.845451182433089699e+00
1.074259227439180231e+00,2.914739519445778804e+00
8.419217107675679657e+00,1.293669111970892338e+01
-1.650439807133330206e+01,-5.020673218683177730e+00
8.083294835248848287e+00,-7.622915104340454384e+00
-7.095185568152847289e+00,-5.548331524326159503e+00
1.506518679213945866e+01,3.537517390183443577e+00
-9.127795154538667077e+00,4.890554126827678871e+00
-4.885624489643090484e+00,1.304070555782935692e+01
-5.090501177776849850e+00,6.701920751621628369e+00
-6.513366776634454958e+00,-7.262154769551831812e+00
-1.057841329182377166e+01,-3.622681402251354488e+00
9.858478590212046200e+00,-7.201536817389544431e+00
1.379573112350879605e+01,-8.629214688520967513e-01
-6.758029749037627099e+00,-1.728491373134168185e+01
-5.929629495134408401e+00,-4.212524816584911846e+00
8.835875818923963010e+00,-1.334356191989755969e+00
-6.146926977734131547e+00,-1.461994370225544770e+01
7.940048488063305321e+00,-1.597995541085196081e+01
1.289976583868779514e+01,-5.564486630647772714e+00
1.022029717693785678e+01,1.285439294262494947e+01
-6.048494532580573235e+00,3.702699986048568537e+00
7.500305006926190288e+00,1.532109438582202188e+01
1.247141159271074162e+00,1.388324607894347018e+01
1.052587604751236050e+01,-9.921831630691594128e+00
3.229553814152271496e+00,-8.051670473956708207e+00
-8.858757995831048504e+00,-5.247386306236820452e+00
-9.996537040571553234e+00,6.639058145277607181e+00
1.578495078173467014e+00,-1.186789459667997981e+01
-1.413527298381175434e+01,-2.537559344841453512e+00
1.535118538941509492e+01,-1.668072834308711005e+00
3.911466449689361191e+00,5.896413472370664266e+00
-8.287443780895699774e+00,-6.950904353803139202e+00
4.094278185723867480e+00,1.155869727140746095e+00
5.958630052386631348e+00,-9.369759538108869412e-01
9.733761235646241516e+00,-1.627359528300027236e+01
-1.009015823440881920e+00,6.199130243751519664e+00
-1.050794835465100796e+01,1.338400883169066580e+00
2.374578463631094927e+00,5.034512604475027686e+00
-1.484612979583050496e+01,-4.184361727413820731e+00
9.382416771411124401e+00,1.125617758585405070e+01
-6.716820036959068929e+00,7.421939352956294478e+00
1.227833913184511294e+00,1.202384089556839797e+01
-3.399299420632436508e+00,3.711237509594832673e+00
-1.200861348559407737e+00,1.047405836205635321e+00
-2.389033293288736370e+00,1.142027840797557836e+01
1.689991514976615861e+01,-3.588082049565348708e+00
-4.362233897079160094e+00,-1.531020430043786007e+01
2.534701874572907188e-01,-4.264143973567272816e+00
5.925866252334453854e+00,9.039231942342418336e-01
-4.154686070613888837e+00,-4.572864950487798730e+00
-1.224972380363403168e+01,-8.705251930346687317e+00
2.189719224197517189e+00,-1.376958898945630061e+01
6.866004668990598248e+00,6.965994189784398216e+00
-6.691196219580021420e+00,-2.398770805021205099e+00
-1.168347103016951394e+01,-1.377229877728424334e+01
-3.961699750780974139e+00,-1.255718380268492140e+00
-2.383085553475479124e+00,1.319929806071540845e+01
-1.307969837786018052e+00,-3.177970428236135625e+00
-9.385527583340630642e+00,1.448031035755590068e+01
5.387044745424677039e+00,-6.987766022697385004e+00
9.268877213345723121e+00,1.601088888011926414e+01
1.079561716341407340e+01,6.093599261822449265e+00
6.745180728605398635e+00,1.221786628789539186e+01
-9.235908683837617872e+00,-2.300369718980999956e+00
8.467629852604881435e+00,3.422179258053428264e+00
-5.703925144690460414e+00,-9.341573120252738560e-01
3.113070133383393223e-01,7.536837869598838502e+00
1.170164380002618110e+01,1.180546693403669245e+01
-1.537878090444298573e+00,2.855501014470582355e+00
1.268330652661942537e+01,6.124331040349290767e+00
-1.095648290187165408e+01,-1.698523743725080859e+00
9.019456168004705177e+00,-3.328549936497699591e+00
1.645356776771864205e+01,2.331501977221904109e+00
-1.228247452617800128e+01,-3.098171629419759654e+00
2.162714100964676422e+00,-3.794656531662977006e+00
1.535987230075001975e+01,-8.279167264136587434e+00
5.183912333842634723e+00,-1.274622116517712378e+01
1.127163940812775778e+01,-8.304285873389057215e+00
8.665389659007098899e+00,1.434596788985201599e+00
-1.042389813501365836e+01,-9.115812256153907001e+00
-9.194846210368776696e+00,-1.195969040389813287e+01
-1.188633689866957255e+01,1.194091166645886659e+01
2.800877322465971986e+00,1.510047266254085763e+01
4.523955446466667141e+00,9.413032105935339899e+00
-1.335273166957099278e+01,-1.312465934116761446e+01
-6.485520466958986319e+00,1.206341016867628646e+01
-2.064617551447229360e+00,9.641149979747499543e+00
-1.090903664696230813e+01,8.757670666550207983e+00
-8.263486785852720118e+00,1.686289415740342434e+01
-1.176827600624178238e+01,-1.045531041574290931e+01
1.331435592306202942e+01,1.103994970589407210e+01
-4.882904199447335891e+00,-2.743949665925531800e+00
-1.668129257600547888e+01,4.443727852089477182e+00
-5.790937411761444276e-01,1.100820075341684756e+01
-7.229968890903579748e+00,2.305744177834700981e+00
7.806338156031490172e+00,1.021627405483954121e+01
-1.552146330907729244e+01,8.094776744755280973e+00
-5.830484515010368796e+00,1.039198046315865653e+01
-9.813096378978411138e+00,1.032555076758793788e+01
-9.001382342727753283e+00,2.281037266673098252e+00
6.333830319303443979e+00,-1.515349731044256387e+01
-6.420238899230620078e+00,6.808340250513528202e-01
-1.559995871346634821e+01,1.258732600697589188e+00
-8.955881481381478437e+00,1.271384264803006481e+01
1.265720994663037891e+00,1.026105016499792555e+01
-8.158056830128638026e+00,-1.388419879916200195e+01
-2.226426434527002396e+00,-1.518072485101855884e+00
2.807174861525585374e+00,-1.576842113555419544e+01
1.597747779437286475e+01,5.199410717593876186e+00
-1.867437118653255013e+00,4.639815962058956522e+00
-1.143394084411294642e+01,1.517048423314613714e+01
3.208532219431894372e+00,-6.233540200732611503e+00
-1.408017353453757359e+01,6.996529179108487817e+00
-4.277548911873153337e+00,5.369338553402501768e-01
9.139385728832895239e+00,-1.273982574079789032e+01
-1.106608999576390673e+01,-1.544479369255718026e+01
1.519008820098976198e+00,-5.479397697424670532e+00
-6.645468418790051679e+00,5.379048409456384405e+00
-1.199131390430392408e+01,7.146888329741456936e+00
1.145848072616811919e+01,-3.685203413318514976e+00
9.914334009407687276e+00,1.249683840645520183e-01
-7.370977571681892826e+00,1.361583270197532514e+01
1.395558831104407815e+01,9.651477945655643209e-01
-8.179249067051401312e+00,6.419699389405737477e+00
-2.351259703274079182e+00,-6.887105725276443380e+00
5.778883070055664817e-01,1.227197390251929754e+00
-2.513290684858391355e-01,-1.128988151775373439e+01
-8.010398092795089298e+00,-3.617460932650760075e+00
7.007385423113571044e+00,-6.109081007070293445e+00
-4.071182053270224088e+00,-9.959612944542868718e+00
1.050049910528744945e+01,1.847975821289202125e+00
-2.947288628354979068e+00,-1.291925232598067197e+01
9.110727169485301147e+00,6.819054670392917572e+00
8.689811913866941628e-01,-2.571630060286675068e+00
-9.678482792580599181e+00,-4.362710780472310312e-01
5.257995619659205033e+00,2.630381247712114234e+00
7.205722658161522354e+00,-1.159702482955379743e+01
-1.932444979489869930e+00,1.497100746861460152e+01
-5.339681585693080379e+00,-8.610061997328529060e+00
-4.315293108897718000e+00,1.134224347028705715e+01
1.219425899160928850e+01,1.395919474155060680e+00
7.510935787166237887e+00,-1.037260805344540756e-03
1.061085600882690194e+01,3.721805519851730359e+00
-4.120036561415809651e+00,-7.303244790741282522e+00
-4.734706933395272266e+00,-1.162387078873981494e+01
5.471283843707730910e+00,-5.174977971294220325e+00
8.914756555251061698e+00,-1.083435153901712411e+01
1.046769450082484099e+01,-2.127874483356995139e+00
7.749015587355073675e-01,5.805010241923275416e+00
-3.094677421686237828e+00,1.833257771240983436e+00
1.509505658537339023e+01,7.892823953966199291e+00
-1.039952329257963193e+01,3.535007407347611430e+00
-3.726963977782796533e+00,1.448482375622720930e+01
2.371818628414370966e+00,1.527576108207641781e+00
-7.185510407952107492e+00,9.216153833794365369e+00
-6.517290881939324265e+00,-9.999032441244478875e+00
-1.508212303163684176e+01,3.530420538971712485e+00
-4.164196485043616947e-01,-1.299208705419385268e+00
-9.889467836145934498e+00,1.619970380668318199e+01
5.112647822448719737e+00,-1.053429779236735975e+01
-7.132628593384026772e+00,1.547023237557439224e+01
2.894939800762073911e+00,3.325146360026741466e+00
-1.162696777737271603e+01,-6.944727121707142459e+00
3.412039106437071645e+00,-1.240690922737022817e+01
-5.191747530751509743e+00,8.485363070826359433e+00
-1.692870302662838000e+01,-1.262456493663179025e+00
-1.389047360334641645e+01,-5.779133014586288475e+00
-1.237305815271179021e+01,1.367994628659385903e+01
-1.399893489959905679e+01,4.190469238464191171e-01
2.323998479079915302e+00,6.822032474218375775e+00
-8.657394280793070607e+00,8.121700705062401937e+00
-1.180373371744854738e-01,4.245277986740078724e+00
-1.277232547185123401e+01,-1.358840560526210606e+00
-1.864214865612949978e+01,-1.792155268718859107e+00
-1.377046310232988091e+01,2.183054810955271208e+00
-7.025082860668677709e-01,1.864552500523706158e+01
1.327847397415958852e+01,7.799506493554564379e+00
-4.703996698828863288e+00,4.961885389827800807e+00
6.492268559408151063e+00,3.967726838074632223e+00
6.112627092593863942e+00,1.394740555785164915e+01
-1.671867359251186258e+01,2.624865951361166516e+00
1.776911376971611034e+01,6.018439903208175679e+00
1.814308388208671463e+00,8.538726926572692832e+00
2.574695208657638901e+00,-1.852177168165758392e+00
-1.318832247423713255e+01,3.941527560023001975e+00
3.202517922897090141e+00,1.325280963215891816e+01
5.998563977228690725e+00,1.043213858776687886e+01
6.129608278209688343e+00,8.685398849939728549e+00
1.288465757759077901e+00,1.616424555831055798e+01
6.877092001199583748e+00,-1.341009410435221660e+01
-1.639305747592871043e+01,-2.988299350587885428e+00
-3.346654109866222804e+00,6.960790932555334543e+00
-1.240196155885658769e+01,-4.850399597208227220e+00
-3.154666005583879329e+00,-3.086718807667199194e+00
6.086126315414569277e+00,-3.522166141886744928e+00
-6.685765851045085917e+00,1.778478296455501351e+01
1.512618082889176430e+00,-7.279168090710053107e+00
-1.104992169127068991e+01,-1.206883391549551732e+01
-1.731889215251941394e+01,-6.686407769484622676e+00
2.909805896838908001e+00,1.146466322761749090e+01
7.648210667726209167e+00,5.325140188464194679e+00
5.705851868194678822e+00,5.577552303314382343e+00
-8.210750758114297554e+00,7.095809554005509945e-01
-2.456555190793794086e-01,9.251229736492422973e+00
-5.534540727103173907e+00,1.474354180236558953e+01
9.492896129863574117e+00,-1.447392774692836070e+01
1.133142232140898997e+01,-1.157403458610072455e+01
1.148745492843561955e+01,-7.070360634372799824e-01
4.453384548939195220e+00,-2.852981674477513607e+00
-8.896691725828233643e+00,-1.001014443901224027e+01
4.879498449986993336e+00,-8.665016457155141794e+00
3.996259858913243423e+00,-1.713401314746701942e+01
3.343349043735166504e+00,-9.840175435201336640e+00
4.725996634741867375e+00,1.230609155033927671e+01
1.725961420130635471e+00,-9.126756758316107110e+00
-1.065351596626226183e+01,-5.464986771295547108e+00
-7.661198764399420824e+00,-8.643188731630660371e+00
-1.316859530221546670e+01,8.648506495529410643e+00
-5.271383982396947943e+00,-5.975971449628111998e+00
-2.197776728625372211e+00,-1.646050008051048508e+01
-2.685578721429210169e+00,-1.472060264087806480e+01
-1.189603667213706650e+01,2.572815434594197814e+00
1.856096288860156651e+00,-2.107180455683798914e-01
