3.088267164496183437e+00,-1.820255181556724278e+00
-1.242213134815373010e+01,-6.290360037575310592e+00
8.436744586340553909e+00,-1.171419315625411528e+01
5.180692529546631953e+00,-1.329972154712439369e+01
4.852113535031089775e+00,-1.147520046094540547e+01
2.693533119378360929e+00,4.873640401456651894e+00
-8.781539760953135598e+00,6.965322329094291831e+00
-5.188256695389670270e+00,-6.623977444650776647e+00
3.647113342163819993e+00,1.629130046561772360e+01
1.391955227631133241e+01,6.028436537744896739e-01
-5.304512489557633437e+00,3.374497741264110839e+00
5.170283486652653693e+00,-3.645537413963515050e+00
5.331059540373837002e+00,1.566312185823525205e+01
-1.443179861292357202e+01,5.002664866415049261e+00
9.279404098258927647e+00,3.353773252751020451e+00
9.790592621633916082e+00,1.610648506235745625e+00
3.548504109255844696e+00,-7.442964766509967411e+00
-1.381743081323839739e+01,2.852748472869202523e+00
-8.290930949903971836e+00,1.542792907820846438e+01
-3.132628556124435359e+00,-1.874453366926379441e-02
9.898190196711118105e+00,7.105449971850331892e+00
1.064719640762995923e+01,4.544868612355477566e+00
5.107554682943699298e+00,8.187740918774935039e+00
5.300365050717525506e+00,-1.624653731583229543e+01
1.565464670990211804e+00,-4.160879022097065061e+00
-4.907866123206753528e+00,1.373783457178272549e+01
-7.658031280578865285e-01,4.201145051401590891e+00
-9.915188475620821507e+00,-3.245507777354502021e+00
-1.152853090913721701e+01,1.045696768026617463e+01
-4.408185714901718733e+00,8.158055999650638768e+00
-4.859066019604468600e+00,1.192861126520789483e+01
-1.604541750987792881e+01,5.895078421863026108e+00
2.902265104741378110e+00,-1.659924293839573650e+01
-1.332195265011786844e+01,-1.210638914939746957e+00
-6.960046819566632514e+00,-1.157665018268568424e+01
-7.350157569394527357e+00,-1.350438924208696712e+01
-1.344188045513394947e+01,-1.074407341519998482e+01
-8.882666476139634781e+00,1.353916444645280137e+01
6.198602481152625465e+00,1.458235459575818460e+00
-1.124060331716186312e+01,1.221423431566010365e+01
6.284465298718058257e+00,1.316324924328685597e+01
7.295484818568889196e-01,1.384893334044287982e+01
-2.561193685672841447e+00,1.635646886271897316e+01
-3.039946721708522315e+00,-1.874601516781376986e+01
-2.375256519545381195e+00,1.082862654027462490e+01
-6.415772051278166188e+00,-1.788211852725090978e+01
-6.367406281973518212e+00,4.783290106939167785e+00
6.295921435382800802e+00,6.876283742327908399e+00
-9.623515183594866684e+00,-6.454685624603043514e+00
2.208862177764404411e+00,1.443300159038077179e+00
3.790263510915352185e+00,1.161259432697446314e+01
-1.178905818852792775e+00,-1.196399018856554619e+01
-1.057357942183143606e+01,3.842956747397197947e+00
-4.218760731274213249e+00,-1.575543139281419691e+01
-5.002750462579326651e+00,-3.191816981426181532e-01
8.911713677034946102e+00,1.224303364637119174e+01
1.110313356629933601e+01,-7.770267492873649928e+00
1.220983444459210432e+01,8.554507320454664665e+00
1.159568319526008651e+01,-5.020294076275901851e+00
1.285459074191366957e+00,-2.383031688101319823e+00
-5.658350624356749847e+00,-1.459918715915166132e+01
-8.618799553841702377e+00,3.988136615896693993e+00
7.805149867424741039e-01,8.623274978688449721e+00
-1.353178357358912010e+01,-2.971156307263651097e+00
-1.243340221464235640e+01,3.972422127823116877e+00
7.985992008023439226e-01,1.042983664203483940e+01
1.518470288453090333e+01,1.037227652778885911e+01
-4.096555606093449597e+00,1.534382739717236710e+01
-9.305531611784193302e+00,5.703222161984170535e-01
-2.609263234103563533e+00,-1.086104535317960185e+01
-1.551208214971922850e+01,-7.710350194874115992e+00
-9.771094363780710168e+00,-1.421008545402024037e+00
-1.213799205841909590e+00,-8.455977939752054695e+00
4.854885197732518698e+00,-1.808957416477249502e+00
2.060168540890611855e+00,1.546986231262670941e+01
6.624465442331675114e+00,-6.845228055261072253e-01
1.733292367007382495e+01,-5.726802501749871155e+00
-3.761718456089967688e+00,-1.705744624512183671e+00
-1.147332729237600368e+01,5.493826956142779494e+00
9.033663526987496084e+00,5.397968997054916507e+00
-1.454874818988169283e+00,1.300086525925185654e+01
7.512262561280571127e+00,1.090804175902336226e+01
1.110115398911043982e+01,-3.414390057604835826e-01
1.473822998827988506e+00,-1.538841387777290848e+01
3.960307668955544980e+00,-5.402278380883171138e+00
-3.990106732725921201e+00,4.610597263702605808e+00
-1.160247406628594824e+01,2.398633519204354858e+00
7.658262503741579685e+00,4.231118609500290617e+00
9.818270514837466933e+00,-3.775112332479280575e+00
1.156441018726487791e+01,1.479390056208714999e+00
1.285365481701096790e+01,-1.389979963987207334e+01
-1.172186300532141523e+01,-1.021400578142171334e+01
6.802536148554079176e+00,-6.622901480789482598e+00
-9.802128682240322632e+00,-1.607007150215547853e+01
9.296640904132633665e+00,-3.270408130759297483e-01
1.448353709632405639e+01,1.209297178404629491e+01
1.155798457979040172e+01,-3.005870082387034348e+00
-4.980853205891681235e+00,-4.617109124501064699e+00
-1.872229357860988763e+00,7.456709042278466093e+00
-1.060118345202878665e+01,7.061455495418648809e+00
8.910866358967981071e+00,-9.207765788825300390e+00
-1.119099492930504169e+01,-8.232205291915338563e+00
3.314834015477163831e+00,-3.694691527713507728e+00
-2.289031190416560335e+00,5.257770650523621470e+00
2.314184747509637319e+00,-6.084816812093637672e+00
-6.037183574838237199e+00,1.156186684338915471e+00
-9.442617470907006094e+00,2.382802300857165712e+00
3.128466278734618466e+00,-1.208159216388613011e+01
2.665339936130524112e+00,-8.956708363485832436e+00
-1.245883721538705480e+01,-4.523237684092081601e+00
4.409899524707146412e+00,6.276333226337409421e+00
1.391134946279980911e+00,-4.591527796539200401e-01
7.329216307923013929e+00,-8.305189214237081785e+00
3.208430283820538520e+00,-7.450063147456145729e-02
7.852268246973277854e+00,-1.362186013401576368e+01
1.260003902593463465e+01,-6.859764317534244427e+00
5.972321927315538126e+00,5.069280263177964763e+00
-1.002522599252872482e+01,-9.613224812696232746e+00
-5.601634311404509070e+00,-1.280295119065167242e+01
-7.109314139815489320e+00,6.421617085358186650e+00
-9.496063615220304399e+00,1.187022824527963571e+01
-1.314984369035096989e+01,6.280010716364198053e+00
-2.880911314535751222e-01,-1.419958004329335033e+01
9.958222314804956454e+00,-5.805374806884310068e+00
1.669329683117587848e+01,8.866308023877250477e+00
-1.561235441082445163e+01,2.427249120639781044e+00
-1.661252816656997666e+01,-2.594229821147318482e+00
2.520028008661669094e+00,8.927328131142449053e+00
4.225467307040529086e-01,-1.893541209731332131e+01
1.001025982903507305e+01,-1.956297683449023106e+00
-5.228449394346560197e+00,-2.751534165754827566e+00
-6.838723769733706881e+00,-9.330657046856815739e+00
-1.295597425229000521e+01,-8.043074776044541352e+00
-6.194107909210445628e-01,6.082088675475024964e+00
2.270790931877294305e+00,-1.380554951938391639e+01
1.412791431246118634e+01,8.833791776972120147e+00
-6.657397458211156582e+00,-5.479162928981399006e+00
-7.359584813990878160e+00,1.708731441318125377e+01
7.847127601457372315e+00,6.585341264498737468e-01
-2.786770498771072635e+00,8.988731575274913510e+00
-2.025171682306595944e+00,-6.697065244785254556e+00
5.589438340485460621e+00,1.141036052280627722e+01
-1.058404086713992776e+01,-4.939300347919831857e+00
1.475768047269454986e+00,-7.630327980518701203e+00
1.410936796350033617e+01,-4.337206873328693923e+00
6.498750378866062327e+00,-4.794803337125883580e+00
-7.051786157158244084e-01,1.499570315565844147e+01
7.933551792208185738e+00,-3.628089991338763642e+00
1.813885194602809170e+00,-1.056434708545157442e+01
-3.591572306900477241e+00,-3.490049729449257399e+00
-1.348865444377796052e+01,1.331790606780226582e+01
-3.468562899710620151e+00,6.603204417774455770e+00
1.560709298411635793e+01,5.739826747319401790e+00
-1.589174494842741048e+01,-5.853935064155432855e+00
-9.003630769147241253e+00,-1.270016042339020679e+01
-2.063024776295052931e-01,-6.915742897051395666e+00
-3.640843138684955349e+00,-7.515840813447348445e+00
-1.143527753863572138e-01,-3.464913853733659899e+00
-6.846335826097520894e+00,9.655767573232751033e+00
-6.504818039884695535e-01,-5.172049123555180650e+00
8.137411298856179087e+00,6.919048759667423276e+00
1.382058825477008135e+01,5.295484318267353885e+00
-9.733182508649829145e+00,1.007057257802242667e+01
9.285304296064622598e-01,4.948056795477313585e+00
-1.838818706482539511e+01,-3.155862858316806019e+00
-7.115056892338751382e+00,1.397936407329680719e+01
-4.110001418580613297e+00,-1.179867800679463841e+01
-1.312943428015346914e+00,2.590723608478117113e-01
1.720213515262690507e+01,-7.602774871353051189e+00
4.980258740750793223e+00,2.863937327761650192e-02
2.789067567804714098e+00,7.127783070633948448e+00
-4.103714099623729794e+00,1.027109454191785964e+01
-9.827654602442079668e-01,9.024444469382093104e+00
-6.814342944050326700e+00,-3.728946483181451388e+00
-7.065264459062344793e-01,-1.600747410391997150e+01
-7.850913961593810164e+00,-6.819008398996436071e+00
-9.243550082349555330e-01,2.449591359968843474e+00
6.044734768188833485e+00,9.714703411025459090e+00
4.245779409580832109e+00,-9.749933536525187350e+00
1.579582740552064557e+01,-2.546946343024511616e+00
-1.170440103919692554e+01,-2.926352154469987088e+00
-1.423728976160931659e+01,4.780955876370986957e-01
7.768084828428899469e-01,-1.702606417681860407e+01
-5.921134861629655077e+00,1.526869589606854127e+01
-2.476040834970937521e+00,3.453527737985004897e+00
-1.409498224195439953e+01,-5.290740645467459480e+00
-7.064100770368340498e+00,3.118096772157331387e+00
7.644222875883595059e+00,2.452013375287007246e+00
-1.306183598612509122e+01,9.448009756333716425e+00
1.229323297828599237e+01,3.813610289230123129e+00
8.210618124304209786e+00,-1.724178288635802136e+00
1.145399261663943058e+01,-1.514153793170552298e+01
-1.440339072363323503e+01,-9.253118096879765275e+00
9.828819597315627821e-01,3.068108145601947445e+00
1.485369475846520615e+01,-1.013707377765188822e+00
1.961007880502694034e+00,1.184692363323110875e+01
-2.413089444317218835e+00,1.452091959256672382e+01
-8.736889712186446388e+00,-1.094179244689970609e+01
4.204422188164554264e+00,9.729556871379875460e+00
-1.508739358349186510e+01,-1.291821681776706754e+00
-2.487491834867458174e+00,1.625886202724181828e+00
-8.822619942814132088e+00,-8.317625283436846928e+00
-5.223764758605442537e+00,6.286721754154584119e+00
1.383349805868300031e+01,-2.523667188295942054e+00
6.045408968382303350e+00,-9.667102170843447695e+00
5.986726129496806159e+00,3.272585131580177720e+00
-1.475491784668813189e+01,1.013445755632585765e+01
5.225922047875732446e+00,-8.033034410086841604e+00
-2.409317152454342192e+00,-4.875360901942479508e+00
2.995071464985755938e+00,3.121970024042157732e+00
-1.717751177531261320e+01,-4.575906494318509488e+00
-8.529325531161200402e+00,-4.390511450339968036e+00
1.833933439093117101e+01,3.909697788691311349e+00
1.065952994742910853e+01,-9.578205849494517921e+00
-1.642110955518932514e+01,8.782994620861554580e+00
-1.863054252613637329e+00,-3.161882541943200398e+00
-1.513477937379864890e+01,-3.769586153249817162e+00
-1.109736987842128819e+01,6.943483323351165026e-01
9.295622915901532224e+00,8.848257967996053353e+00
-7.219804707694949641e+00,-1.539458607224035269e+01
-1.052076887610298783e+01,-1.164613175603132689e+01
-5.483325017994298278e+00,-1.061470046633615638e+01
-4.289126000510286474e+00,1.834741086482865047e+00
9.308293688922521625e+00,1.397298054627616359e+01
4.478315049271878179e-01,1.268182695566218099e+00
-8.251520679412781334e+00,-2.501509269824822912e+00
4.526767288630262343e+00,2.159114800075744078e+00
-8.060320420655809670e+00,-6.887190757631639348e-01
7.473026950567700055e+00,8.672501272380394255e+00
6.558442037664653945e+00,-2.468276547609083327e+00
1.049025629313333319e+00,6.785027284491454758e+00
-1.768078293738666673e+01,-6.339915156335885982e+00
1.205419040049987522e+01,-1.232881898204242610e+01
1.537715490615792291e+01,7.496657755852334404e+00
4.361454375421059737e+00,4.253795341428044274e+00
-6.422091374521322393e+00,-1.355595566104587535e+00
-1.150739862811417424e+01,-1.147599023706809662e+00
-1.606306725894082632e+01,5.394416130673165277e-01
-2.084257242674725674e+00,-1.410137324130937486e+01
1.314446404454156969e+01,6.963439206507580970e+00
-7.774379344185733842e+00,1.484958777449564060e+00
-1.956752579631970690e+00,-1.397891347047305777e+00
8.019142943527263867e+00,1.530816736545318690e+01
-9.692455460058972960e+00,5.435988739983852902e+00
-6.658418424385695644e+00,1.216205661608995747e+01
-4.646538044521203226e+00,-8.964893667264494326e+00
-8.422878173403962165e+00,8.743565714766255326e+00
-1.143939551825653034e+01,-1.514865987311681117e+01
-1.872900761420900340e-01,-1.348848560453280720e+00
-1.915194097822542352e+00,-1.735049557759810313e+01
4.182670084573792302e+00,-1.488211666306135683e+01
1.317810340049843765e+00,-1.229247228053461960e+01
9.471783218802590554e+00,1.645223021216224879e+01
-2.867069423012574170e+00,-9.117886074174352373e+00
-6.173291500139741927e+00,7.922892804167053882e+00
-6.322794217907392600e-01,1.145049222412640866e+01
