-1.059692407355528498e+00,-4.745609245089515760e+00
6.481502253844727335e+00,1.769992296736037929e+01
1.430982007245023446e+01,1.569208408678263722e-01
-2.049325402044095856e+00,1.515933537039649082e+01
-2.190485491674339258e+00,1.324313254990296329e+01
-2.392963352568965085e+00,-1.209827572411956531e+01
8.028746056738118142e+00,-1.078075429362230508e+01
7.477909833983390264e+00,8.687706824102685133e+00
-3.713957674420035993e+00,1.094693854442561332e+01
-1.409202828234797167e+01,4.192750465328080267e+00
-1.569618050074391213e+01,5.452138632968873688e-01
-8.703651552063304209e+00,-3.139927374701036444e-01
2.411116874428751000e+00,1.212465909138241038e+00
-1.805422004732540220e+00,5.314294211348242314e+00
-1.099739696276979828e+01,6.595339863738740149e+00
-7.083846303754446794e+00,9.344854147047094273e+00
-1.150906326821454329e+00,1.164595348329131852e+01
-1.483923522700249542e+01,-6.662694606299310429e+00
3.786054733805936046e+00,-1.723668974717551450e+01
8.246901110614240693e+00,2.629776659342948353e+00
-1.365631161365924484e+01,-4.940255586485076122e+00
-6.463902918957255217e+00,-7.930746180169516435e-02
-8.447969070722193052e+00,-7.704883036971217791e+00
-4.843478197342644620e+00,-3.903203243799827860e+00
2.621076149425351609e+00,-1.418875790408227200e+00
8.716169067403871651e+00,1.156186517800667701e+01
5.450777232882381362e+00,-3.641877084744706394e+00
-6.247103446256877746e+00,-5.745235077651469346e+00
8.198970132678242706e+00,-1.357098016473959312e+01
2.874631905216541661e+00,-1.226890115398238912e+01
6.682780847723229556e+00,-5.968060835169459732e-01
-8.384190580432345996e+00,-3.135607526915510146e+00
1.157163911901496967e+01,6.382301811445699080e+00
1.284778759208667509e+01,-5.648247700737639043e+00
1.888297746374908215e+00,-3.410498380674989782e+00
6.828962092539557993e+00,7.003335250670131629e+00
-5.667353209479848886e+00,8.128487859782952185e+00
-1.223327419374149372e+01,8.147247580532592792e+00
-1.405810460528618933e+01,-8.323746855531069855e+00
7.453550832043786656e+00,-1.541246924049172584e+01
3.285069841203721808e+00,3.439466780825570336e+00
-2.947486933229908068e+00,-1.383984905083562289e+01
7.102896859302123556e-01,-4.740425732308244378e+00
-9.632707983276096453e-01,1.669724872735292109e+01
1.305206411083609241e+00,-1.316677330407120650e+01
1.242046093565540232e+01,9.952307780131008030e+00
4.980136180998358419e+00,-9.522503088763160761e+00
-9.387403271078921918e+00,-4.663425613578140450e+00
1.492072730689035254e+01,6.061515155092378038e+00
-7.094745904609728093e+00,1.658917969506041423e+00
-7.161966087336872455e+00,-9.247722155284545664e+00
7.039387468490117428e+00,1.228189941886023639e+01
-4.232110221213122081e+00,-1.786124116928935690e+00
8.947884624249047292e+00,1.504954031738582998e+01
1.460151141925072693e+01,-3.297332584224617502e+00
1.339383452238154915e+00,-2.113416196940930136e-01
-9.217186230556144722e+00,1.213749706525908323e+01
3.873477133676478168e+00,-2.725851892086504247e+00
1.122465809464167630e-01,4.834744749116036466e+00
-3.933370660747198766e+00,8.985563415167300505e+00
-8.228248575039563972e-01,-1.131435394365899239e+00
7.245742257056687841e+00,-9.116078137679821225e+00
-1.394338166154737380e+01,5.907722631149356918e-01
1.717490629706990291e+01,-1.999254357811365290e+00
2.052565679638598706e+00,-6.016443749068189462e+00
3.240786725794871925e-01,1.562024214844210279e+00
-1.798057950105935987e+01,-6.112607084961607207e+00
-1.739216353867923670e-01,-1.658504743489980626e+01
1.957895915748050886e+00,8.893591318129658418e+00
-1.213191102891547679e+01,-1.223287671075819460e+01
1.820515596821825710e+01,4.009473258605797952e+00
1.116048970321278411e+01,-2.203230583771881967e+00
-1.991953323893018934e+00,-1.029502613202294725e+01
-8.979195341632914662e+00,5.058948926912671062e+00
1.316455696377757256e+01,5.479916261202887995e+00
1.886732025182976002e+01,-1.240739136945423260e+00
5.428780700161950357e+00,6.443536483243007540e-01
-3.311663218610999326e+00,-7.090971809943275694e+00
-4.497278397422567409e+00,3.154981492829823875e+00
-1.216033404017241182e+01,-2.481058319151797420e+00
-3.809888823157205007e+00,1.510837543761802682e+00
-1.132571574217710797e+01,-9.514499910885849232e+00
-1.137851584876096744e+01,2.846566530140554718e+00
1.246311893313886010e+01,7.958867997383379134e+00
-6.287438809998191047e+00,-1.791482266557067859e+01
4.701687863791940813e+00,-7.774730261123140806e+00
1.246520862196597612e+01,-1.093120646454384115e+01
8.439455353443349850e+00,-7.181650227612293769e+00
-8.443807597979214208e+00,8.140511619939035270e+00
-1.390993162478299183e+01,2.441443198606066289e+00
5.658400992938303453e+00,8.422903369853361966e+00
1.160067528062947240e+01,4.497447669349905475e+00
-1.690828781934888525e+01,3.225558206696109931e+00
1.568626030248740699e+00,2.862528093166423204e+00
-5.897931250988168728e-01,6.604043106933668028e+00
9.828798746390297936e+00,1.734985286848889086e+00
9.018883849830746868e+00,-3.070235363614425950e+00
-2.131818503720219304e+00,2.153869911374823420e+00
1.556387019034503538e+01,-1.244292113706136904e+00
-9.734539129306643446e+00,1.204984206323314710e+00
-6.617262800895431951e+00,1.241552413191699955e+01
-4.667578532029766691e+00,-1.989644731681022502e-02
7.442907635161446933e+00,1.408785061505039593e+01
1.071425428342858233e+01,9.462747560169855632e+00
-5.290781164999092123e-01,9.940643817473464594e+00
-4.461458774537478966e+00,1.644568285475396507e+01
2.396672323958648487e+00,1.532485060563154278e+01
-2.720898405231216177e+00,-5.407587695703387709e+00
3.757558949075675336e+00,-7.025013258232634672e-02
1.019049284186395177e+01,-6.477607044386163970e+00
6.039721118016013079e+00,5.403236215435237355e+00
-4.149592353687205915e+00,7.184895894796524907e+00
-5.368119456860193317e+00,1.008114201829897283e+01
-7.092430032351524360e+00,4.856255440052549943e+00
-3.806049714564156972e+00,1.481094974893686356e+01
-1.096194477643309817e+01,1.128744027950156870e+01
-1.193380764291183738e+01,-4.619202848274971629e+00
1.432410594466879239e+01,-9.701503578506356362e+00
1.141498774462553989e+00,1.058986956333747642e+01
1.566675262386683798e+01,1.017036145550899739e+01
6.043667341027685325e+00,-1.433044310381648145e+01
5.091052168079690965e+00,-1.455950545874206137e+00
-5.880704622679314042e+00,-2.434466091075706107e+00
-9.410866111312829574e+00,1.007408463968476653e+01
1.455617331272272708e+01,4.229881213801710338e+00
1.353856308551416809e+01,2.767107904093513593e+00
5.446206287929930667e+00,-5.420467333959913425e+00
-5.413954781778651082e+00,5.514520949228710833e+00
4.326774674117764619e+00,1.842459818620226031e+01
-9.616861123833521319e+00,-9.033089469792676240e+00
8.326909668177247426e+00,-1.442998600682285026e+00
-1.069330052114625929e+01,-1.567244429623849378e+01
1.697542796917229424e+01,2.505362531081457789e+00
-2.458801305896372025e+00,-1.901934229171314605e+00
-1.305695328250726206e+01,-6.819121086330190096e+00
-1.630079907639806081e+01,-5.555399265782683393e+00
8.352123575147821555e+00,4.835500330386979684e+00
2.279605845226579941e+00,-1.845255854636107529e+01
-1.156142608489658841e+01,1.039624686804544673e+00
-5.813529292327793696e-01,-1.139197254586541597e+01
1.060111039554147006e+01,-5.004218187170924592e-01
-8.762415574927073791e+00,-1.067179366176535638e+01
-5.638526138304637669e+00,1.395179591747451120e+01
2.757683704483399278e+00,-1.040179166903870644e+01
9.644692350214267407e+00,7.989684582765907095e+00
-6.043336232056011337e-01,3.221654882873369097e+00
3.186537060505202912e-01,-6.513719263008886706e+00
1.701187316852282549e+01,-7.725069612375589756e+00
1.358254594968176354e+00,1.251247553660707190e+01
6.212842203428260213e+00,-1.088873412254833006e+01
-1.149519584653425408e+00,-1.345993989113537204e+01
3.139596892069194123e+00,-8.635533226726082034e+00
-3.598464357403316161e+00,5.448219588024671545e+00
-9.936544930238859763e+00,-1.662221407617211044e+00
1.414399709258674420e+01,1.131050053336831596e+01
3.806667308430356389e+00,9.891913833481227769e+00
-1.154487889718285665e+01,-8.075253359312291046e-01
5.805349191756916660e+00,2.413892942499110461e+00
4.314828834963498672e+00,-1.125793773919379248e+01
4.811529276931580945e+00,6.822935496719309434e+00
2.775718086205634094e+00,1.139048377820544822e+01
-1.632213448859595673e+01,-2.404142485646901584e+00
6.621092379749807577e+00,-1.266716523137900197e+01
-4.491622832854972103e+00,-5.685294915384700332e+00
-1.822585851113486699e+00,7.999281548467451763e+00
3.087999908079506195e+00,-1.561107901753939586e+01
3.583850398618234401e+00,8.075402186429805340e+00
5.682785151530513446e+00,1.350509941954046234e+01
9.285896994647796276e+00,-1.500451172838655012e+01
1.334666308375418886e+01,-7.461225120339861405e+00
9.750540945373668222e+00,3.608906442108201329e+00
-4.217655410949261441e-01,-8.189868082667524973e+00
-7.456183425995216218e+00,-1.555984922268180748e+00
3.385111851911288383e+00,-4.510757863543906510e+00
5.331923246310169340e+00,1.530989061907891369e+01
8.587082894221197193e+00,6.567712425219480288e+00
-1.516127980939531383e+00,-6.728591498744568966e+00
-6.870264682801420442e+00,-1.300300006050136403e+01
1.128551335701712688e+01,2.748197373445382397e+00
7.206838422192652693e+00,1.092383839624146091e+00
1.371013920978905709e+01,-1.643282121242791272e+00
1.478242497531422295e+01,-6.386915400833578893e+00
4.032111858661720838e+00,1.654710360557898241e+01
1.592772346321511767e+00,-1.667586241110723932e+01
1.469593807152353326e+00,-7.976004685906065816e+00
-4.892392330530810796e+00,-8.031770720310273504e+00
7.187430905088040944e+00,-5.833645400095350375e+00
6.880262266367569879e+00,3.808704744773711681e+00
9.921975500566601269e+00,-1.314252637684102609e+01
-1.061003316906728600e+01,-3.305448977747707850e+00
-1.023147213064642003e+01,8.434036375464364355e+00
-9.563071500392968716e+00,3.014105022535059852e+00
1.048126777961729950e+01,-4.303450097140391506e+00
-6.280379326470843182e+00,3.286606829954677789e+00
2.947171879219195656e+00,1.353328302923301862e+01
-4.088878425520265480e+00,-1.164276830429191456e+01
-2.311717407603669283e+00,9.818493622627089579e+00
-3.040414853503696779e+00,-3.621650710523059757e+00
-1.479796920801762106e+01,-1.187502559640933342e+01
-1.207099636608355064e+00,6.123896921297495854e-01
1.633999077730114990e+01,4.201591123157583318e+00
5.582821979433230553e+00,1.018755298003766185e+01
1.669421819347366309e+01,5.944901595350160939e+00
-2.225013869239080844e+00,-8.532930256353258969e+00
-2.868087293306956553e+00,-1.374108381874692975e-01
4.253980210424448849e+00,5.054494981310758916e+00
1.164266051682037961e+01,-1.388673176858261726e+01
-4.478145595535567125e+00,-1.821747628823851528e+01
-3.780923123421563670e+00,-9.842605853273067140e+00
-6.664982411912878213e+00,-7.517141921931020043e+00
1.988278951173714448e+00,4.880859993614788728e+00
1.243229135366147986e+01,1.369095178166463533e+00
-4.754313845256314508e+00,-1.331386831969836848e+01
1.147915297771817222e+01,-7.693196329918657206e+00
1.335524391501924590e+01,-1.288954233883073996e+01
-6.792100621609971078e+00,6.719207220381357537e+00
1.712588300190592960e+01,1.267320667616915197e-01
2.626932489709468133e-01,8.317989450350729896e+00
-2.845057498798729156e+00,3.816026078636792107e+00
8.167063307415475815e-02,-1.475534202409564344e+01
3.821742259701136124e+00,-6.219647066953917225e+00
1.059721623887797115e+01,1.125990659117937298e+01
1.004526826648074334e+01,5.423543748470200931e+00
-1.279201912389397755e+01,-1.059310691364238011e+01
7.070105527133928591e-01,-9.587164396206903305e+00
8.801657633961367466e+00,2.787629108928776356e-01
8.886735707596551848e+00,9.786665743300655862e+00
1.248133702154757385e+00,6.635231567938758346e+00
-1.095393645460575982e+01,-7.731625473657770975e+00
4.120803568038846620e+00,1.833221562727532117e+00
-8.125350348427689440e+00,-5.903866985173383597e+00
1.886401690777799800e+01,2.074219984993599830e+00
8.898301813891409395e+00,-5.201348359655387554e+00
-1.447556366409941830e+01,-1.005408777232949902e+01
-1.066244722481417462e+01,-5.960409206984922825e+00
-8.637198699996325724e-01,-2.908701070623480600e+00
1.218980962156080317e+01,-3.782810303315131240e+00
4.823643853438395190e+00,-1.301610109554473915e+01
-6.692360045908548827e+00,-4.004047523459407287e+00
-1.384327728102879185e+01,-3.051686448268317697e+00
7.452201667450248479e+00,-4.014915302471973924e+00
6.663776043959979134e+00,-2.368344937109673864e+00
-1.143646195046420289e+01,-1.393064725963082928e+01
9.103080983374955082e+00,-9.278764546922312562e+00
-1.050147609760259826e+01,-1.125847003690024195e+01
-7.754531348970835403e+00,1.104332138587690437e+01
-1.537920484427276335e+01,-4.001328356006535358e+00
7.724072795665133384e-01,-2.032136809910265018e+00
3.042387900107407006e+00,6.402065435065003918e+00
7.006349209805541101e+00,1.592862347618477337e+01
7.125788535069608187e-01,1.589501062872642478e+01
4.364461333260904574e+00,1.226928506544052944e+01
-1.360741179938401402e+01,-1.325575938236104001e+01
6.521384054365729988e+00,-7.461799979246604764e+00
-4.677771571231977177e+00,1.246333166919028201e+01
1.246602034904465528e+00,-1.138984859665172955e+01
