1.843505391654860048e+01,7.153498693824625887e-01
6.283883842754579341e+00,9.904622905006037925e+00
-1.186023406425390947e+00,-9.502830712336177044e+00
-1.702857675671014093e+01,-6.604465676395663287e+00
-5.484810220928989288e+00,5.162825091127422716e+00
-1.842710783532501395e+01,2.915035087168560857e+00
7.992677142270173674e-01,1.432619714210039774e+01
-2.173957438711556556e+00,-5.974215718196589364e+00
-7.002950779860383612e+00,-2.753219210348288204e+00
1.169930005850561550e+01,-1.254532788371926522e+01
-6.618726500761535014e+00,2.112471907931432025e+00
4.330652829163124551e+00,1.049026664727333547e+01
3.355983578104793086e+00,-4.022627791254922869e+00
1.586602705790575163e+00,-4.982280136919258418e+00
-1.210987797999145954e+01,-1.280750726969549724e+00
-1.659831380826053637e+00,-4.281806347406775792e+00
4.461167645583077324e+00,1.506060768319175125e+01
9.609236649478971160e+00,-9.440166917271477942e+00
3.009429026884506975e+00,-5.521149379173501126e-01
-1.005076745816154649e+01,3.937680648628049673e-01
-5.104076929214932612e+00,-1.024903913421671575e+01
-2.876390138631879090e+00,-8.366133029002861932e+00
8.677581905873696044e+00,1.683528409152231475e+01
-1.176551205978912584e+01,1.079488459421347279e+01
8.454982379126484204e+00,-1.698753248135188088e+01
-2.694447073408313464e+00,2.873546810863462309e+00
-2.443659027803025019e+00,-1.192948703011895084e+01
9.397495558368602175e+00,1.280921913729425832e+01
7.522979584218587590e+00,-3.323953333382928754e+00
-1.850940664262585578e-01,-5.250596124827977995e+00
-1.499915810559017437e+01,2.441725835271083778e+00
-1.865052222688722594e+01,-3.483901417709178272e+00
-8.758186082612160916e+00,-3.125809721711798161e+00
1.157276605966788274e+01,-7.910139944247884358e+00
1.029175398893560356e+01,-3.471611665852815332e+00
1.201647094847079345e+01,-2.682779223504283994e+00
-1.828341941099532519e+00,-2.474906833657390059e+00
-1.454694779177291508e+01,-1.003252968453403149e+01
-9.196246580251683511e+00,9.664262720559321451e+00
3.991623720654165375e+00,-9.707948219929745548e+00
-1.095280867524334845e+01,9.146567311590947824e+00
-5.596194948835404581e-01,-1.393728067655807656e+01
9.609216167593525038e-01,1.816401535163255687e+01
-9.742878126172886510e+00,1.141850545820894247e+01
-1.714358576657451394e+01,1.686986122967276680e+00
-1.088854442249587606e+01,2.623809381934296692e+00
-1.039076949179899678e+01,-3.830230386423930433e+00
5.287718984407815404e-01,-8.772293404143130857e+00
1.216582367305653278e+01,9.172289653571530366e+00
1.894921668305751083e+01,-1.033831557105622911e+00
1.296864968811213004e+01,1.266110007981256835e+01
-6.168872946847070438e+00,3.720606723971760510e-01
-6.941139313807247468e+00,6.273774491673735021e+00
-8.406386834559029353e+00,-4.983578834797018686e+00
-1.787278567160914022e+01,-1.879552275362870173e+00
3.906065754840880366e+00,2.433095734332774374e+00
7.951134798772109491e+00,6.616084901985471944e+00
5.314593977232127564e+00,3.494750258228422446e+00
1.033019404354246262e+01,8.923883537343256123e+00
-1.503968081053363726e+01,1.149357622611120888e+01
7.412625433422296517e+00,-8.791640366917834015e+00
-9.167024433319136634e+00,4.573052821051295957e+00
1.363889912361190682e+01,-7.604300928226488843e+00
5.384608742435588624e+00,-1.456100999803917606e+00
-3.474349075079923299e+00,-4.128727130427033210e+00
-2.849963660491448447e+00,-1.016137529639058457e+01
-1.024426275069487957e+01,-5.669860675497108815e+00
3.231095003926025999e+00,5.928507063461590398e+00
-8.529963314132949392e+00,-1.376287945798639445e+00
1.119226347826045398e+01,1.231618582584838428e+01
-1.747893313225900158e+01,-9.634383238644474157e-02
5.511068316678210621e+00,-1.283415248535735032e+01
-2.825497707278090243e+00,-1.639039913623426870e+01
7.088814081871405826e+00,3.323344138182974028e+00
-4.643195304917106192e+00,-8.519325547971721591e+00
-5.340701680400673723e+00,7.185906740192089970e+00
6.680000512059582896e+00,5.081094508896268458e+00
-4.639651370764422467e+00,8.914820654048121185e+00
-2.305996620650255569e+00,-1.817970014182949612e+01
5.797849618728482035e+00,-6.674601333213324494e+00
2.699286876747801323e+00,1.132558882864406158e+01
1.241571082189364539e+01,-6.204618968235530829e+00
-9.254203850168929435e+00,1.549858677163819110e+01
1.401469826305318556e+01,6.944250999900810406e+00
8.661441041787639961e+00,-1.517230985633399243e+01
3.383507172040856492e+00,7.755336047635577046e+00
-9.239100691622141426e+00,-9.124392975843694131e+00
-3.437518701792197096e+00,1.233547100478239500e+01
4.294857964591695776e+00,6.419804076933161019e-01
-3.062739226600011744e+00,1.087623196175629525e+00
-5.969288656490096656e+00,1.331373942284124290e+01
-1.522471825759238584e+01,-4.032802700945613772e+00
-1.299394118992100999e+01,2.416874228030635230e+00
5.800930198544676841e+00,-1.032196550778984623e+01
1.343458999595949876e+01,-1.183268864298509859e+00
-1.776053893875117140e+01,6.700423420170642075e+00
2.650829347377692713e+00,1.407468649687778139e+01
-3.710167290909755167e+00,4.311310981427123323e+00
-1.090302898677660171e+00,1.837665983482741439e+01
9.579653389476026959e+00,-1.124118421731561490e+01
5.598953232329489715e+00,-1.633174788866065796e+01
1.743759970609794863e+01,3.728155547935083636e+00
8.436404939799848179e+00,4.529409669865851029e+00
1.761443123080497841e+01,7.097545496367994922e+00
-9.195933665383281053e+00,2.038307487559254838e+00
1.694795417719566766e+00,6.913849577564620041e+00
-9.367931856117680312e+00,-1.443791536990579338e+01
-4.296372946726150666e+00,1.395586183505086630e+01
-1.795542802561073970e+01,4.671225183287940119e+00
1.118312381916110532e+01,3.398143826778829979e+00
-7.002681057954781352e+00,-6.165189454985211093e+00
-9.205042111681182249e+00,1.322105974968860664e+01
-9.859756030378638014e-01,1.547146764155467125e+01
1.450156007244381229e+01,4.365327789062336095e+00
9.734411764797876288e+00,1.102262941603885382e+00
1.753216023260451895e+00,-1.091922477064235508e+01
8.905721764687072550e+00,-4.582090555338852234e+00
8.563289963634932889e+00,1.104535838724900820e+01
-3.754488221397418446e+00,-6.787312430418094955e+00
-1.972012737124368753e+00,6.402838330367244701e+00
4.791164872802186281e+00,-5.093615473643419378e+00
-1.128966017458633964e+01,-1.173061578767160107e+01
-3.916742527589700540e+00,6.084382792704782439e+00
-3.189316083455001838e+00,7.684679011188532805e+00
1.652864060411333824e+01,3.984215942950359302e-01
1.651427717949922602e+00,-1.347300211989301566e+01
-1.259864060889766790e+01,-9.389730032561560691e+00
5.571089764559556734e+00,-8.468619068200517574e+00
1.037547449089324481e+01,-5.908060291941653830e+00
3.771016682464861436e+00,-2.203044859563421998e+00
7.537793073321648940e+00,-6.441030468134551157e+00
4.928380862886180935e+00,5.253443929251544020e+00
9.149567928195422084e+00,-7.265734671341763651e+00
3.743715311468339690e-01,-1.687946939641033950e+01
-1.307198404286367754e+01,4.228703250517042989e+00
-9.930247560059399792e-01,-9.359207212584321756e-01
3.208533982072269364e+00,4.098653506970597604e+00
2.300081801135701376e+00,-9.190882840357382122e+00
-1.466272841909210456e+01,5.122373539970722867e+00
4.598184515874478961e+00,1.843388732512827843e+01
-7.635956922912266798e+00,1.637314995085438696e+01
7.169469219852827813e+00,-1.558662590180249552e+00
1.527422365582380692e+01,-8.795631678167008527e-01
8.947786790512727961e+00,-2.198181370428458070e+00
8.329811864442316915e-01,-1.511395815318064706e+01
4.940295574486960106e+00,8.757767437197456317e+00
5.697480660368522187e+00,1.733002337014131866e+00
-7.882148227105565397e+00,1.198351066725693492e+01
-1.324216368881753603e+01,9.134454076559050506e+00
2.723203545076278154e+00,9.488099531681152499e+00
-1.034178063879143750e+01,-1.379099855587082368e+00
-7.094683049668630836e+00,-9.388081767906195196e+00
5.861816413180555019e-01,-1.752921210696541499e+00
-3.618635362260722577e+00,-2.313041431654523805e+00
1.388149938629437141e+00,3.244965314767586317e+00
1.545937106767647506e+01,-7.728102331953698112e+00
-2.440462320325531120e+00,9.327339049081620814e+00
1.376079794775030285e+00,1.251561825261029348e+01
1.735187218922835584e+01,-7.727441959720315445e+00
-1.289577839303232665e+01,-6.359327361661171629e+00
-1.297579339706461887e+00,-7.564748972016361428e+00
-8.698531535203043674e+00,6.385346729746650851e+00
6.598126263272621195e+00,-4.914023620114387647e+00
-1.500906884250889384e+01,9.643119622368919508e+00
8.881850172800650256e+00,2.788561486204573558e+00
2.190539713126293808e+00,-7.388574018991765691e+00
-1.396005510582700992e+01,-8.139788598914041273e+00
-3.942909691532875627e+00,1.052481900522664304e+01
-5.310586424932629335e+00,3.369276931188076141e+00
-7.894018623945247448e+00,3.317491372470240396e+00
6.772427065389051037e+00,-1.773061674832538870e+01
-7.975764838662469991e+00,6.893011978601477630e-01
-1.346229588907791275e+01,1.332943180734749689e+01
1.163194307644267944e+01,1.462961153680820736e+01
6.333016912275481580e+00,6.903643454673846769e-02
1.029644601209447607e+01,1.072346677497213818e+01
1.393264390543591880e+01,9.300864456385083967e-01
-4.228750779280961436e-01,9.626346618077727513e+00
-1.178589434920685619e+01,1.044723514265398556e+00
3.423948602240775241e+00,-1.153242259893346500e+01
1.013381002712342216e+00,1.072433420328942155e+01
6.970296029770080004e+00,-1.394301756778893697e+01
-1.794276481812756563e-01,4.869557145018410971e+00
-1.210797149003634970e-01,6.685117196239774628e+00
-8.928186633725754273e-01,3.159070924990433848e+00
1.561496822533241158e+01,5.783825903647594302e+00
-4.740848841251158241e+00,-1.653834720770081290e+01
1.883191675457773329e+01,2.458108403410978582e+00
9.917587422707498490e+00,-6.934719010267338390e-01
1.376238103352123332e+01,2.720007214235375503e+00
-1.382496563302179204e+01,-2.890326479525699543e+00
3.499482926716862008e-01,-3.567852827786591074e+00
-5.176257941899769399e+00,-3.162669069418725609e+00
-4.011997698797800105e+00,-1.294483513283194398e+01
3.184357467036539990e+00,-5.811098057569084041e+00
-9.696587659444321217e-01,1.366338766780396519e+01
-4.974053022247125533e+00,-1.829669698755466101e+01
4.616822780397705772e-01,-6.929899759702769835e+00
-2.045087478169048900e+00,1.111613185937079251e+01
-1.253913137463069427e+00,-1.559437485666806289e+01
1.024224467713085041e+01,5.060551701102441235e+00
-6.235433987548967494e+00,-7.737586216383679272e+00
-6.387203100411887213e+00,8.674614277709306265e+00
1.339332227746933723e+00,8.121139709666200246e-02
-4.835733504188364229e+00,-5.307637307024358542e+00
-6.416705862066738320e+00,-4.429452324252798334e+00
1.575667166942040609e+01,7.591163232750457901e+00
1.602900581562374027e+00,5.119556229801501601e+00
1.542778385416096754e+01,-1.108086670403092810e+01
-1.088996108775458183e+01,-9.962974399654694224e+00
1.477388395208407168e+01,-9.407577161642910468e+00
-4.439857103810261663e+00,-9.767217453379097025e-02
8.166986935072165110e+00,-7.370118994931615375e-02
3.657958109960062210e+00,-1.761906882519780737e+01
5.184363397534697881e+00,-3.306928621005203350e+00
5.454108923792287733e+00,1.355576451888978085e+01
-7.408144884488091719e+00,1.023750932892518151e+01
3.935236173339381249e+00,-7.666506703523062072e+00
1.168397649819922179e+01,-9.565554857917502041e-01
5.461442482998470460e+00,6.961408419102007805e+00
1.692517615548428367e+01,-4.435984149257440556e+00
-1.200655621604331103e+01,-3.101181606493470522e+00
2.285873312076318609e+00,1.698228387734837641e+00
-1.607047870369205711e+01,6.177496198708805508e+00
1.636205248860694184e+01,9.304187123459188413e+00
1.467263773722114983e+01,-5.959971693039031848e+00
1.009855844749407972e+01,1.567988037334143847e+01
-1.050717101847766877e+01,5.838664157567163393e+00
1.651232497712878100e+01,-6.154085249260726975e+00
-1.282206454032727816e+00,9.849959310249630784e-01
1.572472705546500649e+01,2.012274538379461131e+00
-1.388675421530112430e+01,-1.287029010476587487e+01
7.625383949246455018e+00,-1.211611021626284312e+01
-2.729490143186195095e+00,1.493868136238958044e+01
-1.993117410692107239e+00,4.641041002303173180e+00
-5.769762850891125616e+00,-1.335756628094709519e+01
1.558401762075183683e+01,-2.654995574528882685e+00
-8.117852342742034821e+00,-7.681688268875564773e+00
-2.341434404070478870e+00,-1.372328161984468409e+01
-1.598652051686115705e+01,7.961106959257552518e+00
2.009686823518324061e+00,-2.796204547891540049e+00
1.219119365664448473e+01,7.119222357922671662e+00
-1.292737887852070422e+01,-4.604429132912501110e+00
1.300041340116140987e+01,5.464370567749954333e+00
8.662056330415300209e+00,8.316586938672477558e+00
1.165630801963556840e+00,8.633959376939614572e+00
-1.609691312175560185e+01,3.883798839330604658e+00
3.454832891908337977e+00,-1.400621629555925374e+01
6.842099900225764308e+00,8.222615387243271456e+00
-5.692912076942060473e+00,-1.404696996629848815e+00
-7.442850930355975336e-01,-1.131229595627509887e+01
-4.758237878976987467e+00,1.644857876146482933e+00
-2.767265870564744379e+00,-7.222208584511243812e-01
3.423711057737779950e-01,1.764233937987140122e+00
1.819686449344958135e+01,5.368108703444190333e+00
7.459453187726897028e+00,1.581757351809922829e+00
