1.274787806371714005e+01,1.159286637480213678e+01
-1.943916611144132611e+00,-1.202246668692895870e+00
-9.049555960959215994e+00,4.739777940338560924e+00
1.050292871910937187e+01,-1.081112412608267448e+01
-5.837941281257615911e-01,-6.635918087436056823e+00
2.028794730131527668e+00,-8.689814638269593772e+00
6.548433263929137382e+00,1.594575035860863288e+01
4.563312219647188250e+00,1.485811475416321770e+01
-1.313857856567560045e+00,-1.507882620697037446e+01
7.190496433488266170e+00,-1.407317531121859133e+01
-5.619676184652341533e+00,6.323823740805836202e+00
6.068174512390807074e+00,1.441019779806311130e+00
4.239244276692615720e+00,-1.568949746684203461e+01
-6.759971964944448963e+00,2.450767813521242400e-01
-2.880514030897303623e+00,-1.418750711541379772e+01
9.885386245609507627e-01,-1.169274172537221901e+01
1.355168581434228692e+01,-1.786907766766647088e+00
-9.065346238894576913e+00,-2.417286606567261131e+00
6.250105387563851700e+00,7.032497434032225492e+00
-2.522037957921172247e+00,4.590191955440672267e+00
-8.221114768033245923e+00,-5.539763460118561689e+00
-1.472974364247535028e+00,-1.891885841314704919e+01
-4.006011088815278676e+00,-6.307363349921809359e+00
-6.044570674250599573e+00,1.300439784024407963e+01
-4.331800182662159493e+00,-1.096221929264789630e+01
-6.983258700662300811e+00,-4.275564111325575567e+00
1.261288043810361792e+01,-1.114402496571539558e+01
-4.421248271642935990e+00,4.828519980841067039e+00
-1.556266305586097864e+01,-3.191349027812386829e+00
-6.071433786499283336e+00,9.773159601098475591e+00
9.659949137758106374e+00,-5.863737808999465173e+00
3.787491253164138261e+00,-9.199144847510330791e+00
-1.184353545167907917e+01,2.176059508724534464e+00
2.377648153635498307e+00,-3.837146479067741645e+00
2.560887507149693487e+00,-1.506902078057746763e+01
8.394065514623292756e+00,1.520550765264093940e+01
-1.130997087398005085e+01,3.302760755672076720e-01
1.538606453330283896e+00,9.505512530679848027e+00
-8.339900036713450149e+00,-1.303147463253021066e+01
9.810946082236101873e+00,3.171356686734256414e+00
1.239512691166978975e+01,-6.439645763385109412e+00
8.636987579459976416e+00,-1.170656004842303588e+00
-1.539734693782617569e-01,1.059730216482318177e+01
6.019634984210680884e+00,1.026187598902532550e+01
-1.249066595634596766e+01,-2.490254768381455541e+00
-1.052481052604837863e+01,-9.054892059644506830e+00
-7.151274890046423138e+00,1.709146378587141513e+01
1.506848471874499440e+00,7.715949361368688919e+00
-4.045597700836706778e+00,1.737287825704959943e+01
-5.790603610000035317e+00,1.475970666505042672e+01
3.666080435978173124e+00,-6.901737632080283680e-01
-1.312664844784707796e+01,-4.945357940209030190e+00
1.601567733342390110e+00,-1.659132746346092446e+01
7.797849519217380454e+00,2.100644903272066877e+00
5.787487844571114870e+00,-1.658053658677706110e+01
-1.508717023211296215e+01,-7.360704309384390243e+00
-1.435296830672510637e+01,-9.917731167511992241e-02
-7.525826903428595394e+00,3.697470709059469396e+00
2.718321099037233513e+00,1.098321730796201123e+01
-4.337963366841027235e-01,7.080650218380429628e+00
-9.567016324699075369e+00,8.362001738293258768e+00
9.131752922423057584e+00,1.201819717896919038e+01
-1.223705011776542584e+01,-9.543879487316472066e+00
1.359342943955771599e+00,-6.897650832635252804e+00
1.186155803609959314e+00,1.193454239943657669e+01
1.746839116504548539e-01,-1.827994152348183832e+01
-5.298498272325155689e+00,-3.524394702321750561e+00
-1.831137831765186164e+01,4.927403998792005524e+00
5.873766987027557285e+00,-4.638788400831439063e+00
8.645649348666049505e+00,6.922980096560186425e+00
2.852113533382223842e+00,-5.574770702741945527e+00
7.876052470834872921e+00,1.350429381592470968e+01
8.050396961030689136e-01,-1.488298353719312139e+01
1.035667788954253865e+01,-5.179242991960153475e-01
7.673892496092507898e+00,-9.725013259845747271e+00
5.531661797812574832e+00,-3.256768007003228993e-01
1.841193944697445462e+00,-2.139344124010897463e+00
1.531356235602289395e+01,-8.244694692920534251e+00
-1.497065562964023577e+01,-9.495444199927684181e+00
-6.057729452750609589e+00,1.878565993443881865e+00
-3.132815153984683576e+00,2.893175859885953827e+00
-3.678780974571771001e+00,-4.337143291839017145e+00
-2.046949441601680242e+00,6.324603216421873064e+00
2.746361591793538004e+00,1.497390796743027863e+01
2.532167186941482129e+00,7.911971201123726427e-01
-7.176003377938968558e-03,-1.016777214278629948e+01
4.380512363662686148e+00,6.980130655173245380e+00
-1.193206320125923980e+00,1.821559633517748367e+01
3.907179507934076312e+00,4.849988599835809211e+00
1.086122283993860727e+01,-7.803235160036328999e+00
9.615739559089888644e+00,-1.418108130922254162e+01
1.693111005238891664e+01,-3.680015048363328045e+00
-9.670205237948209742e+00,1.154125193722055576e+00
1.471419842664184685e+00,2.189677166707849398e+00
-3.227163238246677501e+00,-1.240330036663088542e+01
3.745567801530873542e+00,-1.363689856943748424e+01
5.304729653107724374e+00,8.538814796805455742e+00
-3.713826519568443452e+00,-8.528537323954868299e+00
5.644953665381527763e+00,5.334940818927406347e+00
6.381416824438415958e+00,-6.436200016070495522e+00
-3.558545982581866607e-01,-1.657729976542294281e+01
3.594497425324005846e+00,-2.512251280316421198e+00
3.040722554574920355e+00,2.972701590764753821e+00
7.501078204577138919e+00,9.121955532619859142e+00
-3.662395118851242692e+00,9.505898393739220964e+00
-1.022261313545645578e+01,-1.315849523974632618e+01
7.540560838684922551e+00,1.124377242798461829e+01
-4.287639293518450856e+00,1.536238619761538748e+00
-1.683677329574570436e+01,-4.747416939877107112e+00
-1.655744974795839397e+01,6.909742987006737280e+00
-1.427938298766063419e+01,-1.966311461128822158e+00
-5.287721651434594605e+00,-7.756425070628880647e+00
1.269880603621618809e+00,1.391254463498015959e+01
-1.826452450576520947e+00,1.529631192842151144e+01
1.364805273827199983e+01,-5.155553322279240014e+00
8.496685721961258153e+00,-1.275702699340106250e+01
1.719109723292211811e+01,3.191085795016912030e+00
5.433828076297856358e-01,1.876092189904274932e+01
1.289555740572337506e+01,-3.445009675966933305e+00
-1.784806336979875852e+01,1.176454279339684550e-01
1.426870254164496110e+01,1.506394134332628365e+00
1.785516796670475870e+01,-6.470844147668046276e+00
1.174621553287372722e+00,1.579357287380641317e+01
-2.049588972198958636e+00,-1.722153925944251540e+01
1.018595416453977665e+00,5.898155545677114198e+00
1.538090734604373111e+01,8.107993914365023258e+00
8.320466820152669030e+00,-7.431754851802312878e+00
8.185828888956848459e+00,3.882641990628057815e+00
1.911027415996384038e+00,-1.328839015750681796e+01
1.689253154877242125e+01,4.963283388256694906e+00
1.111589002487720279e+01,-3.247148917219876196e+00
1.458345717876951042e+01,-3.334491355900998655e-01
9.432214954926116945e+00,5.176270520242249873e+00
-1.475329175812714411e+01,6.474758931845769894e+00
6.398620339964979031e+00,3.673133048438085524e+00
1.239915345026700599e+01,9.744472689252527076e+00
1.539613339529059211e+01,-2.744269464191976926e+00
6.683823630246416236e+00,-8.248188942254952138e+00
-3.792732895555296135e+00,1.551291717885468380e+01
3.622420920131112498e-01,4.271366770091022502e+00
-4.815044403033851061e+00,8.131790466729745148e+00
-7.860872783180000489e+00,-1.486477672335283984e+01
5.348059314331103486e+00,-2.614106483200146602e+00
1.876905505298393351e+01,-2.914995984918729022e+00
-1.721140295947586996e+00,9.609373854394045011e+00
1.504047351854740100e+01,4.812896633301461335e+00
4.856592322196362943e+00,2.740022009857305818e+00
1.387511535736801704e+01,1.296300809692051992e+01
-1.105990216869002296e+01,-1.413131555724479904e+00
-5.740573216991971428e+00,3.648564146397403007e+00
9.056008380554288806e+00,7.723942713548341832e-01
1.377252576112413252e+01,3.516060689391376393e+00
-1.026548577579100829e+01,-4.678171746717066704e+00
-7.462794877387844750e+00,-7.191263395508178391e+00
1.537947735425090734e+01,-4.508039379045583495e+00
-9.881777737673607120e+00,-1.072972466034160632e+01
1.064387527011344226e+01,1.570340933760022262e+00
-3.892287516495596567e+00,6.617971459378514609e+00
5.215693880740236432e-01,-3.352292986300475786e+00
-7.634126384892876871e+00,8.252048802896053914e+00
3.049647131585047966e+00,8.581031059550577211e+00
-9.415772229954891159e+00,-6.812987098143931108e-01
-4.578031928571713927e+00,1.112797477896176623e+01
-6.735278755954781538e+00,-8.849357776093800254e+00
-4.322179610702017172e+00,-1.546905831604878045e+01
-1.275037422890554772e+00,-1.318483754745966685e+01
-6.263258263248403956e+00,-1.236543252031096607e+01
-1.716243311871910315e-01,-1.657602550363086902e+00
-2.328605443433094280e+00,-5.547713414241027152e+00
-1.157720035995574648e+01,-1.126375858170817601e+01
1.180827976092006182e+01,-9.553043262363726029e+00
-2.773101636179846174e+00,1.107729199095301986e+01
1.131154022358023603e+01,-5.006731804299401567e+00
-8.357611321567704366e+00,-9.816711301020786706e+00
-3.707909897164465285e+00,-1.621688784880950918e+00
-6.082517516464911012e+00,-1.048444763063701579e+01
-2.636769965810475735e+00,7.998059240329451036e+00
-1.142887300359095026e-01,1.332092904579805559e+00
3.576285385345998602e+00,-1.733722670507487251e+01
-1.395124066443388067e+01,1.639433692307442181e+00
-9.648303576367304180e-01,2.956634994869304034e+00
4.604233544806040968e+00,-6.034819018806519608e+00
4.292827613494191397e+00,1.079124216852831886e+00
-5.849700310629891042e+00,-1.660520891007305977e+01
1.107736630698237512e+01,4.487370797400752842e+00
1.302909900397573217e+01,-8.172277969281834586e+00
-1.794805896372315690e+00,-3.142084921529420871e+00
-2.760718277508177998e+00,-1.012031916947831256e+01
-3.332579151939413453e+00,1.282373213048458283e+01
1.350988138265489802e+01,7.888259523793192507e+00
-1.895643340215472428e+00,1.375633147473678930e+00
1.838546823666883157e+01,-4.760055709036200788e+00
-1.084178602617096665e+01,4.601202007069509214e+00
1.612011667088722078e+01,-6.193228310150760585e+00
1.045754823882507623e+00,-5.129583456780446582e+00
3.338541791059564279e+00,1.325891656100955807e+01
-1.105780660012021599e+01,6.537589058789539997e+00
9.328555737608837717e+00,-2.859059176935486057e+00
1.127586827606907072e+01,1.266500659258463912e+01
6.225959678247909856e+00,1.419460260956182118e+01
-1.563603828644162697e+00,-1.145505286013164792e+01
1.055074155103506861e+01,9.408651147285606697e+00
3.161789389343542478e+00,-7.348041137818980495e+00
1.248972608920999505e+01,1.375917258343962057e+00
4.084346754656520417e+00,-4.252848258981831719e+00
8.939551681050597054e+00,1.017849673842342106e+01
1.216052912081964621e+01,1.433198077149600280e+01
1.173025599579313294e+01,8.101717651119630048e+00
1.349960592047428598e+01,-1.289252917889927019e+01
1.270480825589036300e+00,-4.317861850485984476e-01
7.387952784768319070e+00,2.164568353237890097e-01
-2.398639664735610744e+00,-7.359660356474194920e+00
5.434234570994164848e+00,-1.431944096584683024e+01
7.100526760817551519e+00,-3.313304560184768377e+00
-1.351964492119460637e+01,-8.308979209676991218e+00
4.855068790636440035e+00,-7.803356170524017976e+00
-4.992508352033151908e+00,-8.921931364527910246e-02
1.256785906819526133e+01,6.329465995471193374e+00
7.111947862216815075e+00,-1.158388389518790085e+01
3.368934951004665113e+00,-1.191093340580198046e+01
2.285382759808523456e+00,-1.047341263935015832e+01
1.059506004321709582e+01,-1.259862396210919044e+01
-1.419077387155304493e+01,4.739581505538328798e+00
9.785144569719669505e+00,1.367975888569032961e+01
8.545100195554264033e+00,-4.434257909128771047e+00
6.067547455699462411e+00,1.230488739610907523e+01
-5.884400930930581808e+00,-6.096949969749012155e+00
-7.207327398493906578e+00,-2.433234977740693861e+00
1.717456978309433779e+01,-8.126140090204136968e+00
6.819853660047141553e+00,-1.556554251636458996e+00
-5.540798696694357872e-01,1.654952341561123319e+01
7.975179254394783257e+00,1.698132664177605733e+01
1.509860686171725597e+01,9.881315872516696075e+00
-1.464217009248765411e+00,-8.882239370332337458e+00
2.579619223006944240e-01,-8.266286577848706685e+00
7.469424936602922394e+00,5.563411340976962549e+00
2.756147699236624060e+00,6.289533892490314138e+00
-6.721348979931436318e-01,-4.659006249298680125e+00
-1.686364750256281653e+01,3.786881302163332297e+00
-1.607968110721234112e+01,5.582951120004282508e-01
-8.976187532466465058e+00,-8.131274939310364047e+00
-5.526555831409400099e+00,-1.769843746945052976e+00
-6.765715400704824800e-01,1.387776352260563328e+01
-1.008534224803507406e+01,2.944185801047307205e+00
-1.481865643162935875e+01,9.520257837423685032e+00
-9.095708725971627828e+00,6.529412380418444961e+00
5.174940515593082324e+00,-1.256952127209070547e+01
-7.350609977914408510e+00,6.015251908406012760e+00
4.231758382821249498e+00,1.001971416338497534e+01
-1.244745721658920168e+00,1.202189182228118547e+01
1.547433281678526562e+01,2.852291210747081251e+00
-6.585715897865049295e-02,8.800436020653078728e+00
2.134838777257904052e+00,4.523098636022825580e+00
-8.433942362723241715e+00,1.251791195008946822e+01
1.051730859194480239e+01,6.785866034177129080e+00
-3.166303945462027869e+00,9.184456068659956063e-02
