-1.408046593150111647e+01,6.161261259259213752e+00
7.277284258012421958e-01,1.120453571906849355e+00
1.360753256160665536e+01,1.318446062592760804e+01
1.200637835086728167e+01,-8.730409103339848542e+00
1.684545691508793075e+00,-1.022951190452162429e+01
-3.333370462272724488e+00,-6.475674841068633780e-01
-1.426937620285355379e+01,4.325079661145947441e+00
1.974292405161597763e+00,1.568781669249685606e+01
1.063486882526850863e+00,-1.574794756439153431e+01
-4.874157200104940024e+00,-2.168493547309028102e+00
-1.426753203518680735e+00,5.952001491431567537e+00
8.530499299094850940e+00,3.198177130201699025e+00
-3.827559637313358909e+00,1.185686356361531324e+01
-9.636400375352407011e+00,-2.311380540371406056e-01
-9.355580294125935836e+00,2.412172211709256775e+00
5.002822337482391468e+00,3.355620281600931509e+00
1.450918012347749020e+01,-1.124139881642038929e-01
-9.614835579988637804e+00,-6.004096906928975130e+00
6.152129497913989553e+00,1.074319104863732122e+01
-1.793761878905228757e+00,-8.575056235438525576e+00
-8.304140058116459500e+00,-7.244463183797952510e+00
-1.443179188354323794e-01,-1.899759011579966028e+01
-3.890907669994226659e+00,-8.581105068134343483e+00
-8.865416061286190086e+00,1.211781975875697093e+01
4.059041298592693359e+00,-4.711020005818935097e+00
-1.419056082936081609e+01,2.439606294383140847e-02
1.447385373102572892e+01,-8.926602624764868210e+00
-9.151101416366200780e+00,4.812302920573624299e+00
-1.422970331253191212e+01,-6.133307136019377381e+00
-9.431072742045492063e+00,8.696345821221681760e+00
-1.047101357993326154e+00,1.022903285723810285e+00
8.401903382920979269e+00,-8.428483838337157863e+00
1.329589028375018245e+01,1.219904550824110645e+00
5.805044901725172402e+00,-5.359250193133952678e+00
-3.654499510074993740e+00,-1.559100948000854103e+01
5.603199372892787800e+00,1.652433493183835012e+01
-1.485664775006328764e+00,4.108403160310281521e+00
5.240701664614559885e-01,1.120716643078299768e+01
-5.902659655507819458e+00,-1.446481333833871474e+01
1.112043653277295796e+01,5.853060465457556205e+00
1.402982534929972935e+01,-5.331069168509796619e+00
7.288106390361843268e+00,-1.495623716847282658e+01
-2.082273055872438494e+00,1.127970848287907302e+01
4.434596502670306584e-01,-1.397603409336008617e+01
-1.231936778360659446e+01,-5.361567429941377583e+00
-5.088617755693031874e+00,2.207814731625937110e+00
-9.951321852694691827e+00,1.566720481285868161e+01
-4.809483379547274673e+00,-1.291964750683058227e+01
-7.018114641835603074e+00,1.639204461225213194e+01
-4.949780633711113431e+00,-5.918643449440471827e+00
6.321996218292409431e+00,-6.250934792896050557e-03
1.322054297541319201e+00,-7.028294861500555157e+00
5.393027871280231089e+00,-1.601780278098537380e+01
1.036451461487804337e+01,3.292356310580929257e+00
8.813286804079249137e+00,-1.587302546317685170e+01
-1.444927576702925798e+01,-9.802178969421960986e+00
3.442808935832875061e+00,-1.023276514665894688e+01
-3.910526124885058685e+00,-4.464433547624635956e+00
-1.365830475663438071e+00,1.296617010482659893e+01
-1.295779569911877793e+01,3.090705323607676469e+00
5.494645632081340381e+00,-1.050432515312266801e+01
7.896020417518855083e+00,1.422044957551843325e+01
5.152963547046972292e-02,1.633175185618319603e+01
4.610914746101971495e+00,-8.831805109681607036e+00
-2.896173393358266068e+00,-1.205387991365397404e+01
4.429840508502032925e+00,-1.766159679255722637e+01
-6.753901701848350925e+00,-6.254168907360063479e+00
-1.886775005588413023e+01,2.090679990166674163e+00
-9.883765603625328522e-01,7.967701662016331454e+00
-1.300272124984558131e+00,-2.450643163055424623e+00
7.473682602100580219e+00,-6.936927031708290059e+00
-3.588042873787006037e+00,1.212696838873008387e+00
3.643613309579566639e+00,-1.536654700024422127e+01
3.213640579440043332e+00,1.411150199994570897e+01
1.318322345848627997e+01,8.349863579963637150e+00
8.185769653532162238e+00,-2.858678383828306552e-02
1.336451506010555690e+01,-1.325283462467543849e+01
1.646525630294957665e+01,-5.425621670364225935e+00
1.317965870410528950e+01,-1.023257876730274774e+01
-9.226141383054782708e+00,-1.094620069720933486e+01
-7.883322499062519029e+00,3.523007746307116772e+00
-8.106381940629940885e+00,1.053160832799292734e+01
-5.285776181056518475e-01,-7.275553721062814283e+00
-4.725152162098115838e+00,5.759709998092020555e+00
2.227444867940484130e+00,5.701189562337307670e+00
-1.820461989059981800e+00,-1.820354789707339904e+01
9.864133242655684697e+00,-1.252718350862912366e+01
-4.461922701356307641e+00,1.796267946662608495e+01
3.555250049038604310e+00,8.208289747381931178e+00
1.265766269743082617e+01,-6.557043260386516081e+00
1.155907911037408020e+01,-1.338752884093464779e+01
1.746707265751307858e+01,-8.541600117808449966e-01
-1.134886922783375596e+01,-6.038275899095119081e-01
4.986066726230010127e-01,6.817094989062788990e+00
-1.154305347137555593e+01,-8.152002026295857462e+00
5.713193682864277534e+00,-1.400514880170780607e+01
2.403297832564688097e+00,1.149685576974601986e+01
-2.417530439294884204e+00,-1.026774554010562568e+01
6.096181639237267191e+00,7.961354905549573147e+00
9.430386277480375057e+00,-5.703429888077442556e+00
2.724616073617271983e+00,-1.694671617785777329e+01
7.244527535692184550e+00,-1.561131738440368233e+00
4.711297255208221735e+00,6.843244377161935788e+00
4.624917886514722909e+00,1.289455793286403384e+01
-5.564290808922876863e+00,1.138850641063725710e+01
8.823660063542311249e+00,1.264919202547759447e+01
6.051048721930230023e+00,1.416658556642742539e+01
-7.909615063534118029e+00,7.304173765790135775e+00
2.950314370587288515e+00,-1.876162805897226349e+01
-1.734573966158291825e+01,3.624935166790906216e+00
-1.385842664791957368e+01,-4.359328638117848875e+00
1.413016277976828272e+00,3.859381799960528880e+00
-1.389491929495340061e+00,1.476043289816236559e+01
-1.333115703627889737e+01,-8.051690747858334163e+00
1.539167156560337268e+01,-3.729252898461478782e+00
1.119840189319358714e+01,-1.126109019535860511e+01
6.039494592712553178e+00,-1.218023696255317212e+01
-2.615959735354657312e+00,1.866313810740571810e+01
1.413416051080968394e+01,-1.882425101449253235e+00
-1.756489846732040405e+01,-3.009517702067056266e+00
-3.083772704466173131e+00,-2.388305033980706149e+00
1.814812462834239426e+01,3.864933487990172889e+00
7.299617663563739978e-01,-8.746576591076873797e+00
-2.149029170750350604e-01,-1.711122359246468250e+01
4.756369868152933167e-01,-2.194082331611077130e+00
-1.136936226614289680e+01,-1.446566022709977517e+01
1.087946787168056773e+01,-6.754079119325274938e+00
9.389896373397354168e+00,6.671874494824517221e+00
3.941358895003534979e+00,-1.358616757925746654e+01
1.584740531513258333e+01,7.813088976276731046e+00
1.155362145208636449e+01,-7.943302573956759760e-01
1.612519213064748058e+01,3.258135182480541570e+00
9.087393186251976118e+00,9.579603435934192390e+00
-1.592105576106231091e+01,6.612906596134104920e-01
7.593533926873477391e+00,7.019637741253974994e+00
-1.708460552998217352e+01,-6.681484350485674462e+00
1.633364275423587841e+01,5.265085031682542605e-01
-3.019225960998149549e+00,5.124079788505958355e+00
-1.228235755572583798e+01,6.635740823910580843e+00
-2.672014314080533914e+00,7.280226803725589058e+00
-1.821294804641886955e+01,5.327332953760027578e+00
-5.369444775037798046e+00,-1.615070315462833861e+01
1.070524972732417268e+01,1.298491428143741189e+01
4.865827563772481490e+00,9.449530175618347627e+00
-3.322046025844599182e+00,1.000490694035869588e+01
-2.081219119473787682e+00,-4.076467565113956582e+00
7.629214366870221475e+00,5.163533568699440579e+00
1.136712122185933715e+01,1.516008145094182602e+01
-1.159056644200017949e+01,-3.609254832085881937e+00
6.687274419902261791e+00,1.247388047549007339e+01
1.191220700363898644e+01,2.445875959408653433e+00
1.422916873539278626e+01,5.634987090304178992e+00
-6.869991740395723134e+00,5.012490420828148885e+00
-7.462984380197740464e+00,-1.065323753137427865e+01
1.604042820404242420e+01,-1.987854984252219959e+00
2.848663504477508379e+00,4.923360715953400413e-01
1.191562020013272516e+01,4.270989038723509879e+00
-5.016670394372987118e+00,9.202301136408792104e+00
2.094251993291172398e-01,-5.636274350845328129e+00
-1.056378287267974692e+01,6.018429302215545285e+00
-5.385885304937679585e+00,4.074799976658129985e+00
7.377784787141821177e+00,-9.916771369551586446e+00
-1.091786219911673506e+01,-1.036350797680552205e+01
-5.857650026056353099e+00,-1.138628076482931917e+01
3.955962279923531888e+00,1.936394520302546329e+00
4.559340755206529039e+00,6.087311371177105135e-02
-3.095238486161564051e+00,-1.386535664662347678e+01
7.280647498572608178e+00,9.385838318807886438e+00
1.363579324077036681e+01,3.248127110668037165e+00
-9.512619802386307555e+00,-1.314607376272557993e+01
1.851586205564562349e+01,5.619024479094408830e-01
-7.866380874846278459e+00,-1.309569841857166628e-01
1.361088640719830423e+01,-3.628149902125626713e+00
-1.578705339351059500e+00,-6.842997038123874720e-01
-6.256875632486899264e+00,-4.520551954732846767e+00
-4.149521496394180886e+00,-1.068711760429909674e+01
4.035308077514639713e+00,5.219907905768146783e+00
2.179967593026613137e+00,2.226843560270113986e+00
2.197064891975932355e+00,-1.424011514496193520e+01
6.826105943428443013e+00,3.598705710341526309e+00
-1.533013345970795971e+00,-5.835864268027103563e+00
1.102393443469529899e+01,9.334364156001524471e-01
5.695491098540831132e+00,1.634990619248295252e+00
-4.139649226973965312e+00,1.528406714066504968e+01
7.721427783882988116e+00,-5.092857198846219013e+00
7.498861326468651889e+00,1.664788653299950072e+00
1.514251639211825307e+01,9.992920722530936217e+00
-1.016411514848738484e+01,-2.202813141318709977e+00
-6.342222291318027949e+00,1.362449852819804264e+01
1.253199487193555761e+01,1.020986459519538236e+01
-6.513941389385685454e+00,1.081024537370145477e+00
1.367281833484999654e+00,-6.319302121783072490e-01
-1.428381120797965842e+01,1.834027107885955576e+00
1.718304132901051773e+01,-3.420765706386690752e+00
2.677150108741877865e+00,-5.885012316722359138e+00
1.626485909900378779e+00,-4.473884535918917216e+00
-1.235251443928072845e+01,4.847818597009629471e+00
1.070753345309400828e+01,-3.215352622441079333e+00
1.499388462175501857e+01,1.768735265513359245e+00
1.314482330816307831e+00,-1.802915925234596983e+01
-3.654474188229765552e+00,3.430185769263002449e+00
9.943564398919818359e+00,1.119325410170609025e+01
2.178662195569564197e+00,-2.697518625370668666e+00
-1.116503512261300024e+01,2.937894274038918230e+00
7.457512958536431924e+00,-3.310917299535029112e+00
3.961106951517014085e+00,-7.093561318433890150e+00
9.545228607693704959e+00,1.610641077709558644e+01
3.304832981866679731e+00,-1.287216750487391037e+00
1.393177158205369537e+01,1.134850149142699927e+01
4.017636474014385506e+00,-2.917238073808181564e+00
9.267387828313026432e+00,1.543767506425197444e+00
1.280491419741301429e-01,5.079178493791443927e+00
8.915715624490960778e+00,-1.405957712681689031e+01
5.791626925088158018e-01,9.409647035470216636e+00
-1.267298004851270576e+01,-9.955332421425083567e+00
2.817100672648796600e+00,-8.489714188429713815e+00
-8.393784768714564137e+00,-1.812989768417244019e+00
5.700723497880655799e+00,-3.471225994482688648e+00
9.751383489090413192e+00,-8.615143650394004871e-01
7.761852484979652189e+00,-1.261752800410519448e+01
4.309850842130157567e+00,-1.181701965798081488e+01
1.230332910276935365e+01,-2.427068640786652409e+00
5.360704892943726207e+00,-1.517019468087549949e+00
7.373534332865833818e+00,1.592384866133952848e+01
5.773350140797228747e+00,-7.480783599186783484e+00
1.762097290255087145e+01,2.136337242783636459e+00
-5.410139050881316969e+00,-7.663819129748140391e+00
-8.006981592436353878e+00,-4.983932518786980737e+00
-1.077863471204484336e-01,-3.852624845087393002e+00
9.066495655676764187e+00,-2.479470715402525727e+00
5.824034853946042922e+00,5.179304764142645290e+00
-9.742269566104678091e+00,-3.989849125453402312e+00
-6.340985061577559811e+00,-1.035476020379609174e+00
-1.046108498470559978e+00,-1.145515059662143109e+01
1.157895151216481455e+00,-1.190179323108610099e+01
3.222807420811904411e+00,3.644862719388324734e+00
2.505270208029299894e+00,9.651199059361564636e+00
4.155225325035046602e+00,1.109629965573007482e+01
-1.778528354982428183e+01,6.695788388056687079e-01
-1.635454436578517345e+01,5.613550994188733156e+00
-8.716349663475810416e+00,-9.064230343378913091e+00
-2.860091746873682172e+00,-7.102811211020831017e+00
-2.179074808721973344e+00,2.438378943707297797e+00
-1.083991592226605682e+01,1.157736740173392453e+00
-1.612589539425104235e+01,7.417335217336196607e+00
9.442729475407077189e+00,4.850426942961500565e+00
8.802466057751086481e+00,-1.105843863228581547e+01
-6.262446466485219077e+00,6.687030986094508300e+00
-7.021711919948963043e+00,-8.531598368691900802e+00
-4.488483255532691452e+00,1.350599880193699143e+01
-4.940831082476198510e+00,7.788263424407003421e-02
-4.433511497443895166e+00,7.505742329868466456e+00
1.792084191923217995e+00,8.028813797933233687e+00
-1.034078114613792998e+01,1.392229478425653966e+01
1.086833866705348406e+01,9.585062125483412743e+00
7.969505162687543276e+00,1.106217773934396043e+01
