1.198120298646987791e+01,1.030367771541450850e+01
-1.817599194747200642e+01,-2.895069066641658750e+00
-8.260704715589305636e+00,-7.305460782827367661e-01
8.890346221512483993e+00,-1.017226303184293634e+01
1.236120544727364567e+01,6.217068118389406095e+00
-1.346288980174332472e+01,3.110494849882975199e+00
6.026221489134490739e+00,1.453999849280707224e+01
6.943638132687000031e+00,-1.705364176941030208e-01
2.402516821358470001e+00,-1.119043932100441729e+01
7.037223553605163495e+00,-1.374199253870074067e+01
5.517293439696347335e+00,7.932569352978474875e+00
2.627116790852115358e+00,1.119760126773465148e+00
1.019073624089250707e+01,9.223269831790071649e+00
3.973095614734439618e+00,-5.155359024789659905e+00
-3.030324361664857857e+00,-1.330542385259784766e+01
2.790199450937759784e-01,-7.087849800291447622e+00
1.266181811507054356e+01,-2.166737832799991548e+00
9.444625826937585344e+00,5.322338068758618590e+00
3.073751560604473632e+00,4.631069633244668360e+00
-1.741498349236353604e+01,5.315024623770661094e-01
-1.909228255995891521e+00,1.229528482334130501e+01
-1.861599006833305037e+00,-1.842653845910515287e+01
-2.945790301885540252e+00,-3.045459498834214074e+00
-1.186939172923864838e+01,-4.946726023989719501e+00
6.215229862474146216e+00,1.665374274427658108e+01
-5.204997322705350093e+00,6.430358236040366327e-02
5.040012931772313465e+00,-1.387086468057670530e+01
-2.713106154635833267e+00,-1.153059561209590456e+01
6.851766843288474185e+00,1.121749656830324149e+01
-3.956145825010714212e+00,8.745023491563969742e+00
-4.146746549339158427e+00,5.837725912633447756e+00
-7.632574147252744190e+00,-1.109082261555839999e+01
-5.923800681953471425e+00,-1.563933373848874986e+00
8.470814604069836662e+00,8.750572443047815341e+00
2.322508290582206314e+00,-1.305429279130483167e+01
7.970100733764943435e+00,1.450742259618430019e+01
-2.907795689750186430e+00,-1.689852295104860502e+01
-6.965796256701822564e+00,4.984099733954686640e-01
-8.199288419205720047e+00,1.414172448623389577e+01
1.440588671295749812e+01,-2.915687526263533780e+00
7.082610356409062113e+00,7.104744622548705202e+00
-6.543486560839176569e+00,8.371781807684589793e+00
-1.549118450552619874e+00,7.324436119175130600e+00
-6.257441435801570861e+00,-1.431303005444126875e+01
-1.006319975747368112e+01,-6.710480338713988857e-01
-8.626213979567076251e+00,-7.667985087794634502e+00
-6.804081911557514850e+00,1.723303187196670905e+01
-1.296530148013185091e+01,1.170179212643385469e+01
4.963588404103107976e+00,-3.126240831499217165e+00
-4.333128165691121580e+00,1.325583611564012010e+01
-1.581756382339465006e+01,4.917765436383862543e+00
-1.102400239210700761e+01,-3.043394189357429891e+00
-1.004711880082587960e+01,-4.633086524090903602e+00
-1.168689895779068344e+01,2.465551976370591092e+00
8.179591164499161238e+00,-1.709691008866214545e+01
7.487447623365918403e+00,-9.009100947082840705e+00
2.698291684144713098e+00,-1.804552053681630852e+01
-3.888903012667086934e+00,1.278241275484697681e+00
1.893980426164542763e+00,8.135735533759625326e+00
1.150538022240525038e+01,1.177226712823538968e+00
-8.150295625585389558e+00,6.169126538097910561e+00
8.629305930673629277e+00,1.054846507263842348e+01
-1.070530472536713162e+01,-8.646651776204530293e+00
-1.704972662544702899e+01,2.469664824241434964e+00
2.280656013619903610e-01,7.548648556449536251e+00
4.243936580661448410e+00,1.405152801580478794e+01
-2.478278682360218976e+00,9.813230967818036277e+00
-1.772587790497663818e+01,5.990904321618025996e+00
-5.347401903421214464e-02,5.804036992982127607e+00
1.895387412633980917e+00,-5.781641647744932833e+00
-4.403302326112339127e-02,-1.376165490164093175e+00
7.950258306179139645e+00,1.266387877560423192e+01
4.548998893905102925e+00,1.154572098831915028e+01
-1.077646043410486953e+01,3.960912120695001537e+00
5.856941051853691071e+00,-8.188283203955247558e+00
3.284989806296509052e+00,1.709737610607087177e+01
-9.304612890559102567e+00,-2.302909674599159739e+00
7.024450970672697636e+00,-3.452374898912996315e+00
-1.476180252530932968e+01,-8.915336225024239170e+00
-8.519837130775688161e-01,-1.062726880260849249e+01
-3.768346108323459287e+00,-4.764846793717361528e+00
-1.236798577377313890e+01,-6.889314161529733305e+00
1.312866833236515873e+01,4.549246426215607819e+00
2.627880907794500231e+00,1.332792825583197427e+01
-1.073028561887809573e+01,8.916407879962264360e+00
-3.675345935900756089e+00,-8.293850659885965371e+00
2.610537228194922843e+00,2.925433809892692416e+00
1.504338464974797063e+01,-4.703291031695112423e+00
7.290633408468128351e+00,-6.985104997304401486e+00
-8.449917662144841302e-01,2.100476020218338569e+00
1.894045762342668837e+01,-8.628435706283431594e-01
6.492093656621653608e-01,9.923137557990758140e+00
-8.756996402608608676e+00,1.032827974458042863e+00
-5.635765366185542469e+00,-1.797040595754078041e+01
-1.031305118664418607e+01,1.474933493166682474e+01
3.999339715253390271e+00,-1.044141766538714933e+01
3.814401873699374779e+00,6.230700185752147569e+00
-3.193072986963475302e+00,-6.493222238457494022e+00
8.655263860527435682e-01,1.050296905334439979e+00
4.584129648065881746e+00,1.578157147942708960e+01
1.403886500204855814e+01,-8.747902206381599655e+00
9.850907646984357058e+00,-2.454823439429734133e+00
-9.061000631140082362e+00,-9.807506858027222663e+00
1.293327980222191265e+01,1.207888708255303278e+01
-7.525663172370294696e+00,-2.355705888809457083e+00
-1.020475343650537781e+01,-1.299694178014534174e+01
-1.439470495025570074e+01,7.008701161009110336e+00
-1.253605113299098406e+01,6.912103834261371205e+00
-8.429814767762238148e+00,-1.276004999916718674e+01
-1.223368146400905232e+01,5.026145518259295564e+00
-1.177752081492115011e+01,-1.074009498959989095e+00
-5.930799685823367362e+00,-1.013155776216679627e+01
1.049441060248987645e+00,1.175344477088897932e+01
-8.046725620994247263e-01,1.382890278336329004e+01
1.486073803992026576e+01,6.443276293294522006e+00
8.227363879030333393e+00,-1.196482597287264937e+01
-1.646032112944728354e+01,-8.377751726005758570e+00
1.733535804223660659e-01,1.861330248263487519e+01
-5.991420677075379508e+00,2.049134088567767797e+00
-1.053391404129598641e+01,1.062313076312414895e+00
1.352341159455987807e+01,1.092259268111907655e+00
-1.799180800915219924e+00,1.722907164780210820e+01
1.141255306320897223e+00,1.426630159207567417e+01
-1.123856803860078024e+00,-1.617352762010722955e+01
8.005704092655338000e-01,2.859435268863753432e+00
1.502440988908790764e+01,8.207641198866182819e+00
5.709337672990784540e+00,-4.750263445483739133e+00
4.520184625664754208e+00,9.656458589253261948e+00
8.818427948701135222e+00,-7.849567572525057102e+00
8.826905614440089920e+00,-3.401485861865028437e-01
8.914764240418401542e+00,-3.944479168678177494e+00
1.418268834347626139e+01,-7.108557019230523633e-01
4.868954462621911894e+00,4.462229434521700178e+00
1.999023022590550980e+00,1.584373965876819668e+01
1.534362807561949182e+01,7.653800790364297946e-01
-1.714454481457778456e+01,-1.340501334102829345e+00
1.674836290964808683e+01,-4.155958225866883460e+00
6.444989983851876936e+00,-1.209252858734334168e+01
-2.724960262859875471e+00,1.405356140167965684e+01
-9.655298059417214418e+00,1.037564629487646606e+01
-1.273971188689334610e+01,9.395456607756457856e+00
-8.056028401343496625e+00,-1.449853889126156226e+01
1.255437514147691047e+01,-1.225859076093156119e+01
-4.168570764559651920e+00,-1.048817945081722058e+01
5.184488593364459774e+00,-6.438622917773762389e+00
1.536585409572120042e+01,4.606757117284562497e+00
7.210556091943500334e+00,5.148493639858750193e+00
-1.526517647890490359e+01,3.210686315068562724e+00
2.427732660280766730e+00,1.866642255427533570e+01
-1.284243679947809857e+00,3.900164918270536130e-01
4.686647594600882094e+00,-8.675617088148169787e-01
1.362256292150128445e+01,2.859913051684439544e+00
-8.344809072922927839e+00,-4.139739939586172035e+00
-6.230738019563644592e+00,-5.663784137726290524e+00
6.661275370501519077e+00,2.448720254173054389e+00
-7.419926022514267139e+00,-9.074270732807605100e+00
9.719236078089700470e+00,1.248269906584726252e+00
-1.289899379075308161e+01,-9.724845952125242832e+00
-7.135405286561293803e-01,4.069453401235035628e+00
-1.284899205858019400e+01,-2.519563409198145365e+00
1.309515528201079748e+00,4.605571279828489573e+00
-4.470499987778130624e+00,3.001537972287487754e+00
-1.848587978585146674e+00,5.536521973952310383e+00
-4.995637803431760560e+00,-6.955253160515537658e+00
-5.730302004234660629e+00,1.211637677626223031e+01
3.428307017283536595e+00,-6.864079310385542421e+00
6.220563802877888904e+00,-1.771439375808260719e+00
5.587047431016343602e+00,6.132136905015530992e+00
-1.885644014873369301e+00,-8.067834745893049941e+00
1.610401448995125762e+01,-2.286846125050258305e+00
1.030398557410333105e+01,-8.929480275215819773e+00
-8.742655860939968493e-01,8.997429973974782058e+00
7.543255512497515802e+00,-5.138393055883478944e+00
-6.752009394685929422e+00,-7.403358483704670867e+00
1.683724896491184353e+01,-7.825520822535400711e+00
-5.411659401854591600e+00,4.476401760889784143e+00
5.937543103759554519e+00,1.275401865047442129e+01
-4.235983273132100990e+00,1.059606190507847856e+01
-4.072521258072275607e+00,-1.651436367790297011e+00
-1.382898926858443822e+01,-8.488997430841733749e-01
-6.584616306711471800e+00,-3.871109490682366427e+00
-9.763429725002076509e+00,7.315242344592220114e+00
-6.389456894790331631e+00,6.072287247410767641e+00
-5.104944192018107785e+00,-1.629948383026511749e+01
8.352478013496428488e+00,3.790196027332398909e+00
1.031198564608093449e+01,-6.700970523510804355e+00
-1.895111131821576222e+01,-1.150978343556304129e+00
8.086710123760818547e+00,-2.047124022790763220e+00
-9.900772066998113630e-01,1.077462821492682465e+01
1.214118071279925992e+01,7.976673685444107598e+00
-1.769665652138631629e+01,4.209442964712819979e+00
1.805136117081177716e+01,-5.900657179837682342e+00
-9.613647943869983337e+00,2.633861672282852506e+00
-3.196297792589566811e+00,4.246013457536838231e+00
2.924085733320234137e+00,-6.634036205282035636e-01
2.790836660249105261e+00,1.152188102900498556e+01
-9.809388596833889196e+00,5.534334638375757009e+00
-2.501756767006020343e+00,-9.736157417293034300e+00
1.112732029910647924e+01,1.192191621531625856e+01
2.745293146484671265e+00,9.707958297824006877e+00
1.793422247578898876e+01,-2.389979576428370667e+00
1.106168143807710891e+01,4.482914894732384248e+00
9.627027338822483626e-01,-3.626868104228097689e+00
2.688275290760852698e+00,-3.936613736578010503e+00
-1.365778360185450246e+01,-5.220230287447720663e+00
-1.560207721472153430e+01,1.449996594059760779e+00
1.225897822982309826e+01,1.383518466996653906e+01
-8.582086357304098412e-01,-3.235203388648779654e+00
-4.903803981752757224e+00,-3.325282709210895415e+00
-4.499830251772361400e+00,-1.446912249579038701e+01
-8.049765183003286140e+00,9.525213252440750011e+00
-1.981046088579195841e+00,-4.652490661341317946e+00
3.330646531660985676e+00,-1.457543829361960164e+01
1.353706052346215571e+01,9.257278083088388954e+00
-8.942133900861387374e+00,-1.648046656969431822e+01
-1.499764138982684791e+00,1.548848820966417783e+01
6.053773500736535640e-01,-1.665022241878455844e+01
1.073931492237248442e+01,6.902007329122485046e+00
5.825879601839852207e+00,-1.002684114146041772e+01
2.519838847780985880e+00,-9.327734684285214684e+00
9.082618253978699263e-01,-1.016537860578267072e+01
-8.533894044052791061e-01,-1.442609971966899529e+01
-1.402876667569180569e+01,5.238516060572430355e+00
9.694695914596609398e+00,1.309269731049817587e+01
-2.987830431261311870e-01,-8.867573386247865841e+00
6.673115031311314560e+00,9.266275198009488179e+00
-1.566920058337407262e+01,-3.759213023959492861e-01
-1.798008812919811072e+00,-1.658421123602646485e+00
-8.015371418358933298e+00,-5.999977802287165041e+00
1.856359640395656818e+00,6.314628726241261703e+00
-1.437784727998514889e+01,-3.442319040035916267e+00
7.974362368024515924e+00,1.628417063213269245e+01
1.060973433240399899e+01,-4.788796886410276343e+00
-1.305915451706174846e+00,-6.317718719654190629e+00
1.825500636540443311e-01,-5.260152585757364996e+00
4.415778810760441431e+00,2.766637797066703541e+00
1.663664894440808562e+00,-2.011471413693938892e+00
1.357487573172996598e+01,-5.934045341902852932e+00
-1.627075617152893727e+01,-2.889001783694815639e+00
-1.323138348427543143e+01,1.261151086110045894e+00
-9.889934603279224135e+00,-6.413857835104476379e+00
-2.970049081931539270e+00,-2.878868431307766707e-01
-1.382729439579488462e+00,-1.270277370649153603e+01
-7.728556935613308809e+00,2.563100050229785598e+00
-1.446393319155168022e+01,8.907963283840999225e+00
-7.222499357792007579e+00,4.273503211361990850e+00
4.128731652878445679e+00,-8.595924405831896209e+00
-2.601511727120987771e+00,2.555312726027353598e+00
3.661342693241413926e+00,8.120827658578312125e+00
4.686337587068776678e+00,-1.206795958382356204e+01
1.548125180520841049e+01,2.772788680233012837e+00
-5.063055880135419073e+00,7.337927601407846723e+00
4.413092440129221750e+00,9.217420891633855140e-01
-7.477063081959069102e+00,1.238867691198394638e+01
8.906038959604522631e+00,7.006049629563350756e+00
-2.612380070556162170e+00,-1.515204844637079695e+01
