-2.116882321939128175e+00,-4.694812274859687662e+00
-1.764196352511367971e+00,-9.306948062643515485e+00
2.633441503327806021e+00,1.121061581222457981e+01
4.422510372867685113e+00,8.101209178037739989e+00
-1.362544511689255522e+01,1.323673008177934918e+01
3.338410367262321099e+00,-6.779002146072138579e+00
8.892736711864111854e+00,2.593133558607451317e+00
1.982576160419047495e+00,-1.459978306463392173e+01
9.831526099555054188e+00,-1.151432962250135716e+01
-1.356013180203256008e-01,-1.703411456393769896e+01
-6.468664335862615467e+00,-7.051849448730126646e+00
-1.368577347736301952e+01,8.246655754476673650e+00
-2.328826178102282984e+00,7.809357794966844679e+00
7.665923008113545656e+00,-4.795458902581168914e+00
8.075874262699090922e-01,1.733663767238460096e+01
-5.183157563463796080e+00,-5.705355262880120293e+00
4.314530918509311697e+00,-5.310288594796904071e+00
6.131229572708376097e+00,8.644041627027190700e+00
-1.884804980605855773e+00,-1.516817758384414461e+01
-9.726150145918666112e+00,-1.504164892211131743e+01
5.170736939704118740e+00,-9.090823575514560773e+00
1.451197714031530417e+00,9.351107711625756380e+00
-6.642964841562387868e+00,-2.247124927504965619e+00
2.553907201628120127e+00,-5.159083744022652240e+00
1.095141120184624128e+01,-4.291971723827351148e+00
1.648346121341265658e+01,2.359956933595341422e+00
-4.617545745076625963e+00,1.561353396375066716e+01
1.011428183317249374e+00,1.004837105610785652e+00
-1.285678755103423221e+01,9.902081607213586878e+00
1.745208906850116426e+00,-9.741727564967249009e+00
-1.048919890654396525e+01,9.763500410441231736e+00
1.458621765657634350e+00,1.403773767343278145e+01
-1.912888328805660010e-01,1.017616694565536584e+01
5.808524260713576304e+00,-4.329199301423602542e+00
7.520135245421071701e+00,3.708818978844804715e+00
-1.722465427684105777e+01,7.021570824033842584e-01
-6.998131137334153706e+00,8.904010095274864867e+00
-3.555641839736193077e+00,-1.430335700129882248e+01
-1.021857223170532691e+01,7.465631370932531929e+00
-7.380588510788571588e-01,-1.383233126429434989e+01
8.482296623024915050e+00,-1.402362712440958559e+00
-1.022550769042494245e+01,1.277589542759031138e+00
-1.307400711833053819e+01,4.520093164918143280e+00
1.249836155629389722e+01,1.118049338804204851e+01
7.086935812242387556e+00,1.442610379779719487e+01
1.532375882988356253e+01,8.540721767272012599e+00
1.432535800640898138e+01,-3.233803863655199784e+00
-1.562992635568201472e+01,5.115280377387689370e+00
-7.797167046712446536e-01,1.101134897697055859e+00
-1.280541544138693588e+01,1.168325678972638748e+01
3.802461068608520733e+00,-1.458808745595721312e+01
-5.922676038034710544e+00,-8.755028212165147039e+00
-5.359613748717943160e+00,7.970912170903808880e-01
3.435677690525120287e+00,6.374313984099814867e+00
5.183777952638966013e+00,1.026225421436895324e+01
5.015239449023297880e+00,-2.738941109044761735e+00
1.212110904778404752e+01,1.267325046224401008e+00
-3.965154764753175076e+00,1.389440549170655359e+01
-8.050950321804375420e+00,1.377479671375357562e+01
-8.209821528265594637e+00,-1.408090356705407231e+01
7.543067871432670657e+00,9.821091390410584765e+00
4.369133414925363113e+00,4.851002816248621841e+00
-1.897249955783700370e+00,-1.694480528729254942e+01
-3.730751955833508937e+00,3.080416347867613869e+00
2.646038991677079899e+00,4.418956481142007675e+00
3.205554597139763207e+00,-1.735217053014006083e+01
-1.838687737906579400e+01,2.886984517933827821e+00
2.330849374690110665e+00,-3.604111292274342349e-01
7.022852161020962214e+00,7.044305859889978372e+00
1.197992809218909294e+01,-1.008679721584904065e+01
-1.187528326621464814e+01,1.996310413802433015e+00
2.268644053731872834e+00,-1.886336919595488126e+01
-2.405304665207492310e+00,-2.806246556713162033e+00
-9.362600853489229991e+00,-2.763653824147495275e+00
-1.259256744151996976e+01,-1.005794375520027195e+01
6.968043008163174790e+00,-7.797686833541368934e+00
-6.071219135006231671e-01,2.846459763202783488e+00
-5.641683349912330669e+00,1.006481627388305355e+01
8.566250033805564712e+00,-9.035835301658941887e+00
-3.601323937463017710e+00,6.859671660913987390e-01
-1.696813579366223479e+01,7.856722406385770796e+00
-5.176121491535096375e+00,-1.596386343470974190e+01
-6.923136974917468045e+00,-1.190712207965036323e-01
6.852722172182795113e+00,-9.595932078791925335e+00
-1.174669790327630992e+01,8.475512661164309236e+00
6.853300827633295178e+00,-1.363166424830137835e+01
-2.565009139640028746e+00,1.520258337787448077e+01
1.896633057690719770e+00,-2.590281462508528421e+00
1.390010554995514624e+01,4.308534464253377827e+00
-1.142183634296699424e+01,1.294898573417375154e+01
-3.070833291190077308e+00,1.233695089607326878e+01
4.652866528333886365e+00,-1.616965494997684516e+01
7.906619940325978924e+00,5.517032857668573875e+00
1.710322075426966393e+01,8.258032822947578566e+00
1.452647768897566039e+01,-1.215964011956353197e+01
-1.282561977802474296e+01,-8.219092112970889374e+00
-1.490724823880226246e+01,1.172506380960610173e+01
9.551297969494603635e+00,6.412163103237693562e+00
-8.511462257604495818e+00,6.318147138094908355e-01
1.088317656296056368e+00,-6.289474277221815512e+00
9.149243404191649276e+00,1.442197051216335346e+01
1.587779201196847367e+01,6.599965301240116489e+00
6.348912912777044504e+00,-6.035226944644774605e+00
-8.066496400643488940e+00,-7.875812286347075641e+00
-1.423450772391265140e+01,6.263644359558839803e+00
1.678589308895108267e+00,-1.647470649529643438e+01
-3.867251455749177946e+00,1.812620120982004579e+01
-8.605468697791058830e+00,4.304014615504129893e+00
-8.718509308647755418e+00,9.390897616142970250e+00
3.406062271432206412e+00,-8.969005462399143980e+00
-6.707041311270145023e+00,7.080436882472374016e+00
-1.316072374960021829e+00,-1.139631829905846949e+01
-7.955413710327823296e-01,6.622778655197985920e+00
6.723638817979788129e+00,-1.336265751766617216e+00
1.816390291669728319e+00,-7.954574590057394978e+00
1.159820664466275097e+01,7.501584875197823798e+00
-1.076549898007899486e+01,-1.056064142742303069e+01
-6.387717873523727441e+00,-1.464156606202033117e+01
-1.372022433837566702e+01,2.010503012168147752e+00
8.766576595422722606e-01,1.160992029041301166e+01
1.281619726540266591e+01,2.930137940040717037e+00
-1.422955809149903272e+00,-6.857126599381144771e+00
-5.299206807977283162e+00,8.137659086426520361e+00
-5.379845775542305475e+00,-1.056922960685798252e+01
7.661996438485894956e+00,1.219192878899703736e+00
3.930113074998647260e+00,3.098223668472068315e+00
1.317258682869293906e+01,-7.266042474531679396e+00
9.446551458291894576e+00,4.487245602389623222e+00
-2.120722294011464282e+00,3.789614900571006917e+00
3.557681990451323273e+00,9.911188586530571554e-01
-6.829342315607412672e+00,4.551007015914946940e+00
-4.208063587966703323e-01,8.346002675280914218e+00
-3.239459238473391789e+00,-6.104575301091367479e+00
-1.567330628774822898e+01,-1.823544926685665979e-01
7.054673951331106529e+00,-3.068009153328616012e+00
-6.970049730913599362e+00,-5.368055804406892229e+00
-4.529040238513870165e+00,-2.794034377541853686e+00
-7.876497727200682419e+00,-1.587454368661724580e+01
5.488815741340387078e+00,-1.238819446019986259e+01
3.373332286339027597e+00,9.581797507259175006e+00
3.510782195404055450e+00,-1.742092869081947271e+00
1.539140373212859814e+01,1.111100269089486048e+01
1.030957102527275460e+00,3.596995780038894974e+00
-1.325396279266783139e+01,-4.613554381605857735e+00
-1.437308845374320576e+01,-1.371417926764737727e+00
-3.939301731372584658e+00,6.937783931730489684e+00
-4.131464585223370456e+00,-9.178214701380726481e+00
-1.231662980340251501e+01,1.446342041344586526e+01
-3.583332681093140071e+00,-1.302501817647907068e+00
2.751530004854891853e+00,-1.123041483945858765e+01
2.826739139402016932e-01,-1.532792523559096054e+01
1.528713232562403412e+01,-1.022399115640011225e+01
-5.534350333414810308e+00,2.579775977847201585e+00
-8.207507043930570845e+00,6.092059097216421470e+00
1.025390895511002931e+00,-4.223400457222400206e+00
-5.761750631022319880e-01,4.802684654171278211e+00
7.518340729520770482e-01,-1.153547779941715090e+00
1.141737667185283467e+00,5.398750700112006307e+00
1.353407597563957410e+01,8.906076857298172555e+00
-7.817852577007633030e+00,-3.695329676836277333e+00
2.393699205775072503e-02,-8.009672562866331447e+00
-1.469256020405317109e+01,3.574976409755319384e+00
-6.633935265557277638e+00,1.647646173503204636e+01
-9.848070015776768216e+00,-5.059204500203776655e-01
1.395827685770166759e+01,1.227844460151757033e+01
5.267951284419395641e+00,6.501949314167125848e+00
2.293339662167145132e+00,2.306566197089825465e+00
1.039068471865256704e+01,1.618184645525483800e+00
1.397333897824118409e+01,-1.487653396708995324e+00
1.575965887768647278e+01,-1.179912935506675087e+00
-1.395625784905998756e+00,1.359662579069079946e+01
-2.881246559379230021e+00,-7.880094838330903073e+00
-1.984767068842849147e+00,-2.992598766237475894e-01
1.271113722998203066e+01,-1.183973027582072746e+01
-3.884521751772974429e+00,-1.224051652843353111e+01
1.014201596922156945e+00,7.161474897326834288e+00
8.977730415951288734e+00,1.089828735619656541e+01
-8.255783046345939624e+00,-1.396949569614802211e+00
9.144586215031170084e+00,2.451696607496822722e-01
1.686568977644853362e+01,-8.649654822997684178e+00
-1.218834338349988400e+01,-6.523803921598511302e+00
-9.352764655495183987e+00,-4.553941589613331509e+00
-1.422222995144744218e+01,-9.365746626625034210e+00
1.829211729415444765e+01,2.069522988782511064e+00
-8.598904733270485323e+00,-6.164964384426279587e+00
-1.092147386959342192e+01,-1.363237751996093294e+01
-8.960512846803377229e+00,-1.078516202709041494e+01
3.374960986904878002e+00,-3.571683153513121045e+00
5.020664872742044871e+00,-7.994215842528554772e-01
-9.924580266110154980e+00,5.549754228918525101e+00
-3.989707132422803504e+00,4.844120814993871704e+00
-5.970640681030055852e+00,-3.905162747806454338e+00
6.579795439891579001e+00,1.680532488539865454e+01
-8.809040260181541626e+00,2.509900095195074066e+00
9.792352466166905245e+00,-7.700250962334681759e+00
-1.097142778560963983e+01,-1.866999660525910709e+00
-1.042762603772585095e+01,-6.114753786261541535e+00
5.155856633500787822e+00,-7.325339166309704275e+00
2.645252074068878301e+00,7.967694602780523105e+00
8.284465867732764721e+00,-6.551474140570909377e+00
-1.728005096053881928e+01,4.317417880090835602e+00
-6.592937701219868885e+00,1.181671956982784089e+01
3.670963416345379038e+00,-1.275556057830579704e+01
8.386881906010657417e+00,-1.254943771730826363e+01
-2.352966583193031092e+00,1.963163424580232519e+00
-1.492678618789267020e+01,9.510902200101117643e+00
1.868820328117612117e+00,-1.280824083341945574e+01
-5.702186962735270370e+00,-1.233939711353266233e+01
-3.690342308078518041e+00,9.007127872162989490e+00
-2.290184084892241234e+00,-1.298298465018261005e+01
6.196433409997326613e+00,4.938152494154368632e+00
-1.094005374037545053e+01,-3.692051093406235829e+00
1.574167225558932159e+01,6.292094720550416298e-01
6.865018177438451552e+00,-1.671885798190870176e+01
8.382547661790873406e-01,-1.132759677392466102e+01
-4.659653688570650765e+00,-7.455285309378422376e+00
-1.252137187070584368e+01,6.761541898408022888e+00
-1.280226215719220484e+01,-2.167581787438757956e+00
1.022312617288078229e+01,-9.650205945311515876e+00
-1.186804705399809912e+01,-1.205274059572948353e+01
-7.522291542188604296e+00,-9.646349665479487356e+00
-5.473648919089554532e+00,5.790455903402597748e+00
3.736009960272129504e+00,1.452172328270434498e+01
-1.549980352904358405e+01,-3.960329842160569047e+00
-7.138562690984378456e+00,1.810406433395991055e+00
-5.389737598948437736e+00,-9.854708556676438080e-01
1.078661973287055709e+01,1.055464862322454067e+01
7.001273974525057397e+00,-1.145960383258446669e+01
-4.616811607920314753e-01,-5.370735181309751916e+00
1.343814591990730456e+01,-9.031844889896282425e+00
-9.253853817048617314e-01,-1.736182626547003727e+00
-1.403578069926718541e+01,-6.492184299041378281e+00
-1.978339429383460191e+00,9.605180559776256288e+00
4.578115280773108253e+00,-1.078033927103265732e+01
-1.348808908740927459e-01,1.486467575866357649e+01
-2.982331865651626224e+00,-1.063212989094180294e+01
-3.852596159215570193e+00,-4.434202935352377750e+00
9.958102661037358416e+00,-5.847210972598112733e+00
1.080363023340969697e+01,3.341383563569753079e+00
8.388572895574991861e+00,8.213999751181194853e+00
1.014926709631625279e+01,-2.280519148287188713e+00
9.225245477506611280e+00,-3.791882083212629873e+00
5.201514613400989084e+00,1.716610912573672376e+00
-1.524382766750100204e+00,1.147753953281852901e+01
2.882228451256166668e+00,1.298000628397928047e+01
1.409583004042431043e+01,6.158104495405962275e+00
-7.518730107155167930e-02,-9.788321067499124339e+00
-4.819240214960185398e+00,1.191577450137533667e+01
1.249774566938738118e+01,-3.385327925155801498e+00
1.008835821622074569e+01,8.861247734283415056e+00
7.462889676495874980e+00,1.183800386754988310e+01
-7.268807143037339102e-01,-3.551340648929982802e+00
-2.493356948724580580e+00,5.869830305289254646e+00
-1.132419729012707954e+01,4.133293884776359839e+00
1.120359363514132589e+01,5.755942696063390152e+00
-1.614366279118453207e+01,2.479529637269796805e+00
