9.091259648247110192e+00,-6.235445736144569651e+00
7.945048411081827133e+00,7.842302437054788022e+00
-8.646685584483812193e+00,9.910990196499012583e+00
-5.064172283462061941e+00,9.713871039700320509e+00
-3.769198791780892233e+00,8.425631978641316522e+00
1.171693621558671516e+01,-2.615893134152189159e+00
6.779074305073183204e+00,-1.667424452716808281e+00
1.425594467074981253e+01,-9.780046937267504958e+00
-1.341854015115337617e+01,-3.852365970941703743e+00
4.079558182432279634e-01,8.849402979923649326e+00
-4.197675904457098817e+00,-1.819855481989463186e+01
-1.603847383750401079e+01,-4.577946108918336421e+00
-1.204366829554226648e+01,2.301336282896407681e+00
-1.361430519160328068e+01,7.084726935300772688e+00
-7.057249835415464467e+00,7.174373283312339034e+00
-9.033737650423798726e+00,-8.948044135857186276e+00
7.770173357451703566e+00,-8.935902812300149378e+00
1.130089918160040341e+01,1.437171398713291692e-01
9.901065834083237149e+00,-1.289090666214844028e+01
4.883543243975799086e+00,-1.661104115748070953e+01
-6.969731295958290218e+00,-5.097633502150418217e+00
1.276470194860618967e+01,9.892677178500164814e+00
8.072806109428695365e+00,1.404947069776558699e+01
1.038302332355469559e+01,-1.469891424455423534e+00
2.243967549921056237e-01,-6.515931034442017378e+00
9.887442963470514101e+00,1.397828702554109803e+01
1.545716781194880340e+01,8.821096975280116936e+00
-1.875309835801132152e+01,5.789012638864559079e-01
-1.627633946524520780e+01,-2.800305717618304158e+00
7.591197844537431294e+00,-7.194175136998893549e+00
-2.020594988512539825e+00,8.239523330175478222e+00
-4.114758814122065012e+00,-8.330939826096138034e+00
-1.037118412884207785e+01,9.122084170071030229e+00
9.799366794593092678e+00,5.163404959830048213e+00
3.915043085744972284e+00,9.994228130465915072e+00
-1.199059902474986750e+01,-1.215134641224865497e+01
1.086570754480088041e+01,1.015127497524618505e+01
-8.585744126419234235e+00,8.146999326194146462e+00
6.530785673683715542e-01,3.943816719612334154e+00
1.036390755276700126e+01,-1.117168712711261236e+01
-6.721879366709706538e+00,1.230608074321462908e+01
-9.796314741925367997e+00,-3.579094413411911368e+00
-1.265888495012881521e+01,-6.153943215009296530e+00
4.978647220367430348e-01,1.820524390283937777e+01
-1.064485380860975461e+01,3.521897106791962440e+00
4.010343316643204759e+00,1.695051959339777525e+01
3.988114996250252453e+00,-4.289837492139350950e+00
-1.429470747585046198e+01,-7.367122366921472043e+00
-4.764211369389016681e+00,1.283699637950598138e+01
-7.878764010035200549e+00,1.447556028891301239e+01
1.508944803894260289e+01,-8.210350429987405718e+00
2.481666363832374600e+00,1.140600283504582357e+01
-8.383714403749447097e-01,-1.819204261640096831e+01
4.248065398880734200e+00,1.176763186644987158e+01
1.543839486037924225e+01,-2.801703752826378291e-01
3.457865294142998813e+00,1.864480948688179751e+01
9.523850077149676352e+00,8.864175733294201720e+00
-1.386112198500381965e+01,6.857411750890513025e-01
-9.002660098320760085e+00,2.815342578711832910e+00
-5.225259211706402063e+00,3.171969744185360263e+00
-2.543054512427694647e+00,1.463957898964495818e+01
7.380600495832631003e-01,1.094961799595431629e+01
1.145958689365636651e+01,-1.392660577449854920e+01
-2.788655833374579007e+00,9.901292552256187207e+00
-3.675431367166783758e+00,6.583246363925200129e+00
4.228349536389052865e+00,-6.089955971525248479e+00
-1.387390014971559715e+01,-1.182507362897492342e+01
-4.311482039302118707e+00,-3.331210369206548672e-01
3.240324951304263568e+00,-7.694353224454161255e-01
1.673857579236135962e+01,2.741710805618378988e+00
-2.510745468449997464e+00,-1.070586296219364364e+01
1.539956003643693272e+01,-1.111198051808690046e+01
5.914972806499465996e+00,-9.251137458404954828e+00
-4.193737063788220532e+00,-1.014722342836945934e+01
-8.062265039252891619e-01,-1.593960401211874967e+01
-8.619719247749293434e-01,1.008457388214930717e+01
5.720032923681203307e+00,1.976962667126465956e+00
8.253503002966420254e+00,6.102484102995143544e+00
-1.063513614538660113e+00,8.126009164708239974e-01
-6.134953883047900902e+00,-3.554265701253494836e+00
-1.272676146247648532e+01,-1.842205553280203745e+00
1.117478061421458779e+00,1.689558461705733095e+00
-8.624990347341405794e+00,-1.109412110626185388e+00
1.355613928802082846e+01,-2.695423850530052068e+00
2.647222957866998683e-01,-3.114420945200364166e+00
1.685639086238738571e+01,-3.587751346773786043e+00
6.445800021442398275e+00,1.009087532685482430e-01
7.157836477638208628e+00,-3.437199775570936477e+00
-1.259175813795238597e+01,-8.053185452488355267e+00
-7.113199474492357233e+00,-2.074488678515133078e+00
1.672138319184473199e+00,5.399208383998036709e+00
-2.998685196536249875e-01,5.509404142318458319e+00
-2.280978124532300200e+00,2.085421232129804459e+00
-1.740918313977871890e+01,1.887017555078962960e+00
1.882403207391402233e+01,2.579886912299879320e+00
-2.651419683990579479e+00,-1.525598271579713305e+01
-7.365128067180908289e+00,1.586128445781895602e+00
-3.661314773787023746e+00,1.626843659636795891e+01
-9.192817564731518232e+00,-6.649477072752573825e+00
7.510802146878883256e+00,-5.235639387106572507e+00
-5.236530537201049107e+00,1.729609355884235455e+01
5.904157505217235702e+00,1.663679508223536985e+01
1.110435923208468090e+01,2.253292485396564793e+00
-4.343966391275770000e+00,1.461772247789113699e+01
2.885635683793153827e+00,-1.107121446308858381e+01
1.538287137365062396e+00,-1.263674650842386837e-01
-1.046106654805771718e+01,6.223757774270032961e+00
2.372893640685812267e-01,-1.356873487530257716e+00
-5.095819316977251212e+00,-4.986123142223078730e+00
2.850193738713870051e+00,1.346722747322837366e+00
-5.201432163917316664e+00,-1.925342612211843552e+00
1.929149161239083643e+00,-1.951053961567271955e+00
-4.659328803121479012e+00,5.043894123412013819e+00
-8.624885196984012126e+00,6.306781599620629564e+00
1.084449918936065949e+01,-5.846625448455227136e+00
3.030096031994495842e+00,1.519327227794660118e+01
4.132877724628925442e+00,-1.830047179578814465e+01
3.296637235379792585e+00,4.538978569522196693e+00
-1.521212220479423216e+01,-5.337508795713221676e-01
7.534258778888560215e+00,1.828414260565699001e+00
8.565032169053889533e+00,-1.488842702247691996e+00
-6.861302636599209137e+00,9.668424252066905922e+00
4.778483998430317570e+00,5.538798365097314047e+00
-7.753608050224690018e+00,-1.668032676642101109e+01
6.723744254324308223e+00,9.168513756564653505e+00
5.458984894024814238e+00,-2.869172460804076952e+00
1.438156628062056441e+01,4.722340598108177190e+00
3.142199058158709590e+00,1.329782532126693440e+01
-3.220793708006440603e+00,1.843140913082083188e+01
4.970403278187332852e+00,8.519269681666552074e+00
1.373530349791705518e+01,-9.121705172958104457e-01
1.594348749214271699e+01,-1.998601437359085686e+00
-1.367540436655522917e+01,5.296637226306699198e+00
-1.060028302997936400e+01,-1.904562142935330327e+00
5.740329909724999347e+00,-4.641091918814443495e+00
-1.304052679903791834e+01,-9.866117517938095105e+00
-1.920654333395926949e+00,1.149607001104170756e+01
-2.103829917167181041e+00,5.596868912074666191e+00
-2.327578689844468141e+00,-4.089994269450238362e-01
2.367096762791180531e+00,-5.830244655441734203e+00
-9.462031126245498136e-01,-4.518564448081256124e+00
1.456267882320816121e+01,1.060736088599360194e+01
1.257136776283339419e+00,-1.038143768332266959e+01
-6.406707542898394614e+00,5.449771702197675260e+00
-3.309353544208987419e+00,-1.941090730800141717e+00
-1.061560461038620851e+01,-3.695153797606422208e-02
6.282296055994986972e+00,3.708632801161472425e+00
-9.023289162993700430e+00,-1.382264509929426666e+01
4.926826695723194760e+00,1.347005732130480915e+01
1.059201315704586754e+01,-3.991046815839486950e+00
1.184253202956686835e+01,-1.221352511483116210e+01
-7.023719921960026369e+00,3.352515508295198288e+00
1.231643531694883364e+01,-4.740742700640582896e+00
1.285181014989903581e+01,7.482569667847026373e+00
8.919743980627538704e+00,-3.267776956727597604e+00
-1.680847326207764336e+00,3.825416294002299100e+00
1.152955321525851495e+01,4.814434003968250053e+00
-4.202204389563084952e+00,-3.470551694845505075e+00
5.087965200381523445e+00,-1.424029296025802438e+01
-4.037665313189402028e+00,-1.195422109665191179e+01
-2.398863882443760698e+00,-3.464307432981243995e+00
-1.180702873869840452e+01,7.522735117197873578e+00
-1.662033591786630282e+01,6.263631265210583443e+00
-6.768519547264607361e+00,-9.185653619642744516e+00
-5.282124546759185080e+00,7.303115720637717523e+00
-8.983019384342391334e+00,8.491882963962343878e-01
3.213879097673673968e+00,8.161685811783724986e+00
5.698430187826741822e+00,1.061266751284635212e+01
1.442787874957434191e+01,-6.534439672982994551e+00
6.860564298315897425e+00,-1.088956182460739086e+01
5.099313521074611444e+00,-1.125456375569568124e+00
4.540582240949291304e+00,-1.036588513235402331e+01
1.673032064870134761e+01,-9.001487930142360483e+00
1.814527037123960085e+01,8.350554686227815715e-01
8.114138436444040536e+00,3.620179164076354095e+00
2.149241135502930611e+00,9.600627946972121407e+00
-1.804667573446065987e+00,1.638085424241035781e+01
1.849398706107129797e+01,-4.336405692616374985e+00
-4.035206439158165459e+00,1.798131522479153643e+00
8.828796734636410903e+00,1.056096115236040944e+01
-3.917110021298617628e+00,-1.388394790010304192e+01
-2.451056631906921357e+00,-1.285779471004973118e+01
-2.309159269130500292e+00,-1.706012344148192383e+01
-1.436703721717518434e+01,-5.444041186138539601e+00
-9.717625728268560747e-01,-1.169161398693612774e+01
-2.362423837018635897e+00,-7.581063596860700748e+00
6.176495162661645111e+00,1.481136698034282517e+01
-1.404324212361007573e+00,-1.989899143974942719e+00
-1.452181553327551455e+01,-2.351978489124679772e+00
-4.079502179317038291e+00,-6.515243238922733049e+00
1.699776906783415242e+01,-5.403310378404341030e+00
-5.901008514984765752e-01,-9.978142813579667703e+00
1.127379972425529076e+01,8.372537584734688565e+00
-1.077939856406525365e+01,-7.491797675864587447e+00
1.343447200229181293e+00,7.127366186005994919e+00
-8.328143345042374079e+00,-1.132685053691185750e+01
4.630928964207388532e+00,-1.219519579360983030e+01
-1.013380339811162578e+01,1.088083491550940174e+01
1.351414044036014950e+01,1.240988801146967901e+01
1.267275420292568455e+01,1.391601078667140223e+00
9.333685373436569677e+00,2.128162598795697136e+00
6.576120720929067076e+00,5.480960587356463520e+00
1.259712023485361954e+01,-6.635831649307446511e+00
1.773393270485848561e+01,-1.455626347152101818e+00
-3.444948263621470552e+00,3.561572105797393029e+00
1.366625555565528227e+00,-7.912308921247820592e+00
1.259783645411008735e+01,-9.076606813640504257e+00
2.487900670826304950e+00,-1.748929060207902353e+01
6.321735474323368464e+00,-1.555060486512999773e+01
-1.645815177789435779e+01,-9.484327358966794463e+00
-1.296064948054794108e+00,1.316610964021068675e+01
-3.973880872440537448e+00,1.123547946940959363e+01
9.946009623322337845e+00,1.196488074257191769e+01
4.178681830926267438e+00,2.975113745917381980e+00
1.082211693314099321e+01,-9.339457636624960202e+00
1.765709762004111338e+00,-1.273619827343501676e+01
1.268811220754158420e+01,1.412822940941451044e+01
4.506417071785041806e+00,5.385950118261731978e-01
1.675864988294868851e+01,-7.200424708594998613e+00
7.521166193727991667e-01,-1.691163045512515239e+01
2.624848627580406824e+00,-9.220270107917821534e+00
8.443151868839241514e-01,-4.792459473684466786e+00
-5.094853314267336897e-01,2.492893389909694779e+00
-7.559574315011341916e+00,-1.482835742315487337e+01
-7.654925875453766793e+00,-7.535474695326088046e+00
-6.021017805824403490e-01,-8.102150762633980818e+00
6.630707304160253779e-01,1.642509759037752914e+01
-1.466030126920641585e+01,-9.160766949450085406e+00
-5.899742003814121283e+00,-6.605416571651463009e+00
6.349120073905697659e+00,-1.282843306471454170e+01
-7.027522318977404758e+00,-2.910080323054174967e-01
2.262233373922321711e+00,-3.704356912886296538e+00
-1.340519773248287905e+01,1.129340935782222388e+01
2.263661070935846453e+00,3.092823445018921813e+00
3.189876163974350032e+00,6.400564501415971108e+00
-1.152366368012572551e+01,1.491110088286606050e+01
-1.107945302372768381e+01,1.249131599946900195e+01
1.449045750914213038e+01,1.293573924900455863e+00
1.381493292422360186e+00,1.284063961514885577e+01
-5.999465377805278665e-01,1.485504987211722749e+01
3.607490587181075625e+00,-2.552895903704055058e+00
9.978681318302268011e+00,7.022281792374606368e+00
-8.314549552828138346e+00,4.556757120750030587e+00
1.369420828613995056e+01,2.966066860165684549e+00
-6.058058702498244408e+00,-1.752999601508161831e+01
8.639238237567415268e+00,-1.059478583432916210e+01
9.370648623786413722e+00,-8.187342453329200964e+00
8.532753967550744889e+00,2.899268252820668135e-01
4.842154346122589992e+00,-7.833027453876402646e+00
1.246354448919506863e+00,1.474726425453179957e+01
-6.106430120763661762e+00,1.405411138844381291e+01
-4.412952299544324886e-01,7.316042059091401484e+00
-2.837438169815811762e+00,-5.275010420730085414e+00
5.982237331057005392e+00,-6.479584552124245889e+00
-5.613774435915001249e+00,9.703343357746676556e-01
3.090784290997250494e+00,-7.492764304754047977e+00
