-1.854855468787562689e+00,-1.835575478082661860e+01
9.226447143657823702e+00,7.713477023811670996e+00
-7.936839643234113062e+00,1.939414520097382022e+00
-4.153644313014145162e+00,1.782381366520723276e+01
4.489722258644240682e+00,4.066859144441380636e+00
2.813314821276451383e+00,-5.628147946952481107e+00
1.347185101925637163e+01,-2.514293065866548549e+00
-5.985347164811734899e+00,3.778845222317245067e+00
1.521774892418500968e+01,-3.383694374579241160e+00
-1.403929737817246881e+01,-9.821462942004476560e+00
7.797417117873137293e+00,-1.156893989680048307e+00
1.021528326259588582e+01,-5.211548485406954256e+00
3.478810673337162651e+00,2.329192295848756977e+00
-1.314328537428919308e+00,-2.840648601058111122e-01
-1.599825633125518953e-01,1.032521797361180482e+01
-2.888907434024605703e+00,-1.169368040569431333e+00
1.432443779030954367e+01,-6.546566339848679306e+00
1.132849606654855101e+01,-2.911466284134330840e-01
-2.435417959374087449e+00,-1.656070029848369884e+01
1.229456018804205852e+00,9.208571607473798437e+00
-8.445367853847512762e+00,5.455086501054025483e+00
-7.776308017614511847e+00,3.740257921552164522e+00
-9.603591128210187122e+00,7.574567106158547780e+00
-1.113069399310573182e+01,8.691994134750485657e+00
-1.801283823116845539e+01,-6.022730636939990667e+00
2.193101223077046580e+00,1.121113101531288736e+00
-1.124689452119979372e+01,3.732079105125866381e+00
1.088878646504533343e+01,-1.182893569853488813e+01
-4.287143068407380575e+00,-5.661572270538315799e+00
-4.582985324994666598e+00,7.266032759358380666e-01
4.738181217277784185e+00,1.468403751992364548e+01
-6.530012472273033497e-01,1.893506124738780372e+01
-2.252286593441801710e+00,7.478954771036341320e+00
-1.040834281468693767e+01,3.039735094583601582e-01
-4.655154045945347541e+00,-9.308849659970354296e+00
-3.150781749601773374e+00,-1.097773290856961026e+01
-8.417134834955841693e-01,6.373236348975219734e+00
-8.005133288429686189e+00,1.579431825256380506e+01
1.115998523495146166e+01,8.485436611836529863e+00
-8.741809890607875388e+00,-2.497068591820349237e+00
-4.816643090100170888e+00,5.660772335771104835e+00
1.499776933113023070e+00,-9.716149425400212536e+00
1.781470375411391416e+01,-3.493077206218617725e+00
1.430558381925357558e+00,-3.022477370863248414e+00
4.301528033417078234e+00,1.724735601914532879e+01
3.003828377824978357e+00,9.648379039116182554e+00
1.296535317684107902e+01,-1.124630376163929846e+01
-6.987684203948374417e+00,-2.704782976258451876e-01
7.008565860693014571e+00,-1.336298035203799728e+01
-3.619327766946062397e+00,-1.864229045062306511e+01
-4.590888667810530066e+00,-1.517647421741043523e+01
3.537768033942194079e-01,5.083525095286550943e+00
6.920257290701252728e+00,5.174889871575282463e+00
-1.014843816379832653e+01,1.022709185697752865e+01
8.109963690897069588e-01,1.795477691293005407e+01
1.643283011420302842e+01,-1.139658781180980851e+00
-6.142370773556662833e+00,-1.747212140875079101e+01
1.194066262292967417e+00,-4.771236141711244549e+00
7.748726191251400053e+00,-1.170130021929121078e+01
1.286535940942873779e+01,1.317328225086988702e+01
-1.075575230866988541e+01,-5.223897290706606356e+00
5.627437078060082420e+00,7.934623076610436421e+00
-9.618548521218178493e+00,-1.305313329863170324e+01
-1.696841449217429698e+01,-8.513562266091089015e+00
1.666180438739714553e+00,-1.612527450139078056e+01
-9.545088401970478031e+00,3.305253483846190221e+00
-3.265266837038741432e+00,1.114038670027119160e+01
5.468291013316973981e+00,-3.256559656262915770e+00
-1.024944685333063266e+00,8.757173666676990820e+00
-2.621091982637909212e-01,3.362363269237834018e+00
-1.502103466596524228e+01,-2.972853921328762805e+00
-1.230633064693473067e+01,-3.046664556307633109e+00
-1.560436585597049763e+01,4.895216666182984788e+00
-5.239134789075262644e-01,-1.895910948647126837e+00
4.983068429407837563e+00,-1.084872596437585557e+01
7.869392161125110086e+00,2.573804109160864328e+00
3.755820574763028663e+00,-7.139570493248663219e+00
9.265418474648503988e+00,-1.268405561289736738e+01
-1.774992219217186218e+01,4.822514198674622499e+00
-5.492800326123123078e+00,-3.577752944049003236e+00
1.011378391642429975e+01,-3.001248160275972410e+00
-7.960419276254393495e+00,-1.194528130511030461e+01
1.659187353666917986e+01,7.055246739426757507e+00
5.141133466585522171e+00,-1.447415343145596900e+01
-1.620697297394703540e+01,-6.331044454457595450e+00
7.257745144316950281e+00,-3.081730938178554702e+00
-8.368685379379320111e+00,9.824124515598533947e+00
1.147254366183811491e+01,1.499500616874116288e+00
3.005951586046337276e+00,1.529399776034560077e+01
8.581618613215741931e+00,-1.566375305294979725e+01
1.396841093976920689e+01,3.523971427603887374e+00
-1.799010940360035171e+00,1.551362526933026587e+01
1.055927035081827015e+01,1.557655656115591825e+01
-1.031556271946279146e+01,-3.444738376513507117e+00
-2.765021890943469618e+00,-1.272304653007181408e+01
8.723993494009615546e+00,1.585535532632973599e+01
1.336177225189028839e+01,-4.275367275400622447e+00
4.705507551521572296e+00,7.865678055823540626e-01
1.829710971028450928e+01,-1.449097145569948397e+00
-1.212988883212767988e+01,-7.335089937066672228e+00
-1.689843605249432201e+01,-3.304590945974021032e+00
1.239312003831124276e+00,-1.783852344807921497e+01
2.140747610778413357e+00,-7.925169431301294587e+00
4.555833126826749790e+00,-1.844105895883461343e+01
-1.526976189034636988e+01,8.703125144921854073e+00
-1.612518286594747963e+01,-1.554609408172218599e+00
-1.297940213761921058e+01,1.126636585382636113e+01
1.327779331351204029e+01,1.855940095577693683e+00
6.691195780752368094e+00,1.722673792626782330e+01
1.886743675563410827e+00,-1.255719067823439694e+01
-4.119929590171358846e+00,7.278537171204369827e+00
1.373116678553185999e+01,7.477560310997575677e+00
1.465675378694915842e+01,-1.120923933096764413e+00
1.925974921086367031e+00,-1.435421808210304384e+01
3.916473834258469289e-01,-8.322402398868188556e+00
-1.027554623258245847e+01,-1.539601976401570926e+00
-4.641525431484954112e+00,-7.435763522992600016e+00
9.678455681818924461e+00,-1.019359793875618614e+01
-1.130226020055269309e+01,1.897901062703376773e+00
6.169479276915745380e+00,-4.102200930302639104e-01
-4.211179853374726001e+00,-2.326633018578963874e+00
-9.859811875417126004e+00,1.265951414098498695e+01
6.322660677469460921e+00,1.537457589544628078e+00
-7.772590425922231150e-01,-9.742156572364333300e+00
1.158228340214514240e+01,-4.073601345687920983e+00
-1.205931757195031828e+01,-1.255915131721964784e+00
-7.497816921970091641e+00,1.343551834093368313e+01
-6.623247944456709391e+00,-2.104263932313634289e+00
-7.431857627718168047e+00,-9.613702950353964383e+00
1.891381356096090371e+01,7.568965445268108772e-01
-6.049470330661469220e+00,-5.384223677699783828e+00
3.498475080066026699e+00,-3.867546185452104268e+00
-7.911567611850197856e+00,-7.869624185945558459e+00
-1.660409838498530632e+01,1.909344302268872084e+00
5.905540408385338225e+00,1.165666875369882227e+01
3.755732271895619423e+00,8.009036599156125646e+00
1.145770870729301283e+00,-1.135463988872827068e+00
-8.771614909280987860e+00,-5.436660279255483008e-01
7.069929865572175842e+00,1.400378736656277567e+01
1.764763187574925496e+01,-7.034406143889547991e+00
1.727722853909964584e+01,5.303316677191530104e+00
-2.759633737496398065e-01,-3.649168093479856712e+00
-2.863100697180527288e+00,-1.447315204480779016e+01
-2.861722248088590881e+00,-7.002715430228833249e+00
-1.461973096129746708e+01,1.446177443138927154e+00
7.145277587599007774e+00,-5.033700657273040058e+00
1.196728797682446910e+01,3.206900113188604795e+00
1.200511460989913104e+01,6.642216461175497244e+00
1.115744079353844853e+01,1.228007021692629053e+01
8.704438311581954579e+00,-4.131721926117804422e+00
-1.480811535163745063e+01,1.110987290657014093e+01
-7.808402350714212403e+00,7.234992680416359789e+00
-1.590795945008826173e+01,1.893512362749059375e-01
-1.268567612945680878e+00,1.837495060397360103e+00
4.708540774113266103e+00,-1.595785799510941017e+00
5.690668246534380970e+00,-9.139815830235626493e+00
7.940190685938791404e+00,7.023176533458070914e-01
-2.818875446604561130e+00,7.707372848177922453e-01
-9.463939079834597479e+00,-1.585899952000151458e+01
-3.670225930703593598e+00,1.322238159658459367e+01
2.281292399672918136e-01,1.454326378204334169e+01
8.549242372344421526e+00,1.094018865565578658e+01
-3.551976034638907098e+00,-3.992112003412236820e+00
-1.016224209801752210e+01,5.833937286360471930e+00
9.293853266928392420e-01,-6.637048958187268255e+00
-5.293161528221176582e+00,-9.017259593922206662e-01
-6.276537042505629493e+00,1.484311328189998491e+01
9.894201637455847020e+00,2.382504731976270662e+00
2.011906021804917177e+00,4.426946213961645782e+00
-1.571062945364307240e+01,-1.066937036026011576e+01
-1.845976921263403625e+01,-4.278512650256089955e+00
2.495114273920047143e+00,6.680755237659869117e+00
1.510027834406670166e+01,1.152802110021694837e+01
1.287916800341075430e+01,-1.351614306055467196e+01
1.823713870361116562e+01,-5.264633935870935311e+00
1.211064315600143537e+01,-8.316709083532666469e+00
-1.239547803553044281e+00,-1.360646798938844171e+01
1.034389638389559352e+01,1.032754341983459057e+01
7.665542642967072773e+00,6.823101014961361344e+00
-2.892297862563674826e+00,2.610278682827507968e+00
9.791590508457574060e+00,-1.197323073975137708e+00
-1.368368396196390790e+01,-4.184691504421110153e+00
-1.151332413685658196e+01,-1.276876654131344857e+01
8.842581843866634372e+00,-6.399178980032805164e+00
-9.830817240300304682e-01,-7.203355607020413665e+00
3.449619041162723221e+00,-1.606715164482951153e+01
-1.552295855818628745e+01,6.842574843232148041e+00
-8.815745347696712919e-02,-1.898808354111977792e+01
-2.769969930353618714e+00,-9.152812590001715876e+00
-2.471832566844412771e+00,1.881176728078018812e+01
-1.204119694751929925e+00,1.338298095682492850e+01
-1.402598035771199037e+01,5.845765308246327230e+00
-1.927751493603319766e+00,4.086490485205594325e+00
-1.234261292050713976e+01,5.211457950045208065e+00
2.308111551751610424e+00,1.366580321466561365e+01
1.539001849840273373e+01,5.031188458900227367e+00
-1.744489698029255820e+01,7.423960649232929754e+00
1.606165741909940792e+01,-6.209591815780423296e+00
9.747467633028913170e+00,5.670743780691663849e-01
-1.491060295075009456e+01,3.236702201411469915e+00
3.380427615939920472e+00,-1.009854834898877307e+01
-6.662546253456246959e+00,5.480930106895326226e+00
9.278608830576015265e+00,4.122221841603121995e+00
-2.308689464544045611e-01,1.648966009765409879e+01
-3.742944818711148258e+00,4.220959614760753986e+00
-2.759509371580772807e+00,5.686229905082048397e+00
5.253665653309828265e+00,-1.638183882371133038e+01
3.001822212020406777e+00,-2.119440177059308539e+00
-1.283035531695728260e+01,-1.399557990064914215e+01
-8.252969097759038419e+00,1.178216083896857747e+01
5.115820936600138147e+00,5.771970055716648673e+00
4.063858236237846699e-01,1.288996907015756532e+00
-5.192061454695898748e-01,-5.452822391386676237e+00
-1.794435555183409292e+01,-1.222573779189600973e+00
-2.008338685255320666e+00,-3.142463277044597714e+00
1.243880412093129273e+01,-6.557447314367292002e+00
1.034286439424489856e+01,5.611447376800448694e+00
5.526347255069343767e+00,-6.656022976355574272e+00
3.643903534312851744e-01,-1.125363345688939098e+01
4.911028578402399702e+00,-4.978614049693938171e+00
-7.265270401605776307e+00,-1.589847929719804220e+01
7.362821654636289459e+00,8.557218787721048159e+00
-4.979741830159580829e+00,-1.135507249849735167e+01
-7.413080938598077374e+00,-3.742060220329480380e+00
6.888323673704757510e+00,-1.742019681004119747e+01
-8.292539182932502584e+00,-1.439877883333175745e+01
-6.487054365522523902e+00,-1.385176451558880117e+01
-4.302591690455084827e-01,-1.723023819348690822e+01
-1.303372731001496732e+01,3.286481306820209003e+00
-1.124671908759204619e+01,-1.526440194669591754e+01
-8.847349191748091757e-01,-1.546029914918014825e+01
-1.086773356083281961e+01,1.553958560785344645e+01
-1.251140386523288761e+01,-5.582818904265328008e+00
1.477258762635921485e+01,7.115222369188279883e-01
3.315272104454059843e+00,-3.737666852289620034e-01
-1.234961778275989985e+01,7.271239895171826007e+00
-2.349853463362386208e+00,-5.310056067437445293e+00
-5.934501316250599068e+00,7.190570431590615819e+00
6.000374180776278266e+00,9.860239697530923664e+00
-1.535953243834404169e+01,-4.784460121299217938e+00
-4.750254387950470836e+00,2.535648159665894408e+00
5.034153255458430287e+00,-1.265946515858060550e+01
8.702044006510224250e+00,1.310734883681695706e+01
3.449117507256167503e+00,-1.344848789967791447e+01
7.574373108384612863e+00,-9.087232308350923660e+00
4.368922235762109363e-01,7.606772986973532547e+00
-1.535909313432647583e+00,1.156738540729589459e+01
-1.402242237643748091e+01,-1.396578420444717139e+00
7.234331981931135580e+00,-7.359078363590016991e+00
6.791624781855152726e+00,-1.541754063195946500e+01
-6.236695654172391023e+00,1.352612419099426644e+00
1.432871297597330340e+00,2.730443105641430002e+00
1.552937802416785296e+01,2.374841303003769610e+00
-4.399320437310374921e+00,-1.704441849344455306e+01
2.776599738669278672e+00,-1.878718311591849144e+01
1.734686544193042934e+01,2.437947831689664557e+00
