-7.279795500414790510e+00,7.957543632500848396e+00
-8.863701201175274491e+00,3.523366362274605201e+00
1.295858716117485265e+00,-2.249760912569386484e+00
4.151631936923702582e-01,2.785249532770518233e+00
1.291782323924928200e+00,-4.647113130376460122e-01
6.599717867232731017e+00,1.040665142777729812e+01
1.727529907099370376e+01,-7.468005392357160988e-01
3.278699169763600541e+00,9.303989245663135677e-01
1.787834184749174660e-01,1.550229553859776743e+01
-1.079351458043977097e+01,6.922415453102325422e+00
-7.031919828442386056e+00,3.058605206623600914e+00
1.115919913780722261e+01,-5.776917640648507657e+00
-2.096869066433536322e+00,-3.135764393694433050e+00
3.581639365934227159e-01,-8.203964159196839745e+00
1.104684858671989955e+00,1.001336116686336375e+01
1.103646276949689486e+01,1.159533486990449669e+00
-7.814368315739730342e+00,-8.502629833656930813e+00
-1.262399681832262033e+01,6.421667254468340857e+00
-4.773917615872708353e+00,-7.583118550534584834e+00
9.417647238150584243e+00,2.515218901203460367e-01
-8.625069739211864928e+00,-6.835779815287974515e+00
-4.274669641983851243e+00,3.841249700689656876e+00
1.706699527248183301e+01,-5.347593173718876436e+00
-1.387552090267260230e+00,5.665799916179323326e+00
8.048718330576319246e+00,-9.320143329981537272e-01
1.885226093086204369e+00,4.284425075348346823e+00
1.373991701930237852e+01,-1.995893573328076709e+00
6.701162573162232350e-02,4.589889455961249531e+00
-1.045966532664215443e+01,-2.012049024657767582e+00
9.746314581799678578e+00,-1.493496914088281224e+00
-1.012366307624838235e+01,2.254310959775422507e+00
6.416062948634465357e+00,-1.784884067689699805e+01
1.386618050808655767e+01,1.122119735397246920e+01
-1.165120658714694640e-01,1.128802326328631267e+01
-1.831945270587864627e+01,4.428557914546574992e+00
-7.020749030377626099e+00,-1.799681952668263252e+00
1.764294576693947647e+01,-7.046581569715889337e+00
-1.295563680643879056e+00,-1.316398608809210913e+01
-9.660440583656226821e+00,-1.132851025722201754e+01
1.852784989375905056e+01,6.136089188903424141e-01
1.171988604664376687e+01,3.262557104063722679e+00
1.593649569918869524e+01,-1.029836100904208784e+01
-1.028888034804904983e+01,-5.154244409419844075e+00
1.732957455684461578e+01,-2.545542445174842516e+00
1.424167518697536572e+01,3.122170860060376363e+00
7.317452285478804885e-01,6.288074615920328903e+00
-5.356516521628880589e+00,2.340357155403657963e+00
-1.596754793007497852e+01,2.050701522038294478e+00
-3.737686812631628275e+00,-1.150231364323336258e+01
1.358714145934637185e-01,-1.437795398718088258e+01
8.312768719622522229e-02,-1.733471754728694236e+01
-1.683311090044375513e+00,-9.406652174400775834e+00
1.301959693095616766e+00,-1.214968360973041683e+01
-1.098121000332042385e+01,-1.955183972494355660e-01
-1.592354140953754182e+01,6.586901259517041751e+00
3.905085514211344755e+00,-8.817518847588001307e+00
4.732635604942533547e+00,-2.385742451201022796e+00
1.417353151355211160e+01,6.690918131236270661e+00
1.503549540264861406e+01,-4.708728254953777892e+00
4.278396485443535902e+00,6.204702603652981097e+00
-6.171842800611814006e+00,-1.257340876422816933e+01
1.482739112259349668e+01,1.402144215884786771e+00
5.352276355055217927e+00,-7.717905875433255680e+00
7.083414126486435869e+00,-1.001800756733773667e+01
5.533291418275035900e-01,-6.121522639066554028e+00
-1.620327072110439692e+00,-1.668509914268252103e+01
-1.420679931146353780e+01,7.256493917083712830e+00
-1.744502759991508256e+01,7.476530974357392445e+00
-2.203193351819089596e+00,8.959286251850200333e-01
-1.349658520603271761e+01,1.356645024673725608e+00
-3.250638612049468801e+00,-5.673388575730168304e-01
-3.395403515709864983e+00,1.310732538477322606e+01
-8.532601134550551691e+00,-1.695011181445940451e+01
-4.412421089402206675e+00,7.608617553957008894e+00
5.496488830205723097e+00,4.762765551393996155e+00
-1.151248219759601632e+01,3.391877960193174779e+00
-4.625029375081677885e-01,1.268899316400718957e+00
3.382393463787369381e+00,-1.484741228258557477e+01
-8.397458586617917220e+00,1.139988607195861547e+01
1.348892843119916662e+01,-3.800402584285424101e+00
5.506215453336560373e+00,-4.095829292046226477e+00
1.082633000996335859e+01,-9.464105855635800424e+00
-9.307493389806605677e+00,6.777567220800470027e-01
-6.597101420101593838e+00,-7.208164817086879950e+00
5.338486679668202894e-01,8.246234019708806429e+00
7.742855082189992189e+00,8.389451478378361360e-01
6.587549037897312942e+00,-2.588905928784583477e+00
1.907082502813307157e+00,-1.383703531377550711e+01
-1.002351991226961836e+01,1.056802542221788421e+01
1.137997709592961471e+01,-5.670321177159074466e-01
-1.400588827953750837e+01,-5.935399445418462427e+00
1.405017322419810988e+01,-1.894157059079746297e-01
-8.847214921413696587e+00,6.968333156139694395e+00
-1.153293887873847723e+01,-1.101003367711516034e+01
4.823658262178740941e+00,-1.042103830636967388e+01
-1.311351677942080762e+01,9.003781040596061658e+00
1.470871181604829836e+01,4.875046730733661349e+00
2.580715160509641670e+00,1.409380971775534874e+01
-1.204359709145702562e+00,-6.261942845452117545e-01
9.286717767469305329e+00,-5.366139819134716937e+00
1.991631543079407374e+00,-7.319493922114739703e+00
1.510764112253200508e+00,1.403620692918712942e+00
-7.137591623086053660e-01,9.588239912750365690e+00
-1.504486732783625413e+01,-3.865446115405478444e+00
2.964273597964281581e+00,-2.902218014684883052e+00
4.857820065693879030e+00,2.480149394890867498e+00
1.591544226904009429e+00,-1.621006409911869639e+01
8.794142961531742131e+00,-1.077881321991236696e+01
-8.055658096065219098e+00,-1.265537378038891880e+01
-6.386937538675327097e+00,9.665910346595858016e+00
1.210867244653520913e+01,-1.083404793296642410e+01
-7.661890417825439670e+00,1.396684593333298530e+00
-1.356462003517344428e+01,1.157230131721335020e+01
4.239802935507356985e+00,1.145809907096269065e+01
8.597188075730700874e+00,7.394807596051353293e+00
-4.536178808734265822e+00,9.503161106176913009e+00
9.159747238270666614e+00,9.377192200442900472e+00
-1.129825866723475158e+01,5.169540790938913943e+00
3.734078452885106980e+00,4.176101767148565180e+00
6.030320215222303659e+00,1.369311789844274863e+01
-1.343674967364311801e+00,-7.621167374059527155e+00
1.406459684017951162e+01,-6.257207231093413036e+00
-4.312659707102492135e+00,-1.663142914756666357e+01
6.589330409051373572e+00,-1.599583167898522262e+01
5.756613466301139681e+00,-5.928111994720176803e+00
1.123688226817422375e+01,-1.531892636399366303e+01
1.660787177340762000e+01,1.102589809312162217e+00
-1.149112344631370597e+01,-8.445800922501200958e+00
-7.641367029970101754e+00,4.875066997221072285e+00
1.111215348566606842e+01,-1.230768381297975544e+01
9.010804639303907848e+00,-9.036474867455998705e+00
-1.127651069758614355e+01,8.844350383186879938e+00
-2.808381458316910884e+00,6.699138785998443701e+00
-1.388602134807933730e+01,-6.766003364772424922e-01
1.226160404377772961e+00,-4.060710326275694726e+00
1.466982251476499144e+01,8.443209596538636674e+00
-5.640430843988474052e+00,1.557973337513878143e+01
1.602081382195038817e+00,1.655954460968190745e+01
5.933672968988006780e+00,1.056064033624178000e+00
-4.516835739718401577e+00,7.755789004878633763e-01
7.718491716713565154e+00,1.303425783779577607e+01
-2.893705841715786597e+00,-5.247097798819459591e+00
1.491070005346170113e+01,-1.174906159088386026e+01
-6.818360493857020366e+00,1.426823857878825486e+01
1.235097115789383082e+01,6.426846197599213717e+00
-1.224890312045456575e+01,1.335874351946181449e+01
-3.689324863810711008e+00,-2.339038029836661980e+00
-4.223226107103945637e+00,-4.041929094006516898e+00
1.163937872961043496e+01,-7.584274257353293969e+00
1.039971337528593409e+01,7.527905973257470684e+00
-2.637318763958594214e+00,9.817561328949368615e+00
-5.858427662455093277e+00,4.656147135239232959e+00
-5.506198629286227053e+00,-2.748875145961656496e+00
7.579610191527908825e+00,1.541142000724186900e+01
-3.081269719471975144e+00,-7.100899036924310792e+00
-6.203802616138386350e-01,-4.162522456430648887e+00
-1.649829932994168757e+01,-5.310994972816183157e+00
-3.860165086811429003e+00,1.515994668623274144e+01
7.352298240200044965e+00,-4.220814944993957596e+00
-1.557688193767866736e+01,6.256375469390731969e-02
-4.785258497112051757e+00,-1.835958051879847019e+01
1.258983552952539497e+01,-9.082499166045062466e+00
1.419367901351378336e+01,-8.148621501271415823e+00
-1.785804880803790340e+01,-1.161518602742713790e+00
6.451138875232653724e-02,-1.000495039232504801e+01
-9.778542837645218810e+00,-1.334408282984197314e+01
-4.682736930022080912e+00,-5.829736531671520616e+00
2.917005566250767679e+00,1.021962622719775027e+01
8.088515084275407219e+00,-1.695437830882677943e+01
1.320955004551764311e+01,-1.230948684487623268e+01
1.788734674241112543e+01,2.370652885771949325e+00
5.080549592245272805e+00,-1.429607564886426374e+01
-4.665778942793721296e-01,-2.331193516934285004e+00
-1.326635028635282154e+01,-4.169610892447080275e+00
7.557395889455587934e+00,-5.976527674864961170e+00
-1.535930287910843539e+01,-9.862555711988175489e+00
3.807813933203953116e+00,-1.861272735070954454e+01
1.232869813505329226e+01,-1.389149228669690217e+01
3.417216536992324638e-01,1.789901550069550140e+01
-1.233199292710815298e+00,-5.826648257684285959e+00
2.496558850585393063e+00,6.004304291640612412e+00
8.367817881412387138e+00,-2.661336695298641253e+00
9.322570420405186908e+00,1.610782200228746319e+01
-1.172152139023477169e+01,1.115553013167594187e+01
-4.285256553904398302e+00,5.685377215376893112e+00
4.532688344810344994e+00,1.514925430457613054e+01
2.935758095435902160e+00,-1.101102356222801326e+01
1.556448237625763831e+01,-1.138343635106985774e+00
9.587891634416658704e+00,1.277645071164501367e+01
1.076327977267781044e+01,4.818449278885163167e+00
7.391111927020040717e+00,-7.828002644229870910e+00
-1.087466011147401979e+01,1.557641829075391904e+01
-1.773532395370002401e+00,-1.487315605828889886e+01
4.244539050243252731e+00,1.334807702809836272e+01
2.253541270465556412e+00,-5.519693963185743790e+00
5.391809932012347595e+00,9.119099489724623808e+00
2.800643049533015905e+00,8.403753659681727939e+00
-4.764705214177872961e+00,-1.480642031053176844e+01
-6.783003523360102704e+00,-1.426891053453487324e+01
1.531896780528254176e+01,-2.883017854241649136e+00
1.893995881002163273e+01,-1.358220757986864369e+00
9.175013023037326576e+00,-7.148124791262857158e+00
1.852713500149186743e+01,-4.179466525860951798e+00
4.599745241020687381e+00,-2.284544365683286726e-01
-1.084892776640156153e+00,-1.137344617873509378e+01
9.197981999136809250e+00,-1.254602604571203273e+01
1.184229247390968531e+01,1.009256368608012977e+01
-8.463436082684070882e+00,-4.944555368690396691e+00
2.753103490306810563e+00,2.695735308868736801e+00
7.277669476790293857e+00,-1.197592872142268483e+01
-7.030129601619142576e+00,-3.680695591934163513e+00
-1.533529790351197519e+00,2.658799361279704065e+00
7.131248969608752653e+00,4.083714332451045870e+00
-1.221598745808069264e+00,1.871837344845842921e+01
1.679763677372817909e+01,-8.694368863656087854e+00
-1.236271230935246734e+01,-6.622315167597636609e+00
2.142627451396199145e+00,-9.301761577047887641e+00
1.238568567454073310e+01,8.204109088184100784e+00
-9.161630102186832048e+00,-3.238496045198587581e+00
-7.150404643450626097e+00,-1.105805261550244190e+01
1.187992334882902767e+01,-2.259172051616253896e+00
-4.010921888683840919e+00,1.122609258567600676e+01
-9.515924962324806557e+00,1.281877776553379711e+01
-8.603473853820048589e+00,1.487209175621290136e+01
1.163724833680321069e+01,-4.051604604658032294e+00
-8.166881901469844607e+00,9.627104375803257952e+00
-5.011437859847466925e+00,-9.735144959300665590e-01
-2.152533586246606401e+00,1.442600453532930160e+01
-2.492493653052234581e+00,4.263137388972859654e+00
-5.247155122618916145e+00,1.246829698737933434e+01
9.873831815765518272e+00,-3.662408264712360140e+00
-3.359913493510415794e+00,2.261697339897156933e+00
-1.403117687198121111e+01,3.092169292049566920e+00
8.198184578404891454e+00,2.567788529660548491e+00
-9.424310689885057712e+00,5.242539631582018522e+00
-6.372871701751598117e+00,6.460972541192004925e+00
7.576572831096080041e-01,1.383579139551877901e+01
-1.732300634688879981e+01,5.981033056135492965e-01
-8.774716518764670070e+00,-1.052967191021278559e+00
2.968545537547599533e+00,-1.119415085427303502e+00
-1.694836660965662434e+00,8.133271454688861368e+00
-6.712621772268525966e+00,-5.427770710458376335e+00
1.243558820892584116e+01,1.391623914009883656e+01
6.288907256791112843e+00,-7.883506154622601514e-01
9.017494722458453182e+00,4.278874519888479888e+00
-1.337910104649733700e+00,1.657506162469216093e+01
3.792403719531312944e+00,-4.518945241173816463e+00
1.721717089942836676e+00,1.220114684615719547e+01
9.849502096333415224e+00,-1.421933627143372370e+01
-6.020246445070376318e+00,-8.957828323602781140e+00
1.280174187611620518e+01,1.438070133340533019e+00
-1.522252621601253075e+01,-1.858245695043583723e+00
1.287649447385379453e+01,4.723860794107046068e+00
-6.560813067633388229e+00,-7.320407342961580965e-02
1.006681533560840336e+01,2.646372618792893316e+00
-5.357440151857827182e+00,-1.070671257345356331e+01
