7.410690824728902726e+00,-3.212192336247264579e-02
4.686183898756469013e+00,2.407753134539381890e+00
1.726138163408879045e+00,-4.652407250785398851e+00
-6.800037749652301677e+00,-1.699817704236388494e+01
-4.687164181082220105e-01,1.267851345768922888e+00
4.987632160180178076e+00,-6.110665435327319983e+00
-1.085770359277078256e+01,-1.127498484939767920e+01
1.642796925752255888e+01,-5.087325695399521841e+00
1.044790598071180554e+01,-1.038866139532217936e+01
1.091320926660145041e+01,2.227111874164945160e+00
-6.452498193078699096e+00,3.681751487254941058e+00
-9.400067426808886850e+00,-2.877500588503733692e+00
3.237758454344769277e+00,-1.704278778889248969e+01
-3.749622391874814831e+00,3.218050966218526376e+00
6.713847152769639059e+00,-5.564050226551037426e+00
-6.668408431966276417e+00,-6.894567413069868422e+00
-4.078626225551604256e-02,9.571640057463978835e+00
-3.796464392250598618e-01,1.132020523826466984e+01
-2.746067665650059886e-01,4.841751731751386068e+00
5.540526306349771168e-01,-1.138087350946256393e+01
-3.378048688030597546e+00,-3.198337215668177969e+00
1.513698452506788605e+01,-9.544319796780118992e+00
-2.798055138675598297e+00,1.363287879851558237e+01
-9.589642406747517001e+00,4.823418782802900151e-01
9.299617347355333408e+00,7.893646436123042953e+00
1.260045846676235470e+01,-4.088513061544330363e+00
-5.564920294298330433e-02,-4.397347613753396445e+00
5.103849200364666494e+00,1.829997371782844695e+01
1.097736536420877940e+01,-3.131224328317956385e+00
-5.187395022539422307e+00,-2.266871691905267383e+00
-2.580730023527830763e+00,6.417432975696494957e+00
1.006904125584387799e+01,1.326082426794895319e+01
-2.180452021246086947e+00,-1.623498677526210088e+01
7.987692513256716254e+00,-6.879978251696428515e+00
4.470946680806978435e+00,7.486215716003462362e+00
-2.882120951245688012e+00,-1.787945114098209132e+01
3.188231354570084441e+00,1.580803379612748572e+01
-6.968113630348662824e+00,8.446978789808923693e+00
-6.863248928511134217e+00,-1.520339566732463510e+01
-1.165647200708805720e+01,-1.326119253356835159e+01
-6.058784382462454765e+00,-9.695417125812141990e+00
-1.817685753850109620e+01,-4.828371207749849070e+00
1.693836852863435549e+00,9.984662320202414065e+00
-5.273452710045211766e+00,-4.044897438845205251e+00
9.361695294999671901e+00,-1.278665262307150918e+01
8.637490360715606386e+00,-1.111465434113167028e+01
-5.195535387449726983e+00,-5.817372621686833334e+00
8.474456680848891921e+00,1.401959849738447517e+01
-5.898614002944833068e+00,1.002434806049886085e+01
-8.041667536605896061e+00,6.894209892488266433e+00
-1.248843763269569784e+01,1.139879656060781521e+01
-8.375178155262027246e+00,-6.295743590645936472e+00
1.246095500478031859e+01,1.123025084446332578e+01
5.159576806513880065e+00,4.155653940664726598e+00
-2.085683937821330325e+00,2.353755828099444170e+00
-1.006258294378323725e+01,3.679969039562224431e+00
-1.135229791224038998e+01,4.786065723551313766e-01
7.112525192211284875e+00,6.904462967044574739e+00
7.026060729319442366e+00,1.534546672707516457e+01
4.048546984631946621e+00,-1.401213214295323084e+01
-1.184443252222098453e+00,-6.568766456909459706e+00
-7.690409596656114566e+00,-1.042532074652424967e+01
-5.485687978932531905e+00,2.131695611315373995e+00
-6.904735496705593611e+00,-4.988078768569367938e+00
-5.417354175355138857e+00,-1.819168951864373440e+01
-1.032937916651110122e+01,1.118534009420659991e+01
1.275471879891721017e+01,1.403614656814794515e+01
-8.497534131671946156e+00,1.665354164940392323e+01
-5.567601261421733838e+00,3.352442734002620828e-01
3.447691299408806920e+00,1.759444712753286311e+01
-4.756396965035685653e+00,-1.096720267528723625e+01
-1.352258207808863411e+01,-4.742175414487859619e+00
-6.808125472566396219e+00,1.721157692128882388e+01
4.585026464307177640e+00,5.485980496818660956e-01
1.211607875421985447e+00,5.834236590307564363e+00
9.613119921055465866e+00,6.093587718271691323e+00
-1.683061836746685813e+01,-3.691818313949393193e+00
-1.293624403059731343e+01,7.458171141306305429e+00
1.236014798270571191e+01,-1.364753811405963857e+00
9.931539778097782545e+00,-1.447116484586386953e+01
2.912038954587339745e+00,2.238307567301323520e+00
-1.377861914361095685e+01,-1.530439469637120409e+00
3.302645699467780638e+00,4.030379984969191476e+00
1.382839505798694013e+01,1.253870437241311286e+01
1.218038480145375857e+00,-6.245236651536124617e-01
-1.457973766362619905e+01,4.448346632289354119e+00
-1.015704415885328515e+01,-6.547526998248552665e+00
-1.084192159233974095e+01,8.156852812056106572e+00
-9.114926962335609950e-01,-1.016999283157865586e+00
7.124494167745667461e+00,-2.003780059319195228e+00
4.974649451282863843e+00,1.385014414799916871e+01
5.860921175090481938e+00,8.599757848930948967e+00
5.018834573945831323e+00,1.567724224045783643e+01
-4.090571587212400995e-01,1.592886567716582213e+01
-3.578046634949800797e+00,-5.065628898485197595e+00
-6.177372295021644533e+00,6.820390099689433328e+00
-6.408615954674069748e+00,-1.175867086344202050e+01
-1.221838261411927862e+00,-1.100915136146602080e+01
-4.349695243884689866e+00,6.663699300842656825e+00
-7.021550389653670621e+00,-2.953669125479544189e+00
-3.738298362049441881e+00,1.341295956442210668e+00
-4.090394427221085927e+00,-7.315036650949399144e-01
2.799721371303381723e+00,6.746025000688349316e+00
6.757376746521213562e+00,1.353249081572172230e+01
8.855731164860731752e+00,3.803228073139465870e+00
1.580704970740026027e+01,-3.319966203850583941e+00
3.216577054777828959e+00,-9.205995630773957217e+00
-1.382814738299270019e+01,7.708242702461168827e-01
-3.776030504542260413e+00,1.509409115932974110e+01
8.815097450064868667e+00,-1.250885279218388879e+00
-1.322387932418957357e+00,-9.119434513687227906e+00
-2.172353856209916501e+00,-1.383750080094485391e+01
1.718004355081107093e+01,1.841708054835314634e+00
-9.835427829251633725e+00,-1.332200368987022898e+01
-3.647995054570142948e+00,-1.498290968327209782e+01
-1.325184047663328712e+01,9.521973161056068946e+00
1.387389707781778503e+00,1.591222822293608630e+01
1.066834775575654248e+01,4.087143521898184417e+00
6.980238178684863293e+00,-3.788101917263908103e+00
5.880315100541970708e+00,-1.442164087715964271e+01
8.697649321446849768e+00,1.179507651138066437e+00
-1.505656095225269553e+01,-5.692989168412183609e+00
5.176326760244537972e+00,-4.088681588508477738e+00
-1.504864104927235324e+01,6.483260336560486614e+00
3.315772540922976130e+00,1.314511855778186877e+01
-1.870163010582615470e+01,5.197901476986331870e-01
6.212464008857163655e+00,1.301036969389272491e+00
1.786380608087723809e+00,1.416020402058124006e+01
9.629668994993519915e-01,-9.620737426684527804e+00
-1.516619770540233780e+01,-4.420626900013262528e-01
3.868124558875484897e+00,-1.219364367283203698e+01
1.247166086158637022e+01,1.385414793334086125e+00
-2.430922841284509639e-01,-2.642038378796035314e+00
7.689336933013707132e+00,8.681087304624020007e+00
7.490804439739999765e+00,2.512582814702974510e+00
-5.102021497181354448e+00,8.363195389286115500e+00
1.522083394116692112e+01,-6.384745831719640385e+00
1.098622415141927178e+01,-1.209476196623054989e+01
-1.455005847836577182e+01,-3.188614753103752975e+00
-1.622776238454645537e+01,-1.936995847366107526e+00
-1.687386262833283368e+01,4.453421560336317392e-02
1.248043853764243671e+01,-1.323233715864829563e+01
-1.874831522359439973e+01,-3.025327109826450034e+00
1.441724537239530513e+01,-4.499699879848004791e+00
-4.747785100081276077e+00,-1.351546446702748128e+01
1.759008970531988325e+01,-9.874793987665130002e-02
3.959308707000932070e+00,-7.532752462082521916e+00
4.914599336921638972e+00,-2.276792549296970947e+00
-1.869233603823862566e+01,3.339434377379782770e+00
-2.970438485963316833e+00,-1.140131319442738800e+01
-7.520027669386840863e+00,-8.544891117425196470e+00
-1.457047963539554658e+01,8.334180770522293003e+00
1.309947583966949436e+00,1.412108034160495240e+00
2.497223592063140263e+00,-1.090909927775151189e+01
-1.966472803777508771e+00,4.155095229288886749e+00
-1.017846592120091032e+01,-1.259838522236984115e+00
1.049276532332310907e+01,1.580043669807914242e+01
1.431000222776736663e+01,-7.982391789390433701e+00
-6.578498632257047340e+00,-1.192134941918958413e+00
1.073530407333846348e+01,1.158200569907345034e+01
1.770831978919666838e+01,-6.829837121954537515e+00
-7.514285722680744684e-01,-1.506968528935832907e+01
-5.076066402538145894e+00,-1.610982118031259347e+01
9.508405581602671575e+00,-1.621701228538827877e+01
-5.250853803255920660e+00,5.014907858855466749e+00
-7.174417255800211168e-02,3.008585963393841212e+00
-1.314226735571327431e+01,5.561422423367806012e+00
1.528943460219776362e+01,5.830069774866732502e+00
4.709357942752049553e+00,1.139294066125975036e+01
-1.819839144717372648e+01,-1.221317782584826483e+00
4.221209184147594051e+00,5.698132300927435168e+00
-3.260613790467774109e+00,8.194071028386805011e+00
-6.886915656490857351e+00,1.229407221879747425e+01
7.486871889181752060e+00,1.191540423665516002e+01
-1.045856953388027932e+01,-4.638718971095095789e+00
1.020089809994534846e+01,9.868258254217183278e+00
-1.621395157005184018e+01,9.824849811530647514e+00
-2.086382213109409633e+00,1.648713488550108508e+01
1.685404553978368369e+01,-8.512842870947704199e+00
5.793722555086197268e+00,-7.271618283107448288e-01
-8.345402392207168063e+00,1.359025772651436270e+01
4.558016569029931020e+00,-1.570534157970189959e+01
5.555823946983189821e+00,-1.729748452094643341e+01
1.407481141550800707e+01,-5.009383275973811056e-01
2.824580249969673051e+00,2.943290256863629328e-01
-8.095145364698204560e+00,-1.242011602952400828e+01
-7.173349998390318838e+00,5.332636910576809441e+00
-9.139288434043672638e+00,-9.235453420071440434e+00
8.030678224349157901e+00,-1.721445616275967083e+01
-3.748208273139270741e+00,-9.105332201890316668e+00
-8.341548963092295210e+00,-1.424648556827518231e+00
1.876233639837606049e+01,-2.636918127403409695e+00
-8.879633968228777263e+00,9.813943613123125687e+00
-1.402845037518243743e+00,-1.894814043120618052e+01
-2.126737540594576537e+00,5.357325588638589542e-01
1.817929527281288538e+00,-8.004365635002798740e+00
2.419891995449472422e+00,-6.306297923884538470e+00
1.362511142864232694e+00,1.238030594440293441e+01
-4.540932532347436990e+00,1.294951997242285024e+01
-1.090412612953888782e+01,-9.486061784710898337e+00
-1.316378928732226861e+01,-1.227220884025700620e+01
-1.188780846762764121e+01,-1.670507384003780960e+00
-1.564784307801636842e+01,-1.051465566277902397e+01
5.097663852844370957e+00,-8.949234106771768893e+00
-8.545405410124832457e+00,1.161694841729483052e+01
-7.391715409025096939e+00,2.065325564430642746e+00
6.981369472769414664e+00,4.248794016194483270e+00
-1.218208836766336667e+01,-3.433126524666556101e+00
2.827255703387812513e+00,8.498698124658492503e+00
-1.403256711350482178e+01,2.561352972362745728e+00
1.519258975487125962e+00,3.838289786504261780e+00
4.270421823292759100e+00,9.587981506625993688e+00
1.521631733643499684e+00,-2.771130874974290670e+00
2.219183933558221966e+00,-1.323451780780037979e+01
-1.760059480234306051e+01,-6.534440457686088166e+00
2.826702761187564583e+00,1.137800790076712154e+01
1.829954098359601034e+01,-5.084853057252428421e+00
-1.018243541758824477e+01,1.584466810984401519e+01
-8.190429426753967901e-01,6.554444213983710021e+00
6.182628628214025923e+00,-7.429750281309651427e+00
5.808884996213593555e-01,-6.146299757737759606e+00
8.649622429487758168e+00,-3.104972003635559918e+00
-2.578540015946733099e+00,-1.636327898689817095e+00
6.293484331509354490e+00,1.699690873638931166e+01
-8.588857896431017380e+00,-4.455715588322807896e+00
1.034323638036917714e+01,4.445735488985518846e-01
2.028118059851884147e-02,-7.929562100570407779e+00
1.246745718570427286e+01,-8.046817227992876909e+00
7.987384306073327167e+00,-1.414502020519157277e+01
1.086315043078444376e+01,-4.914469243053718905e+00
1.058142223675919347e+01,-1.418729458653889886e+00
-5.219261826504098423e+00,-8.047302353610415793e+00
-1.156406399424054143e+01,4.758254741062318161e+00
-1.837202790635774186e+00,-4.383550140351206714e+00
-1.576813539313710244e+01,3.051116019023527137e+00
-1.146319131999839946e+01,9.814014748899982266e+00
8.492777728866354181e+00,-5.082821726265212448e+00
7.145136423279189408e+00,-9.064216119419794992e+00
6.318101227215702664e+00,1.055530062714942297e+01
-7.728231225841994956e+00,2.684978250883285900e-01
2.838155418950401465e+00,-1.460402792242198711e+00
1.031854485550924405e+00,8.112305122179757078e+00
1.909368854677427230e+00,-1.828296087402759440e+01
-1.136004617600448441e+01,2.366466548853160212e+00
-8.927009598739761742e+00,5.162769271476117972e+00
-1.712023920423415646e+01,6.508418558219253747e+00
-1.798585447231945411e-01,1.407463346272023053e+01
5.868581383339163793e+00,-1.059938592095958398e+01
-1.752983772066852808e+01,1.950076397253699190e+00
-2.131044586813565012e+00,9.554025000536897849e+00
3.264564463600207134e+00,-3.183113552248598044e+00
8.330928345551106062e+00,1.031975258210405144e+01
-2.565336684633543030e+00,-7.769632058936537078e+00
3.608139178038220596e+00,-5.010068835609810201e+00
-1.603854680426080748e+01,-7.665840342902624727e+00
-3.934619671534698160e+00,1.018561053344038214e+01
