-1.307226153591637718e+01,1.095220010448199410e+01
5.724987504129837035e+00,-1.757967384066193262e+01
3.881647021209126081e+00,-9.325682034254782593e+00
9.607586517811215643e+00,1.188760450173916006e+01
5.477447067623810284e+00,2.767391814860063470e-01
3.564952667826294164e+00,6.412549209048477472e+00
-1.607335565963487056e+01,4.340559603759586160e+00
-3.374813404184831889e+00,7.581887239485272545e+00
1.268898927680415412e+01,1.599153194864037619e+00
1.260072562591448708e+01,9.170854660481781551e+00
1.149030270268736401e-02,-1.126893964544688487e+01
-2.678468882232575510e+00,4.305676189557855693e+00
-1.233362321569749298e+01,8.456560419725681399e+00
1.950415441195505958e-02,-4.193542308665722196e+00
1.383383074583324479e+01,-7.497936682142456455e-01
1.051742877042498492e+01,7.399216532769020693e-01
1.033581038452133560e+00,1.377440067043415972e+01
3.363491801802948711e+00,-7.641311663581726421e+00
-6.667323150665611209e+00,3.897210947486848376e+00
-5.177287496372795950e+00,-2.956875684107492575e+00
-1.271621118572359777e+01,-4.144286869052742794e+00
1.895291087576974931e+01,1.197915815378450155e+00
6.176195807976521124e+00,-2.472405933870610362e+00
-1.172283841986366859e+01,-7.411105992301832757e+00
-1.053490116796715448e+00,1.318239131520751117e+00
3.825139961687209045e+00,-4.596279386867230698e+00
9.207916976626410843e+00,1.377642307857094650e+01
-3.489876847641903979e+00,-3.458974002821019855e+00
5.074131143207932126e+00,-1.477599772136575140e+01
-8.561143159915957312e+00,-6.972828999083866108e+00
2.107189053718070415e+00,9.388578528116893196e+00
1.263549124687498626e+01,-5.930236277718904603e+00
2.015453210986396293e+00,-1.250220105656384462e+01
1.414078637557666829e+00,7.896992594967071621e-01
1.428313412952126171e+01,5.020687188358208708e+00
-1.595229556693680983e+01,6.150955338369315406e+00
1.751651064596075891e+00,-1.070132721968515099e+01
-8.532693524269705065e+00,1.849841990272816511e-02
-4.919403704334279759e+00,-8.907614103360293356e+00
-4.108513454004209642e+00,9.230778388762393760e+00
-8.676198218119623107e+00,7.089517792706823585e+00
-5.605217065534541243e-01,6.962304488528027413e+00
-9.290273791495900824e+00,-1.593395592777219205e+00
-1.024456819280997699e+01,3.802592786729346752e+00
3.484087183283642641e+00,-1.125452980480609000e+01
9.754024838715640300e+00,-9.050762967214211585e+00
-1.592658500100948515e+01,-9.473548259012897432e+00
-6.813176609088825053e+00,5.317729465282503565e-01
6.399914855934148328e+00,-6.044842462004262451e+00
-1.354227982707717715e+01,-7.748837210284149180e+00
-3.561771711255704354e+00,-1.749104390437618406e+01
6.765757447551102644e+00,-1.230063512221127908e+01
1.571074387333093370e+01,3.798746245540627786e+00
-2.217080002757600532e+00,6.246953116777545389e+00
1.549490995674241667e+01,1.086002894447351430e+01
9.199579070473818732e+00,1.010219396259456381e+01
2.166556893021900354e+00,-1.428325092127848173e+01
-1.830346265881825918e+00,-7.266394632297183520e+00
-9.643207718731179767e+00,1.461658098759131219e+00
-4.027683210794287483e+00,1.104286688228853919e+01
-6.031453328462437646e+00,-1.039370466200374388e+01
-1.238322806291819411e+01,6.678882338142838826e+00
1.094868420988849778e+01,-1.043838015880389491e+01
5.809367951832067334e+00,2.049069161898710245e+00
-1.047838869644395388e+01,-2.110973379090145818e-01
-7.925394680013101656e+00,-4.626350202736757566e+00
2.780543221024375455e+00,-2.359362421592649195e+00
-2.301056039073177573e+00,-1.884263538699636698e+01
2.652714634297908436e+00,4.793535614264555100e+00
7.505113628699289663e+00,2.790289038266116517e+00
4.117730204410846362e+00,1.485679970171099207e+00
-1.407897339759028554e+01,6.032627658781430036e+00
1.405491916491744675e+01,3.139835429205848349e+00
-5.650638887197869664e-01,9.727957219138637868e+00
7.875714200663957776e+00,8.944906110460483006e+00
-7.333778613516813705e-01,5.135601545915767119e+00
5.232676906121967342e+00,-1.060841576224406779e+01
4.644808945097474329e+00,9.688886747283079970e+00
1.114194198367909472e+01,-1.318110085467508164e+01
-1.281655693605364021e+01,-9.403562087303685146e+00
7.961920046460964961e+00,-2.338507394029660347e+00
4.446574900258364771e+00,-2.933025222301368196e+00
-5.071339354134614119e+00,-1.187648871109180160e+00
-1.486342716346024240e+01,7.454645122961854886e-01
-6.751337052544235107e+00,-1.220414986872255270e+01
8.954103872558356159e+00,1.583400004078098000e+00
-6.148997136845939515e+00,2.161875598938019838e+00
-1.310660447292830355e+01,-6.024168203264774313e+00
-3.201868529071963732e+00,6.951668539008044601e-01
6.121484616543966695e+00,1.228463728963682478e+01
-1.733897066048408098e+00,-2.206596882712437147e+00
1.146835064312287678e+01,-2.815199533267247034e+00
3.690453372722711234e-01,-8.159059786901270428e+00
7.765916808043004771e+00,4.660626251161387401e+00
1.093078757223097952e+01,-1.005672569379148618e+00
1.248013245774113855e+01,5.271913134022149450e+00
-8.422951590055090421e+00,3.659048618121393037e+00
9.720050111704665596e+00,-2.391928227045169386e+00
-4.354350399292589380e+00,2.305026670216769435e+00
4.580126129550178504e+00,4.951820294303575842e+00
1.644438907978083364e+01,2.169207083013205306e+00
4.703469430867258660e-01,2.294876558182615600e+00
1.322020326415330338e+01,-2.467021830912293989e+00
-9.342917959286419105e+00,5.302815216297431355e+00
5.171479080846528298e+00,-8.008763975770929022e+00
1.437542468394515005e+01,-8.065786968576974303e+00
-1.152505461425835875e+01,5.110513591189869587e+00
8.384331061618071956e+00,-1.133942767304884214e+01
7.029642073212672315e+00,-1.598325842983688183e+01
-3.805770565889635915e+00,-1.320488595369875107e+01
3.786963225682978162e+00,-1.351481588372979381e+01
7.468062178560201936e+00,-4.137229038426961658e+00
-1.382405986312089041e+01,-7.528915653834800104e-01
-1.446727635707091331e+01,-3.708140994950195779e+00
-1.867723413107141628e+00,1.703276977137873871e+01
1.092674195346603305e+01,1.056443169638935053e+01
9.152623594491283043e+00,3.578761875721322205e+00
-1.833822710665270961e+01,-2.716797611817446167e+00
2.849095783917230396e+00,1.379524845183557602e+01
3.574635248144597099e+00,8.203937482322874786e+00
-3.196291327526034731e+00,1.358309994770524476e+01
-1.762611490104351120e+01,-4.669473941231230718e+00
-1.560926999838156704e+01,-1.047939931412906533e+00
1.728492585566124262e+01,6.067637724929826337e-01
-5.000121260656365862e+00,6.168518529883796342e-01
-1.039163208345702927e+01,1.369975192989486423e+01
6.095040675935292640e+00,8.693565787623754204e+00
-3.942522778369252467e+00,5.814997720962035821e+00
1.231063157263491448e+01,3.396412750425072957e+00
-7.304790476668926225e+00,1.594358049154572399e+01
2.109435669591519069e+00,1.116996035132616782e+01
-1.398143684161626821e+00,1.419916919158505664e+01
-6.468771047890761849e+00,7.168824018515386420e+00
-4.210772554979832272e+00,-1.584672259416852746e+01
-4.518474039010313525e+00,4.153736015868902065e+00
-1.143555826759187433e+01,1.030621920767270971e+01
1.428027418327390885e+00,1.684994530215608322e+01
7.208172345947673421e+00,7.243749257165130295e+00
-1.498536211440888088e+01,-5.899491731116288662e+00
-1.655843104980481151e+00,-3.496597618435294264e-01
-7.438294483424986225e+00,-1.410793669914233028e+01
1.572173252207437955e+01,-5.783833825057424605e+00
9.451505044227692665e-01,4.081020886019092409e+00
1.083908038369852500e+00,1.869267264209701551e+01
-9.377780082477948920e-01,-5.733309531935265824e+00
-6.827347060936588719e+00,1.416545537840360147e+01
-2.486404175274230965e+00,2.405428667856724267e+00
-5.914754756380857792e-01,-1.563184245737976852e+01
-1.874722109065859854e+01,-5.847943678247539134e-01
-1.750989471672133035e+00,-3.969288432610717177e+00
-1.699374538131830814e+00,8.343277972003402709e+00
-5.040355832637761324e+00,1.303216869697310365e+01
6.566590161427952488e+00,-9.330343043591893704e+00
8.214753420290138664e+00,-5.843902460980545222e+00
2.971444827238737929e+00,1.576605664507522064e+01
1.094407436240383902e+01,-7.388686292767099317e+00
-2.484481769531047934e+00,9.917273155246446592e+00
-6.143403913604519317e+00,-4.464086925096938607e+00
-4.557524860330111061e+00,-5.249896698693731878e+00
-6.926225703618681173e+00,-8.206010036566132371e+00
-7.946182769189293893e+00,1.926403468019723286e+00
2.076122381496020797e+00,-8.923449044195331581e+00
-9.526260012142953926e+00,-5.436864792413984127e+00
9.292794023181215834e+00,-4.120047448428614700e+00
-1.006180672759111516e+01,-8.110610589232946310e+00
9.759787472564349642e+00,5.878598353911723251e+00
-2.072277143869483418e-01,-1.339955974166389341e+00
-7.569584105773733640e+00,5.662911605174164364e+00
4.394925262935037935e+00,-1.178182562227469754e+00
-1.468762772460985744e+00,-1.347854825989510630e+01
7.884783808085610524e+00,1.246994041971857214e+01
-9.262164459386161397e+00,-3.443185747779752504e+00
3.891465058980390967e+00,1.134803405885736005e+01
1.000467988914023110e+01,-5.790746458108476880e+00
5.689981544412458625e+00,-4.310728289517259171e+00
-5.440647720905554152e+00,-7.172200735926815618e+00
-7.455935325525798518e+00,-2.932576055936743753e+00
-1.134120253051438176e+01,-5.612408258347683976e+00
8.601065197456915223e-01,-5.849046118764244184e+00
3.155872350311616503e-01,-1.402544021792287587e+01
7.279352737310554211e+00,-7.725185812396656360e+00
3.915439968898075662e+00,3.317316812540156423e+00
-9.916504730262284406e-01,3.372852909952626099e+00
1.664832743782877245e+01,-2.985752646192751047e+00
-5.942315989480618121e+00,8.843410177874437395e+00
4.482250330043226150e+00,1.302395527641627737e+01
3.057342459563224590e+00,-7.048685478750779752e-04
3.440945091937975819e-01,1.125043588327950772e+01
-1.096847808708521477e+01,-3.866901115412422207e+00
-9.749746461785012031e+00,1.177539534388745679e+01
-5.024954333393542028e-01,-1.896608732842932454e+01
2.850804592645087343e+00,1.878491184899608868e+01
-1.716369987627893723e+00,-1.164093454975732023e+01
-6.989194632105350635e+00,-6.161660852607932171e+00
9.054059791906596821e-01,5.838669161812727992e+00
-1.285410322867567423e+01,1.364445638474518496e+00
-4.949787196356901120e+00,-1.187383063575090070e+01
5.595564570296557294e-01,8.340963867755251115e+00
-1.392197646181097603e+01,9.327627739055463607e+00
-1.431805273779616705e+01,3.740204588742544800e+00
-7.208258751133116427e-01,1.837526033414712145e+01
-1.055059397561515944e+01,8.417983242258342713e+00
6.049829853235466182e+00,3.876690160373144955e+00
-1.562466969308871079e+00,1.154745281753550756e+01
2.338862850238489166e+00,2.401006020677645125e+00
-1.062207897331597550e+01,6.637166332133507041e+00
-1.565881024799565857e+01,1.000948312623673608e+01
-9.650617971247884341e+00,9.995372121970017787e+00
1.091020293723299339e+01,1.509454224415335943e+01
1.501919702048884275e+01,-2.170545578557899091e+00
-9.107492655653627978e+00,-9.652896279869398910e+00
6.972859121057210174e+00,-8.489917755445294256e-01
1.328301357293308804e+01,7.348406869428455224e+00
-1.156179104146055181e+01,1.220383060065540093e+01
1.771359916320386674e+01,-6.192056311592134321e+00
6.223808482440791323e+00,5.667117776684063912e+00
9.895147508645528722e-01,-2.720637135887997715e+00
-8.014801503628969925e+00,1.095100369546011265e+01
1.086130218895002564e+01,8.716826872128939030e+00
1.080828521021468802e+01,4.368433679976305051e+00
1.062878019753891934e+01,2.557971391885220491e+00
1.466049458860600829e+01,1.470573470710458075e+00
-2.757086671339783024e+00,-1.475051095249191668e+01
-1.476096216763667535e+01,7.732332049708396049e+00
1.980530384552766199e+00,7.304722892633526143e+00
-1.253395740771473932e+01,3.561170496943138364e+00
-3.212857860676712640e+00,-1.254323605326634006e+00
2.630484436773659507e+00,-6.014889581537134156e+00
4.551597727355890299e+00,1.803094342305086428e+01
-2.792097176666828773e+00,-5.544208545973719815e+00
-1.598665493677514604e+01,-2.828357674910062958e+00
-1.762223011367372649e+01,5.366276990273621372e+00
8.983861508374836546e+00,7.500743377876538887e+00
8.747356791015940658e+00,-6.307078635531038202e-01
7.185467099829258686e+00,9.332723786897232365e-01
-5.713617262256215135e+00,5.452316032512505295e+00
5.191878865235811880e+00,7.121088916717779327e+00
4.575793538123227755e+00,1.492190649667137237e+01
-1.410960808087466711e+00,-1.725429180616147917e+01
1.835584239749499247e+00,-1.607293700089589095e+01
9.058104327135168887e+00,-7.391456686131820497e+00
2.080486403092861369e+00,-4.203589524753042816e+00
-1.293061725828198405e+01,-2.293964570308323569e+00
-1.249011024805129599e+00,-8.928747317538123340e+00
-7.375803894074900668e+00,-1.595857102995236509e+01
-3.127205891950896266e+00,-8.812767265021097529e+00
1.123335764244641943e+01,6.982396459341978279e+00
-3.681122854494680130e+00,-7.075388380869696014e+00
-1.126861251183432877e+01,2.259183071924662833e+00
-1.104388677441932742e+01,-1.872694097691590009e+00
-5.069339368961828463e+00,1.487970556791948340e+01
-6.869247399938256393e+00,-1.282886523564201076e+00
4.616525898357432212e+00,-6.254035421041995058e+00
-1.093231370888062592e+01,-9.643772912695315114e+00
-7.740230806151379817e+00,8.696278238670647198e+00
1.572913408439973182e+00,-1.066194588525982923e+00
