1.110035183996450492e+01,-2.883943898199470279e-01
-1.821579892637475595e+01,5.335381125168089156e+00
7.473049050267278615e-01,2.890298041999842749e+00
-1.140694243352633253e+00,-1.191287120033073599e+01
1.308279893232407431e+01,-4.215364383133038295e+00
1.437039003174325424e+00,-1.415839671510996034e+01
4.199354853974814894e+00,1.768918262504540317e+00
-8.975975718504031420e+00,8.427347366348186597e+00
-2.500428812568155745e+00,1.687642047635932840e+01
5.609212380380933283e+00,-1.245218759840225431e+01
-1.150543170434868312e+00,4.768910531911775941e+00
-1.451676551565680029e+01,2.572210848685590356e+00
6.666504727955189225e+00,-1.467017243027810736e+01
-9.640089355523459247e+00,1.328989347249475905e+01
-6.097813076870882476e+00,1.534169266706752133e+01
1.477014499038675766e+01,8.389073612411902303e+00
2.484552051026144071e+00,4.690770844811262386e+00
9.609992667368958408e+00,2.310643360095748555e+00
3.184964803549948709e+00,-1.384057206481787361e+01
-3.151829725657241177e+00,-1.551911513499111983e+01
-4.368503329232485299e+00,7.767857672249557588e+00
-4.676150655318455307e+00,1.395645307368325660e+01
5.935403047897082729e+00,1.803096914781795235e+01
9.289304937537918860e+00,-6.162293762483023407e+00
-1.385232460437653579e+01,6.274957039097833977e+00
1.299923543679915383e+01,7.999416934844122196e+00
4.561075238844394697e+00,1.470943699783335923e+01
-8.450709164942875162e+00,2.376133788996239449e-01
-7.894721908395157861e+00,6.812620327569796075e+00
-1.450331601463572362e+01,-9.395410907478412454e+00
5.699363568590146478e+00,4.119170133930500910e+00
-3.408645717692670551e+00,1.271816952176773086e+01
1.634063461085966562e+00,-1.045702581925725561e+01
-1.283119605427401311e+01,9.523149673686923222e+00
3.077514189083759621e+00,8.248588180366144940e+00
-1.441607814703202628e+01,-1.230369087713600074e+01
-5.498292275898996273e+00,9.190985692382698247e+00
-3.689862079555447760e+00,9.570806483132399123e+00
5.369964186113955762e+00,1.630791930299793790e+01
3.577342918868767985e+00,1.127798332113483859e+01
-7.533699292443733597e+00,-6.256282859126278240e+00
1.782870854179593323e+01,4.010229221808539357e+00
7.832750971842930454e+00,1.859804372961405550e+00
1.508645185671609035e+01,-5.840151975597286160e+00
1.801400451459196361e-01,1.010572051050535869e+01
6.798081298203209499e+00,1.221308365615906055e+01
1.324292089930658278e+01,3.109176390634384557e+00
-1.602478677609190783e+01,-1.530925009321287389e+00
-9.694264849371069914e+00,6.821571515019800636e+00
3.488354645508471741e+00,-1.039662410072659782e+01
-1.550162682427796135e+01,-1.088465971798954968e+01
1.086518463169390891e+01,-4.378213302474039281e+00
-3.906523634987881244e-01,-1.025802393065774432e+01
-8.819138866096157159e+00,-7.575520363448227101e+00
5.577102659198739376e-01,1.415065067595519288e+01
1.090771298437540615e-01,-3.003199036155049129e+00
-4.161945003026457535e+00,3.476608088896251392e+00
1.438998712636576549e+01,6.373401099429941929e+00
2.165825881601766145e+00,1.304600681628387981e+01
-2.163604932021490956e+00,-1.391215562070237866e+01
1.254427052664977005e+00,7.711376378090340822e+00
8.640659830043681211e+00,-4.422424628058840845e+00
4.931425099533098155e+00,-1.420713075621160471e+01
1.764304635753214257e+01,-6.309719702273964614e+00
-5.545320620295814074e+00,-1.766725159478352403e+00
7.366568142722440093e+00,-5.786961139604238191e+00
-1.579620580217241077e+01,-7.085543150730481798e+00
7.077244969330004354e-01,-8.855884249394330610e+00
6.407082659799536728e-01,4.645017414379151610e+00
-1.270784944630959323e+01,-8.891880455267562766e+00
1.587843894624841212e+01,3.257407717047189788e+00
8.423144705866011606e+00,-1.492824691301796669e+01
-4.754642540129236039e+00,5.223741348230259263e+00
-2.840644846472321627e-01,-4.734063113700930359e+00
1.347135255484729566e+00,-1.221147777631700215e+01
-1.073051311878445624e+01,8.511476082778013819e+00
3.066974207170687361e+00,3.940837867042777942e-01
-1.311271885702708495e+01,-1.105929009684473385e+01
8.201353167028962332e+00,5.233945067925849237e+00
5.165951980620805628e+00,-6.038929583781524002e+00
-6.112157834084084307e+00,-5.161221541284242598e+00
1.334680969219149471e+00,-1.595380951659760527e+01
-1.088530151531069023e+01,-4.806513399997103697e+00
-8.891950905057457888e+00,-1.518678780785068483e+01
-5.088345489387839038e+00,-3.574970932200105533e+00
6.805756237509758222e+00,-9.081769042323269758e+00
1.111507870113402774e+01,8.091721421815098125e+00
-6.195599475163807490e+00,7.410445824429471529e+00
9.620351089580006843e+00,6.301613098983978922e+00
1.540228656702279153e+01,-1.393125730609375834e+00
-5.470949417596358444e+00,-1.065778675925595032e+01
9.021497159234042940e+00,-1.141639707200469900e+01
3.516495411392522641e+00,1.628125458857221375e+01
3.819276367758028368e+00,-1.216670552852676579e+01
1.753099565797622361e+01,-1.508639109816492407e+00
2.434487254158105074e+00,1.484976366838055206e+01
9.107333251492793380e+00,-1.322049651461403741e+01
-1.703207503892608443e+00,9.699796458267780253e+00
7.286933558363320351e+00,-1.084887420870374619e+01
-1.006221794952577753e+01,-5.106968420079158744e-01
-3.374948835550656501e+00,-1.188071650650804401e+01
-2.621166499201010414e+00,8.112783493106245913e+00
1.086640099878081323e+01,-1.347472457378292887e+01
-8.223942240741012100e+00,-9.377436409287392749e+00
-1.492646811357651160e+01,-1.240781351058155291e-01
7.402161689760837326e+00,-1.263952212838033162e+01
-3.223169171780154940e+00,-3.704908124448837548e+00
-1.224960881594700091e+01,2.293457129520089399e+00
9.623561241756874551e+00,-2.971938543261938293e+00
3.779497219215558701e+00,-1.305995779746078167e+00
-3.758448506922576815e+00,1.555701867973966124e+01
1.393908335662331632e+00,-5.375559395095110382e+00
6.879307988765995141e+00,-4.056655277077423349e+00
-5.436486439765350731e+00,-8.838815648949291059e+00
1.370049913356831084e+01,-1.146500374164369873e+01
8.542889070363752779e+00,9.778496861943397178e+00
-5.307342031098658097e+00,-1.247869458125491171e+01
-3.469209056555001003e-01,-1.401107181984157535e+01
-1.169675879469471802e+01,-1.321224038237449161e+00
1.671165498844737130e+01,-7.860529316224791785e+00
7.396847771328394217e+00,3.637952163836145392e+00
-2.424763751585719440e+00,1.433989529760395243e+01
-4.360048369701835291e+00,-5.567389360127139142e+00
6.435093154398274784e+00,5.809972125424157419e+00
-6.564114307672559434e+00,5.394222853200761669e+00
3.444592551356193827e-02,6.362000337956382978e+00
1.028333226438004511e+00,1.674974237721414738e+01
-4.506252692318046260e-01,8.364807927692877954e+00
-8.912727748581072973e+00,-1.867982058567931203e+00
-1.139960851856606361e+01,6.701493506984959048e-01
-1.358884801471763160e+00,1.283384143840399716e+01
-5.749662589897625686e+00,-1.676906110262058647e+01
1.554875829441046164e+01,5.062677341420736887e+00
-1.274778695945899543e+01,-5.380908433113270384e+00
1.277914031870997569e+01,1.393751065752590224e+00
9.022934623297468093e+00,-9.070977270100202716e+00
-7.052399550955249730e+00,-7.961853151065677814e+00
-1.437938065878569649e+00,-1.632424340624548975e+01
-4.632280992268206887e+00,1.119386646237583172e+01
-1.125248176124543065e+01,3.803043810353548881e+00
-7.205921029703609371e+00,1.077081902328813356e+01
-8.091154047382113745e+00,1.232683830209180087e+01
1.010304771853161121e+01,4.497423719790559993e+00
-1.223143562692487052e+01,7.405928910070828763e+00
5.151398914920074290e+00,-1.604514664033756333e+01
8.835572028762369357e+00,1.635270638719143577e+01
-3.786634293576890187e+00,-5.428483045573984089e-02
-1.734542723670552533e+01,6.924411033778461011e+00
-2.042419274672679474e+00,8.444950600097677063e-01
-4.905267041363303715e-01,-1.325467049824804677e+00
1.355945030354258130e+01,-9.637337020769829010e+00
1.105534631950165725e+01,-1.166048897153150499e+01
-7.376244170011214685e+00,1.397798764143364103e+01
1.550944265226978480e+01,-1.097004555542936366e+01
8.991535910989778557e+00,5.374381514644019919e-01
-9.262213181255674499e+00,-5.690872335697012119e+00
9.587820721763412379e+00,-1.206184433142596601e+00
-2.951517423834103315e+00,4.906185423645860411e+00
4.616108071377594158e+00,9.271028618365336982e+00
-1.031413136385514839e+01,-1.318594745109991351e+01
1.829298630424757155e+00,-2.336433526011430839e+00
-3.879784394722860963e+00,-9.720149076945370226e+00
-1.587010363719231165e+01,5.481216809616769936e+00
1.343570769317188507e+01,4.881260187701885300e+00
5.304616737306152352e+00,-1.015525659397665770e+01
1.655988108516372748e+01,-4.778352190574324254e+00
-1.413603710879370423e+00,2.951688275148294238e+00
-1.401322713981700119e+01,-6.788728895126831198e+00
-1.775187198556998069e+01,-1.082798494655497601e+00
1.136366927118931081e+01,3.247576239931618591e+00
3.419525053512013191e+00,-7.336519448922335762e+00
1.060752961858960219e+01,-9.876924944347496904e+00
2.669295707399285789e+00,6.492452793976110748e+00
-3.916281906228802789e+00,-7.872428286608921688e+00
-9.615878525818637446e-01,-8.154436455077146206e+00
1.653724791698751417e+01,3.137008646954653895e-02
2.102447714315011762e+00,1.032801906850921014e+01
-5.626946706808674925e+00,-6.847389588853498132e+00
2.514485672327190890e+00,2.573392979938894154e+00
1.324417921194941883e+01,-6.315682898215423613e+00
-1.147381211033499682e+01,1.078074645105015605e+01
-1.038929859303629044e+01,2.238200473120335321e+00
-8.491409854963089643e+00,-1.325473540762169122e+01
-1.389505544147302452e+01,8.049540485951697022e+00
-6.084130191975490654e+00,1.272060006743579130e+01
-3.477213073536280064e+00,1.862364798641596320e+00
1.635608037776487578e+01,-2.983149089161749590e+00
8.166264138880647394e+00,-7.513218688761807762e+00
-9.412962850871881670e+00,-3.832445333526654618e+00
-5.421142840284557174e+00,6.075981089562231263e-01
-6.933204997991607499e+00,3.674038483172100023e+00
6.355280710653305576e+00,-7.329694692512632948e+00
-6.974947687620838277e-01,1.720272274983187799e+01
-1.733828184445550535e+00,-2.731009389729580406e+00
6.076646056856181310e+00,-2.382217359055676553e+00
1.193066992157429418e+01,-2.799328485990910664e+00
6.467786501920100406e+00,8.232331733470774182e+00
-7.260589649948508750e+00,9.022201872337122452e+00
-1.563405563290879208e+01,7.530204001979533324e+00
1.265359410701895904e+01,-8.020106729381694777e+00
1.713200593499322011e+01,1.847161143142506123e+00
-5.047816856427433052e+00,1.678892947954780368e+01
3.974774602405362511e+00,3.633536352547065640e+00
-6.538330898052659990e+00,-1.378927851001909843e+01
1.468482752786962386e+01,1.829159315650173090e+00
-1.709576905270586877e+01,2.821253248264089297e+00
4.878122117600899088e+00,-8.367678277025230926e+00
2.489059194439710687e+00,-8.903912743540658425e+00
-2.253392283823961506e+00,-9.480881691489297936e-01
-1.288378200559474429e+01,4.727917968787256342e+00
-9.935419266522515613e+00,4.998176234408753693e+00
-1.274026307476223430e+01,1.218019802428207399e+01
1.004860509062997398e+00,1.170561930630657699e+01
1.484513491568610988e+01,-4.006829144318369451e+00
3.392978508525569481e+00,-5.557741786313112442e+00
-9.171706111475278478e-01,1.528721951613010965e+01
-1.354365766395046400e+01,1.054013704869940726e+00
-7.212580557990652785e+00,-2.384610738377501260e+00
-9.054359460361546041e+00,3.384871147333213592e+00
-7.040917886260086078e+00,-1.553628137772135531e+01
7.006848861354286306e+00,7.380068473126075168e-02
-3.978602028498157583e+00,-1.375521098045008017e+01
5.117073265751226785e+00,2.914238217267956302e-02
-3.833009272209654261e-01,1.449517956012751130e+00
4.897611758793812164e+00,7.379400092387045085e+00
-1.673471278131846063e+01,8.989979111357850883e+00
2.164623448664296568e+00,-1.789017015031741664e+01
-6.858480207409753504e+00,-5.345107510485599400e-01
1.204717174550301628e+01,9.628741420406692342e+00
1.377717955793505844e+01,-2.357202385715367221e+00
7.735865524845473296e+00,6.995933579333494023e+00
-9.377158424007074444e+00,-1.166168671853688465e+01
-1.044567655896570413e+00,-6.387963570222654930e+00
4.793895248626745875e+00,-4.157897289242399097e+00
2.510466940844866546e+00,-3.970822565069269672e+00
-1.295502824062208624e+00,1.895324048242082782e+01
1.214560237096502071e+00,-6.852042084415143064e-01
-7.667454444762238808e+00,-4.088251424795610767e+00
7.104004426862016608e+00,1.557611957915151102e+01
4.392544937728101395e+00,5.540932638497754859e+00
6.026040903498058654e+00,1.615692197587305756e+00
7.713842199648064835e+00,-1.581133429202749907e+00
-5.628616176214942257e+00,2.399675236724812866e+00
1.239877104021337217e+01,6.315261650016949169e+00
-8.352824094264221344e+00,1.556596000447423656e+01
1.014825880867554275e+01,1.081073295071921159e+01
-3.787287018087360568e+00,-1.905525589671301701e+00
-7.954109177323561042e+00,-1.724733658848410300e+01
1.485465740250034861e+00,-7.137910257927697621e+00
-1.818758825573959736e+00,6.419259565529946698e+00
1.030312056809082222e+01,-7.677206422853779522e+00
1.439857172083503833e+00,1.190292878824516176e+00
-9.082291996109338683e+00,1.033626452900075421e+01
-2.574622802384134435e+00,-5.381008874609831238e+00
-2.201021152323456853e+00,-1.046183317352346087e+01
-1.522493335735381415e+01,-3.178264205069744275e+00
