-4.607591835929638613e+00,1.723902413553425328e+00
-8.809500847416364522e+00,1.012436934841701941e+00
1.130013863940001784e+01,-9.377067697510783617e-01
8.659386945242546929e+00,-3.547090338985744218e+00
3.767924393473706779e+00,-5.261919584469788802e+00
-7.165006772920334832e+00,-2.984658217484530418e+00
3.182949426353478106e+00,-8.400268951328653699e+00
6.779894535820447210e+00,-1.672526034276746643e+01
-1.062525169128837632e+01,-1.069095967530708791e+01
-1.602829712575258725e+01,-1.706777915901442899e+00
8.134989924935569050e+00,-1.845607922278816648e+00
7.267453353465339383e+00,1.376340195688850798e+01
7.343168935562790267e+00,2.505142986549929951e+00
-4.311681890572536702e+00,-8.268470651735530197e+00
1.736745247477619003e+01,8.416581243425166337e-01
-5.746665140490686774e+00,3.914013209507389845e+00
-5.438650387783869888e+00,-3.906027397336935714e+00
9.280934388003554858e+00,-5.187852866468860569e+00
-1.498996545127798363e+01,1.747130305527868632e-01
-1.585616571823619836e+01,8.301295257803745997e+00
-8.077148465670731525e+00,-6.376582000569253950e+00
9.265210910573172143e+00,-4.817925491783544012e-01
-2.678014807571347244e+00,5.551022011678718115e+00
-4.539408594021624666e+00,-2.332288728506687558e+00
1.450349405843551587e+01,1.021990395548680297e+01
3.896160529176885934e+00,-1.618228391901526919e+01
1.491704920289418901e+01,5.943251325691703002e+00
1.185000349815117593e+00,-6.652746577837422848e-01
9.513043887833399381e+00,1.367151353515779455e+01
-9.022036307462940385e+00,-2.582691807640889792e+00
7.703489273989175601e+00,1.136901694040586186e+01
1.406126216480358160e+01,-1.786473303688929648e-01
1.041215027015859285e+01,9.197457069045783529e-01
-4.266188722531601307e+00,-5.252276807138164472e+00
4.562918514474765708e+00,-7.098610711941275575e+00
-9.146926491943905280e-01,1.717610199124907311e+01
7.056215137467733101e+00,7.486590307897103891e+00
-1.418562850509596096e+01,1.751883457169862046e+00
5.876683868839103653e+00,1.119733612493438635e+01
-1.247583671578813735e+01,-1.495286166146400086e+00
-3.705146458739281834e-01,-8.604623279739406883e+00
8.192526411187098234e-02,9.788914258441192118e+00
2.975425525254813852e+00,1.382115127967980150e+01
1.227284587145496353e+01,-1.126567664181567530e+01
1.507204989307954079e+01,-5.710614381374496062e+00
9.955773097156379592e+00,-1.444134126993985134e+01
-1.898225484274721930e+00,-1.441416789800646292e+01
3.144782888181233638e+00,1.570147602198529491e+01
4.054656745957820330e-01,1.304350371751114679e+00
-1.319036789255816977e+01,5.208691507908354446e+00
-1.388216494886739483e+01,-4.445159989108048215e+00
-7.485402491525121604e+00,4.368966385802973917e+00
-4.976965171223298734e-01,4.233261599507840423e+00
6.511988453423479761e+00,-2.587937271542357198e+00
1.102410047418060479e+01,-4.554139769566812213e+00
-2.447306723791677907e+00,-5.195054642422456403e+00
1.357527042482189916e+00,-1.243958225910876081e+01
-1.267034378900457625e+01,1.254760228194601090e+01
1.296603660714407447e+01,9.339263805401488483e+00
-1.472027238960100171e+01,6.854994190256891606e+00
1.039688349349666119e+01,-6.614332878815376127e+00
5.257898443746431560e+00,-3.868634003679481292e+00
-1.685560020377404555e+01,-9.380842536499501422e-03
2.536696979322722978e+00,3.475511133018323928e+00
4.331567848119716402e+00,-1.686807287474014316e+00
-1.672982393558915248e+01,-4.391035424780260321e+00
1.855227729023847516e+01,3.455480668333856364e+00
-5.424026481264234700e-01,-1.248235898590738024e+00
7.736120257870018335e+00,-6.061647485439158878e+00
-8.776870634205844013e+00,-1.239257677404932778e+01
6.986569284290500281e-01,1.148493240801120407e+01
-1.852309722764100641e+01,-4.195909332749581111e+00
-2.835616600046420022e+00,1.925725056392200596e+00
-3.323186569209282126e+00,8.672125086092927759e+00
-1.122468114408597906e+01,1.144388206150014042e+01
-7.107105770266261224e+00,-7.852931308158140666e+00
-1.151137551280337679e+00,-1.187524110322902970e+01
9.009837141356920043e+00,6.686148198724745306e+00
-8.936694967460352856e+00,-7.965169768800272720e+00
-6.698226726713278012e+00,-5.169389910672248512e+00
6.224412360132265398e+00,1.762225684340201681e+01
-1.637572110294569327e+01,3.657884645351600295e+00
-8.332015883296297609e-01,5.958431264614187484e+00
8.042848546849635794e-01,-5.797638258719280735e+00
1.156132324742635120e+01,-2.862226897969507800e+00
-1.259389411078696241e+01,-7.221062323846042297e+00
1.441028809101392660e+01,4.111859654351155413e+00
-2.274585111831588957e+00,-1.659826396438303098e+00
5.384863933428841065e+00,-1.321903343756861560e+01
1.132394857253064657e+01,1.362523889367628627e+01
1.253683190924759927e+01,4.240048363407008303e+00
-1.535672002984744644e+01,-5.568587560138015924e+00
6.404593347662643765e+00,-7.276382401459213334e+00
9.815236208929098538e+00,-1.626834160333106993e+01
-1.074245244283744505e+01,-1.556420934867726302e+01
-9.378903422242105492e+00,1.197568011024313428e+01
1.109104538207844115e+01,1.542688278080430919e+01
7.478487598925144475e+00,-8.687463460580170604e+00
-3.156455354327979412e-01,7.658488887842935355e+00
-6.159165832042189592e+00,-1.530055852509093706e+00
1.520641400546204736e+01,-7.759830614757010636e+00
8.037778039092804860e+00,-1.513136095042056795e+01
-5.568417609095960508e+00,-6.536289481106160260e+00
-7.892674044825410462e+00,6.116825018291540239e+00
4.784632921813217976e+00,1.484810666930499856e+01
-1.529490115549649509e+01,-3.319403640048892878e+00
1.767374590259848688e+01,5.547882884399547798e+00
3.413655684847499483e+00,8.629151568498295788e+00
8.539540394528851053e+00,8.515248344913095124e+00
-8.296992884865606044e+00,-4.390272721950258195e+00
1.622869538154560232e+01,-8.930809256469446344e-01
-1.063970403308664814e+01,1.106266304214602370e+00
6.324803932127339934e+00,9.989419854743478711e-01
-8.746618856910263196e-01,-6.713691060594358717e+00
-1.518918162397670635e+01,-1.001766559371574772e+01
8.540539703428173368e+00,-1.082895480551051826e+01
-1.151404027225912685e+01,9.645295276563878417e+00
-1.516221521339593359e+01,4.986688289963529641e+00
1.190883659690568974e+00,1.420467197962108941e+01
1.221848092438746036e+01,1.329718861634339611e+00
3.254334658921529400e+00,-1.250705532375028639e+01
-7.118439181577357111e+00,5.088026611827763945e-01
7.496276503854654827e+00,5.758534527740660103e+00
-1.360016428445849357e+01,3.461035062555514852e+00
1.801339191745130242e+00,-7.307729264466862773e+00
3.493122426058931751e+00,-3.450547371847193734e+00
-6.066857655242147374e+00,-1.374217116579243481e+01
5.372210635213904517e+00,-8.821562638336546414e+00
2.165964934002087450e+00,1.679310169679188558e+00
9.545812657118916134e-01,-2.974362963599915588e+00
4.117283188684279338e+00,6.937517892641979600e+00
8.126062927633267208e+00,9.195746040101081542e-01
-6.365573508374851919e+00,2.235011544613025425e+00
-1.704086862395713942e+00,1.554772794996368468e+01
-3.217988400544043337e+00,-6.808858810288913155e+00
-6.131082616103773475e+00,5.676811490382968728e+00
-2.256339089196209180e+00,3.732070336775864750e+00
-1.654988016563430975e+01,6.339640838795343569e+00
-1.156267564471293419e+01,-5.681339582951983047e+00
9.901599170721819831e+00,-2.223289545889312269e+00
-1.004909930749317670e+00,-2.971672865535334829e+00
1.251103332089564013e+01,-1.427124408707998704e+01
2.899973210782623934e+00,4.242655327649626738e-03
-5.860895401837402652e+00,1.275093455374892137e+01
-2.753570853122544904e+00,1.403277765655181675e+01
5.783136547429227114e+00,4.342410705084130740e+00
1.022701442493703894e+01,1.193670625481695424e+01
1.313230878613086539e+01,1.371542952602967169e+01
2.732262985018598211e+00,5.738686393971402566e+00
-1.038254720797741015e+01,-3.794638259466519781e+00
-1.422405075785432338e+01,-1.507988753662263592e+00
-8.696616871120420811e+00,-1.620941714788104804e+01
1.235951773330745240e+00,4.783594488451925031e+00
5.387140233115575327e+00,8.264712918184892843e+00
-3.685843693413604072e+00,-5.684348405592685172e-01
3.969487607834161214e+00,1.687041874417758214e+00
1.672838089858785793e+01,3.930955123579749966e+00
4.739881129279575056e+00,9.728071390172560173e-02
1.016726490895705659e+01,-1.263518679954446178e+01
-9.309425091294157184e+00,1.441365743079072459e+01
-8.022538538553419585e+00,-1.058929655226298783e+00
-9.087641035904105991e+00,9.225346587371610951e+00
-1.444666657616657091e+01,-7.083163522201965989e+00
-1.552685379975175195e+00,9.015809086118448334e+00
1.349919385885339729e+01,-1.266769192022771939e+01
6.965855848523523797e+00,-4.436288884762529250e+00
2.468518727889021047e+00,-1.932721073004799450e+00
2.192409584548288493e+00,-1.089253807342159419e+01
-1.443376095616737131e-01,-1.405878587453671891e+01
3.079900108838135586e-01,-1.581719010365773137e+01
1.341343529658195344e+01,2.653113120021582727e+00
-8.083280100702856075e+00,2.638466517693153879e+00
-1.070872567284910648e+00,2.433106584172015641e+00
-1.023909436561381803e+01,-1.351727874289512066e+01
-1.245612121783968718e+01,1.369460976246744899e+00
9.806568764340727995e+00,5.028938697166841720e+00
1.166907618349886810e+01,-7.892918778692200377e+00
-2.203379716664869203e+00,7.251087159775131852e+00
1.413211443763212172e+00,-9.228733870984932253e+00
-7.021099362658693721e+00,-1.760329893944788893e+01
-7.613406364256911196e+00,1.151622420265952051e+01
-5.027338017545781135e+00,8.082246155889819761e+00
-1.067598441406058818e+01,1.327594249008570237e+01
3.787677155841307819e+00,-1.800653469081628444e+01
-6.645127206595783598e+00,7.360672150836006900e+00
-1.463596951930922074e+01,9.611662862511424876e+00
-1.122158003854554664e+01,7.586862394712221125e+00
-3.019359656473565412e+00,-3.346046328939675796e+00
-7.283117249728783271e-01,-4.790416380641799421e+00
4.593189108641604790e+00,9.932322684268521940e+00
3.995001902908131175e+00,4.472382092010039223e+00
-4.421516507943278107e+00,5.213844990044262495e+00
1.732492425154498150e+01,-4.967623913301348004e+00
1.358479413354460208e+00,8.550181352637764576e+00
-7.239368391625588650e+00,-1.041797992247599858e+01
-2.682667248032559737e+00,1.036202712899923561e+01
-7.227334205808269019e+00,9.085651215118138779e+00
-1.286860017963197755e+01,6.989540060069536764e+00
6.555132717568157297e+00,-7.880957339834664399e-01
-5.884145307907241218e+00,-9.156594377365822268e+00
2.674687472336281679e+00,1.750466957562415971e+01
1.115317338318211426e+01,7.631814789340197080e+00
2.210707769127634448e-01,-1.066556550075515020e+01
-1.148862345561023091e+01,-9.064592585956367188e+00
8.097515956895752209e-01,3.059453864501905596e+00
7.918121771833200206e+00,1.549649273700796215e+01
-1.253385574841898631e+01,-3.281368034565105507e+00
-1.091912735387251843e+01,4.211307541696268864e+00
8.148891170640721882e+00,4.094832502213175296e+00
2.015694427693446755e+00,-4.445576139109552294e+00
5.598929140095163959e+00,-5.650360245973219619e+00
-4.538716326037557813e+00,9.997227230841705392e+00
2.100179983756082613e+00,-1.564773181797070301e+01
-1.581074058210337441e+01,-8.219624441261828451e+00
-1.073578584256148893e+01,-2.015276471549614534e+00
-6.127103459418205667e+00,-1.191631072562504912e+01
5.616949831564531870e+00,1.314540396560481739e+01
-3.159900018655836362e+00,1.211502419512219042e+01
-2.132953744286893993e+00,-8.338032662480786783e+00
-1.310694239662601746e+01,1.068585797227391687e+01
-9.582339377256461788e+00,6.701743185942861558e+00
5.775458231198567383e+00,6.188207698639477172e+00
1.475758987060257432e+01,-2.336557861457267737e+00
-5.379341645449409626e+00,1.507719065399842684e+01
1.076666020565993254e+00,6.547334502934252676e+00
5.617021555598214810e+00,-1.814019418562740071e+01
1.136445320856234531e+01,-9.674604599447290454e+00
-1.070460785014362770e+01,-7.400413276701971022e+00
-5.319137698435497441e+00,7.527570926580511024e-02
-7.826403986577809668e+00,-1.400302640214157357e+01
5.239853948015946727e+00,-1.118671279494848569e+01
-7.757940878087093317e+00,1.334679406920187539e+01
9.472567318764602007e+00,2.777810837963680779e+00
-9.677446649866746853e+00,-5.527667535468212989e+00
1.475907521840678172e+01,1.490919513587805723e+00
-9.909613809144323326e+00,2.744406139562038938e+00
-4.005755656834696588e+00,3.376130535936188615e+00
-4.816780930261314708e+00,-1.059863582173956864e+01
3.875175161864541362e+00,-1.005756223690657869e+01
8.807956612468755608e+00,-7.466342549172707344e+00
-1.511059151475023787e+00,-1.009873347739972260e+01
-3.253921195177490677e+00,-9.761038029501150959e+00
6.748906268373686679e+00,9.578679992414270927e+00
1.125958790361460338e+01,2.862732543465476898e+00
1.307085439872291666e+01,-1.719502050684152072e+00
7.197718521893005317e+00,-1.351875533451183387e+01
-9.719046033573130572e+00,-5.471508063851524550e-01
1.140725138986578813e+01,5.820784108685461256e+00
-2.885324223599524451e+00,-1.163562121769365021e+01
9.483230213775692974e+00,-9.264078514441949963e+00
1.211004461648783170e+01,-6.034789700982207350e+00
-1.530402152762219581e+00,6.292536186609637427e-01
5.508624370620101907e+00,2.606262374639990220e+00
3.042968492548345338e+00,1.165113604174494100e+01
6.822811937278611794e+00,-1.041651286479420513e+01
1.206213951744871560e+00,1.598785726716364586e+01
