-4.225444847900852174e+00,-4.712239681437753736e-01
-8.408019701709189775e+00,-2.657799360610171746e+00
1.067448522352136031e+01,1.179885862248408657e+01
4.142568632642299242e+00,6.718996800398362446e-01
4.802087886246821036e+00,-2.678479405825420656e+00
-5.546574650370187598e+00,-4.457317770332705820e+00
-4.902068540889961690e-01,-4.075495428212699167e+00
1.251724194843491134e+01,-1.300548258039917471e+01
-5.876926027446643275e+00,-1.382475317906880008e+01
-1.345498079838758265e+01,-7.313464569072232635e+00
7.122767535450550191e+00,1.885945669838333449e+00
1.578202847778277240e+00,1.550680538789423402e+01
4.206490960522154765e+00,4.568821028987899879e+00
-9.344244258165584904e-01,-8.618253524208936867e+00
1.572030260195557361e+01,7.335222860197728068e+00
-6.506628096170374853e+00,1.054056488890582344e+00
-3.165535135627934871e+00,-5.282537281877262458e+00
-1.500865673418999435e+01,-8.383373651733743159e+00
-1.335537917811091191e+01,-5.412988067909445533e+00
-1.771184060573052577e+01,1.689016543133395887e+00
-5.129587727858706536e+00,-8.348043610323186314e+00
8.815846605354426657e+00,2.594767783279045670e+00
-3.784228950775840428e+00,3.007516802583853899e+00
-2.930053923190308662e+00,-3.455974710741035683e+00
9.385151721852393436e+00,1.462456726512657923e+01
9.533265003977453134e+00,-1.359400973131182511e+01
1.152195596800372712e+01,1.009357202954923061e+01
1.053377549894850063e+01,-8.334449746309125828e+00
5.418446097042084020e+00,1.198235972037231356e+01
-1.070172124501840116e+01,1.419587917604589933e+01
2.720165942146583138e+00,1.335986865662396994e+01
1.298750655887152483e+01,4.815586048035576994e+00
8.860877963767077148e+00,4.881733875014083068e+00
-2.095751795835061326e+00,-7.240668338871325993e+00
6.138829058230541591e+00,-5.615274354204989216e+00
-7.308743270899888955e+00,1.557734125459951002e+01
3.474802841415522980e+00,8.981470966799383504e+00
-1.367739673409387713e+01,-3.653458290774086237e+00
1.427086018632926390e+00,1.195566359823993352e+01
-1.629209461637548984e+01,-9.737011005789064200e+00
2.815778518702147348e+00,-7.837360530416439985e+00
-2.247850397570369196e+00,7.925681152543273988e+00
-2.417267489255932045e+00,1.394260217899512178e+01
1.547371707322855627e+01,-5.743487119746322200e+00
1.605796472470488823e+01,3.089859577837624771e-01
1.464928507833995042e+01,-9.649133218309316362e+00
4.051479177108006091e+00,-1.345767792368922322e+01
-2.983048562524928560e+00,1.574500946597018469e+01
9.606764598489533569e+00,-1.182316447131190529e+01
-1.413924197488004175e+01,1.238417693630821520e-03
-1.125446202634573467e+01,-8.976048941511281853e+00
-8.319642281216156121e+00,8.116252919161391910e-01
-5.486131556515221774e+00,4.581496734945045723e+00
7.726918157681986976e+00,1.271291501118667067e-01
1.095889404103555798e+01,-2.821005222132736967e-01
-3.206377869626799715e-01,-6.953596997640084432e+00
5.516215515478291032e+00,-1.079539746232986275e+01
-1.643083866834595597e+01,6.916613699450046227e+00
1.144201899614101769e+01,-1.160998767365370554e+01
-1.609315662542923420e+01,9.384453830848477063e-01
1.080168384553618033e+01,-2.104713502520793700e+00
5.921522328880074681e+00,-1.248902234767537367e+00
-1.512829671247511243e+01,-6.486602719700162112e+00
1.033094208601549546e+00,4.662004033849673768e+00
-1.343460702151803332e+01,-1.196358084707227398e+01
6.605407993021843005e+00,1.417885190452689592e+01
1.582786559050795638e+01,1.015702468592477103e+01
-1.139321953501558049e+01,-1.359064168702096786e+00
9.256788536836664250e+00,-8.558181694831259456e-01
-5.096746131104796795e+00,9.920233151998639087e+00
-3.333411474824668819e+00,9.336088399742081378e+00
-1.462770255812411158e+01,-1.057940644603460179e+01
-2.948619659028094642e+00,8.576701971568260197e-01
-5.477817801109435614e+00,6.355940230871789609e+00
-1.467654477675995217e+01,6.432049092819511316e+00
-3.892475084528717932e+00,-9.666173463266835242e+00
3.745311755142989973e+00,-1.080060070853882159e+01
5.160506508180993990e+00,8.247350488140877900e+00
-5.935931564691041551e+00,-1.001703428165159160e+01
-4.076634311366728269e+00,-6.923743289138252877e+00
-8.201073157778326905e-01,1.864531197050875733e+01
-1.656489950376582954e+01,-2.770205160324267890e+00
-2.536611011878161737e+00,4.401821972276617423e+00
2.957934533433345337e+00,-4.915455435271474549e+00
1.124015885756322675e+01,1.502397083151825408e+00
-9.013538603601201515e+00,-1.055410698389024127e+01
2.580426607530993621e+00,5.537035361859852678e+00
-1.374940227608591581e+00,3.657801114280165994e-02
9.859505943750983548e+00,-1.002378627183385618e+01
5.259898192947060735e+00,1.683063272549833655e+01
1.039054418608755626e+01,8.708973111439462400e+00
-1.213018506898043114e+01,-1.059586950296629126e+01
8.092434766228315368e+00,-4.185361050997481236e+00
1.518591036118177939e+01,-1.141599787294739521e+01
-4.155595448485748022e+00,-1.842677419438547659e+01
-1.318079835708291192e+01,7.612548798346576717e+00
4.495733184256058834e+00,1.845730522823375352e+01
9.569755642307784527e+00,-5.291961102620601487e+00
-2.519263662580086383e+00,6.163000741439163654e+00
9.121647148458192689e+00,-2.673955096459085468e+00
1.699805827811351833e+01,-1.494947618752948015e+00
1.313991342414244912e+01,-1.100499084263671890e+01
-1.314185550016229342e+01,-1.371975506415985713e+01
-9.202746120805937124e+00,2.333038124902730992e+00
-1.058454390016751567e+00,1.552446750173578138e+01
-1.332021611937278749e+01,-9.273307485850027732e+00
1.430139910472126452e+01,1.178383390869562142e+01
-6.411688535862216654e-01,7.141139792314492141e+00
4.297697652739148388e+00,1.053845467132510016e+01
-5.801639183873015249e+00,-6.285103128912231440e+00
1.537548469903889981e+01,5.243026839535294137e+00
-1.024522996518683549e+01,-2.919750717528176942e+00
5.721531041923359595e+00,3.056251199444588007e+00
1.441367557579853687e+00,-6.576835426306639754e+00
-1.047380177303838877e+01,-1.466769929173238651e+01
1.081822362118658098e+01,-6.590390875222257527e+00
-1.426995280467681759e+01,4.636191093153869680e+00
-1.597235578488109198e+01,-1.033590461117971149e+00
-4.173622041466945376e+00,1.361101501461925167e+01
1.034623722008626245e+01,3.586741065648863636e+00
7.393486206485893497e+00,-1.041442835115689114e+01
-1.514089776152842859e+01,-4.726957548292801903e+00
4.097888305279952625e+00,6.469173454072050689e+00
-1.389964218722242251e+01,-1.836671576385804139e+00
6.054629263700602948e+00,9.858530670873298263e+00
4.022916549058674462e+00,-1.087996995438735182e+00
-5.796875681449503714e-01,-1.484983149844965844e+01
7.910839441002669226e+00,-5.982884326525423013e+00
-5.800458713854724779e-01,8.934195021088111588e+00
1.613862921176956622e+00,-2.057626645796186260e+00
1.243960014730576091e+01,1.435597108354278362e+01
7.400054085743102306e+00,3.784978901152694863e+00
-6.066571670793266868e+00,-7.678602397637669386e-01
-7.397725787808409059e+00,1.381799599724406669e+01
1.216499686000437563e+00,-1.544407281594564907e+01
-7.431978812353748687e+00,2.638571118520165459e+00
-1.984319938443413367e+00,2.572756370022018846e+00
-1.763784433665413331e+01,-1.783907665082431482e-01
-8.616040803389607206e+00,-7.911208511516579556e+00
9.510450568072837285e+00,9.172822381854099927e-01
-1.551890165575803716e-03,-1.346930818278746056e+00
1.696281465303587765e+01,-8.529029706125831112e+00
1.104289889445769113e+00,8.458628230501737955e-01
-1.018878323003691122e+01,9.641489390159724948e+00
-7.809340184510224603e+00,1.203027707287714421e+01
2.092007530488149580e+00,-1.387823963740727073e+01
4.898010944911482589e+00,1.503632935893393174e+01
6.935588019706240281e+00,1.767064983721164850e+01
1.019567174508949181e+00,6.426661929060939471e+00
-7.613727984480868294e+00,-6.111079612155183582e+00
-1.184575687272065636e+01,-6.415176471673831315e+00
-1.993997170297239441e+00,-1.832861508450592325e+01
-4.991777386838124331e-01,3.639762624663625878e+00
1.385955087025345644e+00,8.829028341674041158e+00
-2.618060663283659384e+00,-1.226353460965911468e+00
1.047575397564062261e+00,2.637434094878756241e+00
1.405968886079393876e+01,9.939197738034547314e+00
2.733263866898023142e+00,1.723088897378108664e+00
1.412706687472425848e+01,-7.908848391448527693e+00
-1.402361751505432785e+01,9.899702340495361241e+00
-6.634457298571657446e+00,-2.997594750561864974e+00
-1.171107270730148642e+01,4.461209947773715712e+00
-1.054931383421921787e+01,-1.146690300035878529e+01
-3.947237985094139479e+00,7.242668684787481048e+00
1.716125522302790074e+01,-6.717922463610457307e+00
7.634851914262894113e+00,-1.633106296835959537e+00
2.398750955127848972e+00,-4.120972185123346621e-01
6.130559349882299891e+00,-9.099917290004523096e+00
-1.415869526619752072e+00,-5.561436525820592891e+00
5.885739354460108430e+00,-1.378680452453927430e+01
1.105453553276539580e+01,7.041930427202379938e+00
-7.866000720226965726e+00,-9.485769460427512234e-01
-1.014969038513518917e+01,7.795010747374940818e-01
-4.159959209496252086e+00,-1.592796220157049270e+01
-1.076893937348751429e+01,-4.720354290657708063e+00
6.970582332020258676e+00,8.154242522236545554e+00
1.319930228398377636e+01,-2.988025505039509255e+00
1.226394092791340640e+01,-8.046544340617362678e+00
5.425555453283801732e+00,-7.373603250754980465e+00
1.263554200232433200e-01,-1.896481457383911362e+01
-1.136913631968595695e+01,7.810556931391968938e+00
-7.191312409126119576e+00,5.285646970044274973e+00
-1.485127331245336002e+01,8.294521564918451162e+00
1.028884587794040506e+01,-1.526169747184580672e+01
-8.519319226405054124e+00,4.034469046968932382e+00
-1.720385752858133799e+01,3.467380339317072568e+00
-1.383233034396104699e+01,1.950253302315657633e+00
-1.364092565462616369e+00,-2.548638807608812673e+00
1.141557053977204417e+00,-4.806888067961184063e+00
3.803499549652202827e-01,1.042278242163477842e+01
3.938198272394854982e+00,-6.404143998767648505e+00
-5.681402748086051169e+00,2.727089471131570075e+00
1.796209830259975959e+01,1.854265127748811359e+00
1.429132864825230342e+01,-1.201094310697801593e+00
-2.488364860901929099e+00,-1.186849027094956099e+01
-5.542018710139994475e+00,8.150704276112572089e+00
-9.956587859888411884e+00,5.122751874590592891e+00
1.222302168056606675e+01,8.407263486157972920e+00
-1.288823419163769834e+01,5.801085458907905945e+00
-2.117164610996790763e+00,-1.005875988238310903e+01
-4.083197191585790975e+00,1.716621587362338275e+01
7.681258276471896629e+00,1.057767979591276486e+01
4.310340812586536785e+00,-8.845988878840312708e+00
-7.242242651397592823e+00,-1.209664849173046974e+01
-4.760760627586546057e-01,1.643740454125841577e+00
1.508253763309981510e+00,1.732011778138496894e+01
-1.035054710091621111e+01,-7.401773267878480667e+00
5.937254108675038999e+00,5.700808536862407294e-01
5.985021201666177681e+00,6.604528937432106339e+00
3.063239084099133258e+00,-3.100583905031137899e+00
6.614855417366880985e+00,-3.125745116660849643e+00
-7.165348101583375318e+00,7.174431415966274095e+00
7.764594141144158357e+00,-1.376820275360844903e+01
-1.140316121111367842e+01,-1.310465968968978778e+01
-9.418014690911423514e+00,-5.895370945233166182e+00
4.751403264784571867e+00,-4.449277580168303992e+00
2.446180328003279281e-01,1.432672816843033026e+01
-7.199900264387733451e+00,8.928602900695315370e+00
9.658675831398377820e-01,-8.343449426953672088e+00
-1.617064015668766430e+01,5.003224734081181069e+00
-1.088605734230405275e+01,2.839104702883532116e+00
2.591361838307577159e+00,7.386014328921022276e+00
1.410909861947191146e+01,3.304887927705894235e+00
-1.064070383280218657e+01,1.197982349811391245e+01
-8.658399089610542276e-01,5.366966822168329543e+00
1.200070954960382430e+01,-1.470674782053530549e+01
1.416343080745297200e+01,-4.509163007496326259e+00
-7.613146286086188930e+00,-9.385611497981889428e+00
-4.913811428114642332e+00,-2.404497560219684971e+00
-2.318315584524495598e+00,-1.576963277492217230e+01
8.434025675249101184e+00,-8.988726799944235069e+00
-1.217086877273665024e+01,9.504694762097862792e+00
7.741477904390890785e+00,6.281565863646065395e+00
-6.847399467415624663e+00,-7.739524520853058753e+00
1.279323290368692589e+01,6.707801286076326086e+00
-9.648220008589268204e+00,-9.620481642472893391e-01
-4.703011664435364558e+00,1.263267806466743748e+00
-7.878713613495513801e-01,-1.125856174449034164e+01
7.226714761698612932e+00,-7.659042409157559739e+00
1.074028300350031273e+01,-3.913175270282978069e+00
2.399077744858027827e+00,-9.541744458352335201e+00
6.316022747029639284e-01,-1.006922766171296502e+01
2.353536488223165524e+00,1.036092668321791521e+01
9.300702736270677562e+00,7.207201438467267351e+00
1.210404825104540372e+01,3.209952068655798740e+00
1.161492275720313394e+01,-9.798722770812366534e+00
-7.935210704060599696e+00,-4.379166515591999875e+00
8.575722152001388210e+00,9.043586821849189050e+00
1.924663168659958012e+00,-1.138703140823688109e+01
1.201894478218581064e+01,-5.179752800399350043e+00
1.246359728054468086e+01,-1.376663800614173150e+00
5.975172002594499432e+00,4.836596233498319464e+00
2.609346981186873471e+00,3.702394320732142141e+00
-1.279207349554905448e+00,1.117878646615492499e+01
9.152966930575217930e+00,-7.220766072872218722e+00
-4.836434315890074664e+00,1.531330112514861952e+01
