1.137751443816954655e+01,-5.180413526237148680e+00
-4.213692727895885781e-01,-6.740736909995123760e+00
-6.374865189650587460e+00,1.234566472778384494e+01
-8.203863960606470052e-01,1.927704317692077174e+00
2.349144524920812049e+00,3.747483215776775012e+00
-2.679708807668317316e+00,-1.385621598724899783e+01
-1.848802235111278236e+01,-2.559992249204704695e+00
-8.064522209438212741e+00,1.176792610536193884e+01
-6.321260292739632192e+00,-1.294940311598782223e+01
2.585967756944615115e+00,-1.438468149881741809e+01
-2.980147768981630252e-01,6.104924628820828758e+00
-1.382350128362668507e+01,6.427960767672468378e+00
2.864566526378683253e+00,-2.713913624670448055e+00
7.794973958809251258e+00,9.170611293284283150e+00
-1.740866150181806793e+00,1.726999916985161576e+01
-2.253249036245708048e+00,-2.908281738912512626e+00
4.695096177537304349e+00,5.934144640955905103e+00
1.130523916685160124e+01,-2.572606006585742566e-01
3.426909322761075405e+00,9.918015398686565121e+00
-7.464103607600670820e+00,-1.574857044607667689e+01
-4.691726430472716314e-01,-3.511795033695196189e+00
9.475230193730643791e+00,8.312248669930392353e+00
1.043019922659035359e+01,1.587492006536094813e+01
9.645201090451321235e+00,-7.983934566693349666e+00
-1.169353197154464752e+01,8.836050862545475226e+00
1.551952823521448899e+01,4.704615403305830945e+00
8.239501246112300947e+00,1.324476571455949347e+01
1.121755924236191859e+01,5.146875536005483198e+00
-7.010740776352840875e+00,8.534052887162639323e+00
-1.673740457405518711e+01,-5.245914733936894336e+00
-1.156150271796918894e+01,5.288944407119539726e+00
-1.381738310955302307e+00,1.254199395902024428e+01
-2.118720869596655731e+00,6.133678387683695554e+00
4.638593821482158930e+00,-2.829760990732495873e+00
1.381015443073106042e+01,4.169881632319471620e+00
2.078407082584104337e+00,-5.396896991233117724e+00
-5.206768380299745758e+00,4.777366670062352938e+00
4.150656005612360921e+00,-8.265954247841511560e+00
-9.766552122354060117e+00,4.672264098998978099e+00
2.140972020795227859e+00,-1.732270248383753852e+01
-3.373238629811583955e+00,6.242424735811588077e-01
4.862808750155640958e+00,7.557001808732500825e-01
-1.319378865469074036e+01,2.256467096864892774e+00
9.644532054563386581e+00,1.213678050851958545e+01
5.049764599806912280e+00,1.520988591717707017e+01
9.323044776023925451e+00,1.034866477491998715e+01
1.399345271326067319e+01,-7.104004611922840606e-01
-1.615102714173008280e+01,2.502279422748052262e+00
-8.252490479690631986e+00,9.844554514697250625e+00
-3.567523710045676033e+00,-1.033594344819123734e+01
-9.607028585357111794e+00,1.491643322059977805e+01
-2.567100207952218494e+00,-1.078596333384773009e+00
-4.208550609459271286e+00,-1.839875120866567348e+00
-1.303779953183904183e+01,-4.822687106306925209e+00
4.889722333949223732e+00,1.319513988437233643e+01
-2.154974971167122000e+00,-6.513423251761221167e+00
-4.166947628389442215e+00,6.186023181903248513e+00
-1.184867236129942825e+01,-1.269757334758079104e+01
1.440689465654945600e+01,6.841250546356488549e+00
-5.906233804784927877e+00,-1.467761010281684086e+01
4.721387055650684950e+00,8.572549338340515135e+00
6.028729012689328925e-01,3.417020103562212974e+00
1.333231818825657999e+00,-1.567703246100960612e+01
1.543046179681941155e+01,-1.077062490181082310e+01
6.267364665093854370e+00,-1.651979552324607425e+01
8.080050100596015028e+00,-8.857904087985819075e+00
8.169131984219479392e+00,-1.174986333023736584e+01
-1.604266159726183361e+00,-1.009024924159285241e+01
3.454207918054740478e+00,7.260366921500084558e+00
1.587649427831093085e+01,-9.442808035859383553e-01
-8.508238339550191043e+00,-8.787273795286816291e-01
4.447345954370568677e+00,-1.679230317158993557e+01
1.255973915783220463e+01,1.002311384877769029e+01
-5.961790802432661351e+00,-1.609260917835310556e+00
-8.289357935661564980e+00,9.213624347305179318e-01
7.429895659206500191e+00,-6.102009678404678006e+00
9.987425746152508665e+00,9.563579185363870749e-01
3.403856041718461345e+00,1.414720455486167694e+01
6.276466496803903006e+00,-8.639486483204660061e+00
4.104738280667115546e+00,-6.360168218707584309e+00
-1.786099708716169232e+01,5.364268659209752599e+00
-3.134355902460515431e+00,-1.636182195566340170e+01
-1.279079072059156630e+01,-1.510502488386524345e+00
-1.360534484604160532e+01,-1.279135888030873325e+01
1.262990617473305877e+00,9.726131519141738124e+00
5.697371389747401871e+00,-1.177308312573336480e+01
-7.963389531504692975e+00,4.769617131146992151e+00
-3.253403467714457431e+00,9.406403651605954153e+00
1.281008616125890853e+01,6.043216456895881272e+00
-1.410546503381163141e+01,1.055788528459437181e+01
-6.283696819160684122e+00,1.057042385668130358e+01
6.093972465870976407e+00,-1.469811989712936473e+01
7.736099855582289742e+00,1.527629912241179611e+01
1.352531065600582894e+00,-1.245333009923895951e+01
-6.678851237338617741e-01,1.020928115171432005e+01
-1.101220995142935699e+01,-9.365545664806250059e+00
-3.641446819641272370e+00,-5.344861930120311300e+00
6.565900206814423434e-01,1.143180455064828571e+01
4.865229372880298442e+00,-1.334925621152077646e+01
-1.157507858374805743e+01,1.398094404654082634e+00
-4.231804194527104102e+00,3.236284921403505876e+00
1.460143945002518251e+01,8.658327066407659700e+00
8.118417304765019438e+00,-1.657059916895557095e+01
-1.218067886526081622e+01,-6.489801490316819965e+00
-1.465104403125652865e+01,3.568066737545804834e+00
4.260404630604259779e+00,-1.501607234246627165e+01
-6.996014041361376279e+00,1.694720414694536359e+01
3.113477640402289914e+00,5.336958809376292079e-01
-6.572734189899897217e+00,5.932344740089392054e+00
3.656942460336598089e+00,-4.457113807561079000e+00
3.420133617735653386e-01,1.624167856027318280e+01
9.244686658197736051e-01,-7.971875198015919928e+00
5.786135261800716911e+00,-6.928310711876781269e+00
-7.291305763173528298e+00,-6.787111407988927425e+00
1.027930581481616557e+01,-1.459394262537653653e+01
1.020541045871391006e+01,6.708807557088450224e+00
-9.892365516797461567e+00,-1.106887251362868518e+01
-4.154936073432784482e+00,-1.490872935897860430e+01
-1.404401703723298489e+01,5.414836090038305239e-01
4.116174074238045377e-01,8.166003978386578765e+00
1.041924908875733458e+01,3.084343492026529354e+00
1.532844042892979264e+00,1.458881391426787921e+01
-5.442426706800175040e+00,-1.060900118896452682e+01
-2.074155506236107449e+00,-1.207616344142335407e+01
-5.544921835219609463e+00,7.417849121117865430e+00
1.659178943888075075e+00,1.907334684457514085e+00
1.363434252544320557e+01,-5.194388174268051550e+00
-9.971368210416367006e+00,9.342069030000160978e+00
-6.545819298421729826e+00,1.751737370117811832e+00
-1.096747653148327295e+01,3.366209637316162517e+00
-8.910178341301595140e+00,1.670665410447263355e+01
-1.073758045975763054e+01,-1.566932346366573547e+01
-1.707690695191721897e+00,-4.764110053831356772e+00
-1.449261184249679957e+01,-2.257455710631129708e+00
1.356699153152533022e+01,-3.359732223972835552e+00
-3.903378045647495576e+00,-3.575709379321199144e+00
-1.050613204922199984e+01,-5.614127535630083266e+00
-5.632321273625713332e+00,-1.656289247908441098e+01
5.140138170024936670e+00,-1.006070089405087309e+01
1.473441038811091452e+00,6.644293285637231428e+00
5.727025443454968112e+00,-1.378070485870923179e+00
1.339892460984316358e+01,1.340496899243983897e+01
1.165073550375447020e+01,1.710070437376019603e+00
-9.833484854831704425e+00,1.118775476566452198e+01
3.754238745268180466e+00,-1.104286519890097740e+00
1.242909733172850828e+01,-1.992237285223674936e+00
-1.224898194586970135e+01,1.051917228164482410e+01
-1.439561251604369474e+01,1.237578342531072195e+01
-2.650109815421615611e+00,2.368913513637169288e+00
-5.021542958664771739e+00,1.909275315763797956e-02
3.198588292076514961e+00,-1.263168555803518167e+01
1.658797730567964734e+01,-7.978120234256668830e+00
-4.436008833404748053e+00,1.538093922058975416e+01
1.421729643428658818e+00,-1.720918692004212769e+00
1.098569871869233339e+01,-3.417317953685632848e+00
-1.139118335992100484e+01,-3.032455274697529291e+00
9.622520152964504803e+00,-4.760044248408875411e+00
6.295743447403572723e+00,-3.554001258334434254e+00
1.118222782191121389e+01,8.860440011409375316e+00
-1.382183633714375048e+01,-9.888798754998822105e+00
3.399060992007761350e-01,-5.107645274358423748e+00
-6.567563861381135126e+00,-8.676108876423187510e+00
6.908256749707433642e+00,-1.309100180659273249e+01
-6.791845902193666795e+00,-6.823689278167451022e-02
1.537927189950350382e+00,-1.070655006134103893e+01
2.895380127938751880e+00,5.530008915201602981e+00
-2.835028530281770820e+00,4.479559582615793012e+00
7.700578429239940625e+00,4.678594191394989998e+00
-1.762687956231522790e+01,3.539698914681324027e+00
1.343536933847826020e+01,1.205833593709179308e+00
-2.294224626264941946e+00,1.092628198150464769e+01
9.607394750672368033e+00,-1.295748788262387130e+01
-3.746913741825601551e+00,-7.423751760787931531e+00
1.154580451666818064e+01,-7.051119915529907800e+00
1.448752852944526492e-01,-9.584039253909969247e+00
-5.011633226270721941e+00,9.186067937557785612e+00
5.181441648629498076e+00,1.035212626568489824e+01
-8.719768727649883644e+00,-5.484445027948257056e+00
4.119644988208362335e+00,4.255439310696102595e+00
1.116056494943742905e+01,-9.537685999032508022e+00
-1.069399155560792636e+01,-7.584635812297046975e+00
-1.008301671465960148e+01,6.517466236686360936e+00
-1.229995168937257155e+01,-1.095231621951897516e+01
-1.141505828447851911e+01,1.211036343629476519e+01
-5.612101903636939504e+00,-5.284851927235103553e+00
-9.098603343135000188e+00,-1.504723179480012618e+01
-9.780396790714981137e+00,-3.880665080350259810e+00
-7.695623991257415142e+00,-1.168203382645686972e+01
1.354477508222934778e+00,1.216499387373482927e-01
-8.214427977822277072e+00,2.741445572924908536e+00
9.010155274106596224e+00,-2.995157607432542779e+00
-1.327746243070252907e+00,2.291198198613561832e-01
4.082552374442259158e+00,1.727207388856917447e+01
-9.414487976559957616e-01,-1.448551673749850188e+01
7.895664372317307667e+00,-4.385884307065832211e+00
-7.619613920569594967e+00,-2.416226803850066052e+00
-2.365663193614125082e-01,-1.130300829389010708e+01
-3.928261661370638258e+00,1.293729140347351603e+01
-9.114663995852774647e+00,-9.164530280355931424e+00
5.340295913181232201e+00,-5.097333442714751861e+00
1.737272264870513538e+01,-2.528332875443321637e+00
-8.710590677083071554e-02,1.812697121033969694e+01
8.231519704450130703e+00,9.453978720039725170e-01
7.086395109733545361e+00,-1.032888409513247474e+01
1.521528185533971822e+01,-2.590454417542847665e+00
-1.582438179391712296e+01,7.142863384328296483e+00
3.339108260058436972e+00,-1.055258047822141343e+01
-1.201984007365575424e+00,3.771269599250018700e+00
3.390139229792921149e+00,2.280339216210931941e+00
-1.214963782709244455e+01,7.010883193036710814e+00
-8.851501787541005584e+00,7.871843713455892733e+00
-7.323379261762507753e+00,-4.239632141372792873e+00
2.504426930777423177e+00,1.141322950187471896e+01
7.951371866505617447e+00,-1.472127185583322451e+01
2.317217133227372106e+00,-9.035174365548449771e+00
2.842005065954814835e+00,1.585188685109826068e+01
-1.323344957963226420e+01,4.715051011006516468e+00
-1.011461310808161862e+01,-1.689906315524870362e+00
-9.240212285803927728e+00,1.315494304526132652e+01
-1.006993931792790065e+01,-1.328663815750771526e+01
-5.538795742735194594e+00,-7.187210076437242634e+00
-8.277947715144184926e+00,-1.345655146027056404e+01
5.159926189618692760e+00,2.743641707206917246e+00
-1.489765470332365283e+01,-5.258955318818851588e+00
6.524384711206216103e+00,7.823936417162362211e+00
5.925717012192659006e+00,4.339436168399738669e+00
-2.535251523727107159e+00,-1.810074422691850771e+01
-1.020833900046001297e+01,6.808160162734817888e-02
1.335149199214230809e+00,-3.595979479305645210e+00
1.343613493612948240e+01,-7.025065190683866589e+00
9.459853240078121672e+00,4.559170590524868949e+00
-1.267073013285837746e+01,-8.504830460052330565e+00
-3.141118796114788836e+00,7.644451950538337925e+00
-2.796056941841266741e-01,1.424590538039467980e+01
2.531665675182056319e+00,-7.242794335669436201e+00
-1.414318457522137029e+00,-8.239097014887668990e+00
-8.625169553604810080e-01,-1.652660096034743509e+00
-5.722956710256862145e+00,-3.422282632325643448e+00
8.693074624238843029e+00,2.717662688582255459e+00
6.490914492198041508e+00,6.049821504855440679e+00
8.748340985172065487e+00,-9.231420470321199945e-01
7.396110167997282048e+00,-2.181309909879993736e+00
-6.535104625137946321e+00,3.555399035215352388e+00
-4.177261588601124842e+00,1.099590669015401900e+01
-4.037690493449233031e+00,1.720155682982014866e+01
1.277341859162154769e+01,7.838474896848658169e+00
6.891386083728079370e+00,2.110479419094624554e+00
-1.220529284441848183e+01,-1.451768324811915178e+01
1.029478731151378490e+01,-1.803008477832822809e+00
-1.300900245417009993e+00,7.736872838533437324e+00
9.287072094434376979e+00,-1.033625960714706515e+01
6.559550737573086820e+00,2.984395961018953547e-01
-5.411974089965602808e+00,1.389112486721246853e+01
-9.810149053679497300e+00,1.916381747033563121e+00
-4.779473977838128107e+00,-8.917305454761065064e+00
-1.579786113886046195e+01,6.524991995629721986e-01
