8.669932059028225002e-03,5.890976439026555767e+00
8.413606065470331075e+00,-2.436790511930489345e+00
6.602285704246927622e+00,-1.252290872035273139e+01
-9.801870118478522187e+00,6.117522585301160554e+00
1.405100933216252557e+01,6.636669896131924817e-01
1.082817295265424562e+01,-6.476351285072235342e+00
1.027925297596890886e+01,-9.351192734413105612e+00
5.462512315441879096e+00,1.615582411108612249e+01
-1.323352633829409486e+00,-8.528243980293433779e+00
-1.094368039602259657e+01,-1.271299029925494040e+01
-1.270887986411478998e+01,-3.144119718015350173e+00
2.159439852437571528e+00,-6.331274031929694956e+00
-4.658865158383235006e+00,6.406993208895440439e+00
6.432235789397473980e+00,1.317638029422345802e+01
-6.198995414102172141e+00,-1.187243066608819397e+01
5.696813249408745783e+00,-5.919517671218461174e+00
-8.607003443731075620e+00,9.082930232404998749e-01
-5.914416356715998191e+00,2.150432620300116060e+00
1.099509098488724490e+01,3.337926858327088020e+00
8.285605195918709143e+00,9.992751960437591396e-01
2.952366651583451684e+00,1.109147736880982116e+00
-7.426768220482903082e+00,-7.039908637190039897e+00
3.277241071314404675e+00,2.859761799100122737e+00
6.632089292485978227e+00,-2.667761932973815142e+00
-7.746061793039727306e+00,7.247194334746069444e+00
3.764511095270111518e+00,1.078083657485047553e+01
5.910160437127292887e+00,-9.269604998084605141e-01
-2.028341078043633505e+00,2.096008029742896017e+00
-8.200649426943687814e+00,-1.509207189619983325e+01
7.467846573473761573e+00,4.214866434993333577e+00
-9.367739232290050566e+00,-1.362777805003043419e+01
-1.253934731167276695e+01,9.660535561881967936e+00
2.526689315780429101e+00,-1.430180507918368704e+01
7.210420683450045054e+00,6.085121499231493480e+00
-5.090272464790851714e+00,5.729398534774660101e-01
1.743302088411684281e+01,-2.056659335523084664e+00
-4.131813133675789729e+00,-1.127856744281887558e+01
-8.130366363320613132e+00,-5.396163142746397412e+00
1.511393030138584770e+01,-6.652824739692865919e+00
1.304095874972231250e+01,-1.126706740739344248e+01
9.244491499712692573e+00,-4.050364493831808410e+00
-1.113357859996214216e+01,8.537265671415459778e+00
8.218848268100616750e+00,-9.296453151299385098e+00
1.261929050025701393e+01,5.276403772049435226e+00
-9.402516825504644515e+00,7.833264098101239803e+00
1.218507280941833315e+01,9.978231433677917650e+00
3.143711850576806022e+00,-3.341708614005556299e+00
-1.398897131997869536e+01,7.407126728774040991e+00
-9.354786674941781399e+00,-7.605924655980540905e+00
7.182666136637848808e+00,1.529090954927936430e+01
-9.341880067746334504e+00,-9.404864128576763349e+00
-6.396736583178013191e+00,1.338830701185828076e+01
-1.187444101669152907e+01,1.240953641984605227e+01
1.810710301217931972e+00,-4.533506166348792554e+00
-3.179923197200709595e+00,5.416334339274063048e+00
-2.454451554825800130e+00,9.253572203639222948e+00
1.765435984188760132e-01,-9.565927520903283465e+00
9.683666391023810771e-01,4.377339405968961650e+00
1.042504042020251731e+01,9.336989055847533692e+00
-9.223494368787955366e+00,-2.014732769402809875e+00
1.220835860498200809e+00,5.820101639528711956e-01
-4.276418001250393175e+00,-1.679120398912769474e+01
7.562950292289337462e+00,-1.409338307525794320e+01
2.156190958256357426e+00,1.705070662764641654e+01
1.111141842097001664e+01,-3.926243978486272823e+00
-9.495783804544132289e-01,-1.574228534113418299e+01
-1.394184420116519263e+01,1.282692895986774850e+01
-1.658314756672399781e+01,-8.570630368494647655e+00
-4.538058740819084225e-01,-1.296795570985624035e+00
-1.752702664183496850e+01,3.788158032816190790e+00
-6.041409111253822850e+00,-1.012093679203790675e+00
4.746075511259453705e+00,-1.217989337060694588e+01
-9.926408562621908516e+00,-1.113105490951718046e+01
-3.994608847692510123e-01,1.361545146749838953e+00
5.939535542907756316e+00,1.075471772105088242e+01
7.621699306155432119e+00,-7.604817429874195511e+00
3.025420590412442934e+00,-1.701103038343367757e+01
8.492754339526454643e+00,8.367950183900289218e+00
-3.769419761219641174e-01,9.792375780093083293e+00
-2.240277257114999365e+00,-1.591092390558441760e+00
-1.089993185212645876e+01,-4.295130782886961818e+00
1.418188116611219129e+01,-2.110419744541474074e+00
1.523894629161512349e+01,-7.073498220972469497e-01
1.377523456060744067e+01,-7.809775434236486902e+00
-1.454783185086201414e+01,-5.618060770410868265e+00
-4.255770866978852318e+00,-1.469031145988323139e+01
5.846725191270595090e+00,-7.679879398643674193e+00
-7.547253708977412323e+00,-9.382063046671699880e+00
-4.837858462224121858e+00,-1.297430841050068651e+01
-1.009578671407343364e+00,8.095016688564768970e+00
-9.564321744577418016e+00,9.620281790251706155e+00
-4.490952511576130846e+00,8.769577962004172278e+00
-1.469836759724768704e+01,5.445728530818168878e+00
-1.003873509054012736e+01,1.257096552428881431e+01
-6.258791287177234430e+00,5.621378343926407339e+00
-9.878936616908074342e+00,-3.053797591635862285e-01
3.632535008053766834e+00,-8.568686152696489700e+00
1.021187402437773883e+01,-2.348943689558260495e+00
-4.861152039199462926e+00,-4.444444662364783305e+00
-2.561298345969190926e+00,1.107837913964320542e+01
6.058837786919195167e+00,7.502206329750081615e+00
-2.371677112101656881e+00,-1.152217941409122126e+01
3.004548201135192276e+00,-1.184666442812708986e+01
9.353177369197368529e-01,1.097867414764392890e+01
-5.947019905557120900e+00,7.719226362715696510e+00
3.947764221446469435e+00,1.523969568047229117e+01
-9.869717724381690260e+00,-5.864768505207272220e+00
1.396438915890389598e+00,-1.263234536006334352e+01
2.234514822342518858e+00,-9.083958046317450741e-01
7.335129685329051519e-01,7.594504554390839601e+00
6.484968569351774903e+00,8.184551781490877476e-01
3.994674364950632661e+00,-6.763297713039322367e+00
-1.823349735127943960e+00,1.719442627561011960e+01
1.240494052936324643e+01,-9.623768770037170128e+00
-3.883631318187963366e+00,-8.463341623665578961e-01
1.421684397190123050e+01,1.030856117202132971e+01
-6.511256060423394665e+00,3.835407300969356559e+00
-4.630751262509528843e+00,1.053345617554466962e+01
2.869822519024917806e+00,4.593424552113597237e+00
1.449212034734191867e+01,5.965776200228845916e+00
-1.686723900946668797e+00,6.365828776570150005e+00
5.227468601610848253e+00,-1.390226129237140462e+01
1.362881150238558492e+00,2.348016975554801267e+00
-6.464582304577935368e+00,-1.419615995627057892e+01
-1.160105840182279557e+01,2.983992094110293092e+00
-7.110773304178881205e-01,-1.749120694673338150e+01
-8.969955671250730234e+00,-3.815705271142338262e+00
-1.243471113548384288e+01,-1.176733197262032782e+01
-4.240616805431251524e-01,-3.153540281990687699e+00
5.247598306158924863e-01,-1.449748252994267617e+01
-1.531310075897207668e+01,-7.351261625143253653e+00
-7.903748485257161560e-01,1.153968090426766224e+01
1.144863437977192611e+01,-1.475336723376860171e+01
-8.040561653614584969e+00,5.470364125308428527e+00
-1.280305035428581650e+00,4.617717699291261191e+00
4.581326848370967930e+00,4.212161904786908551e+00
3.950779424440386212e+00,-5.004126230511316109e+00
-4.889098503540471263e+00,1.472278250705497271e+01
4.686375610757005927e-01,-7.549611522694533505e+00
1.498158083887621617e+00,-1.610201947180417648e+01
2.430412645656305770e+00,1.404497428687803051e+01
-1.751485071576489005e+01,7.347958107619489532e+00
2.806304009673419753e+00,-1.878269890499530703e+01
4.691122965073935447e+00,1.358309922915754342e+01
1.351776022691105794e+01,-3.775463588091924283e+00
-1.578716316668656375e-02,1.724309098021145559e+01
-7.097701562343133652e+00,1.107955844844455306e+01
1.291493030540002351e+01,1.167233479155828668e+01
1.194603614953108206e+01,-7.865707676151421524e+00
-1.563475301203790657e+01,2.426029172954170310e+00
-1.177229646783257699e+00,-6.693989227707235479e+00
-7.678673876300129209e+00,-1.282724979787842301e+01
-7.806916683387914446e+00,9.305358946034530732e+00
7.016763433237623637e+00,2.515075958317151361e+00
-1.261024619477571029e+01,-4.993602200859689866e+00
6.717328140442014650e+00,9.183034716111210471e+00
-1.658681281638983052e+01,-1.063797263272912241e+00
-2.260173069257271905e+00,-1.856803905682163958e+01
1.234788196658202608e+00,-2.364132289026710687e+00
-1.106166876633074914e+01,1.074491771546567165e+01
1.419123190295442782e+01,-9.544092227369024073e+00
7.523124023286183792e+00,-5.764966223638543497e+00
-7.983373569091686939e+00,-7.593595468290835759e-01
1.577362924842415914e+01,9.319203943261555878e+00
-3.121372530188620598e+00,-4.966188315443104351e+00
-3.143753744538271722e+00,7.563391996606339873e+00
-5.892304346948517235e+00,-1.014154387965076509e+01
-1.116461755102306697e+01,-7.077048623125125282e+00
-8.781019570105618399e+00,3.878040406760196568e+00
1.161334340993111391e+00,-1.787321316892129275e+01
-3.259498841570228844e+00,8.347065605435410873e-01
-5.621401217486085677e+00,-2.754028554499472037e+00
4.303306132030551900e+00,7.496328251346268345e+00
5.656579043260835604e+00,-4.139403673735098543e+00
5.225236202707835176e+00,-9.437324221951399750e+00
1.310561579891026263e+01,-5.554127212377773404e+00
-1.001232622434664954e+01,-1.611796400311350297e+01
-1.816725862715219364e+01,5.539795038343231504e+00
7.949274996745540278e+00,1.725188956120583939e+01
-3.542428473705800385e-01,3.111862649864999497e+00
-1.112249356957981838e+01,-8.857093601341402334e+00
1.385871968247544395e+01,3.630931531112670640e+00
1.639028222434080106e+01,4.671668476784812896e+00
-4.365576993455164256e+00,-9.072110292462479464e+00
-4.760303710391823984e+00,4.392302497214821244e+00
1.067045541570856315e+01,6.996108863081181184e+00
-6.037334500530703529e+00,-5.877718271151948670e+00
9.429129340968481543e+00,-7.729283592984078410e+00
1.715031304156355674e+01,8.062108769405492481e+00
9.503973383946654252e+00,-6.227706513654128750e-01
4.826792154868267959e-01,-5.715916623689144771e+00
2.639443806451968300e+00,1.879555294247419539e+01
1.192859665208263564e+01,-1.961881463179884211e+00
-2.978436261227118464e+00,-6.781800260983196438e+00
4.881606976471413617e+00,9.238038154206533292e+00
-3.837292365652947179e+00,-2.700080902126271720e+00
2.482467197158447991e+00,7.776609670485344239e+00
-1.128607063413985934e+01,1.141955690625195308e+00
1.120522349366611792e+01,1.487776768498681790e+00
-6.095199514789867656e+00,-8.286694067316421553e+00
1.221269240718569549e+01,-1.296429204012495262e+01
1.123105567845864705e+01,-2.644765645865759240e-01
8.377821183640667968e+00,1.012552779805975689e+01
5.190209287239665237e+00,2.568633398590832062e+00
-1.477344934739803683e+01,9.347520244002279100e+00
-1.654240920213005728e+00,8.197326803872019563e-02
4.796143845770272307e+00,-2.582763210191939329e+00
1.859283149290692050e+00,-8.702916066194068989e+00
-7.663359587698530540e+00,2.435688194855172295e+00
-5.493615813871101095e-01,-1.124132682646623849e+01
1.830462035002321386e+01,-4.910135076217625461e-01
8.816642574910421359e+00,-1.280106712322244000e+01
-8.224375989651701246e+00,1.241905622048237490e+01
9.597287643007339497e+00,2.239936960491682338e+00
-1.091069450671896091e+00,-4.892356487536807741e+00
-9.848230845847950832e+00,2.231160132026919207e+00
-1.219150146787632671e+01,7.011537317143660353e+00
1.481177925439955967e+00,9.285393849158708690e+00
1.543910869110278483e+01,-4.870969820324884125e+00
1.285185427816495363e+01,2.116767961023403366e+00
4.686107728889650659e+00,8.242976490004110257e-01
7.649262152053151631e+00,-6.975959871464602058e-01
-2.794153459016339269e+00,3.707065110791243345e+00
-1.642184437399690822e+01,5.957020965098304366e+00
5.676344632262338763e+00,-1.571378129841169802e+01
-7.184669959889093960e+00,1.631408170928614609e+01
-1.070442312544829022e+00,1.889168880374918658e+01
7.545797935859535066e+00,1.182142970014178651e+01
1.367736457677099260e+01,7.803602487448906722e+00
-6.880230944369032819e+00,6.094821417505125183e-01
-1.381652182810013940e+01,2.136109401882392511e+00
-1.713773720459736971e+00,1.338132278559936772e+01
-2.435418937617219726e+00,-1.669394184994147423e+01
-1.182057561734194628e+00,-1.340323357535128324e+01
-2.493473669790328806e+00,-1.460434656683288068e+01
-1.577603434148111283e+01,7.768628311857066926e+00
5.449843990825973705e+00,5.822379616119074619e+00
-1.253005485416494480e+01,-9.932575449575280047e+00
-1.076359889521437552e+01,4.596119669137348041e+00
-5.723767966692065556e+00,-1.808579711609871055e+01
8.981830553397797345e+00,6.328773099508110178e+00
1.841371873607010379e+00,6.077669659040700445e+00
1.718949021348575812e+01,2.131337784279997205e+00
-6.781247702977159619e+00,-4.191544686698832400e+00
-4.739546214555343084e+00,-7.068282516341423793e+00
-2.200923821611752373e+00,-3.401549917068160234e+00
-1.156944990899135384e+01,-8.123203719128305744e-01
1.020721254622175422e+01,5.055766655895376438e+00
-7.977477639696108902e+00,-1.108666674127087148e+01
-7.536309350638250137e+00,-2.568617530820687112e+00
2.270134389231254435e+00,1.222104359286451469e+01
1.553530773208325932e+01,2.765024306313374591e+00
4.050454727660270038e+00,-8.639432082096449861e-01
-1.100757612156025544e+01,-2.501245867034288306e+00
7.427267510514015569e+00,-1.591429215713685608e+01
-4.160099384543613610e+00,2.503423931605646136e+00
