-6.237123846676506211e+00,-8.482836137276137833e+00
-1.817930973106182568e+00,-9.123409426541421396e+00
-7.899091243428483899e+00,4.659838922133864081e+00
-9.671717594183068201e+00,1.598908150186619714e+01
6.825863403076187552e+00,4.754341811684653862e+00
-1.136991961315772137e+01,5.102879261065289995e+00
-2.485037128640156023e+00,1.666331056199686600e+01
-2.916440373869788050e-01,2.001811932164135666e+00
-1.441401886060614146e+01,-2.295934505700632400e+00
-4.993448496211214227e+00,-1.169850700881244698e+01
-8.530047625490748686e-01,-7.472712726988296694e+00
3.432618765761551671e+00,1.181691438635673741e+01
2.895224087016585734e+00,-1.117409675854834195e+00
7.719882368012066287e+00,1.733590652894212214e+00
-9.929850615041862838e+00,-1.040051444199288744e+00
-2.573243485059255153e+00,1.001884198703443829e+01
9.662261710684388660e+00,-5.833433125476584102e+00
-4.173716357233418606e+00,-1.329577817777829907e+01
8.065285382796893998e+00,-3.131941501871759126e+00
-9.380620548565321570e+00,5.719010692289402620e+00
8.350451776781595115e+00,-7.192288747001890137e+00
-2.980415852658198972e+00,-4.411022902602145912e+00
2.050858825670704100e+00,1.775354866419256084e+01
-4.177235182291510363e+00,-2.361356741823593897e+00
-5.425290573416267081e-01,7.925779180777584365e+00
-3.809784550452233631e+00,8.090661103318912417e-01
-6.403450167942264848e+00,-1.852719864589503329e+00
-3.131202272505765549e+00,-9.377123973236302090e-01
3.772268226635498767e+00,-9.886902560227666115e+00
8.308354617859088354e-01,9.133748924796790902e+00
-3.199495182637890900e-01,-1.022299710079660073e+01
1.634834880774344867e+01,9.650907308287875352e+00
-1.363757387323241055e+01,1.150801541738453082e+01
-1.122840244434309298e+01,-2.341476116532914098e+00
-8.901763274642352508e-01,-1.882590596808801209e+01
1.069119927122557989e+01,1.107930093976869479e+01
3.635603391170838083e+00,1.864883685855911466e+01
1.307933635524046245e+01,1.316805857747571196e+00
1.293595743520822872e+01,-7.368327363197050950e+00
-3.852353606747476622e+00,1.778855395779014970e+01
-5.432698626522499019e+00,1.081632871006072527e+01
7.128419282284928826e+00,1.760644568879875749e+01
7.557227000338403222e+00,-9.136242214356327551e+00
-8.303757916979601639e-01,1.751377962269346611e+01
-5.640013556113262716e+00,1.355313992587811001e+01
-4.959165614357156748e+00,-6.767310537586637142e-01
-1.565736548556088348e+00,-5.503001509810335534e+00
1.076770243997439591e+00,-1.610038918681303244e+01
1.173416853797697357e+01,-1.483986803112437691e+00
1.401943772869441318e+01,2.820937254060448485e+00
1.700877477712858266e+01,3.324831604325864554e+00
8.503814614640093694e+00,4.598685963202504140e-02
1.212716849504886518e+01,2.812315900613283404e+00
2.055935117175641480e+00,-1.027156065669242402e+01
-3.637739085609231537e+00,-1.677159124942707180e+01
8.143842653377184604e+00,5.948143985642539988e+00
1.972872980440158797e+00,5.486126007783624914e+00
8.616724887591349358e-01,-1.158987466654104637e+01
2.120365424316803971e+00,1.534042681231064442e+01
-6.174798678911213479e+00,2.768634860650367457e+00
1.348269940750235207e+01,-3.738112400443159622e+00
-3.843255948177708881e+00,1.409187916040676036e+01
6.005780928493380522e+00,6.377588010486255676e+00
8.519960846704865531e+00,9.269365605395325503e+00
5.427521127523232458e+00,1.506766506776542336e+00
1.662378650737320029e+01,1.547157637751363390e+00
-4.322026800076695707e+00,-1.508203113177197885e+01
-4.087729896216498737e+00,-1.853684846903954409e+01
5.692838896949724559e-01,-1.827093256403672372e+00
1.195954165461682761e+00,-1.341977506600340497e+01
-8.012283648666276292e+00,2.866492286318482297e+00
-1.223237295329808383e+01,-5.806787089758080000e+00
1.824925267168505982e+01,-5.204989750269391813e+00
-6.691604310391595867e+00,-4.958802454521019420e+00
-4.698883815484018456e+00,3.717068300531951142e+00
-1.253116057737319045e+00,-1.177065707664424110e+01
-4.287276759933390302e+00,1.221260335959264154e+01
1.396521406248889718e+01,6.122499745620816114e+00
-9.550583986498514477e+00,-1.033676578598483609e+01
1.123068978328276790e+00,1.382392133696989411e+01
2.456108821454516811e+00,-6.077031098864180692e+00
7.273483899787708040e+00,1.240998698701107195e+01
9.004105725668655191e-01,-8.899874079150224659e+00
8.071874737489844520e+00,-4.926722101368965490e+00
-8.163275839973646697e+00,-1.178696005234284527e+00
-2.129051235056793612e+00,7.119570997687063141e+00
1.028247616864118141e+00,7.023160094146684074e+00
1.325185765713512609e+01,4.411727783516301571e+00
-8.479192911046826708e+00,-1.181756443924525968e+01
-1.265794131087437657e+00,1.143527726981111137e+01
8.372679246700160505e+00,-1.264128151971260294e+01
5.206113054779752503e+00,-1.109236880277253157e+01
-5.221795257700145854e+00,-9.916443607887735823e+00
1.297569723986134171e+01,-9.248657867896355356e+00
1.338619035850340033e+01,1.130664115735262421e+01
6.714124935505273450e-01,4.301580541065750829e+00
-7.423828265072936361e+00,1.346585010626309398e+01
-1.432148422598003279e+01,-1.135263092162352994e-01
1.021133962585447819e+01,-4.930071342051919880e-01
2.770461653408923475e+00,9.975406551337098193e+00
6.413843817383848567e+00,2.970939701209959871e+00
8.518688016350191461e+00,-1.651872187985233964e+01
-9.184547183489311095e+00,-2.760084270096233805e+00
6.638619447823594477e+00,-1.407070856652344837e+01
2.683299496774667947e+00,2.936198740436841703e+00
-2.887311823294087088e+00,3.649727180516461722e+00
1.562947229960067830e+01,4.596693427524369824e+00
8.488911150281033713e+00,1.110755851984668041e+01
1.395265111467996988e+01,-5.482495780958308806e+00
-8.223088747069096982e+00,-8.022132612506455374e+00
8.379564406734193227e+00,1.385506524511342619e+01
9.448929178865924650e-01,-7.091509979303437738e+00
-8.815195190283446891e+00,-1.548719900820209361e+01
-1.206175663499092288e+01,1.934478522713663384e+00
-8.951727738392408540e+00,7.426982801369614862e+00
-8.064894108732369560e+00,-6.143271540484051663e+00
-1.097789728502779560e+01,6.856365782467235270e+00
-3.053282405110046227e+00,-1.187106975855322055e+01
1.266226812200061858e+01,9.377216347698533738e+00
-1.457101790045218692e+01,3.355275051932985253e+00
6.686595318146244971e+00,2.292020180610821467e-01
3.937255970078969103e+00,1.510839657422418014e+01
1.714745150821221031e+01,-1.115855653487417776e+00
1.448496348203660133e+01,9.482309390440715191e+00
4.201611659495144480e+00,6.229134919375146850e+00
1.298028160020762378e+01,1.386987292477006228e+01
-4.174366740899533745e+00,1.591218957323198246e+01
1.046014927475933654e+01,-9.719249480836090527e+00
-3.368170923636452319e+00,-8.285037777512005874e+00
9.544414594995343393e+00,1.251536602191250758e+01
-1.301817292990959984e+01,4.189824100052183198e+00
-6.514721910447188513e+00,-1.309827985148841734e+01
-5.548617975074644271e+00,-3.501786178215375411e+00
2.971556295901581102e+00,-1.380604429699794622e+01
2.584984067459477064e+00,1.172843117044717998e+00
-1.107369916509326302e+01,1.281881687757552513e+01
-1.418406873377232102e+01,-8.486425355193246034e+00
-1.622823758971915353e+01,-1.789337755613945813e+00
-2.051024082981570906e+00,5.271944007069744309e+00
1.412314076144476939e-02,-3.517576436698313547e+00
-1.425861178663433826e+01,5.456480181749417291e+00
5.325877986655893181e+00,-9.789481016989576290e-01
8.784469393223227840e+00,1.683804417000198228e+01
-1.283336501499189986e+01,-9.668661898880012373e+00
-8.571056722973361630e+00,1.092899967002882455e+01
-1.082156100658410125e+01,-1.454060271041889330e+01
2.121776825434305902e+00,-2.713137676654030273e+00
3.944981217145064889e+00,-2.623425847905612063e+00
5.157459713626505682e+00,1.278416678754267011e+01
-8.382149144990968637e+00,9.124220504237555929e+00
-1.005114848142894202e+00,1.360479483806207135e+01
1.597402882964090587e+01,6.348834472645362936e+00
3.363030931341779439e+00,-4.410284737114379183e+00
-1.663667940979956938e+01,4.596414909738681054e+00
7.284226038830809102e+00,-1.554232857020663827e+00
4.119719299372137655e+00,3.146541964766917943e-01
6.430185553220596262e+00,-1.784458665251901266e+01
-1.420187844779626296e+01,-6.632286095666754200e+00
2.369020863499954999e+00,8.192802160940997780e+00
2.913816042329770095e+00,-1.570130707458407215e+01
1.895650558148365050e+01,-1.252281797378485884e+00
6.526624073112083479e+00,1.420131313135794748e+01
-9.728590586027028309e+00,1.407499551905946866e+01
1.348010360284952647e+01,-1.942389083250387616e+00
9.520862166488784695e+00,1.765861029638727375e+00
1.494342324074277428e+01,-7.099820930241732775e+00
5.817992443259298874e+00,-2.785909053143842407e+00
-1.057907154362285596e+01,8.258276630894709758e-01
1.513672618681885318e+01,1.112567647952025673e+01
9.581794397184529188e+00,1.518481423857764412e+01
-5.537320290935618061e+00,1.719047374337142742e+01
1.307283753368366064e+01,7.653007529218429639e+00
1.353991224032474960e+00,-1.924509748396310282e-01
6.596944979710851698e+00,-1.221479874019434497e+01
4.140867980595718478e+00,8.059969015313141583e+00
1.260783519626929383e+01,-1.323834680710596423e+01
1.755716097445134594e+01,7.243641011787072870e+00
1.135435381787062781e+01,1.470624212853000756e+01
-1.760730444331770528e+01,-3.027573642302309853e+00
-6.378632158069262204e+00,-6.707352903968799573e+00
-5.576589258113542336e+00,1.060008941514013703e+00
-2.470006643170155947e+00,-1.377410688837193398e+01
-1.737281997662416799e+01,6.218091185990055614e+00
-8.768717219299942300e+00,-1.360216575565907426e+01
-4.656581774460102352e+00,-5.025901877797553929e+00
-1.565725096560443497e+01,1.609902257774345813e+00
1.013914571813509014e+01,5.111756072020775754e+00
-2.210840745184693645e+00,1.487387931437525879e+01
-1.859169105649523246e+01,3.770321107507804026e+00
-6.598383850641165616e+00,9.482864274051765463e+00
5.793134326142558521e+00,8.972646930326728665e+00
-1.324763984485607260e+01,-1.361911420843174625e+01
1.492899458878245689e+01,1.074303318538235796e+00
-1.388124998199838522e+01,1.643215472633799967e+00
4.633642000720730181e+00,3.130667046553292199e+00
-9.883377973656216398e+00,3.931765080856607142e+00
-8.790949668521301774e+00,1.148747857090367974e+00
1.531243042113070629e+01,-1.954060120101256626e+00
1.530808855199029495e+01,-3.993420801875035675e+00
-1.834819061582497746e-01,1.516949936266727939e+01
-2.276239775615254146e+00,1.865539434531731189e+01
6.499683369142295497e+00,1.078099205163872831e+01
6.487153899348639952e-01,1.896602696886059647e+01
-1.049385566530029346e+00,3.618015971443164780e+00
1.124358278136214828e+01,1.057588028643405398e+00
9.709154419024660143e+00,6.860208449172950473e+00
-1.213452415027730424e+01,9.736593732033997028e+00
6.574074805467452265e+00,-7.618807197204320758e+00
-2.124034057653434004e+00,2.061844190746458860e+00
1.038587366229077880e+01,9.350496059235487323e+00
4.693319818921122710e+00,-5.708198053108540115e+00
-1.123881453027400834e+00,-1.343098739716860779e+00
-5.212159567659426784e+00,6.291710851691797224e+00
-1.793030416623817658e+01,-4.763487967010133772e+00
5.380583493516643223e+00,1.811000812763430190e+01
8.831273880007385557e+00,-1.088357991664020297e+01
8.643664173322626709e+00,4.031293800111807712e+00
-1.038149782973555624e+01,1.064010835532288723e+01
4.953821195630580654e+00,-8.438238776467684943e+00
1.214230488669583607e+01,-4.903475178362248776e+00
-7.278880727389210215e+00,6.321844722936839744e+00
-9.940346694701410968e+00,-6.080949525379519827e+00
-1.078833262611687260e+01,-1.176083113644712164e+01
1.007232650888233394e+01,-1.510793956891322409e+01
1.182195899452482379e+00,1.098925645988324362e+01
-7.598254876456364215e+00,-9.691402553457038493e+00
1.563361585846375412e+00,-4.476826675931272703e+00
-1.377045443882587961e+01,-4.830745246557213157e+00
-1.742096132523884933e+01,1.177888761284925812e+00
-1.120701280892017415e+01,-7.416120419197862468e+00
-1.879426745867216475e+00,2.909222469615910800e-01
-2.367308169914152494e+00,-2.687152188426322752e+00
-4.029559384137345046e-01,-1.433469202352308791e+01
-3.907695551575041559e+00,7.534604302282049026e+00
-3.429695654737300980e+00,-1.010420185595186382e+01
-1.543985253233741339e+01,6.935959908557823184e+00
-1.096294305540257596e+01,-4.520916102457246843e+00
-6.754666735470421735e+00,-1.124329768508887994e+01
2.678862111957346137e+00,-8.404749339355221949e+00
7.144022095028002006e+00,7.759451568948572131e+00
-7.488676074580387976e+00,-3.291962286158320428e+00
6.505421232641127816e+00,-5.832788700037545127e+00
-1.598054361446282456e+01,9.588620217047456151e+00
-3.073489255182745294e-01,5.868962994592489935e+00
-4.514215744645150963e+00,-6.904287003152901114e+00
-1.601646747045701247e+01,-4.383940349162980255e+00
3.561875636380221088e+00,4.548417868881769799e+00
-1.272738300718657456e+01,-1.375076513003270051e+00
1.190717200707720558e+01,1.247465192207432416e+01
9.728340877491158167e+00,-4.026181116632454149e+00
-2.563255226852637403e+00,1.279723067738334130e+01
4.566069317828987728e+00,-1.457540828015443424e+01
-6.992093178328095959e+00,1.172886227113805546e+01
4.653849699738457524e+00,1.037732432797608340e+01
-4.484885139330215154e+00,9.235862541718887542e+00
1.135356409878588657e+01,-3.214460675184724892e+00
