1.719477421252488591e+00,-2.950130225094457437e+00
-1.388270141373622479e+01,1.097304037971344792e+00
1.185070753186177495e+00,-1.438093925203564005e+01
-2.326738379217073049e+00,-1.386849697911122803e+01
-2.115395508174579664e+00,-1.210084821904482766e+01
4.089053758563458096e+00,2.239690726155047162e+00
-3.973471785491702768e+00,1.052357204237645938e+01
-7.816877075017736765e+00,-2.987279125356327558e+00
1.151582567614335240e+01,1.208884943870684125e+01
1.216382509626871489e+01,-6.646314688787756886e+00
-2.783784399429242384e+00,5.528327231833873867e+00
2.485585904404931323e+00,-5.550286234432061150e+00
1.262979947282490301e+01,1.068318616963173362e+01
-9.802206393537606033e+00,1.172012532946890673e+01
9.407691579571158869e+00,-1.828340793302814848e+00
9.221442661042637212e+00,-3.589219115343069699e+00
-1.043140467379001457e+00,-8.299821793489293498e+00
-1.038049890438716361e+01,9.589497777315386884e+00
8.339333772590608040e-01,1.749350953593877023e+01
-2.405913099753362427e+00,1.981540443720939404e+00
1.187419197626859635e+01,1.119322785269043052e+00
1.118568729008630669e+01,-1.613615921443706913e+00
8.825837614827692690e+00,3.910381979181553280e+00
-3.827180031615199596e+00,-1.665078010316091195e+01
-3.745692866815136246e-01,-2.970375507614447130e+00
2.808625482161602349e+00,1.418328325539568979e+01
1.690308459141777186e+00,3.811580980872351976e+00
-1.007068046037613485e+01,2.426614353417325010e+00
-4.497705553031578596e+00,1.489849956820363097e+01
4.086123777026138826e-01,8.800698431903310137e+00
1.971800706947600901e+00,1.261667063722976678e+01
-1.070625391113861546e+01,1.331284698751807838e+01
-6.063517971854440525e+00,-1.572855039475964034e+01
-1.165500602623251325e+01,5.909989064270497749e+00
-1.143916719001634874e+01,-7.368665562967034788e+00
-1.318426616645882810e+01,-7.762469613094346244e+00
-1.704918376121834456e+01,-2.276211892958520444e+00
-6.289213085781394375e-01,1.612985450025987078e+01
5.793160322543095653e+00,-1.735281063102708243e+00
-3.350324233725684220e+00,1.626513633015668958e+01
1.153017341543877450e+01,7.500115858793291679e+00
7.403524424130591974e+00,1.137370532515366151e+01
6.202744944828660678e+00,1.527141492127774924e+01
-1.225889059547546012e+01,-1.449796192925083993e+01
3.877428219385392172e+00,1.042507923607586839e+01
-1.470347724606647866e+01,-1.202248155890344350e+01
-2.894980002316692946e+00,7.379209459591407061e+00
1.101123793390790251e+00,-7.903041297717373403e+00
-1.146416961401216739e+01,-6.723544771313891832e-01
-5.933924301871295270e+00,-2.959067149871425162e+00
9.652211972773441673e+00,7.416708621149517455e+00
-7.012517978387260875e+00,-9.872529483073158474e+00
-7.065596459420826037e+00,8.606415949485503702e+00
-1.182110267090713585e+01,-1.099074291857817798e+01
-4.090939511543819407e+00,1.218082310576156235e+00
1.393032756458737964e+01,5.891652098863736420e+00
5.520336208976762471e+00,-1.237175273159528821e+01
1.487508013328600676e+01,-7.100292610637781027e-03
7.351816529265461142e+00,-1.027333929529945600e+01
4.273358976332910508e+00,-8.702195005769620906e+00
-1.199611715914439358e+01,-9.091585524966180998e+00
-5.389824809363593872e+00,7.813050660767080657e+00
9.337535108127701378e+00,-1.374693515651794229e+01
-1.291833012872769793e+01,4.600656067845366515e+00
-8.616327675818327592e+00,9.694486550088818433e+00
5.532918025186385869e+00,7.904247482713886441e+00
1.829538753428240483e+01,1.051257431296494405e+00
4.446775963181412550e+00,1.499069344255925529e+01
-7.546473667403019725e+00,5.043599065703162410e+00
-7.865232461102977801e+00,-8.179695108084038324e+00
-1.727038731006795658e+01,1.374486461211356536e+00
-8.794855581160350155e+00,3.716116220319651386e+00
-5.150929273889124360e+00,-6.391391065921317782e+00
3.261069590076171920e+00,-3.913328714532901653e+00
9.732037655119258446e+00,1.218268760783574578e+01
5.132441382759192372e+00,-3.790013767367546471e+00
1.190179607650368432e+01,-1.383342643356941970e+01
-6.458048436019639738e+00,1.779845443572249764e+01
-7.033171092238965194e+00,1.059333375366080432e+01
1.046792042888526630e+01,3.665885088227933269e-02
5.673790694551779978e+00,1.167542588026191019e+01
1.193509291469510636e+01,5.502184671620310219e+00
9.144066081944716373e+00,-5.810754823976314043e+00
-6.595192303207548790e+00,-1.391281052692583842e+01
6.717477012406097847e-01,-6.190325629996518586e+00
-1.035933977837501851e+00,5.994932034096629891e+00
-8.696285774087536780e+00,7.854062449416002956e+00
8.702344146120861268e+00,-7.003311632065437053e-02
6.342498795762903541e+00,-8.200601948247493667e+00
1.061470480043490738e+01,-4.742116207487788948e+00
3.857325570502497136e+00,-1.852393164012896420e+01
-1.523683590644551522e+01,-2.745515897467726063e+00
2.448252561241210934e+00,-9.124116743422860054e+00
-1.667313141098991025e+01,-8.699150100933255914e+00
7.704571818314564169e+00,-4.771028944389225757e+00
1.864735889148911951e+01,2.892390544430608390e+00
8.326563009447438546e+00,-8.482994010128237505e+00
-6.439000881229087980e+00,-1.200185080148381989e+00
2.227302116238101259e+00,7.174582055940160075e+00
-5.453073916689858969e+00,1.153333934862520138e+01
2.879609303757649563e+00,-1.242186826306020997e+01
-1.382023705848100725e+01,-1.283255377548631282e+00
6.969221114309867016e-01,-4.407252453607481968e+00
1.079332549099894095e-01,4.622867729875437703e+00
-1.473833207363398401e+00,-6.574820812352067279e+00
-4.472078023973824479e+00,3.823660711219842856e+00
-6.938170353728867035e+00,6.725320318190593838e+00
-3.868638428480148939e+00,-1.158808219115667093e+01
-2.856857233160257969e+00,-8.173774085582135029e+00
-1.301407167139369569e+01,2.688563076076947667e+00
7.082847101326854578e+00,3.265264788545218622e+00
6.709847256787554448e-01,-1.531604021403158544e+00
2.007344319120933918e+00,-1.084244119618050917e+01
2.553815898475134460e+00,-1.346433317866380097e+00
-2.904282678860264921e-01,-1.572374586172702138e+01
7.282473901824714879e+00,-1.235935675669505329e+01
7.895148753162354538e+00,1.566654292120052361e+00
-1.346062220097088691e+01,-3.067236710754066120e+00
1.307671348464176653e+01,-1.351908980115595904e+00
-2.717904190988698954e+00,9.188629966250827508e+00
-2.021141231404917527e+00,1.504597338764519243e+01
-8.023846296249454113e+00,1.208996979473147348e+01
-7.554673750279443212e+00,-1.201840904189758952e+01
5.545625096972680801e+00,-1.009601015592011031e+01
1.886482049036980513e+01,-1.003572195447529847e+00
-1.207785251984847719e+01,1.008771261014148557e+01
-1.550068532970844082e+01,6.206301222306996657e+00
6.662864520582301608e+00,6.449582558919811248e+00
-9.395831222443337793e+00,-1.643424862143388765e+01
7.591135158159150187e+00,-6.889530777505546766e+00
-5.694542021009594279e+00,3.986267169486170103e-01
-1.064535400425772593e+01,-4.540948010242203736e+00
-1.520756663176538837e+01,-1.456776536066948236e-01
2.486163234924898546e+00,5.420631168087981067e+00
-5.195462547037599244e+00,-1.280100487966936207e+01
1.666413100307304518e+01,3.329297872408866210e-01
-8.238091476427356952e+00,-1.233864572419345773e+00
2.500474879951938068e+00,1.843179354243191881e+01
6.813452492427289897e+00,-3.241086145147714870e+00
2.205692307275961106e+00,8.990232642398332530e+00
-5.091377458747833984e+00,-4.572337872003314097e+00
-1.897777890271785495e+01,3.046429663219155648e-01
-1.148997048483553485e+01,1.309631262163941434e+00
3.765138951647054366e+00,-1.054756183334552766e+01
9.862373178722691591e+00,-1.099471306031522566e+01
2.965735048213765435e+00,-7.383202327362913486e+00
7.125896278660222904e+00,1.315419972795729642e+01
4.978561159458493535e+00,-7.079720321006767847e+00
-3.620291696984890617e+00,-9.838486247107621097e+00
-4.640706885909202661e+00,-1.123721804955402304e+00
-4.688065579071230005e+00,1.834231253944738071e+01
4.827852542500654098e-01,6.996940325846501274e+00
1.625842548629467288e+01,-3.098743970518986313e+00
-1.656546601839347943e+01,3.162052693572826367e+00
-1.420965716702807669e+01,-6.301606333563464446e+00
-3.343743226311429506e+00,-6.376321532266422842e+00
-6.886767594638720347e+00,-4.557773359282569992e+00
-2.105280056522937926e+00,-3.221598589880521057e+00
-9.756867351198045268e-01,1.166910671655456433e+01
-3.321433077962453240e+00,-4.591871933170057929e+00
9.526354271539755558e+00,2.269867793784669630e+00
1.467261095062242227e+01,-2.274945715230385357e+00
-3.089864742297443900e+00,1.362847218593423193e+01
3.803789254389603247e+00,4.059155930898951326e+00
-1.737944007709134908e+01,6.756797831805447352e+00
1.077949726994709811e+00,1.561722087286587346e+01
-9.699740447091272699e+00,-7.979589006778707194e+00
-9.799736885834485767e-01,9.119013978964445322e-01
1.083575107137387228e+01,-1.539296677169818395e+01
4.031827196392057999e+00,-2.316105197436782337e+00
6.040491947308009202e+00,4.748480960704716480e+00
2.108012952396732143e+00,1.077592178479822316e+01
3.777895349315233631e+00,8.163675028875154283e+00
-7.510876426245131299e+00,3.926049763238455004e-01
-8.855464224166002651e+00,-1.335368843779965964e+01
-1.001736804957438842e+01,-1.665443670587589686e+00
4.589627305458173212e-01,2.024492689172168625e+00
1.012207568669372293e+01,5.689643439023626570e+00
-1.789047422899427753e+00,-1.030074524733863583e+01
1.220983208870882208e+01,-1.030790068157862116e+01
-1.145575708069282150e+01,3.596929794743309650e+00
-1.194588498551509126e+01,7.752589721090751951e+00
-8.058103100680265030e+00,-1.495371414873870819e+01
2.897475805965635587e+00,1.601001025900519537e+01
9.545840485740482606e+00,9.846643473474474106e+00
-1.480874281027742434e+01,2.803978268653886108e+00
-4.392784693858160061e+00,6.368274261070291153e+00
7.634238096794067729e+00,-1.577789807139453826e+00
-6.329098789311510487e+00,1.481582595690994708e+01
1.245934759313189311e+01,-3.008225916819604162e+00
6.150060262079913187e+00,-5.671957890014425629e+00
2.028383471967669660e+00,-1.889020858194658814e+01
-1.704292890894084422e+01,-5.064849311479828753e-01
2.272158208685832292e+00,2.116088932962437941e+00
1.220398583925595659e+01,-8.524234668285920691e+00
7.214165207467290841e+00,8.800008671197451449e+00
5.276872605238497549e+00,1.340490682332591987e+01
-1.315743186323071434e+01,-4.822447471642850481e+00
8.300635391044146161e+00,5.683908148218002054e+00
-1.360772432577812019e+01,6.658880490729939261e+00
-9.595967786697024993e-01,3.089713095294877032e+00
-1.178738821440602358e+01,-2.518893641313438181e+00
-1.114189504581678758e+00,7.862487124338462863e+00
1.056893956860190897e+01,-9.295280339230272304e+00
2.720386990920218295e-01,-1.130715218284231760e+01
6.887314356321585507e+00,2.333047446772290937e-02
-7.421572075854652617e+00,1.628757667330470937e+01
2.356819478362707498e-01,-9.549228789599304434e+00
-4.157381054137913701e+00,-3.007994139438371572e+00
3.110905549397423808e+00,3.997937932771476466e-01
-1.708158318288678146e+01,4.919240303817239202e+00
-9.501432445565258789e+00,6.342565623852846057e-01
1.774572899378517477e+01,-6.104873738737660815e+00
4.194791140093470538e+00,-1.371587406742828463e+01
-9.554405220815567645e+00,1.598273912330963853e+01
-2.891645620804398131e+00,-1.596790456124704161e+00
-1.469351865856420147e+01,4.606844392744030792e+00
-8.977287162651791164e+00,6.087282586413735430e+00
1.214784885610393061e+01,2.924911856671713384e+00
-1.388823750311213168e+01,-9.428237609029059385e+00
-1.502026408541524916e+01,-4.549380589177235201e+00
-1.008837755569922123e+01,-6.238788733552162569e+00
-2.678029004336206054e+00,3.768093484585804731e+00
1.516652030227417569e+01,7.178164039181277545e+00
1.305790392514830867e+00,3.784138011166756077e-01
-8.243716096402245341e+00,2.044199044499116269e+00
4.939933481150628580e+00,-9.909752296406086625e-02
-7.025153161836711568e+00,3.335086794942416333e+00
1.060904641394885495e+01,3.897914561433009073e+00
4.308074588986530173e+00,-5.372668082558967662e+00
4.607502466489572512e+00,5.875584925374643497e+00
-1.841378246110031824e+01,3.691026082096592553e+00
3.965520311178361013e+00,-1.676634478702728259e+01
1.703223612249328056e+01,-1.482854035002267201e+00
6.000322914237140814e+00,1.694663739216414777e+00
-5.472423561276992920e+00,2.351939412909548999e+00
-1.022859140620420426e+01,4.854055867849473849e+00
-1.348360643401730918e+01,8.726797416261595330e+00
-9.052571900235051316e+00,-1.102370418432847998e+01
-1.057614233711976270e+00,1.789741523243790766e+01
-5.733643167494393289e+00,5.147366151462087203e+00
-2.606300436095740025e+00,2.044974753460807593e-01
1.477098642358447655e+01,8.991693194963085389e+00
-5.490948556516123347e+00,9.588723640646975355e+00
6.330108578287340082e-01,1.389548457731370767e+01
-8.394910039707809801e+00,-5.578995315787407705e+00
-2.739984331596013512e+00,1.179843486763964755e+01
-1.761067300644494793e+01,-7.087225101464274424e+00
-1.162243896098446694e+00,-1.253249671386426067e+00
-1.058788524556222832e+01,-1.388165933630375726e+01
-4.102469963854703749e+00,-1.489928083711668272e+01
-5.622176918441666338e+00,-1.104523160290910333e+01
1.657978189308842687e+01,9.222273732363326815e+00
-6.931946751578293764e+00,-6.640635373243029882e+00
-9.813709192383633928e-01,9.881491582232397874e+00
5.588808988278542778e+00,9.671269740230000522e+00
