0.072000 0.971304
0.072025 0.971287
0.072050 0.971268
0.072075 0.971248
0.072100 0.971226
0.072125 0.971202
0.072150 0.971176
0.072175 0.971149
0.072200 0.971121
0.072225 0.971090
0.072250 0.971058
0.072275 0.971025
0.072300 0.970990
0.072325 0.970953
0.072350 0.970914
0.072375 0.970874
0.072400 0.970833
0.072425 0.970790
0.072450 0.970745
0.072475 0.970699
0.072500 0.970651
0.072525 0.970602
0.072550 0.970551
0.072575 0.970498
0.072600 0.970444
0.072625 0.970389
0.072650 0.970332
0.072675 0.970274
0.072700 0.970214
0.072725 0.970153
0.072750 0.970090
0.072775 0.970026
0.072800 0.969961
0.072825 0.969894
0.072850 0.969826
0.072875 0.969756
0.072900 0.969685
0.072925 0.969613
0.072950 0.969540
0.072975 0.969465
0.073000 0.969389
0.073025 0.969311
0.073050 0.969233
0.073075 0.969153
0.073100 0.969072
0.073125 0.968990
0.073150 0.968907
0.073175 0.968822
0.073200 0.968737
0.073225 0.968650
0.073250 0.968562
0.073275 0.968473
0.073300 0.968383
0.073325 0.968292
0.073350 0.968200
0.073375 0.968107
0.073400 0.968014
0.073425 0.967919
0.073450 0.967823
0.073475 0.967726
0.073500 0.967629
0.073525 0.967530
0.073550 0.967431
0.073575 0.967331
0.073600 0.967230
0.073625 0.967128
0.073650 0.967026
0.073675 0.966923
0.073700 0.966819
0.073725 0.966715
0.073750 0.966609
0.073775 0.966504
0.073800 0.966397
0.073825 0.966290
0.073850 0.966183
0.073875 0.966075
0.073900 0.965966
0.073925 0.965857
0.073950 0.965748
0.073975 0.965638
0.074000 0.965528
0.074025 0.965417
0.074050 0.965306
0.074075 0.965194
0.074100 0.965083
0.074125 0.964971
0.074150 0.964859
0.074175 0.964746
0.074200 0.964633
0.074225 0.964521
0.074250 0.964408
0.074275 0.964294
0.074300 0.964181
0.074325 0.964068
0.074350 0.963954
0.074375 0.963841
0.074400 0.963728
0.074425 0.963614
0.074450 0.963501
0.074475 0.963388
0.074500 0.963275
0.074525 0.963162
0.074550 0.963049
0.074575 0.962936
0.074600 0.962824
0.074625 0.962711
0.074650 0.962599
0.074675 0.962488
0.074700 0.962376
0.074725 0.962265
0.074750 0.962155
0.074775 0.962044
0.074800 0.961934
0.074825 0.961825
0.074850 0.961716
0.074875 0.961607
0.074900 0.961499
0.074925 0.961392
0.074950 0.961285
0.074975 0.961178
0.075000 0.961073
0.075025 0.960967
0.075050 0.960863
0.075075 0.960759
0.075100 0.960656
0.075125 0.960554
0.075150 0.960452
0.075175 0.960351
0.075200 0.960251
0.075225 0.960152
0.075250 0.960053
0.075275 0.959956
0.075300 0.959859
0.075325 0.959763
0.075350 0.959668
0.075375 0.959574
0.075400 0.959481
0.075425 0.959389
0.075450 0.959298
0.075475 0.959208
0.075500 0.959120
0.075525 0.959032
0.075550 0.958945
0.075575 0.958859
0.075600 0.958775
0.075625 0.958692
0.075650 0.958609
0.075675 0.958528
0.075700 0.958449
0.075725 0.958370
0.075750 0.958293
0.075775 0.958216
0.075800 0.958142
0.075825 0.958068
0.075850 0.957996
0.075875 0.957925
0.075900 0.957855
0.075925 0.957787
0.075950 0.957720
0.075975 0.957655
0.076000 0.957591
0.076025 0.957528
0.076050 0.957467
0.076075 0.957407
0.076100 0.957349
0.076125 0.957292
0.076150 0.957236
0.076175 0.957182
0.076200 0.957130
0.076225 0.957079
0.076250 0.957029
0.076275 0.956982
0.076300 0.956935
0.076325 0.956890
0.076350 0.956847
0.076375 0.956806
0.076400 0.956766
0.076425 0.956727
0.076450 0.956690
0.076475 0.956655
0.076500 0.956621
0.076525 0.956589
0.076550 0.956559
0.076575 0.956530
0.076600 0.956503
0.076625 0.956477
0.076650 0.956453
0.076675 0.956431
0.076700 0.956411
0.076725 0.956392
0.076750 0.956375
0.076775 0.956359
0.076800 0.956345
0.076825 0.956333
0.076850 0.956323
0.076875 0.956314
0.076900 0.956307
0.076925 0.956301
0.076950 0.956297
0.076975 0.956295
0.077000 0.956295
0.077025 0.956296
0.077050 0.956299
0.077075 0.956304
0.077100 0.956310
0.077125 0.956318
0.077150 0.956327
0.077175 0.956339
0.077200 0.956352
0.077225 0.956366
0.077250 0.956383
0.077275 0.956400
0.077300 0.956420
0.077325 0.956441
0.077350 0.956464
0.077375 0.956489
0.077400 0.956515
0.077425 0.956542
0.077450 0.956572
0.077475 0.956603
0.077500 0.956635
0.077525 0.956669
0.077550 0.956705
0.077575 0.956742
0.077600 0.956781
0.077625 0.956821
0.077650 0.956863
0.077675 0.956906
0.077700 0.956951
0.077725 0.956998
0.077750 0.957046
0.077775 0.957095
0.077800 0.957146
0.077825 0.957198
0.077850 0.957252
0.077875 0.957307
0.077900 0.957364
0.077925 0.957422
0.077950 0.957481
0.077975 0.957542
0.078000 0.957604
0.078025 0.957667
0.078050 0.957732
0.078075 0.957798
0.078100 0.957865
0.078125 0.957934
0.078150 0.958004
0.078175 0.958075
0.078200 0.958147
0.078225 0.958221
0.078250 0.958296
0.078275 0.958372
0.078300 0.958449
0.078325 0.958527
0.078350 0.958606
0.078375 0.958687
0.078400 0.958768
0.078425 0.958851
0.078450 0.958934
0.078475 0.959019
0.078500 0.959104
0.078525 0.959191
0.078550 0.959278
0.078575 0.959367
0.078600 0.959456
0.078625 0.959546
0.078650 0.959637
0.078675 0.959729
0.078700 0.959822
0.078725 0.959916
0.078750 0.960010
0.078775 0.960105
0.078800 0.960201
0.078825 0.960297
0.078850 0.960394
0.078875 0.960492
0.078900 0.960591
0.078925 0.960690
0.078950 0.960790
0.078975 0.960890
0.079000 0.960991
0.079025 0.961092
0.079050 0.961194
0.079075 0.961296
0.079100 0.961399
0.079125 0.961502
0.079150 0.961605
0.079175 0.961709
0.079200 0.961813
0.079225 0.961918
0.079250 0.962023
0.079275 0.962128
0.079300 0.962233
0.079325 0.962338
0.079350 0.962444
0.079375 0.962550
0.079400 0.962656
0.079425 0.962762
0.079450 0.962868
0.079475 0.962975
0.079500 0.963081
0.079525 0.963187
0.079550 0.963293
0.079575 0.963400
0.079600 0.963506
0.079625 0.963612
0.079650 0.963718
0.079675 0.963824
0.079700 0.963929
0.079725 0.964035
0.079750 0.964140
0.079775 0.964245
0.079800 0.964350
0.079825 0.964454
0.079850 0.964558
0.079875 0.964662
0.079900 0.964765
0.079925 0.964868
0.079950 0.964971
0.079975 0.965073
0.080000 0.965174
0.080025 0.965276
0.080050 0.965376
0.080075 0.965476
0.080100 0.965576
0.080125 0.965675
0.080150 0.965773
0.080175 0.965870
0.080200 0.965967
0.080225 0.966064
0.080250 0.966159
0.080275 0.966254
0.080300 0.966348
0.080325 0.966441
0.080350 0.966534
0.080375 0.966625
0.080400 0.966716
0.080425 0.966806
0.080450 0.966895
0.080475 0.966983
0.080500 0.967070
0.080525 0.967157
0.080550 0.967242
0.080575 0.967326
0.080600 0.967409
0.080625 0.967491
0.080650 0.967573
0.080675 0.967653
0.080700 0.967731
0.080725 0.967809
0.080750 0.967886
0.080775 0.967961
0.080800 0.968036
0.080825 0.968109
0.080850 0.968181
0.080875 0.968252
0.080900 0.968321
0.080925 0.968389
0.080950 0.968456
0.080975 0.968522
0.081000 0.968586
0.081025 0.968649
0.081050 0.968711
0.081075 0.968771
0.081100 0.968830
0.081125 0.968887
0.081150 0.968943
0.081175 0.968998
0.081200 0.969051
0.081225 0.969103
0.081250 0.969154
0.081275 0.969202
0.081300 0.969250
0.081325 0.969296
0.081350 0.969340
0.081375 0.969383
0.081400 0.969424
0.081425 0.969464
0.081450 0.969503
0.081475 0.969539
0.081500 0.969574
0.081525 0.969608
0.081550 0.969640
0.081575 0.969670
0.081600 0.969699
0.081625 0.969726
0.081650 0.969752
0.081675 0.969776
0.081700 0.969798
0.081725 0.969819
0.081750 0.969838
0.081775 0.969855
0.081800 0.969871
0.081825 0.969885
0.081850 0.969898
0.081875 0.969909
0.081900 0.969918
0.081925 0.969925
0.081950 0.969931
0.081975 0.969935
0.082000 0.969937
0.082025 0.969938
0.082050 0.969937
0.082075 0.969935
0.082100 0.969930
0.082125 0.969924
0.082150 0.969917
0.082175 0.969907
0.082200 0.969896
0.082225 0.969884
0.082250 0.969870
0.082275 0.969854
0.082300 0.969836
0.082325 0.969817
0.082350 0.969796
0.082375 0.969773
0.082400 0.969749
0.082425 0.969723
0.082450 0.969695
0.082475 0.969666
0.082500 0.969635
0.082525 0.969603
0.082550 0.969569
0.082575 0.969533
0.082600 0.969496
0.082625 0.969457
0.082650 0.969416
0.082675 0.969374
0.082700 0.969331
0.082725 0.969286
0.082750 0.969239
0.082775 0.969191
0.082800 0.969141
0.082825 0.969090
0.082850 0.969037
0.082875 0.968983
0.082900 0.968927
0.082925 0.968870
0.082950 0.968811
0.082975 0.968751
0.083000 0.968689
0.083025 0.968626
0.083050 0.968562
0.083075 0.968496
0.083100 0.968429
0.083125 0.968361
0.083150 0.968291
0.083175 0.968220
0.083200 0.968147
0.083225 0.968074
0.083250 0.967999
0.083275 0.967922
0.083300 0.967845
0.083325 0.967766
0.083350 0.967686
0.083375 0.967605
0.083400 0.967522
0.083425 0.967439
0.083450 0.967354
0.083475 0.967269
0.083500 0.967182
0.083525 0.967094
0.083550 0.967005
0.083575 0.966915
0.083600 0.966824
0.083625 0.966732
0.083650 0.966639
0.083675 0.966545
0.083700 0.966450
0.083725 0.966354
0.083750 0.966258
0.083775 0.966160
0.083800 0.966062
0.083825 0.965962
0.083850 0.965862
0.083875 0.965761
0.083900 0.965660
0.083925 0.965558
0.083950 0.965455
0.083975 0.965351
0.084000 0.965247
0.084025 0.965142
0.084050 0.965036
0.084075 0.964930
0.084100 0.964823
0.084125 0.964716
0.084150 0.964608
0.084175 0.964499
0.084200 0.964390
0.084225 0.964281
0.084250 0.964172
0.084275 0.964061
0.084300 0.963951
0.084325 0.963840
0.084350 0.963729
0.084375 0.963618
0.084400 0.963506
0.084425 0.963394
0.084450 0.963282
0.084475 0.963169
0.084500 0.963057
0.084525 0.962944
0.084550 0.962832
0.084575 0.962719
0.084600 0.962606
0.084625 0.962493
0.084650 0.962380
0.084675 0.962267
0.084700 0.962154
0.084725 0.962041
0.084750 0.961928
0.084775 0.961815
0.084800 0.961703
0.084825 0.961590
0.084850 0.961478
0.084875 0.961366
0.084900 0.961254
0.084925 0.961143
0.084950 0.961032
0.084975 0.960921
0.085000 0.960810
0.085025 0.960700
0.085050 0.960590
0.085075 0.960481
0.085100 0.960372
0.085125 0.960264
0.085150 0.960156
0.085175 0.960048
0.085200 0.959941
0.085225 0.959835
0.085250 0.959729
0.085275 0.959624
0.085300 0.959520
0.085325 0.959416
0.085350 0.959313
0.085375 0.959210
0.085400 0.959108
0.085425 0.959007
0.085450 0.958907
0.085475 0.958808
0.085500 0.958709
0.085525 0.958611
0.085550 0.958515
0.085575 0.958419
0.085600 0.958323
0.085625 0.958229
0.085650 0.958136
0.085675 0.958044
0.085700 0.957953
0.085725 0.957862
0.085750 0.957773
0.085775 0.957685
0.085800 0.957598
0.085825 0.957512
0.085850 0.957427
0.085875 0.957343
0.085900 0.957261
0.085925 0.957179
0.085950 0.957099
0.085975 0.957020
0.086000 0.956942
0.086025 0.956866
0.086050 0.956790
0.086075 0.956716
0.086100 0.956644
0.086125 0.956572
0.086150 0.956502
0.086175 0.956433
0.086200 0.956366
0.086225 0.956300
0.086250 0.956235
0.086275 0.956172
0.086300 0.956110
0.086325 0.956050
0.086350 0.955991
0.086375 0.955933
0.086400 0.955877
0.086425 0.955822
0.086450 0.955769
0.086475 0.955717
0.086500 0.955667
0.086525 0.955619
0.086550 0.955572
0.086575 0.955526
0.086600 0.955482
0.086625 0.955440
0.086650 0.955399
0.086675 0.955360
0.086700 0.955322
0.086725 0.955286
0.086750 0.955252
0.086775 0.955219
0.086800 0.955187
0.086825 0.955158
0.086850 0.955130
0.086875 0.955104
0.086900 0.955079
0.086925 0.955056
0.086950 0.955034
0.086975 0.955015
0.087000 0.954997
0.087025 0.954980
0.087050 0.954965
0.087075 0.954952
0.087100 0.954941
0.087125 0.954931
0.087150 0.954923
0.087175 0.954917
0.087200 0.954912
0.087225 0.954909
0.087250 0.954907
0.087275 0.954908
0.087300 0.954910
0.087325 0.954913
0.087350 0.954919
0.087375 0.954926
0.087400 0.954934
0.087425 0.954945
0.087450 0.954957
0.087475 0.954970
0.087500 0.954986
0.087525 0.955002
0.087550 0.955021
0.087575 0.955041
0.087600 0.955063
0.087625 0.955087
0.087650 0.955112
0.087675 0.955138
0.087700 0.955167
0.087725 0.955197
0.087750 0.955228
0.087775 0.955261
0.087800 0.955296
0.087825 0.955332
0.087850 0.955370
0.087875 0.955409
0.087900 0.955450
0.087925 0.955493
0.087950 0.955537
0.087975 0.955582
0.088000 0.955629
0.088025 0.955677
0.088050 0.955727
0.088075 0.955779
0.088100 0.955831
0.088125 0.955885
0.088150 0.955941
0.088175 0.955998
0.088200 0.956057
0.088225 0.956116
0.088250 0.956178
0.088275 0.956240
0.088300 0.956304
0.088325 0.956369
0.088350 0.956435
0.088375 0.956503
0.088400 0.956572
0.088425 0.956642
0.088450 0.956714
0.088475 0.956787
0.088500 0.956860
0.088525 0.956935
0.088550 0.957012
0.088575 0.957089
0.088600 0.957167
0.088625 0.957247
0.088650 0.957328
0.088675 0.957409
0.088700 0.957492
0.088725 0.957576
0.088750 0.957661
0.088775 0.957747
0.088800 0.957833
0.088825 0.957921
0.088850 0.958009
0.088875 0.958099
0.088900 0.958189
0.088925 0.958281
0.088950 0.958373
0.088975 0.958465
0.089000 0.958559
0.089025 0.958653
0.089050 0.958749
0.089075 0.958844
0.089100 0.958941
0.089125 0.959038
0.089150 0.959136
0.089175 0.959235
0.089200 0.959334
0.089225 0.959433
0.089250 0.959534
0.089275 0.959634
0.089300 0.959736
0.089325 0.959837
0.089350 0.959939
0.089375 0.960042
0.089400 0.960145
0.089425 0.960248
0.089450 0.960352
0.089475 0.960456
0.089500 0.960561
0.089525 0.960665
0.089550 0.960770
0.089575 0.960875
0.089600 0.960981
0.089625 0.961086
0.089650 0.961192
0.089675 0.961298
0.089700 0.961404
0.089725 0.961510
0.089750 0.961616
0.089775 0.961722
0.089800 0.961828
0.089825 0.961934
0.089850 0.962040
0.089875 0.962146
0.089900 0.962251
0.089925 0.962357
0.089950 0.962462
0.089975 0.962568
0.090000 0.962673
0.090025 0.962778
0.090050 0.962882
0.090075 0.962987
0.090100 0.963091
0.090125 0.963194
0.090150 0.963298
0.090175 0.963401
0.090200 0.963503
0.090225 0.963605
0.090250 0.963707
0.090275 0.963808
0.090300 0.963909
0.090325 0.964009
0.090350 0.964108
0.090375 0.964207
0.090400 0.964306
0.090425 0.964404
0.090450 0.964501
0.090475 0.964597
0.090500 0.964693
0.090525 0.964788
0.090550 0.964882
0.090575 0.964976
0.090600 0.965068
0.090625 0.965160
0.090650 0.965251
0.090675 0.965342
0.090700 0.965431
0.090725 0.965519
0.090750 0.965607
0.090775 0.965694
0.090800 0.965779
0.090825 0.965864
0.090850 0.965947
0.090875 0.966030
0.090900 0.966112
0.090925 0.966192
0.090950 0.966272
0.090975 0.966350
0.091000 0.966427
0.091025 0.966503
0.091050 0.966578
0.091075 0.966652
0.091100 0.966724
0.091125 0.966795
0.091150 0.966865
0.091175 0.966934
0.091200 0.967002
0.091225 0.967068
0.091250 0.967133
0.091275 0.967197
0.091300 0.967259
0.091325 0.967320
0.091350 0.967380
0.091375 0.967438
0.091400 0.967495
0.091425 0.967550
0.091450 0.967604
0.091475 0.967657
0.091500 0.967708
0.091525 0.967757
0.091550 0.967806
0.091575 0.967852
0.091600 0.967898
0.091625 0.967941
0.091650 0.967984
0.091675 0.968024
0.091700 0.968063
0.091725 0.968101
0.091750 0.968137
0.091775 0.968172
0.091800 0.968204
0.091825 0.968236
0.091850 0.968265
0.091875 0.968294
0.091900 0.968320
0.091925 0.968345
0.091950 0.968368
0.091975 0.968390
0.092000 0.968410
0.092025 0.968428
0.092050 0.968445
0.092075 0.968460
0.092100 0.968474
0.092125 0.968486
0.092150 0.968496
0.092175 0.968504
0.092200 0.968511
0.092225 0.968516
0.092250 0.968520
0.092275 0.968521
0.092300 0.968522
0.092325 0.968520
0.092350 0.968517
0.092375 0.968512
0.092400 0.968505
0.092425 0.968497
0.092450 0.968487
0.092475 0.968476
0.092500 0.968463
0.092525 0.968448
0.092550 0.968431
0.092575 0.968413
0.092600 0.968393
0.092625 0.968371
0.092650 0.968348
0.092675 0.968323
0.092700 0.968297
0.092725 0.968269
0.092750 0.968239
0.092775 0.968208
0.092800 0.968175
0.092825 0.968140
0.092850 0.968104
0.092875 0.968066
0.092900 0.968027
0.092925 0.967986
0.092950 0.967944
0.092975 0.967900
0.093000 0.967854
0.093025 0.967807
0.093050 0.967758
0.093075 0.967708
0.093100 0.967657
0.093125 0.967603
0.093150 0.967549
0.093175 0.967493
0.093200 0.967435
0.093225 0.967376
0.093250 0.967316
0.093275 0.967254
0.093300 0.967191
0.093325 0.967126
0.093350 0.967060
0.093375 0.966992
0.093400 0.966924
0.093425 0.966854
0.093450 0.966782
0.093475 0.966710
0.093500 0.966636
0.093525 0.966560
0.093550 0.966484
0.093575 0.966406
0.093600 0.966327
0.093625 0.966247
0.093650 0.966166
0.093675 0.966083
0.093700 0.966000
0.093725 0.965915
0.093750 0.965829
0.093775 0.965742
0.093800 0.965654
0.093825 0.965565
0.093850 0.965475
0.093875 0.965384
0.093900 0.965292
0.093925 0.965199
0.093950 0.965105
0.093975 0.965010
0.094000 0.964914
0.094025 0.964817
0.094050 0.964720
0.094075 0.964621
0.094100 0.964522
0.094125 0.964422
0.094150 0.964321
0.094175 0.964220
0.094200 0.964117
0.094225 0.964015
0.094250 0.963911
0.094275 0.963807
0.094300 0.963702
0.094325 0.963596
0.094350 0.963490
0.094375 0.963384
0.094400 0.963276
0.094425 0.963169
0.094450 0.963061
0.094475 0.962952
0.094500 0.962843
0.094525 0.962733
0.094550 0.962624
0.094575 0.962513
0.094600 0.962403
0.094625 0.962292
0.094650 0.962181
0.094675 0.962069
0.094700 0.961958
0.094725 0.961846
0.094750 0.961734
0.094775 0.961622
0.094800 0.961509
0.094825 0.961397
0.094850 0.961284
0.094875 0.961172
0.094900 0.961059
0.094925 0.960947
0.094950 0.960834
0.094975 0.960722
0.095000 0.960609
0.095025 0.960497
0.095050 0.960384
0.095075 0.960272
0.095100 0.960160
0.095125 0.960049
0.095150 0.959937
0.095175 0.959826
0.095200 0.959715
0.095225 0.959604
0.095250 0.959494
0.095275 0.959384
0.095300 0.959274
0.095325 0.959165
0.095350 0.959056
0.095375 0.958948
0.095400 0.958840
0.095425 0.958733
0.095450 0.958626
0.095475 0.958519
0.095500 0.958414
0.095525 0.958309
0.095550 0.958204
0.095575 0.958100
0.095600 0.957997
0.095625 0.957894
0.095650 0.957793
0.095675 0.957692
0.095700 0.957591
0.095725 0.957492
0.095750 0.957393
0.095775 0.957295
0.095800 0.957198
0.095825 0.957102
0.095850 0.957006
0.095875 0.956912
0.095900 0.956819
0.095925 0.956726
0.095950 0.956635
0.095975 0.956544
0.096000 0.956455
0.096025 0.956366
0.096050 0.956279
0.096075 0.956192
0.096100 0.956107
0.096125 0.956023
0.096150 0.955940
0.096175 0.955858
0.096200 0.955778
0.096225 0.955698
0.096250 0.955620
0.096275 0.955543
0.096300 0.955467
0.096325 0.955393
0.096350 0.955319
0.096375 0.955247
0.096400 0.955177
0.096425 0.955107
0.096450 0.955040
0.096475 0.954973
0.096500 0.954908
0.096525 0.954844
0.096550 0.954781
0.096575 0.954720
0.096600 0.954661
0.096625 0.954602
0.096650 0.954546
0.096675 0.954490
0.096700 0.954437
0.096725 0.954384
0.096750 0.954333
0.096775 0.954284
0.096800 0.954236
0.096825 0.954190
0.096850 0.954145
0.096875 0.954102
0.096900 0.954061
0.096925 0.954021
0.096950 0.953982
0.096975 0.953945
0.097000 0.953910
0.097025 0.953876
0.097050 0.953844
0.097075 0.953814
0.097100 0.953785
0.097125 0.953758
0.097150 0.953732
0.097175 0.953708
0.097200 0.953686
0.097225 0.953666
0.097250 0.953647
0.097275 0.953629
0.097300 0.953614
0.097325 0.953600
0.097350 0.953587
0.097375 0.953577
0.097400 0.953568
0.097425 0.953560
0.097450 0.953555
0.097475 0.953551
0.097500 0.953548
0.097525 0.953548
0.097550 0.953549
0.097575 0.953551
0.097600 0.953556
0.097625 0.953562
0.097650 0.953570
0.097675 0.953579
0.097700 0.953590
0.097725 0.953603
0.097750 0.953617
0.097775 0.953633
0.097800 0.953650
0.097825 0.953670
0.097850 0.953691
0.097875 0.953713
0.097900 0.953737
0.097925 0.953763
0.097950 0.953790
0.097975 0.953819
0.098000 0.953850
0.098025 0.953882
0.098050 0.953915
0.098075 0.953951
0.098100 0.953988
0.098125 0.954026
0.098150 0.954066
0.098175 0.954107
0.098200 0.954150
0.098225 0.954195
0.098250 0.954241
0.098275 0.954288
0.098300 0.954337
0.098325 0.954387
0.098350 0.954439
0.098375 0.954492
0.098400 0.954547
0.098425 0.954603
0.098450 0.954661
0.098475 0.954719
0.098500 0.954780
0.098525 0.954841
0.098550 0.954904
0.098575 0.954968
0.098600 0.955034
0.098625 0.955101
0.098650 0.955169
0.098675 0.955238
0.098700 0.955309
0.098725 0.955381
0.098750 0.955454
0.098775 0.955528
0.098800 0.955603
0.098825 0.955680
0.098850 0.955757
0.098875 0.955836
0.098900 0.955916
0.098925 0.955997
0.098950 0.956079
0.098975 0.956162
0.099000 0.956246
0.099025 0.956331
0.099050 0.956416
0.099075 0.956503
0.099100 0.956591
0.099125 0.956680
0.099150 0.956770
0.099175 0.956860
0.099200 0.956951
0.099225 0.957044
0.099250 0.957137
0.099275 0.957230
0.099300 0.957325
0.099325 0.957420
0.099350 0.957516
0.099375 0.957612
0.099400 0.957710
0.099425 0.957808
0.099450 0.957906
0.099475 0.958005
0.099500 0.958105
0.099525 0.958205
0.099550 0.958306
0.099575 0.958407
0.099600 0.958509
0.099625 0.958611
0.099650 0.958713
0.099675 0.958816
0.099700 0.958919
0.099725 0.959023
0.099750 0.959127
0.099775 0.959231
0.099800 0.959336
0.099825 0.959440
0.099850 0.959545
0.099875 0.959651
0.099900 0.959756
0.099925 0.959861
0.099950 0.959967
0.099975 0.960073
0.100000 0.960178
0.100025 0.960284
0.100050 0.960390
0.100075 0.960496
0.100100 0.960601
0.100125 0.960707
0.100150 0.960813
0.100175 0.960918
0.100200 0.961023
0.100225 0.961129
0.100250 0.961234
0.100275 0.961338
0.100300 0.961443
0.100325 0.961547
0.100350 0.961651
0.100375 0.961755
0.100400 0.961858
0.100425 0.961961
0.100450 0.962063
0.100475 0.962166
0.100500 0.962267
0.100525 0.962368
0.100550 0.962469
0.100575 0.962569
0.100600 0.962669
0.100625 0.962768
0.100650 0.962867
0.100675 0.962965
0.100700 0.963062
0.100725 0.963158
0.100750 0.963254
0.100775 0.963350
0.100800 0.963444
0.100825 0.963538
0.100850 0.963631
0.100875 0.963723
0.100900 0.963814
0.100925 0.963905
0.100950 0.963995
0.100975 0.964083
0.101000 0.964171
0.101025 0.964258
0.101050 0.964344
0.101075 0.964429
0.101100 0.964513
0.101125 0.964596
0.101150 0.964678
0.101175 0.964759
0.101200 0.964839
0.101225 0.964918
0.101250 0.964996
0.101275 0.965072
0.101300 0.965148
0.101325 0.965222
0.101350 0.965295
0.101375 0.965367
0.101400 0.965437
0.101425 0.965507
0.101450 0.965575
0.101475 0.965642
0.101500 0.965707
0.101525 0.965772
0.101550 0.965835
0.101575 0.965896
0.101600 0.965957
0.101625 0.966016
0.101650 0.966073
0.101675 0.966129
0.101700 0.966184
0.101725 0.966237
0.101750 0.966289
0.101775 0.966340
0.101800 0.966389
0.101825 0.966436
0.101850 0.966482
0.101875 0.966527
0.101900 0.966570
0.101925 0.966611
0.101950 0.966651
0.101975 0.966690
0.102000 0.966727
0.102025 0.966762
0.102050 0.966796
0.102075 0.966828
0.102100 0.966859
0.102125 0.966888
0.102150 0.966915
0.102175 0.966941
0.102200 0.966966
0.102225 0.966988
0.102250 0.967009
0.102275 0.967029
0.102300 0.967046
0.102325 0.967062
0.102350 0.967077
0.102375 0.967090
0.102400 0.967101
0.102425 0.967110
0.102450 0.967118
0.102475 0.967124
0.102500 0.967129
0.102525 0.967132
0.102550 0.967133
0.102575 0.967132
0.102600 0.967130
0.102625 0.967126
0.102650 0.967121
0.102675 0.967114
0.102700 0.967105
0.102725 0.967095
0.102750 0.967082
0.102775 0.967069
0.102800 0.967053
0.102825 0.967036
0.102850 0.967017
0.102875 0.966997
0.102900 0.966975
0.102925 0.966951
0.102950 0.966926
0.102975 0.966899
0.103000 0.966870
0.103025 0.966840
0.103050 0.966808
0.103075 0.966775
0.103100 0.966740
0.103125 0.966703
0.103150 0.966665
0.103175 0.966625
0.103200 0.966584
0.103225 0.966541
0.103250 0.966496
0.103275 0.966450
0.103300 0.966403
0.103325 0.966354
0.103350 0.966303
0.103375 0.966251
0.103400 0.966198
0.103425 0.966143
0.103450 0.966086
0.103475 0.966028
0.103500 0.965969
0.103525 0.965908
0.103550 0.965846
0.103575 0.965782
0.103600 0.965717
0.103625 0.965651
0.103650 0.965583
0.103675 0.965514
0.103700 0.965444
0.103725 0.965372
0.103750 0.965299
0.103775 0.965225
0.103800 0.965150
0.103825 0.965073
0.103850 0.964995
0.103875 0.964916
0.103900 0.964836
0.103925 0.964754
0.103950 0.964671
0.103975 0.964588
0.104000 0.964503
0.104025 0.964417
0.104050 0.964330
0.104075 0.964242
0.104100 0.964152
0.104125 0.964062
0.104150 0.963971
0.104175 0.963879
0.104200 0.963786
0.104225 0.963692
0.104250 0.963597
0.104275 0.963501
0.104300 0.963404
0.104325 0.963307
0.104350 0.963208
0.104375 0.963109
0.104400 0.963009
0.104425 0.962909
0.104450 0.962807
0.104475 0.962705
0.104500 0.962602
0.104525 0.962499
0.104550 0.962395
0.104575 0.962290
0.104600 0.962184
0.104625 0.962078
0.104650 0.961972
0.104675 0.961865
0.104700 0.961758
0.104725 0.961650
0.104750 0.961541
0.104775 0.961432
0.104800 0.961323
0.104825 0.961213
0.104850 0.961103
0.104875 0.960993
0.104900 0.960883
0.104925 0.960772
0.104950 0.960661
0.104975 0.960549
0.105000 0.960438
0.105025 0.960326
0.105050 0.960214
0.105075 0.960102
0.105100 0.959990
0.105125 0.959878
0.105150 0.959766
0.105175 0.959654
0.105200 0.959541
0.105225 0.959429
0.105250 0.959317
0.105275 0.959205
0.105300 0.959093
0.105325 0.958981
0.105350 0.958870
0.105375 0.958758
0.105400 0.958647
0.105425 0.958536
0.105450 0.958425
0.105475 0.958315
0.105500 0.958204
0.105525 0.958095
0.105550 0.957985
0.105575 0.957876
0.105600 0.957767
0.105625 0.957659
0.105650 0.957551
0.105675 0.957444
0.105700 0.957337
0.105725 0.957231
0.105750 0.957125
0.105775 0.957020
0.105800 0.956916
0.105825 0.956812
0.105850 0.956708
0.105875 0.956606
0.105900 0.956504
0.105925 0.956403
0.105950 0.956302
0.105975 0.956203
0.106000 0.956104
0.106025 0.956006
0.106050 0.955909
0.106075 0.955812
0.106100 0.955717
0.106125 0.955622
0.106150 0.955529
0.106175 0.955436
0.106200 0.955344
0.106225 0.955253
0.106250 0.955163
0.106275 0.955075
0.106300 0.954987
0.106325 0.954900
0.106350 0.954815
0.106375 0.954730
0.106400 0.954647
0.106425 0.954565
0.106450 0.954484
0.106475 0.954404
0.106500 0.954325
0.106525 0.954248
0.106550 0.954171
0.106575 0.954096
0.106600 0.954023
0.106625 0.953950
0.106650 0.953879
0.106675 0.953809
0.106700 0.953741
0.106725 0.953673
0.106750 0.953608
0.106775 0.953543
0.106800 0.953480
0.106825 0.953418
0.106850 0.953358
0.106875 0.953299
0.106900 0.953242
0.106925 0.953186
0.106950 0.953132
0.106975 0.953079
0.107000 0.953027
0.107025 0.952977
0.107050 0.952929
0.107075 0.952882
0.107100 0.952836
0.107125 0.952792
0.107150 0.952750
0.107175 0.952709
0.107200 0.952670
0.107225 0.952632
0.107250 0.952596
0.107275 0.952562
0.107300 0.952529
0.107325 0.952498
0.107350 0.952468
0.107375 0.952440
0.107400 0.952414
0.107425 0.952389
0.107450 0.952366
0.107475 0.952344
0.107500 0.952324
0.107525 0.952306
0.107550 0.952290
0.107575 0.952275
0.107600 0.952262
0.107625 0.952250
0.107650 0.952240
0.107675 0.952232
0.107700 0.952225
0.107725 0.952220
0.107750 0.952217
0.107775 0.952215
0.107800 0.952216
0.107825 0.952217
0.107850 0.952221
0.107875 0.952226
0.107900 0.952233
0.107925 0.952241
0.107950 0.952251
0.107975 0.952263
0.108000 0.952276
0.108025 0.952291
0.108050 0.952308
0.108075 0.952326
0.108100 0.952346
0.108125 0.952367
0.108150 0.952390
0.108175 0.952415
0.108200 0.952442
0.108225 0.952469
0.108250 0.952499
0.108275 0.952530
0.108300 0.952563
0.108325 0.952597
0.108350 0.952633
0.108375 0.952670
0.108400 0.952709
0.108425 0.952750
0.108450 0.952792
0.108475 0.952835
0.108500 0.952880
0.108525 0.952927
0.108550 0.952975
0.108575 0.953024
0.108600 0.953075
0.108625 0.953127
0.108650 0.953181
0.108675 0.953236
0.108700 0.953292
0.108725 0.953350
0.108750 0.953410
0.108775 0.953470
0.108800 0.953532
0.108825 0.953596
0.108850 0.953660
0.108875 0.953726
0.108900 0.953793
0.108925 0.953862
0.108950 0.953931
0.108975 0.954002
