0.072000 0.959906
0.072025 0.958681
0.072050 0.957452
0.072075 0.956258
0.072100 0.955133
0.072125 0.954113
0.072150 0.953229
0.072175 0.952506
0.072200 0.951969
0.072225 0.951632
0.072250 0.951505
0.072275 0.951593
0.072300 0.951893
0.072325 0.952396
0.072350 0.953085
0.072375 0.953940
0.072400 0.954934
0.072425 0.956038
0.072450 0.957216
0.072475 0.958434
0.072500 0.959654
0.072525 0.960837
0.072550 0.961949
0.072575 0.962955
0.072600 0.963823
0.072625 0.964529
0.072650 0.965049
0.072675 0.965367
0.072700 0.965475
0.072725 0.965368
0.072750 0.965050
0.072775 0.964530
0.072800 0.963824
0.072825 0.962953
0.072850 0.961945
0.072875 0.960829
0.072900 0.959639
0.072925 0.958412
0.072950 0.957186
0.072975 0.955996
0.073000 0.954881
0.073025 0.953873
0.073050 0.953003
0.073075 0.952298
0.073100 0.951779
0.073125 0.951462
0.073150 0.951356
0.073175 0.951465
0.073200 0.951785
0.073225 0.952306
0.073250 0.953011
0.073275 0.953881
0.073300 0.954887
0.073325 0.955999
0.073350 0.957182
0.073375 0.958402
0.073400 0.959619
0.073425 0.960797
0.073450 0.961899
0.073475 0.962893
0.073500 0.963747
0.073525 0.964435
0.073550 0.964936
0.073575 0.965235
0.073600 0.965322
0.073625 0.965194
0.073650 0.964856
0.073675 0.964318
0.073700 0.963595
0.073725 0.962710
0.073750 0.961690
0.073775 0.960566
0.073800 0.959372
0.073825 0.958144
0.073850 0.956919
0.073875 0.955736
0.073900 0.954630
0.073925 0.953634
0.073950 0.952779
0.073975 0.952091
0.074000 0.951591
0.074025 0.951294
0.074050 0.951209
0.074075 0.951339
0.074100 0.951678
0.074125 0.952217
0.074150 0.952940
0.074175 0.953823
0.074200 0.954841
0.074225 0.955961
0.074250 0.957149
0.074275 0.958369
0.074300 0.959584
0.074325 0.960756
0.074350 0.961849
0.074375 0.962830
0.074400 0.963669
0.074425 0.964339
0.074450 0.964822
0.074475 0.965100
0.074500 0.965167
0.074525 0.965019
0.074550 0.964661
0.074575 0.964104
0.074600 0.963365
0.074625 0.962467
0.074650 0.961435
0.074675 0.960303
0.074700 0.959104
0.074725 0.957875
0.074750 0.956654
0.074775 0.955477
0.074800 0.954380
0.074825 0.953397
0.074850 0.952557
0.074875 0.951887
0.074900 0.951406
0.074925 0.951129
0.074950 0.951065
0.074975 0.951214
0.075000 0.951574
0.075025 0.952131
0.075050 0.952870
0.075075 0.953767
0.075100 0.954796
0.075125 0.955923
0.075150 0.957116
0.075175 0.958337
0.075200 0.959549
0.075225 0.960714
0.075250 0.961798
0.075275 0.962766
0.075300 0.963589
0.075325 0.964243
0.075350 0.964705
0.075375 0.964964
0.075400 0.965010
0.075425 0.964842
0.075450 0.964464
0.075475 0.963889
0.075500 0.963134
0.075525 0.962222
0.075550 0.961180
0.075575 0.960040
0.075600 0.958837
0.075625 0.957608
0.075650 0.956389
0.075675 0.955218
0.075700 0.954132
0.075725 0.953161
0.075750 0.952337
0.075775 0.951685
0.075800 0.951223
0.075825 0.950966
0.075850 0.950923
0.075875 0.951093
0.075900 0.951471
0.075925 0.952047
0.075950 0.952802
0.075975 0.953713
0.076000 0.954752
0.076025 0.955887
0.076050 0.957083
0.076075 0.958305
0.076100 0.959513
0.076125 0.960672
0.076150 0.961745
0.076175 0.962701
0.076200 0.963509
0.076225 0.964144
0.076250 0.964588
0.076275 0.964826
0.076300 0.964851
0.076325 0.964663
0.076350 0.964266
0.076375 0.963673
0.076400 0.962902
0.076425 0.961976
0.076450 0.960924
0.076475 0.959777
0.076500 0.958570
0.076525 0.957340
0.076550 0.956125
0.076575 0.954961
0.076600 0.953885
0.076625 0.952928
0.076650 0.952119
0.076675 0.951484
0.076700 0.951042
0.076725 0.950806
0.076750 0.950782
0.076775 0.950973
0.076800 0.951371
0.076825 0.951964
0.076850 0.952735
0.076875 0.953659
0.076900 0.954709
0.076925 0.955851
0.076950 0.957051
0.076975 0.958272
0.077000 0.959477
0.077025 0.960629
0.077050 0.961692
0.077075 0.962635
0.077100 0.963427
0.077125 0.964044
0.077150 0.964469
0.077175 0.964686
0.077200 0.964691
0.077225 0.964482
0.077250 0.964066
0.077275 0.963455
0.077300 0.962669
0.077325 0.961730
0.077350 0.960667
0.077375 0.959513
0.077400 0.958303
0.077425 0.957073
0.077450 0.955862
0.077475 0.954705
0.077500 0.953639
0.077525 0.952696
0.077550 0.951903
0.077575 0.951286
0.077600 0.950863
0.077625 0.950647
0.077650 0.950645
0.077675 0.950855
0.077700 0.951273
0.077725 0.951884
0.077750 0.952670
0.077775 0.953607
0.077800 0.954667
0.077825 0.955816
0.077850 0.957019
0.077875 0.958240
0.077900 0.959441
0.077925 0.960586
0.077950 0.961638
0.077975 0.962567
0.078000 0.963343
0.078025 0.963943
0.078050 0.964348
0.078075 0.964545
0.078100 0.964529
0.078125 0.964300
0.078150 0.963865
0.078175 0.963237
0.078200 0.962434
0.078225 0.961482
0.078250 0.960410
0.078275 0.959249
0.078300 0.958036
0.078325 0.956807
0.078350 0.955600
0.078375 0.954451
0.078400 0.953395
0.078425 0.952465
0.078450 0.951689
0.078475 0.951090
0.078500 0.950687
0.078525 0.950491
0.078550 0.950509
0.078575 0.950740
0.078600 0.951176
0.078625 0.951805
0.078650 0.952607
0.078675 0.953557
0.078700 0.954626
0.078725 0.955781
0.078750 0.956988
0.078775 0.958208
0.078800 0.959405
0.078825 0.960542
0.078850 0.961584
0.078875 0.962498
0.078900 0.963258
0.078925 0.963840
0.078950 0.964225
0.078975 0.964402
0.079000 0.964366
0.079025 0.964116
0.079050 0.963662
0.079075 0.963016
0.079100 0.962199
0.079125 0.961234
0.079150 0.960152
0.079175 0.958985
0.079200 0.957769
0.079225 0.956541
0.079250 0.955338
0.079275 0.954197
0.079300 0.953153
0.079325 0.952237
0.079350 0.951477
0.079375 0.950896
0.079400 0.950512
0.079425 0.950337
0.079450 0.950376
0.079475 0.950627
0.079500 0.951082
0.079525 0.951728
0.079550 0.952545
0.079575 0.953508
0.079600 0.954586
0.079625 0.955748
0.079650 0.956957
0.079675 0.958176
0.079700 0.959368
0.079725 0.960497
0.079750 0.961528
0.079775 0.962429
0.079800 0.963172
0.079825 0.963735
0.079850 0.964101
0.079875 0.964257
0.079900 0.964200
0.079925 0.963931
0.079950 0.963458
0.079975 0.962795
0.080000 0.961962
0.080025 0.960985
0.080050 0.959894
0.080075 0.958721
0.080100 0.957503
0.080125 0.956276
0.080150 0.955078
0.080175 0.953945
0.080200 0.952912
0.080225 0.952010
0.080250 0.951266
0.080275 0.950704
0.080300 0.950340
0.080325 0.950185
0.080350 0.950245
0.080375 0.950516
0.080400 0.950990
0.080425 0.951653
0.080450 0.952485
0.080475 0.953460
0.080500 0.954547
0.080525 0.955715
0.080550 0.956926
0.080575 0.958144
0.080600 0.959331
0.080625 0.960452
0.080650 0.961471
0.080675 0.962357
0.080700 0.963084
0.080725 0.963629
0.080750 0.963975
0.080775 0.964111
0.080800 0.964033
0.080825 0.963744
0.080850 0.963252
0.080875 0.962572
0.080900 0.961725
0.080925 0.960736
0.080950 0.959635
0.080975 0.958457
0.081000 0.957237
0.081025 0.956011
0.081050 0.954818
0.081075 0.953694
0.081100 0.952672
0.081125 0.951785
0.081150 0.951058
0.081175 0.950514
0.081200 0.950170
0.081225 0.950036
0.081250 0.950116
0.081275 0.950407
0.081300 0.950900
0.081325 0.951580
0.081350 0.952426
0.081375 0.953413
0.081400 0.954509
0.081425 0.955682
0.081450 0.956895
0.081475 0.958112
0.081500 0.959294
0.081525 0.960406
0.081550 0.961413
0.081575 0.962285
0.081600 0.962995
0.081625 0.963521
0.081650 0.963847
0.081675 0.963963
0.081700 0.963865
0.081725 0.963555
0.081750 0.963045
0.081775 0.962348
0.081800 0.961486
0.081825 0.960485
0.081850 0.959376
0.081875 0.958193
0.081900 0.956971
0.081925 0.955747
0.081950 0.954559
0.081975 0.953444
0.082000 0.952434
0.082025 0.951561
0.082050 0.950852
0.082075 0.950327
0.082100 0.950003
0.082125 0.949889
0.082150 0.949989
0.082175 0.950300
0.082200 0.950811
0.082225 0.951508
0.082250 0.952369
0.082275 0.953367
0.082300 0.954472
0.082325 0.955650
0.082350 0.956865
0.082375 0.958079
0.082400 0.959256
0.082425 0.960359
0.082450 0.961354
0.082475 0.962211
0.082500 0.962904
0.082525 0.963412
0.082550 0.963718
0.082575 0.963813
0.082600 0.963694
0.082625 0.963365
0.082650 0.962836
0.082675 0.962123
0.082700 0.961247
0.082725 0.960234
0.082750 0.959117
0.082775 0.957929
0.082800 0.956705
0.082825 0.955484
0.082850 0.954302
0.082875 0.953195
0.082900 0.952198
0.082925 0.951340
0.082950 0.950647
0.082975 0.950141
0.083000 0.949837
0.083025 0.949744
0.083050 0.949864
0.083075 0.950195
0.083100 0.950725
0.083125 0.951439
0.083150 0.952314
0.083175 0.953323
0.083200 0.954436
0.083225 0.955619
0.083250 0.956835
0.083275 0.958047
0.083300 0.959217
0.083325 0.960311
0.083350 0.961294
0.083375 0.962136
0.083400 0.962812
0.083425 0.963300
0.083450 0.963586
0.083475 0.963661
0.083500 0.963522
0.083525 0.963174
0.083550 0.962626
0.083575 0.961896
0.083600 0.961006
0.083625 0.959983
0.083650 0.958857
0.083675 0.957664
0.083700 0.956440
0.083725 0.955221
0.083750 0.954045
0.083775 0.952948
0.083800 0.951963
0.083825 0.951120
0.083850 0.950445
0.083875 0.949958
0.083900 0.949674
0.083925 0.949601
0.083950 0.949742
0.083975 0.950092
0.084000 0.950641
0.084025 0.951371
0.084050 0.952259
0.084075 0.953280
0.084100 0.954401
0.084125 0.955588
0.084150 0.956805
0.084175 0.958014
0.084200 0.959179
0.084225 0.960263
0.084250 0.961233
0.084275 0.962060
0.084300 0.962718
0.084325 0.963188
0.084350 0.963454
0.084375 0.963508
0.084400 0.963348
0.084425 0.962980
0.084450 0.962415
0.084475 0.961669
0.084500 0.960765
0.084525 0.959731
0.084550 0.958597
0.084575 0.957400
0.084600 0.956175
0.084625 0.954959
0.084650 0.953790
0.084675 0.952702
0.084700 0.951730
0.084725 0.950902
0.084750 0.950245
0.084775 0.949777
0.084800 0.949513
0.084825 0.949461
0.084850 0.949622
0.084875 0.949992
0.084900 0.950558
0.084925 0.951304
0.084950 0.952207
0.084975 0.953238
0.085000 0.954367
0.085025 0.955558
0.085050 0.956775
0.085075 0.957981
0.085100 0.959139
0.085125 0.960213
0.085150 0.961171
0.085175 0.961983
0.085200 0.962623
0.085225 0.963073
0.085250 0.963319
0.085275 0.963353
0.085300 0.963173
0.085325 0.962786
0.085350 0.962202
0.085375 0.961440
0.085400 0.960522
0.085425 0.959478
0.085450 0.958337
0.085475 0.957136
0.085500 0.955910
0.085525 0.954698
0.085550 0.953535
0.085575 0.952458
0.085600 0.951499
0.085625 0.950687
0.085650 0.950046
0.085675 0.949598
0.085700 0.949354
0.085725 0.949322
0.085750 0.949504
0.085775 0.949893
0.085800 0.950477
0.085825 0.951239
0.085850 0.952155
0.085875 0.953197
0.085900 0.954333
0.085925 0.955528
0.085950 0.956745
0.085975 0.957948
0.086000 0.959099
0.086025 0.960163
0.086050 0.961108
0.086075 0.961904
0.086100 0.962527
0.086125 0.962957
0.086150 0.963183
0.086175 0.963196
0.086200 0.962996
0.086225 0.962589
0.086250 0.961988
0.086275 0.961210
0.086300 0.960279
0.086325 0.959224
0.086350 0.958077
0.086375 0.956872
0.086400 0.955646
0.086425 0.954437
0.086450 0.953282
0.086475 0.952215
0.086500 0.951269
0.086525 0.950473
0.086550 0.949850
0.086575 0.949421
0.086600 0.949197
0.086625 0.949186
0.086650 0.949388
0.086675 0.949797
0.086700 0.950399
0.086725 0.951176
0.086750 0.952105
0.086775 0.953157
0.086800 0.954300
0.086825 0.955498
0.086850 0.956715
0.086875 0.957914
0.086900 0.959058
0.086925 0.960112
0.086950 0.961043
0.086975 0.961823
0.087000 0.962428
0.087025 0.962840
0.087050 0.963045
0.087075 0.963038
0.087100 0.962818
0.087125 0.962392
0.087150 0.961772
0.087175 0.960979
0.087200 0.960035
0.087225 0.958970
0.087250 0.957816
0.087275 0.956608
0.087300 0.955383
0.087325 0.954178
0.087350 0.953030
0.087375 0.951973
0.087400 0.951041
0.087425 0.950260
0.087450 0.949656
0.087475 0.949246
0.087500 0.949043
0.087525 0.949053
0.087550 0.949275
0.087575 0.949702
0.087600 0.950322
0.087625 0.951115
0.087650 0.952057
0.087675 0.953118
0.087700 0.954268
0.087725 0.955469
0.087750 0.956686
0.087775 0.957881
0.087800 0.959017
0.087825 0.960060
0.087850 0.960977
0.087875 0.961741
0.087900 0.962328
0.087925 0.962721
0.087950 0.962905
0.087975 0.962877
0.088000 0.962637
0.088025 0.962192
0.088050 0.961556
0.088075 0.960747
0.088100 0.959791
0.088125 0.958716
0.088150 0.957555
0.088175 0.956345
0.088200 0.955120
0.088225 0.953919
0.088250 0.952779
0.088275 0.951733
0.088300 0.950814
0.088325 0.950050
0.088350 0.949464
0.088375 0.949074
0.088400 0.948891
0.088425 0.948921
0.088450 0.949163
0.088475 0.949610
0.088500 0.950247
0.088525 0.951055
0.088550 0.952009
0.088575 0.953081
0.088600 0.954236
0.088625 0.955440
0.088650 0.956656
0.088675 0.957846
0.088700 0.958975
0.088725 0.960007
0.088750 0.960910
0.088775 0.961658
0.088800 0.962227
0.088825 0.962600
0.088850 0.962764
0.088875 0.962716
0.088900 0.962455
0.088925 0.961991
0.088950 0.961338
0.088975 0.960514
0.089000 0.959545
0.089025 0.958461
0.089050 0.957295
0.089075 0.956081
0.089100 0.954858
0.089125 0.953661
0.089150 0.952529
0.089175 0.951494
0.089200 0.950590
0.089225 0.949842
0.089250 0.949274
0.089275 0.948904
0.089300 0.948741
0.089325 0.948792
0.089350 0.949054
0.089375 0.949519
0.089400 0.950173
0.089425 0.950996
0.089450 0.951963
0.089475 0.953044
0.089500 0.954205
0.089525 0.955412
0.089550 0.956626
0.089575 0.957812
0.089600 0.958932
0.089625 0.959953
0.089650 0.960842
0.089675 0.961574
0.089700 0.962124
0.089725 0.962477
0.089750 0.962621
0.089775 0.962552
0.089800 0.962272
0.089825 0.961789
0.089850 0.961118
0.089875 0.960280
0.089900 0.959299
0.089925 0.958206
0.089950 0.957033
0.089975 0.955818
0.090000 0.954596
0.090025 0.953404
0.090050 0.952280
0.090075 0.951257
0.090100 0.950367
0.090125 0.949636
0.090150 0.949086
0.090175 0.948736
0.090200 0.948593
0.090225 0.948665
0.090250 0.948946
0.090275 0.949431
0.090300 0.950102
0.090325 0.950940
0.090350 0.951918
0.090375 0.953008
0.090400 0.954175
0.090425 0.955383
0.090450 0.956596
0.090475 0.957777
0.090500 0.958889
0.090525 0.959898
0.090550 0.960773
0.090575 0.961488
0.090600 0.962019
0.090625 0.962352
0.090650 0.962476
0.090675 0.962387
0.090700 0.962087
0.090725 0.961585
0.090750 0.960898
0.090775 0.960045
0.090800 0.959052
0.090825 0.957950
0.090850 0.956772
0.090875 0.955555
0.090900 0.954335
0.090925 0.953149
0.090950 0.952033
0.090975 0.951022
0.091000 0.950146
0.091025 0.949432
0.091050 0.948901
0.091075 0.948570
0.091100 0.948448
0.091125 0.948540
0.091150 0.948841
0.091175 0.949344
0.091200 0.950032
0.091225 0.950884
0.091250 0.951875
0.091275 0.952973
0.091300 0.954145
0.091325 0.955355
0.091350 0.956566
0.091375 0.957742
0.091400 0.958845
0.091425 0.959842
0.091450 0.960702
0.091475 0.961400
0.091500 0.961913
0.091525 0.962226
0.091550 0.962330
0.091575 0.962220
0.091600 0.961900
0.091625 0.961380
0.091650 0.960676
0.091675 0.959808
0.091700 0.958804
0.091725 0.957694
0.091750 0.956511
0.091775 0.955292
0.091800 0.954074
0.091825 0.952894
0.091850 0.951787
0.091875 0.950788
0.091900 0.949927
0.091925 0.949229
0.091950 0.948717
0.091975 0.948406
0.092000 0.948305
0.092025 0.948417
0.092050 0.948738
0.092075 0.949259
0.092100 0.949964
0.092125 0.950830
0.092150 0.951832
0.092175 0.952939
0.092200 0.954116
0.092225 0.955327
0.092250 0.956536
0.092275 0.957706
0.092300 0.958800
0.092325 0.959785
0.092350 0.960630
0.092375 0.961311
0.092400 0.961805
0.092425 0.962099
0.092450 0.962182
0.092475 0.962051
0.092500 0.961712
0.092525 0.961174
0.092550 0.960453
0.092575 0.959571
0.092600 0.958556
0.092625 0.957437
0.092650 0.956250
0.092675 0.955030
0.092700 0.953814
0.092725 0.952640
0.092750 0.951542
0.092775 0.950555
0.092800 0.949709
0.092825 0.949029
0.092850 0.948536
0.092875 0.948245
0.092900 0.948164
0.092925 0.948296
0.092950 0.948637
0.092975 0.949177
0.093000 0.949898
0.093025 0.950778
0.093050 0.951791
0.093075 0.952905
0.093100 0.954087
0.093125 0.955299
0.093150 0.956506
0.093175 0.957669
0.093200 0.958754
0.093225 0.959726
0.093250 0.960557
0.093275 0.961220
0.093300 0.961696
0.093325 0.961969
0.093350 0.962032
0.093375 0.961881
0.093400 0.961522
0.093425 0.960966
0.093450 0.960229
0.093475 0.959333
0.093500 0.958307
0.093525 0.957181
0.093550 0.955989
0.093575 0.954768
0.093600 0.953555
0.093625 0.952387
0.093650 0.951299
0.093675 0.950325
0.093700 0.949493
0.093725 0.948831
0.093750 0.948357
0.093775 0.948085
0.093800 0.948025
0.093825 0.948178
0.093850 0.948538
0.093875 0.949096
0.093900 0.949833
0.093925 0.950727
0.093950 0.951751
0.093975 0.952873
0.094000 0.954059
0.094025 0.955272
0.094050 0.956475
0.094075 0.957632
0.094100 0.958707
0.094125 0.959667
0.094150 0.960482
0.094175 0.961128
0.094200 0.961585
0.094225 0.961838
0.094250 0.961880
0.094275 0.961709
0.094300 0.961331
0.094325 0.960757
0.094350 0.960003
0.094375 0.959095
0.094400 0.958057
0.094425 0.956924
0.094450 0.955728
0.094475 0.954506
0.094500 0.953296
0.094525 0.952135
0.094550 0.951057
0.094575 0.950095
0.094600 0.949280
0.094625 0.948635
0.094650 0.948180
0.094675 0.947928
0.094700 0.947889
0.094725 0.948062
0.094750 0.948442
0.094775 0.949017
0.094800 0.949770
0.094825 0.950678
0.094850 0.951712
0.094875 0.952841
0.094900 0.954031
0.094925 0.955244
0.094950 0.956445
0.094975 0.957595
0.095000 0.958660
0.095025 0.959607
0.095050 0.960407
0.095075 0.961035
0.095100 0.961472
0.095125 0.961705
0.095150 0.961727
0.095175 0.961536
0.095200 0.961138
0.095225 0.960546
0.095250 0.959777
0.095275 0.958855
0.095300 0.957807
0.095325 0.956666
0.095350 0.955467
0.095375 0.954245
0.095400 0.953039
0.095425 0.951884
0.095450 0.950816
0.095475 0.949868
0.095500 0.949068
0.095525 0.948440
0.095550 0.948005
0.095575 0.947774
0.095600 0.947754
0.095625 0.947947
0.095650 0.948347
0.095675 0.948940
0.095700 0.949709
0.095725 0.950629
0.095750 0.951674
0.095775 0.952810
0.095800 0.954003
0.095825 0.955217
0.095850 0.956414
0.095875 0.957557
0.095900 0.958611
0.095925 0.959545
0.095950 0.960329
0.095975 0.960940
0.096000 0.961358
0.096025 0.961571
0.096050 0.961572
0.096075 0.961361
0.096100 0.960944
0.096125 0.960334
0.096150 0.959549
0.096175 0.958614
0.096200 0.957557
0.096225 0.956409
0.096250 0.955206
0.096275 0.953985
0.096300 0.952782
0.096325 0.951634
0.096350 0.950577
0.096375 0.949642
0.096400 0.948858
0.096425 0.948248
0.096450 0.947832
0.096475 0.947621
0.096500 0.947622
0.096525 0.947836
0.096550 0.948254
0.096575 0.948865
0.096600 0.949649
0.096625 0.950582
0.096650 0.951637
0.096675 0.952780
0.096700 0.953976
0.096725 0.955189
0.096750 0.956382
0.096775 0.957518
0.096800 0.958562
0.096825 0.959482
0.096850 0.960250
0.096875 0.960843
0.096900 0.961242
0.096925 0.961434
0.096950 0.961415
0.096975 0.961184
0.097000 0.960748
0.097025 0.960121
0.097050 0.959321
0.097075 0.958373
0.097100 0.957305
0.097125 0.956151
0.097150 0.954945
0.097175 0.953725
0.097200 0.952526
0.097225 0.951386
0.097250 0.950339
0.097275 0.949418
0.097300 0.948650
0.097325 0.948058
0.097350 0.947661
0.097375 0.947471
0.097400 0.947493
0.097425 0.947726
0.097450 0.948163
0.097475 0.948791
0.097500 0.949591
0.097525 0.950537
0.097550 0.951601
0.097575 0.952750
0.097600 0.953950
0.097625 0.955162
0.097650 0.956351
0.097675 0.957479
0.097700 0.958512
0.097725 0.959418
0.097750 0.960170
0.097775 0.960745
0.097800 0.961124
0.097825 0.961296
0.097850 0.961257
0.097875 0.961005
0.097900 0.960551
0.097925 0.959906
0.097950 0.959091
0.097975 0.958131
0.098000 0.957054
0.098025 0.955893
0.098050 0.954685
0.098075 0.953465
0.098100 0.952271
0.098125 0.951139
0.098150 0.950103
0.098175 0.949196
0.098200 0.948444
0.098225 0.947870
0.098250 0.947493
0.098275 0.947323
0.098300 0.947365
0.098325 0.947618
0.098350 0.948074
0.098375 0.948720
0.098400 0.949534
0.098425 0.950493
0.098450 0.951566
0.098475 0.952721
0.098500 0.953923
0.098525 0.955135
0.098550 0.956318
0.098575 0.957439
0.098600 0.958461
0.098625 0.959353
0.098650 0.960089
0.098675 0.960645
0.098700 0.961005
0.098725 0.961157
0.098750 0.961096
0.098775 0.960825
0.098800 0.960352
0.098825 0.959690
0.098850 0.958860
0.098875 0.957888
0.098900 0.956802
0.098925 0.955635
0.098950 0.954425
0.098975 0.953206
0.099000 0.952017
0.099025 0.950893
0.099050 0.949868
0.099075 0.948975
0.099100 0.948240
0.099125 0.947685
0.099150 0.947327
0.099175 0.947177
0.099200 0.947239
0.099225 0.947513
0.099250 0.947987
0.099275 0.948650
0.099300 0.949479
0.099325 0.950450
0.099350 0.951532
0.099375 0.952693
0.099400 0.953897
0.099425 0.955107
0.099450 0.956286
0.099475 0.957398
0.099500 0.958408
0.099525 0.959287
0.099550 0.960006
0.099575 0.960544
0.099600 0.960884
0.099625 0.961015
0.099650 0.960935
0.099675 0.960644
0.099700 0.960152
0.099725 0.959473
0.099750 0.958628
0.099775 0.957644
0.099800 0.956549
0.099825 0.955377
0.099850 0.954165
0.099875 0.952948
0.099900 0.951763
0.099925 0.950648
0.099950 0.949635
0.099975 0.948756
0.100000 0.948037
0.100025 0.947501
0.100050 0.947163
0.100075 0.947033
0.100100 0.947116
0.100125 0.947409
0.100150 0.947903
0.100175 0.948582
0.100200 0.949425
0.100225 0.950408
0.100250 0.951499
0.100275 0.952665
0.100300 0.953871
0.100325 0.955079
0.100350 0.956253
0.100375 0.957356
0.100400 0.958355
0.100425 0.959219
0.100450 0.959921
0.100475 0.960441
0.100500 0.960761
0.100525 0.960872
0.100550 0.960771
0.100575 0.960461
0.100600 0.959950
0.100625 0.959255
0.100650 0.958396
0.100675 0.957399
0.100700 0.956296
0.100725 0.955119
0.100750 0.953905
0.100775 0.952690
0.100800 0.951511
0.100825 0.950404
0.100850 0.949403
0.100875 0.948539
0.100900 0.947837
0.100925 0.947319
0.100950 0.947001
0.100975 0.946892
0.101000 0.946995
0.101025 0.947308
0.101050 0.947820
0.101075 0.948515
0.101100 0.949373
0.101125 0.950367
0.101150 0.951467
0.101175 0.952638
0.101200 0.953845
0.101225 0.955052
0.101250 0.956220
0.101275 0.957314
0.101300 0.958301
0.101325 0.959150
0.101350 0.959835
0.101375 0.960336
0.101400 0.960636
0.101425 0.960727
0.101450 0.960606
0.101475 0.960276
0.101500 0.959747
0.101525 0.959035
0.101550 0.958162
0.101575 0.957154
0.101600 0.956043
0.101625 0.954861
0.101650 0.953645
0.101675 0.952433
0.101700 0.951259
0.101725 0.950162
0.101750 0.949173
0.101775 0.948324
0.101800 0.947639
0.101825 0.947140
0.101850 0.946841
0.101875 0.946753
0.101900 0.946876
0.101925 0.947208
0.101950 0.947739
0.101975 0.948451
0.102000 0.949323
0.102025 0.950328
0.102050 0.951436
0.102075 0.952612
0.102100 0.953820
0.102125 0.955024
0.102150 0.956186
0.102175 0.957271
0.102200 0.958245
0.102225 0.959080
0.102250 0.959748
0.102275 0.960230
0.102300 0.960510
0.102325 0.960581
0.102350 0.960439
0.102375 0.960089
0.102400 0.959542
0.102425 0.958814
0.102450 0.957927
0.102475 0.956909
0.102500 0.955789
0.102525 0.954603
0.102550 0.953386
0.102575 0.952176
0.102600 0.951009
0.102625 0.949921
0.102650 0.948945
0.102675 0.948110
0.102700 0.947443
0.102725 0.946962
0.102750 0.946684
0.102775 0.946616
0.102800 0.946760
0.102825 0.947111
0.102850 0.947659
0.102875 0.948388
0.102900 0.949274
0.102925 0.950290
0.102950 0.951405
0.102975 0.952585
0.103000 0.953795
0.103025 0.954996
0.103050 0.956151
0.103075 0.957227
0.103100 0.958189
0.103125 0.959008
0.103150 0.959659
0.103175 0.960122
0.103200 0.960382
0.103225 0.960433
0.103250 0.960271
0.103275 0.959902
0.103300 0.959336
0.103325 0.958592
0.103350 0.957692
0.103375 0.956662
0.103400 0.955535
0.103425 0.954345
0.103450 0.953128
0.103475 0.951920
0.103500 0.950760
0.103525 0.949681
0.103550 0.948718
0.103575 0.947899
0.103600 0.947248
0.103625 0.946787
0.103650 0.946529
0.103675 0.946481
0.103700 0.946645
0.103725 0.947016
0.103750 0.947582
0.103775 0.948326
0.103800 0.949226
0.103825 0.950253
0.103850 0.951375
0.103875 0.952560
0.103900 0.953769
0.103925 0.954967
0.103950 0.956117
0.103975 0.957182
0.104000 0.958131
0.104025 0.958935
0.104050 0.959569
0.104075 0.960012
0.104100 0.960253
0.104125 0.960283
0.104150 0.960101
0.104175 0.959712
0.104200 0.959129
0.104225 0.958369
0.104250 0.957455
0.104275 0.956415
0.104300 0.955281
0.104325 0.954087
0.104350 0.952869
0.104375 0.951665
0.104400 0.950512
0.104425 0.949443
0.104450 0.948493
0.104475 0.947689
0.104500 0.947056
0.104525 0.946614
0.104550 0.946376
0.104575 0.946348
0.104600 0.946533
0.104625 0.946923
0.104650 0.947507
0.104675 0.948267
0.104700 0.949179
0.104725 0.950216
0.104750 0.951346
0.104775 0.952534
0.104800 0.953744
0.104825 0.954939
0.104850 0.956081
0.104875 0.957136
0.104900 0.958073
0.104925 0.958861
0.104950 0.959477
0.104975 0.959901
0.105000 0.960122
0.105025 0.960131
0.105050 0.959929
0.105075 0.959521
0.105100 0.958920
0.105125 0.958145
0.105150 0.957218
0.105175 0.956168
0.105200 0.955027
0.105225 0.953829
0.105250 0.952612
0.105275 0.951411
0.105300 0.950265
0.105325 0.949206
0.105350 0.948269
0.105375 0.947481
0.105400 0.946866
0.105425 0.946443
0.105450 0.946225
0.105475 0.946218
0.105500 0.946422
0.105525 0.946832
0.105550 0.947433
0.105575 0.948209
0.105600 0.949134
0.105625 0.950181
0.105650 0.951318
0.105675 0.952509
0.105700 0.953719
0.105725 0.954910
0.105750 0.956045
0.105775 0.957090
0.105800 0.958013
0.105825 0.958785
0.105850 0.959383
0.105875 0.959788
0.105900 0.959989
0.105925 0.959978
0.105950 0.959755
0.105975 0.959329
0.106000 0.958711
0.106025 0.957920
0.106050 0.956980
0.106075 0.955920
0.106100 0.954772
0.106125 0.953571
0.106150 0.952354
0.106175 0.951158
0.106200 0.950019
0.106225 0.948971
0.106250 0.948047
0.106275 0.947275
0.106300 0.946678
0.106325 0.946274
0.106350 0.946076
0.106375 0.946090
0.106400 0.946314
0.106425 0.946742
0.106450 0.947362
0.106475 0.948152
0.106500 0.949091
0.106525 0.950147
0.106550 0.951291
0.106575 0.952485
0.106600 0.953694
0.106625 0.954880
0.106650 0.956008
0.106675 0.957042
0.106700 0.957952
0.106725 0.958708
0.106750 0.959288
0.106775 0.959674
0.106800 0.959854
0.106825 0.959823
0.106850 0.959580
0.106875 0.959135
0.106900 0.958499
0.106925 0.957693
0.106950 0.956741
0.106975 0.955671
0.107000 0.954517
0.107025 0.953314
0.107050 0.952098
0.107075 0.950905
0.107100 0.949774
0.107125 0.948737
0.107150 0.947827
0.107175 0.947071
0.107200 0.946492
0.107225 0.946108
0.107250 0.945930
0.107275 0.945964
0.107300 0.946208
0.107325 0.946655
0.107350 0.947292
0.107375 0.948097
0.107400 0.949048
0.107425 0.950114
0.107450 0.951264
0.107475 0.952461
0.107500 0.953669
0.107525 0.954851
0.107550 0.955970
0.107575 0.956994
0.107600 0.957889
0.107625 0.958629
0.107650 0.959191
0.107675 0.959558
0.107700 0.959718
0.107725 0.959666
0.107750 0.959404
0.107775 0.958939
0.107800 0.958287
0.107825 0.957466
0.107850 0.956501
0.107875 0.955422
0.107900 0.954262
0.107925 0.953056
0.107950 0.951841
0.107975 0.950654
0.108000 0.949530
0.108025 0.948505
0.108050 0.947608
0.108075 0.946869
0.108100 0.946308
0.108125 0.945943
0.108150 0.945786
0.108175 0.945840
0.108200 0.946104
0.108225 0.946570
0.108250 0.947223
0.108275 0.948044
0.108300 0.949007
0.108325 0.950082
0.108350 0.951237
0.108375 0.952437
0.108400 0.953643
0.108425 0.954821
0.108450 0.955932
0.108475 0.956944
0.108500 0.957826
0.108525 0.958549
0.108550 0.959093
0.108575 0.959440
0.108600 0.959580
0.108625 0.959507
0.108650 0.959226
0.108675 0.958743
0.108700 0.958073
0.108725 0.957237
0.108750 0.956261
0.108775 0.955173
0.108800 0.954007
0.108825 0.952799
0.108850 0.951586
0.108875 0.950403
0.108900 0.949288
0.108925 0.948274
0.108950 0.947392
0.108975 0.946669
