0.072000 0.964588
0.072025 0.962788
0.072050 0.960939
0.072075 0.959086
0.072100 0.957272
0.072125 0.955539
0.072150 0.953926
0.072175 0.952468
0.072200 0.951194
0.072225 0.950130
0.072250 0.949292
0.072275 0.948694
0.072300 0.948340
0.072325 0.948227
0.072350 0.948346
0.072375 0.948684
0.072400 0.949220
0.072425 0.949927
0.072450 0.950776
0.072475 0.951736
0.072500 0.952771
0.072525 0.953846
0.072550 0.954927
0.072575 0.955978
0.072600 0.956970
0.072625 0.957873
0.072650 0.958665
0.072675 0.959325
0.072700 0.959841
0.072725 0.960205
0.072750 0.960414
0.072775 0.960472
0.072800 0.960389
0.072825 0.960180
0.072850 0.959862
0.072875 0.959461
0.072900 0.959000
0.072925 0.958510
0.072950 0.958019
0.072975 0.957555
0.073000 0.957149
0.073025 0.956825
0.073050 0.956606
0.073075 0.956513
0.073100 0.956559
0.073125 0.956755
0.073150 0.957104
0.073175 0.957603
0.073200 0.958246
0.073225 0.959019
0.073250 0.959904
0.073275 0.960875
0.073300 0.961907
0.073325 0.962966
0.073350 0.964021
0.073375 0.965036
0.073400 0.965976
0.073425 0.966807
0.073450 0.967496
0.073475 0.968015
0.073500 0.968337
0.073525 0.968443
0.073550 0.968318
0.073575 0.967953
0.073600 0.967347
0.073625 0.966504
0.073650 0.965436
0.073675 0.964161
0.073700 0.962704
0.073725 0.961094
0.073750 0.959367
0.073775 0.957561
0.073800 0.955719
0.073825 0.953882
0.073850 0.952097
0.073875 0.950406
0.073900 0.948850
0.073925 0.947469
0.073950 0.946296
0.073975 0.945362
0.074000 0.944690
0.074025 0.944297
0.074050 0.944193
0.074075 0.944380
0.074100 0.944855
0.074125 0.945604
0.074150 0.946609
0.074175 0.947845
0.074200 0.949281
0.074225 0.950881
0.074250 0.952605
0.074275 0.954410
0.074300 0.956254
0.074325 0.958092
0.074350 0.959881
0.074375 0.961578
0.074400 0.963148
0.074425 0.964555
0.074450 0.965771
0.074475 0.966773
0.074500 0.967545
0.074525 0.968076
0.074550 0.968363
0.074575 0.968411
0.074600 0.968229
0.074625 0.967834
0.074650 0.967247
0.074675 0.966495
0.074700 0.965608
0.074725 0.964619
0.074750 0.963564
0.074775 0.962477
0.074800 0.961393
0.074825 0.960345
0.074850 0.959365
0.074875 0.958479
0.074900 0.957709
0.074925 0.957075
0.074950 0.956587
0.074975 0.956252
0.075000 0.956072
0.075025 0.956040
0.075050 0.956147
0.075075 0.956375
0.075100 0.956707
0.075125 0.957116
0.075150 0.957578
0.075175 0.958062
0.075200 0.958541
0.075225 0.958984
0.075250 0.959364
0.075275 0.959656
0.075300 0.959838
0.075325 0.959890
0.075350 0.959801
0.075375 0.959560
0.075400 0.959167
0.075425 0.958624
0.075450 0.957940
0.075475 0.957131
0.075500 0.956216
0.075525 0.955220
0.075550 0.954171
0.075575 0.953102
0.075600 0.952046
0.075625 0.951038
0.075650 0.950113
0.075675 0.949306
0.075700 0.948648
0.075725 0.948166
0.075750 0.947886
0.075775 0.947826
0.075800 0.948000
0.075825 0.948414
0.075850 0.949069
0.075875 0.949958
0.075900 0.951069
0.075925 0.952380
0.075950 0.953868
0.075975 0.955499
0.076000 0.957239
0.076025 0.959048
0.076050 0.960883
0.076075 0.962702
0.076100 0.964459
0.076125 0.966112
0.076150 0.967619
0.076175 0.968944
0.076200 0.970052
0.076225 0.970916
0.076250 0.971514
0.076275 0.971830
0.076300 0.971856
0.076325 0.971590
0.076350 0.971041
0.076375 0.970220
0.076400 0.969149
0.076425 0.967855
0.076450 0.966369
0.076475 0.964729
0.076500 0.962974
0.076525 0.961149
0.076550 0.959295
0.076575 0.957458
0.076600 0.955681
0.076625 0.954004
0.076650 0.952463
0.076675 0.951092
0.076700 0.949918
0.076725 0.948963
0.076750 0.948240
0.076775 0.947760
0.076800 0.947522
0.076825 0.947523
0.076850 0.947749
0.076875 0.948184
0.076900 0.948804
0.076925 0.949583
0.076950 0.950488
0.076975 0.951487
0.077000 0.952544
0.077025 0.953624
0.077050 0.954693
0.077075 0.955718
0.077100 0.956669
0.077125 0.957520
0.077150 0.958250
0.077175 0.958841
0.077200 0.959284
0.077225 0.959573
0.077250 0.959709
0.077275 0.959698
0.077300 0.959552
0.077325 0.959288
0.077350 0.958928
0.077375 0.958496
0.077400 0.958018
0.077425 0.957524
0.077450 0.957044
0.077475 0.956605
0.077500 0.956235
0.077525 0.955960
0.077550 0.955800
0.077575 0.955772
0.077600 0.955889
0.077625 0.956158
0.077650 0.956579
0.077675 0.957148
0.077700 0.957854
0.077725 0.958682
0.077750 0.959610
0.077775 0.960613
0.077800 0.961660
0.077825 0.962720
0.077850 0.963759
0.077875 0.964741
0.077900 0.965631
0.077925 0.966397
0.077950 0.967006
0.077975 0.967433
0.078000 0.967653
0.078025 0.967650
0.078050 0.967410
0.078075 0.966930
0.078100 0.966210
0.078125 0.965259
0.078150 0.964091
0.078175 0.962727
0.078200 0.961195
0.078225 0.959527
0.078250 0.957759
0.078275 0.955933
0.078300 0.954091
0.078325 0.952277
0.078350 0.950534
0.078375 0.948905
0.078400 0.947431
0.078425 0.946148
0.078450 0.945089
0.078475 0.944279
0.078500 0.943740
0.078525 0.943486
0.078550 0.943522
0.078575 0.943847
0.078600 0.944455
0.078625 0.945329
0.078650 0.946447
0.078675 0.947781
0.078700 0.949298
0.078725 0.950960
0.078750 0.952726
0.078775 0.954552
0.078800 0.956396
0.078825 0.958213
0.078850 0.959960
0.078875 0.961598
0.078900 0.963091
0.078925 0.964408
0.078950 0.965522
0.078975 0.966414
0.079000 0.967070
0.079025 0.967483
0.079050 0.967654
0.079075 0.967590
0.079100 0.967303
0.079125 0.966814
0.079150 0.966145
0.079175 0.965326
0.079200 0.964387
0.079225 0.963364
0.079250 0.962290
0.079275 0.961202
0.079300 0.960133
0.079325 0.959116
0.079350 0.958179
0.079375 0.957348
0.079400 0.956643
0.079425 0.956078
0.079450 0.955664
0.079475 0.955404
0.079500 0.955296
0.079525 0.955333
0.079550 0.955500
0.079575 0.955781
0.079600 0.956152
0.079625 0.956589
0.079650 0.957065
0.079675 0.957549
0.079700 0.958014
0.079725 0.958430
0.079750 0.958770
0.079775 0.959011
0.079800 0.959133
0.079825 0.959118
0.079850 0.958957
0.079875 0.958644
0.079900 0.958178
0.079925 0.957567
0.079950 0.956822
0.079975 0.955961
0.080000 0.955005
0.080025 0.953981
0.080050 0.952920
0.080075 0.951855
0.080100 0.950819
0.080125 0.949849
0.080150 0.948978
0.080175 0.948239
0.080200 0.947663
0.080225 0.947276
0.080250 0.947100
0.080275 0.947151
0.080300 0.947440
0.080325 0.947969
0.080350 0.948737
0.080375 0.949733
0.080400 0.950941
0.080425 0.952338
0.080450 0.953897
0.080475 0.955583
0.080500 0.957358
0.080525 0.959182
0.080550 0.961012
0.080575 0.962804
0.080600 0.964513
0.080625 0.966099
0.080650 0.967521
0.080675 0.968744
0.080700 0.969736
0.080725 0.970474
0.080750 0.970937
0.080775 0.971114
0.080800 0.970999
0.080825 0.970597
0.080850 0.969916
0.080875 0.968974
0.080900 0.967794
0.080925 0.966405
0.080950 0.964843
0.080975 0.963145
0.081000 0.961354
0.081025 0.959512
0.081050 0.957664
0.081075 0.955854
0.081100 0.954122
0.081125 0.952509
0.081150 0.951048
0.081175 0.949771
0.081200 0.948701
0.081225 0.947857
0.081250 0.947252
0.081275 0.946889
0.081300 0.946767
0.081325 0.946878
0.081350 0.947206
0.081375 0.947733
0.081400 0.948432
0.081425 0.949274
0.081450 0.950227
0.081475 0.951256
0.081500 0.952327
0.081525 0.953405
0.081550 0.954455
0.081575 0.955446
0.081600 0.956351
0.081625 0.957145
0.081650 0.957809
0.081675 0.958329
0.081700 0.958698
0.081725 0.958912
0.081750 0.958976
0.081775 0.958899
0.081800 0.958694
0.081825 0.958382
0.081850 0.957984
0.081875 0.957527
0.081900 0.957039
0.081925 0.956549
0.081950 0.956086
0.081975 0.955678
0.082000 0.955351
0.082025 0.955129
0.082050 0.955031
0.082075 0.955071
0.082100 0.955260
0.082125 0.955602
0.082150 0.956094
0.082175 0.956730
0.082200 0.957496
0.082225 0.958374
0.082250 0.959340
0.082275 0.960366
0.082300 0.961422
0.082325 0.962475
0.082350 0.963489
0.082375 0.964429
0.082400 0.965262
0.082425 0.965956
0.082450 0.966480
0.082475 0.966809
0.082500 0.966924
0.082525 0.966808
0.082550 0.966454
0.082575 0.965859
0.082600 0.965028
0.082625 0.963972
0.082650 0.962709
0.082675 0.961263
0.082700 0.959663
0.082725 0.957945
0.082750 0.956148
0.082775 0.954311
0.082800 0.952480
0.082825 0.950697
0.082850 0.949007
0.082875 0.947450
0.082900 0.946065
0.082925 0.944888
0.082950 0.943947
0.082975 0.943266
0.083000 0.942863
0.083025 0.942748
0.083050 0.942924
0.083075 0.943386
0.083100 0.944122
0.083125 0.945115
0.083150 0.946339
0.083175 0.947763
0.083200 0.949352
0.083225 0.951067
0.083250 0.952865
0.083275 0.954702
0.083300 0.956536
0.083325 0.958321
0.083350 0.960018
0.083375 0.961589
0.083400 0.962998
0.083425 0.964219
0.083450 0.965227
0.083475 0.966005
0.083500 0.966544
0.083525 0.966840
0.083550 0.966897
0.083575 0.966724
0.083600 0.966338
0.083625 0.965760
0.083650 0.965016
0.083675 0.964137
0.083700 0.963155
0.083725 0.962105
0.083750 0.961022
0.083775 0.959940
0.083800 0.958894
0.083825 0.957914
0.083850 0.957026
0.083875 0.956254
0.083900 0.955616
0.083925 0.955124
0.083950 0.954784
0.083975 0.954598
0.084000 0.954561
0.084025 0.954662
0.084050 0.954886
0.084075 0.955213
0.084100 0.955619
0.084125 0.956077
0.084150 0.956560
0.084175 0.957038
0.084200 0.957482
0.084225 0.957864
0.084250 0.958159
0.084275 0.958345
0.084300 0.958402
0.084325 0.958319
0.084350 0.958085
0.084375 0.957699
0.084400 0.957164
0.084425 0.956487
0.084450 0.955685
0.084475 0.954776
0.084500 0.953786
0.084525 0.952742
0.084550 0.951676
0.084575 0.950623
0.084600 0.949616
0.084625 0.948690
0.084650 0.947880
0.084675 0.947217
0.084700 0.946730
0.084725 0.946443
0.084750 0.946374
0.084775 0.946538
0.084800 0.946941
0.084825 0.947585
0.084850 0.948463
0.084875 0.949561
0.084900 0.950862
0.084925 0.952338
0.084950 0.953960
0.084975 0.955691
0.085000 0.957492
0.085025 0.959322
0.085050 0.961136
0.085075 0.962891
0.085100 0.964544
0.085125 0.966053
0.085150 0.967381
0.085175 0.968496
0.085200 0.969367
0.085225 0.969974
0.085250 0.970300
0.085275 0.970337
0.085300 0.970084
0.085325 0.969547
0.085350 0.968739
0.085375 0.967681
0.085400 0.966399
0.085425 0.964924
0.085450 0.963295
0.085475 0.961549
0.085500 0.959731
0.085525 0.957884
0.085550 0.956051
0.085575 0.954276
0.085600 0.952600
0.085625 0.951058
0.085650 0.949684
0.085675 0.948506
0.085700 0.947544
0.085725 0.946815
0.085750 0.946327
0.085775 0.946080
0.085800 0.946072
0.085825 0.946289
0.085850 0.946715
0.085875 0.947327
0.085900 0.948097
0.085925 0.948995
0.085950 0.949988
0.085975 0.951040
0.086000 0.952117
0.086025 0.953184
0.086050 0.954208
0.086075 0.955159
0.086100 0.956012
0.086125 0.956745
0.086150 0.957340
0.086175 0.957788
0.086200 0.958082
0.086225 0.958223
0.086250 0.958218
0.086275 0.958077
0.086300 0.957819
0.086325 0.957463
0.086350 0.957034
0.086375 0.956559
0.086400 0.956067
0.086425 0.955587
0.086450 0.955148
0.086475 0.954776
0.086500 0.954498
0.086525 0.954333
0.086550 0.954300
0.086575 0.954411
0.086600 0.954673
0.086625 0.955087
0.086650 0.955649
0.086675 0.956348
0.086700 0.957169
0.086725 0.958091
0.086750 0.959088
0.086775 0.960131
0.086800 0.961188
0.086825 0.962225
0.086850 0.963207
0.086875 0.964098
0.086900 0.964867
0.086925 0.965481
0.086950 0.965914
0.086975 0.966142
0.087000 0.966148
0.087025 0.965919
0.087050 0.965450
0.087075 0.964742
0.087100 0.963802
0.087125 0.962645
0.087150 0.961293
0.087175 0.959772
0.087200 0.958113
0.087225 0.956355
0.087250 0.954536
0.087275 0.952700
0.087300 0.950889
0.087325 0.949148
0.087350 0.947519
0.087375 0.946043
0.087400 0.944756
0.087425 0.943690
0.087450 0.942873
0.087475 0.942325
0.087500 0.942060
0.087525 0.942085
0.087550 0.942398
0.087575 0.942993
0.087600 0.943854
0.087625 0.944960
0.087650 0.946282
0.087675 0.947788
0.087700 0.949440
0.087725 0.951197
0.087750 0.953017
0.087775 0.954855
0.087800 0.956668
0.087825 0.958413
0.087850 0.960051
0.087875 0.961546
0.087900 0.962866
0.087925 0.963985
0.087950 0.964883
0.087975 0.965547
0.088000 0.965968
0.088025 0.966148
0.088050 0.966093
0.088075 0.965816
0.088100 0.965336
0.088125 0.964676
0.088150 0.963864
0.088175 0.962933
0.088200 0.961915
0.088225 0.960846
0.088250 0.959761
0.088275 0.958695
0.088300 0.957678
0.088325 0.956741
0.088350 0.955907
0.088375 0.955199
0.088400 0.954631
0.088425 0.954212
0.088450 0.953947
0.088475 0.953834
0.088500 0.953865
0.088525 0.954027
0.088550 0.954302
0.088575 0.954669
0.088600 0.955103
0.088625 0.955576
0.088650 0.956060
0.088675 0.956524
0.088700 0.956941
0.088725 0.957284
0.088750 0.957529
0.088775 0.957655
0.088800 0.957646
0.088825 0.957491
0.088850 0.957185
0.088875 0.956727
0.088900 0.956124
0.088925 0.955386
0.088950 0.954531
0.088975 0.953581
0.089000 0.952563
0.089025 0.951506
0.089050 0.950444
0.089075 0.949409
0.089100 0.948439
0.089125 0.947566
0.089150 0.946824
0.089175 0.946243
0.089200 0.945850
0.089225 0.945666
0.089250 0.945708
0.089275 0.945986
0.089300 0.946504
0.089325 0.947260
0.089350 0.948245
0.089375 0.949441
0.089400 0.950828
0.089425 0.952376
0.089450 0.954052
0.089475 0.955819
0.089500 0.957637
0.089525 0.959462
0.089550 0.961250
0.089575 0.962959
0.089600 0.964545
0.089625 0.965970
0.089650 0.967197
0.089675 0.968196
0.089700 0.968942
0.089725 0.969414
0.089750 0.969602
0.089775 0.969500
0.089800 0.969110
0.089825 0.968441
0.089850 0.967512
0.089875 0.966344
0.089900 0.964968
0.089925 0.963417
0.089950 0.961729
0.089975 0.959946
0.090000 0.958111
0.090025 0.956268
0.090050 0.954461
0.090075 0.952731
0.090100 0.951117
0.090125 0.949655
0.090150 0.948374
0.090175 0.947299
0.090200 0.946449
0.090225 0.945836
0.090250 0.945464
0.090275 0.945334
0.090300 0.945435
0.090325 0.945755
0.090350 0.946272
0.090375 0.946963
0.090400 0.947797
0.090425 0.948744
0.090450 0.949768
0.090475 0.950835
0.090500 0.951909
0.090525 0.952958
0.090550 0.953949
0.090575 0.954855
0.090600 0.955651
0.090625 0.956319
0.090650 0.956843
0.090675 0.957217
0.090700 0.957437
0.090725 0.957506
0.090750 0.957434
0.090775 0.957235
0.090800 0.956928
0.090825 0.956534
0.090850 0.956081
0.090875 0.955595
0.090900 0.955105
0.090925 0.954642
0.090950 0.954233
0.090975 0.953903
0.091000 0.953678
0.091025 0.953575
0.091050 0.953610
0.091075 0.953792
0.091100 0.954127
0.091125 0.954612
0.091150 0.955240
0.091175 0.955999
0.091200 0.956870
0.091225 0.957830
0.091250 0.958852
0.091275 0.959904
0.091300 0.960954
0.091325 0.961967
0.091350 0.962909
0.091375 0.963744
0.091400 0.964441
0.091425 0.964971
0.091450 0.965308
0.091475 0.965431
0.091500 0.965325
0.091525 0.964981
0.091550 0.964398
0.091575 0.963578
0.091600 0.962534
0.091625 0.961282
0.091650 0.959847
0.091675 0.958258
0.091700 0.956550
0.091725 0.954760
0.091750 0.952930
0.091775 0.951103
0.091800 0.949323
0.091825 0.947634
0.091850 0.946076
0.091875 0.944688
0.091900 0.943506
0.091925 0.942558
0.091950 0.941869
0.091975 0.941456
0.092000 0.941330
0.092025 0.941494
0.092050 0.941944
0.092075 0.942668
0.092100 0.943648
0.092125 0.944859
0.092150 0.946272
0.092175 0.947851
0.092200 0.949556
0.092225 0.951346
0.092250 0.953177
0.092275 0.955006
0.092300 0.956788
0.092325 0.958485
0.092350 0.960056
0.092375 0.961468
0.092400 0.962692
0.092425 0.963706
0.092450 0.964491
0.092475 0.965038
0.092500 0.965343
0.092525 0.965409
0.092550 0.965245
0.092575 0.964868
0.092600 0.964299
0.092625 0.963564
0.092650 0.962692
0.092675 0.961716
0.092700 0.960671
0.092725 0.959592
0.092750 0.958514
0.092775 0.957469
0.092800 0.956488
0.092825 0.955600
0.092850 0.954825
0.092875 0.954184
0.092900 0.953687
0.092925 0.953343
0.092950 0.953151
0.092975 0.953109
0.093000 0.953204
0.093025 0.953423
0.093050 0.953745
0.093075 0.954147
0.093100 0.954603
0.093125 0.955084
0.093150 0.955561
0.093175 0.956006
0.093200 0.956390
0.093225 0.956688
0.093250 0.956877
0.093275 0.956940
0.093300 0.956863
0.093325 0.956636
0.093350 0.956257
0.093375 0.955729
0.093400 0.955060
0.093425 0.954265
0.093450 0.953363
0.093475 0.952378
0.093500 0.951339
0.093525 0.950277
0.093550 0.949225
0.093575 0.948219
0.093600 0.947293
0.093625 0.946480
0.093650 0.945813
0.093675 0.945320
0.093700 0.945025
0.093725 0.944948
0.093750 0.945102
0.093775 0.945495
0.093800 0.946128
0.093825 0.946994
0.093850 0.948081
0.093875 0.949370
0.093900 0.950836
0.093925 0.952447
0.093950 0.954169
0.093975 0.955963
0.094000 0.957787
0.094025 0.959597
0.094050 0.961350
0.094075 0.963002
0.094100 0.964513
0.094125 0.965845
0.094150 0.966965
0.094175 0.967844
0.094200 0.968459
0.094225 0.968795
0.094250 0.968844
0.094275 0.968603
0.094300 0.968078
0.094325 0.967283
0.094350 0.966238
0.094375 0.964968
0.094400 0.963505
0.094425 0.961886
0.094450 0.960150
0.094475 0.958339
0.094500 0.956498
0.094525 0.954670
0.094550 0.952898
0.094575 0.951221
0.094600 0.949679
0.094625 0.948302
0.094650 0.947119
0.094675 0.946152
0.094700 0.945416
0.094725 0.944919
0.094750 0.944665
0.094775 0.944647
0.094800 0.944855
0.094825 0.945272
0.094850 0.945875
0.094875 0.946638
0.094900 0.947529
0.094925 0.948515
0.094950 0.949563
0.094975 0.950636
0.095000 0.951701
0.095025 0.952724
0.095050 0.953676
0.095075 0.954530
0.095100 0.955266
0.095125 0.955865
0.095150 0.956317
0.095175 0.956616
0.095200 0.956763
0.095225 0.956763
0.095250 0.956628
0.095275 0.956375
0.095300 0.956024
0.095325 0.955599
0.095350 0.955127
0.095375 0.954636
0.095400 0.954157
0.095425 0.953717
0.095450 0.953343
0.095475 0.953061
0.095500 0.952893
0.095525 0.952855
0.095550 0.952959
0.095575 0.953214
0.095600 0.953621
0.095625 0.954176
0.095650 0.954868
0.095675 0.955682
0.095700 0.956597
0.095725 0.957589
0.095750 0.958628
0.095775 0.959682
0.095800 0.960717
0.095825 0.961698
0.095850 0.962592
0.095875 0.963363
0.095900 0.963983
0.095925 0.964422
0.095950 0.964658
0.095975 0.964672
0.096000 0.964453
0.096025 0.963995
0.096050 0.963298
0.096075 0.962370
0.096100 0.961226
0.096125 0.959885
0.096150 0.958374
0.096175 0.956726
0.096200 0.954976
0.096225 0.953164
0.096250 0.951333
0.096275 0.949527
0.096300 0.947787
0.096325 0.946159
0.096350 0.944680
0.096375 0.943389
0.096400 0.942318
0.096425 0.941493
0.096450 0.940936
0.096475 0.940661
0.096500 0.940674
0.096525 0.940976
0.096550 0.941558
0.096575 0.942406
0.096600 0.943500
0.096625 0.944810
0.096650 0.946305
0.096675 0.947947
0.096700 0.949695
0.096725 0.951508
0.096750 0.953340
0.096775 0.955149
0.096800 0.956893
0.096825 0.958531
0.096850 0.960027
0.096875 0.961351
0.096900 0.962475
0.096925 0.963379
0.096950 0.964049
0.096975 0.964479
0.097000 0.964668
0.097025 0.964622
0.097050 0.964355
0.097075 0.963883
0.097100 0.963232
0.097125 0.962428
0.097150 0.961503
0.097175 0.960492
0.097200 0.959428
0.097225 0.958346
0.097250 0.957282
0.097275 0.956266
0.097300 0.955328
0.097325 0.954493
0.097350 0.953781
0.097375 0.953209
0.097400 0.952786
0.097425 0.952516
0.097450 0.952397
0.097475 0.952422
0.097500 0.952579
0.097525 0.952850
0.097550 0.953213
0.097575 0.953643
0.097600 0.954114
0.097625 0.954596
0.097650 0.955061
0.097675 0.955479
0.097700 0.955824
0.097725 0.956072
0.097750 0.956203
0.097775 0.956200
0.097800 0.956051
0.097825 0.955752
0.097850 0.955301
0.097875 0.954705
0.097900 0.953975
0.097925 0.953127
0.097950 0.952183
0.097975 0.951171
0.098000 0.950118
0.098025 0.949058
0.098050 0.948026
0.098075 0.947055
0.098100 0.946181
0.098125 0.945435
0.098150 0.944850
0.098175 0.944450
0.098200 0.944258
0.098225 0.944290
0.098250 0.944558
0.098275 0.945066
0.098300 0.945810
0.098325 0.946783
0.098350 0.947968
0.098375 0.949344
0.098400 0.950881
0.098425 0.952548
0.098450 0.954307
0.098475 0.956118
0.098500 0.957938
0.098525 0.959723
0.098550 0.961430
0.098575 0.963017
0.098600 0.964444
0.098625 0.965676
0.098650 0.966682
0.098675 0.967435
0.098700 0.967918
0.098725 0.968116
0.098750 0.968025
0.098775 0.967647
0.098800 0.966992
0.098825 0.966075
0.098850 0.964920
0.098875 0.963556
0.098900 0.962015
0.098925 0.960337
0.098950 0.958563
0.098975 0.956735
0.099000 0.954897
0.099025 0.953094
0.099050 0.951365
0.099075 0.949751
0.099100 0.948287
0.099125 0.947002
0.099150 0.945923
0.099175 0.945066
0.099200 0.944446
0.099225 0.944066
0.099250 0.943927
0.099275 0.944019
0.099300 0.944329
0.099325 0.944838
0.099350 0.945520
0.099375 0.946347
0.099400 0.947287
0.099425 0.948306
0.099450 0.949368
0.099475 0.950440
0.099500 0.951487
0.099525 0.952478
0.099550 0.953385
0.099575 0.954183
0.099600 0.954854
0.099625 0.955383
0.099650 0.955761
0.099675 0.955987
0.099700 0.956062
0.099725 0.955995
0.099750 0.955802
0.099775 0.955499
0.099800 0.955110
0.099825 0.954659
0.099850 0.954176
0.099875 0.953688
0.099900 0.953224
0.099925 0.952814
0.099950 0.952482
0.099975 0.952252
0.100000 0.952145
0.100025 0.952174
0.100050 0.952350
0.100075 0.952678
0.100100 0.953156
0.100125 0.953777
0.100150 0.954529
0.100175 0.955393
0.100200 0.956347
0.100225 0.957364
0.100250 0.958412
0.100275 0.959460
0.100300 0.960472
0.100325 0.961414
0.100350 0.962252
0.100375 0.962953
0.100400 0.963488
0.100425 0.963831
0.100450 0.963963
0.100475 0.963866
0.100500 0.963533
0.100525 0.962961
0.100550 0.962153
0.100575 0.961120
0.100600 0.959880
0.100625 0.958457
0.100650 0.956878
0.100675 0.955179
0.100700 0.953397
0.100725 0.951574
0.100750 0.949752
0.100775 0.947975
0.100800 0.946286
0.100825 0.944727
0.100850 0.943337
0.100875 0.942149
0.100900 0.941195
0.100925 0.940498
0.100950 0.940075
0.100975 0.939938
0.101000 0.940090
0.101025 0.940528
0.101050 0.941239
0.101075 0.942207
0.101100 0.943406
0.101125 0.944807
0.101150 0.946375
0.101175 0.948071
0.101200 0.949853
0.101225 0.951678
0.101250 0.953502
0.101275 0.955282
0.101300 0.956977
0.101325 0.958549
0.101350 0.959963
0.101375 0.961192
0.101400 0.962211
0.101425 0.963003
0.101450 0.963557
0.101475 0.963871
0.101500 0.963946
0.101525 0.963791
0.101550 0.963424
0.101575 0.962863
0.101600 0.962136
0.101625 0.961272
0.101650 0.960303
0.101675 0.959263
0.101700 0.958188
0.101725 0.957112
0.101750 0.956069
0.101775 0.955089
0.101800 0.954199
0.101825 0.953422
0.101850 0.952777
0.101875 0.952276
0.101900 0.951927
0.101925 0.951730
0.101950 0.951682
0.101975 0.951772
0.102000 0.951986
0.102025 0.952304
0.102050 0.952702
0.102075 0.953155
0.102100 0.953634
0.102125 0.954110
0.102150 0.954555
0.102175 0.954941
0.102200 0.955242
0.102225 0.955436
0.102250 0.955504
0.102275 0.955432
0.102300 0.955212
0.102325 0.954840
0.102350 0.954319
0.102375 0.953658
0.102400 0.952870
0.102425 0.951975
0.102450 0.950996
0.102475 0.949961
0.102500 0.948903
0.102525 0.947854
0.102550 0.946848
0.102575 0.945921
0.102600 0.945106
0.102625 0.944435
0.102650 0.943936
0.102675 0.943634
0.102700 0.943548
0.102725 0.943693
0.102750 0.944075
0.102775 0.944696
0.102800 0.945551
0.102825 0.946627
0.102850 0.947904
0.102875 0.949359
0.102900 0.950961
0.102925 0.952674
0.102950 0.954460
0.102975 0.956278
0.103000 0.958084
0.103025 0.959834
0.103050 0.961486
0.103075 0.962999
0.103100 0.964335
0.103125 0.965460
0.103150 0.966346
0.103175 0.966970
0.103200 0.967316
0.103225 0.967376
0.103250 0.967147
0.103275 0.966635
0.103300 0.965853
0.103325 0.964820
0.103350 0.963562
0.103375 0.962111
0.103400 0.960502
0.103425 0.958775
0.103450 0.956972
0.103475 0.955137
0.103500 0.953314
0.103525 0.951544
0.103550 0.949869
0.103575 0.948325
0.103600 0.946945
0.103625 0.945758
0.103650 0.944785
0.103675 0.944042
0.103700 0.943538
0.103725 0.943275
0.103750 0.943248
0.103775 0.943447
0.103800 0.943855
0.103825 0.944450
0.103850 0.945204
0.103875 0.946088
0.103900 0.947069
0.103925 0.948111
0.103950 0.949181
0.103975 0.950243
0.104000 0.951265
0.104025 0.952218
0.104050 0.953074
0.104075 0.953812
0.104100 0.954415
0.104125 0.954872
0.104150 0.955176
0.104175 0.955328
0.104200 0.955334
0.104225 0.955205
0.104250 0.954957
0.104275 0.954610
0.104300 0.954188
0.104325 0.953719
0.104350 0.953231
0.104375 0.952752
0.104400 0.952311
0.104425 0.951936
0.104450 0.951651
0.104475 0.951478
0.104500 0.951435
0.104525 0.951533
0.104550 0.951782
0.104575 0.952182
0.104600 0.952729
0.104625 0.953414
0.104650 0.954221
0.104675 0.955130
0.104700 0.956116
0.104725 0.957151
0.104750 0.958201
0.104775 0.959235
0.104800 0.960216
0.104825 0.961111
0.104850 0.961885
0.104875 0.962509
0.104900 0.962954
0.104925 0.963198
0.104950 0.963222
0.104975 0.963013
0.105000 0.962565
0.105025 0.961880
0.105050 0.960964
0.105075 0.959831
0.105100 0.958501
0.105125 0.957001
0.105150 0.955363
0.105175 0.953622
0.105200 0.951817
0.105225 0.949992
0.105250 0.948189
0.105275 0.946452
0.105300 0.944823
0.105325 0.943343
0.105350 0.942048
0.105375 0.940971
0.105400 0.940139
0.105425 0.939573
0.105450 0.939287
0.105475 0.939289
0.105500 0.939579
0.105525 0.940149
0.105550 0.940985
0.105575 0.942065
0.105600 0.943364
0.105625 0.944847
0.105650 0.946479
0.105675 0.948219
0.105700 0.950024
0.105725 0.951851
0.105750 0.953657
0.105775 0.955398
0.105800 0.957036
0.105825 0.958534
0.105850 0.959861
0.105875 0.960989
0.105900 0.961900
0.105925 0.962577
0.105950 0.963016
0.105975 0.963213
0.106000 0.963177
0.106025 0.962918
0.106050 0.962456
0.106075 0.961813
0.106100 0.961017
0.106125 0.960100
0.106150 0.959094
0.106175 0.958035
0.106200 0.956957
0.106225 0.955894
0.106250 0.954879
0.106275 0.953940
0.106300 0.953103
0.106325 0.952389
0.106350 0.951813
0.106375 0.951385
0.106400 0.951110
0.106425 0.950986
0.106450 0.951006
0.106475 0.951157
0.106500 0.951423
0.106525 0.951782
0.106550 0.952209
0.106575 0.952677
0.106600 0.953158
0.106625 0.953622
0.106650 0.954042
0.106675 0.954389
0.106700 0.954641
0.106725 0.954776
0.106750 0.954778
0.106775 0.954636
0.106800 0.954344
0.106825 0.953901
0.106850 0.953312
0.106875 0.952589
0.106900 0.951748
0.106925 0.950811
0.106950 0.949803
0.106975 0.948755
0.107000 0.947698
0.107025 0.946667
0.107050 0.945696
0.107075 0.944820
0.107100 0.944072
0.107125 0.943481
0.107150 0.943075
0.107175 0.942875
0.107200 0.942899
0.107225 0.943156
0.107250 0.943653
0.107275 0.944386
0.107300 0.945348
0.107325 0.946521
0.107350 0.947885
0.107375 0.949412
0.107400 0.951070
0.107425 0.952821
0.107450 0.954625
0.107475 0.956439
0.107500 0.958221
0.107525 0.959927
0.107550 0.961514
0.107575 0.962944
0.107600 0.964181
0.107625 0.965193
0.107650 0.965954
0.107675 0.966446
0.107700 0.966655
0.107725 0.966576
0.107750 0.966210
0.107775 0.965568
0.107800 0.964664
0.107825 0.963521
0.107850 0.962168
0.107875 0.960639
0.107900 0.958971
0.107925 0.957205
0.107950 0.955384
0.107975 0.953552
0.108000 0.951751
0.108025 0.950025
0.108050 0.948411
0.108075 0.946945
0.108100 0.945657
0.108125 0.944572
0.108150 0.943709
0.108175 0.943081
0.108200 0.942693
0.108225 0.942545
0.108250 0.942628
0.108275 0.942930
0.108300 0.943430
0.108325 0.944104
0.108350 0.944923
0.108375 0.945856
0.108400 0.946869
0.108425 0.947928
0.108450 0.948996
0.108475 0.950042
0.108500 0.951032
0.108525 0.951940
0.108550 0.952741
0.108575 0.953415
0.108600 0.953948
0.108625 0.954331
0.108650 0.954562
0.108675 0.954642
0.108700 0.954582
0.108725 0.954393
0.108750 0.954095
0.108775 0.953710
0.108800 0.953263
0.108825 0.952782
0.108850 0.952295
0.108875 0.951832
0.108900 0.951420
0.108925 0.951085
0.108950 0.950852
0.108975 0.950740
