1.083272729355235064e+01,-1.055021689584281219e+01
7.755719846228048553e+00,9.327240721809932467e+00
-3.694630418184980059e+00,-1.862624575421122941e+01
6.093022941074615062e+00,-6.868972298190978876e+00
7.700912438637351976e+00,5.357279293369563433e+00
8.067480167876375674e+00,-1.719699777314739819e+01
-1.242048702631441159e+01,-1.381951595695114854e+01
1.389566934686658506e+01,1.753935829551937386e+00
-7.701769604045985318e+00,-3.906428547519718464e+00
3.184042224060833703e+00,-9.836182995521850714e+00
1.888915021589464160e+01,1.731078905184059380e+00
-7.580396479796420728e+00,1.444929125796858749e+01
4.250124999729911757e+00,-6.460264246560200263e+00
1.691153212636413983e+01,-5.070725461904356912e+00
-1.127773438587810206e+00,-1.009224661091206698e+01
1.396231326697406461e+00,-2.143863549618541420e+00
1.248686134968115757e+00,1.744216560094388413e+01
-6.597037235697804647e+00,3.033749686584487071e-01
9.268596053324664297e+00,6.254676403645540894e+00
-1.714117419859256941e+01,-1.615506313149866147e+00
-1.529642349197159801e+00,9.506608864781568968e+00
3.987404759838801271e-01,-9.143526294474909832e+00
-2.537660132974953520e+00,1.534126671520454899e+01
6.012206346578539140e+00,7.220944573381010478e+00
-1.096009586952917303e+01,1.028403129876843991e+01
-7.979586500228720958e+00,-8.085420980573423400e-01
-1.189473201688751658e+01,-7.408695940939421298e+00
-8.546276174160320593e+00,-7.610027463926799740e+00
4.212216421531048027e+00,9.407090872451872698e+00
-5.799096024913273695e+00,-1.524085252671664215e+01
-4.033801675901410810e+00,6.412349384677302311e+00
-3.940757225808503073e+00,-1.491211401432883932e+01
7.363647115007739608e+00,2.078557667917335205e+00
-9.025864777954938134e+00,-1.306854714409365137e+01
-2.244579928248389422e-01,-1.604767755993591294e+01
3.212247467019030189e+00,1.095666998544896664e+01
1.172000492339973832e+01,5.127122140821815499e+00
1.645063358110475704e+01,-8.958708615590996516e+00
1.435277639714746556e+01,-1.395480497346160420e-01
1.113593256406995557e+01,8.912285343047425812e+00
1.305592079020303942e+00,-3.912677474532318400e-01
1.086638110131599255e+01,2.963756605697781321e+00
5.636896084487509562e+00,-8.582278126061099854e+00
-2.901249996146319621e+00,-1.340138164167561641e+01
-1.767482254380703921e+01,-5.254551187443604832e+00
-3.455313431441527694e+00,-7.305542587719739522e+00
-9.687250561997126752e+00,1.541777665495881600e+01
-1.433940063022080480e+01,9.198301259537320362e+00
6.920186240838060776e+00,-1.181151750942550827e+01
6.197162241710382879e+00,6.014474987645050952e-01
2.157325398192448507e+00,9.415725146788265221e+00
1.668640634905113274e+01,-2.526149258538074260e+00
-5.755509945954029760e+00,-3.777953344397142921e+00
-2.887044033798418674e+00,2.523736999086191535e+00
1.098978864040576298e+01,-1.545456640239589241e+01
8.065794678757098879e-01,8.269060230966575276e+00
2.432042217700848052e+00,5.687535211766521215e+00
-4.295566124703610988e+00,8.206215020113276637e+00
7.124803527641308420e+00,-9.620874587039169867e+00
1.067574843734694845e+01,1.063617470884965721e+00
-1.590324878176972057e+01,-6.890799031747702585e+00
-5.616322724107996933e+00,-1.814904537254830430e+01
8.221563183326928481e+00,-1.315844072240318319e+01
-8.110049172008224616e+00,1.304347246745697353e+00
-1.282066576816754555e+01,-4.950306920275709288e+00
1.299253934682171652e+00,1.316236662394105394e+01
7.189722993461487910e+00,-4.514519676714373375e+00
1.610385562749519295e+01,-3.826108609001501182e-01
-8.049930605057843636e+00,1.628852275782547920e+01
-9.676095473197529273e+00,2.663049129797526171e-01
1.224154614425073895e+01,-1.240766795141978918e+01
1.590344402937173740e+01,9.993683333686748327e+00
1.225123295832816206e+00,1.121356661639565289e+01
-1.417530338511448917e+01,-8.247512317147560168e+00
2.959676231457036177e+00,-2.968085188197624458e+00
-7.750889627574642837e+00,7.221210653514364530e+00
-5.537292445615972447e+00,-1.105145842657286881e+00
5.296304787609386722e+00,1.085942739338051233e+01
7.575583066404374399e+00,-7.795597031015949696e+00
1.794043062131006838e+00,-4.520516878458987975e+00
1.191397764667350323e+01,1.239642954808619457e+01
-1.157216528159189117e+01,-9.288640681562908341e+00
5.015409479699365569e+00,-1.029261396824790431e+01
-5.528418841357459756e-01,1.123320617726485793e+01
-8.333071276915488212e+00,3.970270081409466467e+00
3.723208194955594408e+00,-4.574032661359126450e+00
1.343532772912375428e+01,-5.678152971721606157e+00
1.505475299771915232e+01,-1.857027106574510533e+00
-5.944475157143025434e+00,7.466263206085064219e+00
2.625311095795445304e+00,8.037594183540019976e-01
7.760660553476261825e+00,7.525906334426807121e+00
4.350023560191164762e+00,4.309798011223212599e-01
9.302400559225645793e+00,-7.301382739747542594e+00
-2.094873349003304241e+00,-1.782664844817724514e+01
1.565524479382220058e+01,1.938525527296027784e+00
-1.291184674984307890e+01,1.135290029773936737e+01
-1.055265707983460466e+01,-1.996798402604623934e+00
-2.158629531031133753e-01,-1.428597561740712285e+00
7.348736311846717495e-01,6.438653122568761766e+00
1.081625095383104807e+01,-3.824705971212690514e+00
1.815177632241697125e+01,-3.608183335258942748e+00
-1.214205219008158565e+01,1.456953321187427264e+01
-3.936146455678553480e+00,-9.115334583918061284e+00
-4.734323199032224316e+00,2.900958782604934783e+00
-3.806100379704944636e+00,-1.538119278218377461e+00
1.857749237673246068e+00,2.422500269918657523e+00
-1.358395094223578958e+01,2.632259850282822278e+00
6.354333361737197094e+00,3.668606849947391613e+00
-4.260125040782893002e+00,-1.206732903931749057e+01
-9.686989657473977999e+00,2.087406697180623549e+00
-1.195894020416418257e+01,-1.149827929984123287e+01
-1.901803884782706344e+00,-6.395743471798716939e+00
7.067761542829232191e+00,-9.741941752640678187e-01
-4.274651458409996607e+00,1.127531984995194136e+01
1.365618913141276103e+01,9.740670746295789328e+00
4.816072638419047758e-01,1.250169186880693006e+00
-4.263393500818737358e+00,1.583233717790327510e+01
-7.639348731175406471e+00,1.059721466131119527e+01
-1.577877960975840876e+00,-1.025353195553264096e-01
-2.607429204842375725e+00,-1.612156307893653562e+01
2.082962636885093755e+00,-8.449250966589081813e+00
-1.593797308536404422e+01,3.172580193118026859e+00
-6.365117421289523403e-01,-7.719153916613108457e+00
5.975301389480701886e+00,9.033224651472176348e+00
-4.922075459586936041e+00,1.127516105609282615e+00
4.781511241703389814e+00,1.643718987367873652e+01
-2.512833946275712993e+00,8.005885390771398491e+00
-1.428043399694893978e+01,1.249927354201612317e+01
-2.292723586182980444e+00,6.204215674288034776e+00
1.688476093533562095e+00,1.539673764029569192e+01
-6.457907891808755352e+00,2.085005127725620078e+00
-1.446323528012268156e+01,-4.063877781454002580e+00
2.063805890918857522e-01,-1.129493215707277542e+01
4.800899321434853873e-02,1.610809522259597770e+01
1.492156438220709980e+01,3.606049908035404261e+00
7.477329885226361661e+00,-1.476408066094482230e+01
4.233403113716976307e+00,-1.698783720493534588e+01
-3.193246630210228254e+00,7.211863961527957834e-01
-3.338901518618701214e+00,9.688543882723212874e+00
-9.577093311311124069e+00,5.517165488967785691e+00
-1.415593511836969220e+01,6.483040407785503945e+00
-8.276350741115303222e+00,-1.131652785637383829e+01
-1.263677724947060454e+01,7.785430927007477742e+00
-6.059316039337193649e-01,-5.186874885723025130e+00
1.252560262588841766e+01,-7.363157626023040692e+00
-4.968449250581816301e+00,4.861983454612045286e+00
3.021414441239319792e+00,1.713409562834442923e+01
-1.493274293193245228e+01,1.379231848505034108e+00
-2.019823627014084355e+00,-1.859966337124821623e+00
8.493400884682030139e+00,-2.859520228858249080e+00
-3.146220438604522496e+00,1.766170936205931952e+01
-5.694548290239504595e+00,-8.732057856952769370e+00
-5.237636451814955407e+00,-7.006083406599890928e+00
1.266516693414727079e+01,-3.457067719113827930e+00
-1.088399389849674392e+01,-5.453167665467806735e+00
-2.967571969067610116e+00,-4.921903668912209540e+00
5.056646023114128141e+00,2.101684657817665780e+00
8.052433003004725975e+00,1.673800995969014593e+01
-1.129194172844124644e+01,2.894967086289244929e+00
-8.830464462362979106e+00,-2.482569036921264072e+00
-8.487112605786756303e-01,7.336967700439482876e+00
-6.462405894538287399e+00,3.903807153930642038e+00
1.238291152792557348e+01,-1.432485249647663572e+01
-1.636951542990991326e+00,-3.668889892988155932e+00
-7.062272446946815663e+00,8.862270796834335940e+00
5.177006716107559470e+00,-1.210751332691942572e+01
-4.774198550054847279e-01,1.816454352194843835e+01
-1.760722779513501735e+01,6.955487617102650511e+00
-9.697826614753392249e+00,-9.836988955229653442e+00
-1.814382810549025393e+01,-3.165624118731943604e+00
9.119718648389078197e+00,-4.513007686254691286e+00
-7.543078470596183749e+00,-1.483974614159157746e+01
9.194531180673800819e+00,2.003827054890185977e+00
4.832033917163792047e+00,-2.664642855946093292e+00
-5.111992570685896631e+00,-1.045109277520410096e+01
-1.262285702863171899e+01,9.608795452510078050e+00
4.853017782583415318e+00,1.317264288708093822e+01
-1.580951374425940470e+00,3.788867345269259612e+00
-1.696081852853755123e+01,1.573750224451645918e+00
-2.442735553774968871e+00,1.124944059398613305e+01
5.490733997820447243e+00,-5.042108298331231531e+00
8.494190297124172062e+00,3.659404811383266676e+00
4.465469383734005197e-03,3.023644685413253264e+00
-6.035580920431947938e+00,1.156399989365548997e+01
1.309485647287443300e+01,3.891790974109174961e+00
-1.356340629865687042e+01,-6.543537036253292527e+00
1.003948947591200636e+01,-1.713997562149375042e+00
1.635929782625616724e+01,-7.010072276447729678e+00
-1.475522411368086573e+01,-1.010175663437223115e+01
9.522808597340734593e+00,8.180302426677599215e+00
2.568310282773035969e+00,-1.640734279281571162e+01
1.819101361242056214e+01,-1.462250588033202403e+00
-1.227181963373346463e+01,1.315869740649712849e+00
-1.604524609440997907e+01,-8.716355584680821167e+00
-2.657211629261701624e+00,-1.119709074055458942e+01
1.706943595874284725e+01,3.050903960685162897e+00
9.257813805803533080e-01,4.618197386711641705e+00
1.193186156334339054e-01,-3.513731078334832780e+00
2.771073432225688471e+00,3.965380521557384519e+00
2.460467035173228290e+00,7.538990435020528125e+00
1.772938155210749045e+01,3.778599883906869628e-01
4.561717848283826093e+00,3.835196098414348498e+00
-6.898959948739104675e+00,-2.280451946247211481e+00
-9.182642878428747935e+00,8.886329135279353864e+00
-8.362156804808870803e+00,-5.687780647081956964e+00
-1.618659773254148249e+01,-7.387031001136847019e-02
-6.525562336983665723e+00,-5.423939257404517100e+00
-5.358893968907159078e+00,9.691324690240312734e+00
-7.491937405969762764e+00,-9.139761117256243850e+00
-1.480709552266906925e+00,-1.476353220066091687e+01
1.002685644318563973e+01,4.622387608833248507e+00
-1.315338520138047418e+00,1.688356169361258097e+00
3.912048744735485251e+00,-8.186788060088671770e+00
1.122988461636253277e+01,1.073005696353366289e+01
-1.537318970787422323e+01,-2.254001930940539467e+00
-3.497539376881798390e+00,1.353593416062078170e+01
1.280228807871161223e+00,-1.506602813423271314e+01
3.576756855879666297e+00,-1.269096725192535802e+00
1.270694171359331115e+01,-1.054346581768921531e+01
4.067320682662666442e+00,-1.350231017614428808e+01
8.077001047045738957e+00,-6.029666844724340002e+00
2.091163917734912392e+00,-1.128885591347934003e+01
6.598158178764548687e+00,-2.789625128038286661e+00
-1.014725147066729249e+01,-1.155894968469411843e+01
-3.192822441284481894e+00,4.603558144443593569e+00
4.214519870669123591e+00,7.637619953303347309e+00
-7.803591708602819033e+00,-1.731976351285614157e+01
-6.475656604633432956e+00,-1.229429768128023071e+01
-3.948825967996559161e+00,-3.403175578734605633e+00
-6.201352904754420692e+00,1.632850729027829573e+01
-4.702510872899898331e+00,-5.253493146693563709e+00
-1.645561456786757049e+01,8.532164768521807829e+00
1.143696216782638686e+01,-6.382539092824894844e-01
-6.641556410042483982e+00,5.834515459927751557e+00
9.933693150019106133e-01,-1.736934000704933467e+01
-4.257389370796301975e+00,-1.690661961400670421e+01
-1.847653372029747132e+01,3.996151963096764792e+00
-1.134669034535385279e+01,-3.639669848239587058e+00
8.167735414003445271e+00,4.931744697438555369e-01
-1.134759507281509272e+01,-4.071514967257831019e-01
-1.022791037781674106e+01,-8.132322181578134135e+00
5.928833385667918066e+00,5.393398230375622049e+00
-6.922972584263280549e-01,5.312273636194865034e+00
-4.977527412616606917e+00,1.801867618709957242e+01
-1.483893866397609607e+01,4.805909977457779370e+00
-1.095469908457472741e+01,8.463997514223869700e+00
-1.644068249176049079e+01,-3.758209542693146776e+00
1.324871710239610145e+01,-1.765804432534364032e+00
9.673731056021026120e+00,-1.194479111349470379e+01
-2.206487229303752073e+00,-8.624368809670494684e+00
1.414902826109323186e+01,5.383027639140347098e+00
-1.389647266663753822e+00,-1.244933860358606736e+01
7.114050952876999068e-01,-6.431346472677451409e+00
-9.333681047725766788e+00,1.118331332978115533e+01
2.485372411100143175e+00,-6.266792268135452204e+00
4.183106909771711734e+00,5.758384910160570413e+00
