5.663082464886422862e+00,1.402529677575978084e+01
-1.226720037841145761e+01,3.285730531072919014e+00
1.861953772628481829e+01,3.562216395066389651e+00
4.389739743025061536e+00,9.378754161448064508e+00
-9.054638751194453050e+00,5.056687906378543040e+00
1.288312304837038624e+01,1.395658282157314289e+01
-1.368512186692333898e+01,-1.935785043756337087e+00
-7.128823784559707555e+00,1.242238931382747502e+01
5.390798681605505571e+00,6.828584994996229618e+00
8.901110686237958092e+00,7.408033540182035637e+00
-8.356711633040829312e+00,1.705535790645810579e+01
-1.190483400509797818e+01,1.475081957937887722e+01
3.777250460006719379e+00,7.531289927518688643e+00
1.174802155220531663e+00,2.925618261884092242e+00
1.049946866604531159e+01,2.894417236147504457e+00
2.546977613166270249e+00,4.102607066960373139e+00
-5.132561921977750963e+00,1.146896937504418545e+01
-4.451314297315740021e+00,2.208478258628576718e+00
-9.527289771484770853e+00,8.560103067645300712e+00
8.195361593989579418e+00,-1.466113220998880351e+01
-8.429507057056349950e+00,-4.912778306783163629e+00
9.254609387242092922e+00,4.213962133230175766e+00
-1.324226543291667824e+01,-8.157709153148285708e+00
-7.416673987424823089e+00,8.049319892565836909e+00
-5.291439639028697073e+00,-1.408389186649472258e+01
4.074449751484208626e+00,-7.519407445165779968e+00
1.179578915875993772e+01,-8.527907689822379567e+00
5.742128073579224612e+00,3.403785612565239038e+00
-1.071429701251752853e+01,2.503367553966787673e-01
-2.788518582579454286e+00,-7.406942322148766245e-01
1.869633555307417039e+00,6.981555398067149087e-02
1.576820653478087486e+01,1.815072608077592520e+00
-6.007573602059927076e+00,6.966391758173920756e+00
1.551875360582028662e+01,-3.236095386440851485e+00
1.565756283810737415e+01,5.972750548910779500e+00
-1.196503358073053747e+01,-1.173450705521338566e+00
-1.656193872877350870e+01,-5.924785492504885731e+00
2.089134751736679174e+00,1.856280890863972388e+01
-1.315132342941412125e+00,-3.724140505324634365e+00
9.937677989821082747e+00,1.409887656487750185e+01
-1.631009778726006942e+00,4.373728884819989560e+00
-1.231586955883487766e+00,-6.974061597191953510e+00
1.082347063310501412e+01,-1.239185953172798271e+01
1.405255301463007633e+01,2.250337401201954357e+00
5.197208531448873181e+00,-6.153917473526240300e+00
8.721310125624174958e+00,-1.009795609819912121e+00
-1.070013284092946115e+01,-1.457814728658122050e+01
-3.015905059589357506e+00,-1.691197975198737424e+01
8.187529186083784438e+00,1.099361736589453820e+01
-4.205102907785240873e+00,6.914137701678009229e+00
4.326645622094684285e+00,-1.529175579185290879e+01
-4.067959014800782924e+00,1.670359807046078515e+01
6.313942208805452871e+00,-4.159853476163644537e+00
6.224672947513776311e-01,-6.803807788169444315e+00
1.017474531759562950e+01,1.602918717556327977e+01
-8.838546224716209210e+00,-3.034612146615675687e+00
-7.387618788453512053e+00,1.064910984023852841e-01
4.118627043067392357e+00,2.601505741370457869e+00
1.002837592555391488e+01,5.871583733956557083e+00
-5.287406782321147247e+00,8.590050478139129808e+00
1.260585860181044993e+01,-1.182170009279355405e+01
1.891131734238232553e+01,1.598110651370793223e+00
9.045990507261244318e+00,1.255542320463439410e+01
1.624701053903896852e+00,-8.318900905418908920e+00
7.726039925821244658e+00,-1.640349966667836767e+01
-1.316759510573944780e+01,-3.721090126880469029e+00
7.287089117571631247e-01,9.089089732380925213e+00
-5.966420184901770618e+00,1.456268946361038097e+01
-1.175528953146235089e+01,-1.271294856448437649e+01
3.419332078627004723e+00,-9.285857282620897379e+00
6.890769262809609330e+00,1.596221447367937785e+01
-1.526501974947605511e+01,1.092480139662081307e+01
-1.145417423818535063e+01,-3.256007654162658138e+00
1.222363107079063660e+01,-1.328936275733937133e+00
1.379581252490719168e+00,5.669456439833481909e+00
-4.000202061515941487e+00,-1.009304987427650246e+01
3.222286526421496156e+00,-5.937591883703646545e+00
-1.235739715809565453e+01,1.338734563038569858e+00
-9.812338266311185109e+00,1.589925157178383408e+01
2.115355434027553105e+00,1.047564099763990342e+01
7.222118394039314992e+00,-6.523046735041822863e+00
1.342902307289350894e+01,-7.208104121150651800e+00
7.670943728694802566e+00,9.247119180933323079e+00
-1.015285992886537514e+01,-4.472861671755915758e+00
-4.419714229779455050e-01,-1.027818016415205093e+01
3.139707180172071066e+00,5.765295083017410782e+00
2.109431577337881891e-01,1.453516114400726700e+01
-4.179799454035344475e+00,1.490570842261404572e+01
-4.155315037432520064e+00,-8.175833531250862762e+00
-1.147174293011516966e+00,-1.522256037138071338e+00
-1.067661381169181745e+01,4.281368003595320104e+00
-2.426718630766747431e+00,5.947195933005243518e+00
-3.233452298819862403e+00,3.493360720585165780e+00
1.737498398491924334e+01,4.932859080621746273e+00
-6.766164946330505359e+00,-1.641126506510940075e+01
4.717554038040657538e+00,4.864206353832831731e+00
5.919505740915984582e+00,-9.685098843862034457e+00
3.738045501475319998e+00,4.493603819155041479e-01
-1.306282984303512862e+01,7.247995036426602589e+00
-1.265887329003851924e+00,1.196286362356131860e+01
-2.327068847068281432e+00,1.531447360614773601e+01
-8.527687886633442460e+00,-1.697042727072185286e+01
1.047672513841626873e+01,-7.198740705890674940e-01
-2.106864408277203449e+00,-5.446061044320182454e+00
1.825383431464922213e+00,-2.466487320817051909e+00
1.562066540739677301e+01,-5.515271783679303041e-01
2.704682374301977887e+00,-1.445215167684504820e+01
-5.861573449800549618e+00,4.831967836059947174e+00
1.397478948491933082e+01,4.741583521013954527e-01
1.816138997622034346e+00,-1.011452685609406643e+01
1.517799555727622618e+01,-6.877728866046022738e+00
8.009230488265107084e+00,6.298124797161646082e-01
-2.578662786234568127e+00,7.726604292265869312e+00
-9.901112347291647353e+00,-7.222458384370038509e+00
-1.397752631654614675e+01,9.718919262917191659e+00
-2.656729374642564867e+00,-2.522380288550048366e+00
-1.303016142326499072e+01,-9.971156252152143296e+00
-7.484558915500260312e+00,-1.115089235658560618e+01
-3.260849000535206432e-01,-5.249250071505240811e+00
1.611977530217437860e+01,3.692300397352935803e+00
8.202676213377307235e+00,5.716333546373941310e+00
2.850905654499518604e+00,-1.639799883866265162e+01
8.714256841700459333e+00,2.457803390529698984e+00
-1.075867364618014399e+01,2.232117805116266229e+00
1.491825690430792717e+00,-5.255888101277188085e+00
-1.468517831350902547e+01,8.073430630111131379e+00
1.377707460138472051e+01,5.837842678447946021e+00
-8.003934109287029752e-01,2.657713913565742381e+00
2.509290867269498460e+00,8.754070116782491695e+00
-1.501829616832579362e+01,-4.227410000806653301e+00
5.998968607702749978e+00,-1.586770031073487353e+01
9.087662481894984268e+00,-1.182229822252504370e+01
-1.683991888066909581e+01,4.204316419218417700e+00
-1.472227635547153390e+01,-6.090375695241456278e+00
-8.918035942578619313e+00,1.250241853166336803e+01
1.092302413875881584e+01,1.244415081327754891e+01
1.417589618361378356e+01,1.048220520501723385e+01
2.824829083072501135e+00,-4.061860673526290988e+00
-8.008146420757533690e+00,-6.715214785887162030e+00
-1.484994606135162432e+00,-1.203526505182005302e+01
-5.141181702878485638e-01,-1.583854350865288652e+01
-7.583640240532939281e+00,-1.682724056008660929e+00
3.641010756813005234e+00,1.707731547770433522e+01
6.999050035211697995e+00,2.080162493279684721e+00
-6.765103085997969501e+00,9.698694278044534656e+00
-1.209886574927296010e+01,1.054548675782251443e+01
-4.228093845738948531e+00,4.099566971805795879e-01
4.339105792950289420e+00,-1.342926478486262809e+01
4.176229434752375624e+00,-2.686686216721015263e+00
-7.365673309032487737e-01,1.024112356440323346e+01
-1.518019686550115566e+01,-9.545148698806498189e+00
-1.050785990055058328e+01,6.240358884479839219e+00
9.732153749539989462e+00,-2.502476268186509145e+00
-1.537136508731639317e+00,1.371337304483417086e+01
-2.402950085558784643e+00,1.885047756583939860e+00
6.829579661907570376e+00,-7.418960911821605997e-01
-4.071505775165357832e+00,5.083435482622195245e+00
-6.130505334956479757e-01,6.058491324429512659e+00
8.868074025264172100e-01,-1.161432064822225740e+01
5.854639069326508682e+00,-7.868446217715982627e+00
1.749523613214145357e+01,-6.335590690781326195e+00
-2.141546200476565520e+00,-8.616669525686800668e+00
-1.026427945053532298e+01,-1.917682441240831981e+00
4.986771477044092293e+00,-9.268703538900066041e-01
-5.854845896290030716e+00,-9.042352918549852347e+00
1.156405797713909323e+01,9.753979404696920819e-01
-1.676338993671927824e+01,-7.795614590152356804e+00
1.276789197048218971e-01,-1.890616579499241112e+01
2.480741855713818111e+00,1.756102836755177865e+00
9.557169204799373929e+00,-1.617860145725548549e+01
6.031189716731255590e-01,1.143261783126960296e+01
1.698621554609704987e+01,-1.821982307363370523e+00
-9.040153482755876269e+00,-1.518981097394839175e+01
6.935485279284478999e-01,7.340703636508540519e+00
-2.722433973397449858e+00,1.797321759209402359e+01
-4.223629091067609309e+00,-1.560327642793571457e+01
-1.404079898942521076e+01,-1.278745957600113115e-01
7.675798338466020887e+00,-1.056362446942775790e+01
4.843540077960029500e+00,-1.725176448758594816e+01
-8.832178442482559788e+00,6.898591473192126067e+00
3.122065248967259787e+00,-1.243438067270444591e+00
-7.421562226299812437e+00,5.741404994296146036e+00
-4.332908346173063308e+00,-1.841333106497063055e+00
-9.224380133763416367e+00,-1.035484518331089276e+01
-5.747557047550843734e+00,-6.348182237237107728e-01
1.139863352852859713e+01,-1.035126444641022658e+01
1.116820303140339199e+01,-1.534039801682925841e+01
3.289753133029417742e-01,1.781582501577586086e+01
-5.974201337765917330e+00,-2.560395459955755904e+00
-1.216369598863451706e+01,5.598438437503311604e+00
1.437000014462953779e+01,8.704511837113123818e+00
-5.615023852535223625e+00,1.774210957426641144e+01
5.438692643800125959e-01,-3.675497422140903137e+00
2.422588049807425481e+00,1.263318182080699081e+01
1.229515323201397159e+01,2.723101113472640833e+00
-9.594917459164415519e+00,1.415364685494043329e+01
-1.830234069991435730e-01,-8.505230793258572675e+00
5.459244061650481150e+00,1.096273543637356074e+00
-5.940467301314492410e+00,1.161256211077396294e+00
-9.055885040578520062e+00,-5.151341990203425203e-01
-6.738870430909526199e+00,1.621512370694566485e+01
-6.026050405462343384e+00,3.081921267636353434e+00
1.337070569063660008e-01,4.425507204000555639e+00
-3.505568835901489155e+00,-1.210404037053993775e+01
8.985787099198200067e+00,-5.848434164977199146e+00
6.183953084658637245e+00,-1.395225201893158662e+01
8.113380818087147617e+00,-4.313766169971330555e+00
-7.607673846561437081e+00,-8.474514505614934023e+00
-1.149554139364919081e+01,1.301955401605328255e+01
1.433963045368456513e+01,4.103834257011397924e+00
-2.208873550621512916e+00,-1.036903426473659273e+01
-3.385080112391033680e+00,-4.210783204904165800e+00
7.130571597742990875e+00,7.384822086038335343e+00
-1.442923720692572154e+01,5.890288248154929462e+00
7.625932992553867251e+00,-1.285433194374063071e+01
-1.138696863351733590e+01,-8.327730138171741459e+00
1.304077004797993311e+01,7.499784454042586646e+00
-9.251220114535271932e+00,3.193475919726605383e+00
4.952586278120655550e+00,1.571953282269910446e+01
1.102193953637718238e+01,8.884410041216776577e+00
3.778934564198106472e+00,1.115377052729408192e+01
1.195542640562862147e+01,5.944464853408575777e+00
-8.863080717639306716e-01,8.170558339721059937e+00
1.498091595464773107e+01,-5.041658636305858643e+00
-3.849144381409097537e+00,-5.991281215482271882e+00
-9.212309378378529701e+00,1.307772902356988398e+00
-1.250207123339218818e+01,-1.430600575964958487e+01
1.402127303369438849e+01,-1.454158594337898736e+00
5.995806528996746820e+00,-2.381098573789657280e+00
-1.387793072716267062e+00,4.302798171808754346e-01
7.782512714726292913e+00,-2.527184885966801797e+00
-1.704029007427199982e+00,-1.847742980459312889e+01
-3.040416962313953420e+00,1.149776784254362560e+01
-2.426339789055248275e+00,9.498712492797823259e+00
1.591375612081885116e+01,7.778744097491064657e+00
6.098586561456318389e-01,-1.202163524432136921e+00
3.257317885586813677e+00,-1.862425123047663078e+01
7.492043362456966449e+00,-8.567381094027927801e+00
4.374492813123905810e-01,1.274212313796122098e+00
4.448598286831187743e+00,-1.075328534726611096e+01
1.320638689231756757e+01,-4.782523363363720748e+00
-7.634755893390253512e+00,3.957485691865711086e+00
-5.266416507338891329e+00,-4.230458307373076821e+00
2.336112467905432588e+00,-1.266817595935194696e+01
1.224063380333986872e+00,-1.542899519861491697e+01
-3.495320855353331257e+00,-1.388369118632200916e+01
9.769349286180746716e+00,-1.386867267907200230e+01
-3.504882112562958785e+00,1.324507872503186867e+01
4.524571870647580596e+00,-4.531516768841495235e+00
9.765201653489501865e+00,9.801578996443903735e-01
-1.033108565929900458e+01,1.135278233168344109e+01
-4.130636208945458243e+00,1.000583945369804972e+01
7.430696910273540290e+00,3.887324953381600778e+00
-6.719074759919605455e+00,-1.287957777818043859e+01
6.430289607539680929e+00,5.393498752786825001e+00
-7.583419995001761116e+00,2.053380155507820159e+00
