-5.050180674153682325e+00,1.314026991809348344e+00
-1.416591873009979408e-01,-3.666228483207111921e+00
1.898322177085945839e+01,7.525329732778435199e-01
1.059275254819555201e+01,-1.576784199020341148e+01
-8.295718346512162000e+00,-8.870900687280604657e+00
-9.500060241521373072e-01,1.145130018893351753e+01
6.147486728244321519e+00,-7.698911359811659860e-01
9.506145600950606234e-01,1.126241422854267960e+01
-3.153329072325352200e+00,-1.638506433381054350e+01
-2.207484950996351003e+00,1.016793749905661493e+01
-3.458487927453431254e+00,-4.463103627035583720e+00
1.332436615196012397e+01,-4.116622354175988541e+00
6.771458535043462845e+00,1.221656127730692099e+01
4.619173174438634177e+00,-1.194602845992589835e+01
-5.408705009096067329e+00,1.808071780238120851e+01
-2.900600561586458959e+00,1.179738684582874697e+01
1.105515030891684702e+01,-2.433924348609267874e+00
-1.108184650473552191e+00,-1.677144323008171867e+01
1.232632937865716904e+01,4.238652719046591244e+00
-1.215572498632838183e+01,-5.091612148248816361e+00
-1.681925752901097226e+01,2.567343631165077245e+00
-1.536011811934902482e+01,-1.115527348941673580e+01
-3.546767120016157904e+00,5.004082710384506250e+00
5.429060198268955695e+00,3.747151133058642003e+00
7.744537464289098061e+00,-5.730412596454773855e+00
6.794102466408872942e+00,-1.199301223016069784e+01
-7.355942873111362523e+00,-1.207292284080643263e+01
6.412757165597264830e+00,-4.345533934097322692e+00
3.899907178574592237e+00,-1.324696822926459294e+00
8.094282053825736511e+00,-4.671735001448223401e-01
4.485892445077725443e-01,6.319658872046136189e+00
2.588250112129316105e-01,-1.403400113502458524e+01
-3.902125874509390968e+00,-1.120165810952025609e+01
1.810254958201042541e+01,-4.071951355088846647e+00
-1.361201548693209062e+01,-9.196057003440895272e+00
1.668476279516567473e+01,9.031668173972477121e+00
6.002972865168530348e+00,-6.086132962110860412e+00
1.069238484629950392e+01,1.119636772353269016e+01
-1.439667495337754843e+01,-7.197043679659891779e+00
-5.329321979791687092e+00,-1.113516133368380956e+00
4.790282019800447877e+00,2.074200737887712531e+00
1.880512567365889964e+01,2.649003114935271075e+00
7.628338505011754478e+00,8.690976444234962628e+00
1.507562869777880721e+01,9.735469025179460445e+00
-8.068148564935854195e-01,-9.076929992594443775e+00
8.797340141891034637e-01,4.558270113343585450e+00
-7.901875484198560784e+00,1.431448002539580378e+00
1.577591752635171574e+01,-1.279475427165408741e+00
-1.257756993797673317e+01,-1.417409937480276838e+01
-4.892595769849228837e+00,-7.710589224236581884e+00
-1.308242135424256380e+00,-2.329229159137428340e+00
-6.429079887732932486e-01,-1.847980108726893178e+01
3.666604354342867911e+00,1.524194398462174327e+01
7.067562504375155541e+00,4.556746992697782161e+00
-2.597213935638962856e-01,-1.087834104146889302e+01
-9.429454103430296996e+00,-1.532568466654801220e+01
-7.811064240715124285e+00,-5.795576455324783716e+00
-1.028465379124132539e+01,-2.292009345533503328e+00
9.059856758747486083e+00,1.048478740414005550e+01
5.637200157434941516e+00,1.813311569201091800e+01
-4.439244673298190058e+00,-9.500243151605744174e+00
-1.070670021562499308e+01,7.956509028989570353e+00
1.030492921326973210e+01,6.186543386706919279e+00
-1.538168555379096958e+01,-9.349058248890735001e+00
-1.234013696376400127e+01,-7.931522003229209083e+00
-2.185735310763903261e+00,3.873602334807886294e+00
7.624695290678051407e+00,-2.271103170455808229e+00
-1.354351322451212525e+01,1.330430173698445806e+01
-1.560640472757770958e+01,-2.671992014580663266e+00
-7.938600657521866388e+00,7.429807518800354060e+00
-1.394728903712193180e+01,5.231887730356222788e-01
-7.171155611379764316e+00,-4.100724623048099815e+00
8.246146641297306346e+00,-3.958761290327198701e+00
-1.127112753060744232e+01,3.510635510320982422e-01
-1.501884891261195065e+00,8.503227514812104815e+00
8.733907022071155879e+00,-8.416866865650721508e+00
-3.563117790370411875e+00,-9.414205891000897442e-01
8.802520654564135683e+00,-1.535324234267230992e+01
-2.836224241292755188e+00,1.842981949804662278e+01
1.251669865557395056e+01,1.234022668935288891e+01
-9.154557764838918033e+00,8.871792886724632510e+00
6.801168678235889331e-01,1.387912995241923397e+01
9.716583238452157545e+00,2.001246585019795798e+00
-1.014037051575547999e+01,-5.793065571633848165e+00
-1.202012667569884208e+01,-1.021759002347596379e+01
-1.387222092680819863e+01,-1.281325204691500197e+01
-8.941377577412922051e+00,-4.419404704492339242e+00
2.557116895907857401e+00,-4.074003297472233776e+00
-8.543145753829312739e+00,-2.615720839985080204e+00
-1.218749336584096632e+01,3.944095223847547071e+00
5.893825121350251273e+00,7.964108286768552425e+00
-6.534896413732299791e+00,-8.644351817132728044e+00
-1.612497182551502561e+01,-7.689296694298880297e+00
8.638721432762775265e+00,5.590562638032344545e+00
6.384969179003385342e+00,1.003158359294808477e+01
-5.566440783662878644e+00,-1.187682863942696265e+01
1.423310620246348357e+00,-2.687859480219808361e+00
2.763660759031918435e-01,-6.669915542703769518e+00
-8.212966692476278752e+00,1.042106868891297111e+01
-1.528533270042819048e+01,3.799558921672600675e+00
-7.855052239225885913e+00,-9.393617579572905996e-01
1.225445214904043789e+00,-1.738492357075596217e+01
1.849806708235605779e+00,-1.215374746170824061e+01
7.351652785465019768e+00,6.919155270424056425e+00
-1.096979076745600601e+01,5.471104555276057546e+00
-3.997911181759134180e+00,1.028218367528568500e+01
3.008568309267291685e+00,1.821829136997710208e+00
-5.144031972663613672e+00,-1.497754066634940351e+01
-4.917571423060849156e+00,-2.930720100910036763e+00
2.128957031300379832e+00,-1.071580508966567979e+00
-1.292249690834692188e+01,7.498965768980207613e+00
8.924910642159144203e+00,3.635409046928288923e+00
8.676920062391809907e+00,1.221963417729434020e+01
3.013868282481650063e+00,3.593127466540228188e+00
1.436300228592867789e+01,-6.739495234802430623e+00
-1.855505928314893893e+01,1.481999936418160857e+00
-1.478218897725056546e+00,-5.633743369251895672e-01
2.048302604090761925e+00,7.192163465687406720e+00
9.837826374329541324e+00,-1.084584087616699399e+01
-1.530592026460520749e+01,9.548670061781452389e+00
1.571853451733841722e-01,-1.353694131789535238e+00
4.683873311101638848e+00,-4.872295038761916608e+00
3.701713872405812955e-01,-1.581468166717702140e+01
-3.124474699128765742e+00,-2.687810260566504184e+00
1.544196566352706412e+01,2.931890094163863036e+00
-4.853102839049399542e+00,3.494287551579605466e+00
9.581866007788505391e-01,-9.038559769374129971e+00
-3.345076419627078579e+00,-1.448645796609160818e+01
1.130434731727196862e+01,1.178560957195004422e+00
-1.683393502925308383e+01,-6.067302754957499822e+00
9.160069247737148146e+00,7.633277600266312746e+00
5.784366952558755770e+00,5.849608367173044776e+00
1.434348255336159994e+01,-1.121444935102893087e-01
-1.111741330151009599e+01,2.113714517491113387e+00
-1.039991525899466396e+01,3.744762091767070533e+00
-1.460574224229018903e+01,6.025436516786960794e+00
4.268727067691792776e+00,-6.688784333247981273e+00
1.620606126098985200e+01,-6.398000191102451772e+00
-3.542293078163160747e+00,2.290601259278561397e+00
4.735528439498105868e+00,9.435720430126959712e+00
3.913218123726683206e+00,-1.029602238765223809e+01
-1.742740195571052642e+00,2.133002432567531415e+00
1.321996351034550266e+01,5.797641529429448326e+00
-4.278300828806198552e+00,-6.069926404484816906e+00
-2.827194357357106558e+00,1.501562652256644981e+01
4.458583491088252693e+00,1.325664710229676579e+01
1.631333418552763925e+00,9.579614731382315895e+00
1.832786485464569992e+01,4.852230765564227610e+00
5.867083452179267411e+00,-2.555827057829709759e+00
8.029491148409482193e+00,-1.006411125381709937e+01
-1.047680092244554828e+01,1.145507964346426277e+01
-7.992065298369403159e+00,1.701986861675655760e+01
-1.812318833810857654e+01,-3.300310025642141376e+00
-1.144635111359474067e+01,1.313305281099918354e+01
1.294284016746534505e+01,-1.277334530129118662e+01
6.284079769113989578e+00,1.044554563839936945e+00
-8.986494480276682850e+00,-7.202227334818859461e+00
-7.873564558462115670e+00,-1.426887442748735246e+01
2.790306178462469866e+00,1.095929533577983150e+01
1.279583670729920186e+01,1.039600505666455099e+01
7.003845387232400910e+00,2.749697349071525299e+00
9.762928006991598906e+00,9.323013346325326189e-02
3.531322810049123184e+00,-1.436083735383230930e+01
-1.356715827031697241e+00,-7.368500858197238657e+00
-3.148921254890381660e-01,3.257113379468515202e+00
-1.473551183960472244e+01,7.880439313204209206e+00
-1.360886101629806078e+01,-1.098480621623340170e+01
1.258272278890156848e+01,2.398144613674883185e+00
1.674387730864234669e+01,-2.799949731562736854e+00
-1.657746092113234582e+01,-4.186406940144127731e+00
5.359249807956613099e-01,8.110214126243430854e+00
-7.098861880063010332e+00,9.024618500920858821e+00
1.123629734391212942e+01,-1.201037667520981955e+01
2.438495500125946513e+00,5.374947544419951484e+00
1.588806608956384991e+01,8.314334001408305586e-01
-1.507214866709410650e+01,1.902549321371338698e+00
-2.459796296341214106e+00,-5.998971492253974525e+00
1.959465344660828556e+00,-7.523385247567659029e+00
-6.693317663599421152e+00,-2.329794939561731670e+00
-1.074063124898846233e+01,-3.999869536533647185e+00
1.856646750482173092e+00,1.693767674039431625e+01
-8.207056111797385034e-01,-5.293894841549867891e+00
-7.136850388345935770e+00,4.239173264433424571e+00
-8.720723044108749988e+00,3.003244245434140591e+00
-3.825050651933033841e+00,1.349388098146348192e+01
9.217730621483321229e+00,-6.714614040791994753e+00
1.000566457669446585e+01,-3.833838761381420657e+00
-9.505044152460952134e+00,6.491732956451253145e+00
2.204957788175805788e+00,-1.554993131919910887e+01
-3.284390534790573746e+00,8.612980120001926920e+00
-5.294707331869662248e+00,8.985116539993404317e+00
4.175655719038472213e+00,-3.117361702651030519e+00
3.121821127342752966e+00,8.587765197207666290e+00
-8.570596594300100790e+00,-1.693609489957141534e+01
-2.143158245414989782e+00,-1.119692087612360432e+01
-3.126464597626100073e+00,-7.700169227281862483e+00
-5.748310269650483306e+00,1.333889410838298950e+01
8.068755011525960086e+00,1.334574836149788668e+00
1.307914939934590670e+01,-9.443652023633431369e+00
1.246944361424059267e+01,-5.731847113257222404e+00
-1.542733067952960224e-01,9.784040329928775037e+00
1.712171854360211753e+01,2.133845569465805614e+00
-1.564237888243099617e+00,-1.424748983555459070e+01
-8.856458365845908176e+00,1.214674719149438431e+01
5.709468308162213290e+00,-1.003233603249400829e+01
-3.238563381517705508e+00,6.847223352172244759e+00
1.487986959631459527e+01,-3.071617835414189202e+00
-5.224525597208126371e+00,-1.675562709044366017e+01
1.889946888228006827e+01,-1.276467847844270143e+00
1.098832807855586147e+01,-7.327128337086070253e+00
1.062652376398106391e+01,-5.539994552018741025e+00
1.017830869753580281e+01,-1.401301220240391388e+01
-2.665319145469600137e+00,-9.430686005156715623e+00
-6.769262271018622101e+00,-1.771642942347644123e+01
1.052000322023047163e+00,-5.044954356358275938e+00
1.277042713450796363e+01,-7.629285237011186993e+00
9.428610122153086692e+00,-1.727145672738735760e+00
-6.484940199058063293e+00,2.611867313537332147e-01
-1.253556891542638674e+01,1.169072210450704397e+01
1.014235735249972770e+01,1.324923959442373622e+01
-2.823242096337892360e+00,6.915775553075963478e-01
-9.676204560106375752e+00,-5.127456971335416780e-01
5.077344049631043355e+00,-8.242816242409416461e+00
-5.995467865529136908e+00,-5.466760161393288797e+00
-6.236169862038765110e+00,-1.356912274293037868e+01
1.479583045822209009e+01,-1.039733426463386046e+01
-1.346525792275450861e+01,-3.896768995733964402e+00
4.569797614764755878e+00,3.111798551787664513e-01
-1.689159015810998810e+01,1.812936756385368220e-01
1.392492086013500385e+00,2.590376508581903270e+00
1.293536698365631032e+01,-2.346187128786906051e+00
1.041373879857160212e+01,8.945336445737657627e+00
-8.826459268660508783e+00,4.794946638330465305e+00
-9.550964210540364985e-02,1.400968094902401040e+00
2.654369579995411232e+00,-5.916577070552408557e+00
1.073251492028929022e+01,3.473577620218313733e+00
1.423833369439267926e+01,4.227868716930247572e+00
1.203381557036447447e+01,-1.441615143061895843e+01
-1.733623274525935543e+01,-1.638843268022695643e+00
-9.201134685183991024e+00,1.530742800000009751e+01
-1.486126389481924193e+01,-1.031231588149156275e+00
1.438019188122586733e+01,1.147181218709942918e+01
-1.434884067429464727e+00,6.682996184255811656e+00
3.333722136544353454e+00,-8.610868683906396370e+00
1.250471185588607526e+01,7.403790682609400875e+00
-1.076616538462793038e+01,-8.867416369508259066e+00
1.628669456321430786e+00,6.990219676282900529e-01
1.091407601890318979e+01,1.500501080338576010e+01
4.559238687585597916e+00,1.121064741432659773e+01
6.202026206597538227e+00,1.398397739978268639e+01
-5.430464063656384788e+00,7.182505032258235111e+00
4.175774305072602388e+00,5.062997820286675221e+00
1.146598784944455929e+01,-6.617019617970164580e-01
6.138794234973772745e+00,-1.419648913411033853e+01
-8.471892626426276163e-01,5.006204546255024646e+00
1.419977568884823427e+01,1.643696793272103607e+00
