-6.644097124171851831e+00,7.467395575956084386e+00
8.772739222403126647e+00,-1.685252783946021538e+01
1.667421994482894831e+01,-9.099759269346890278e+00
-1.312637810408653039e+01,1.294533408441929012e+01
-7.846448179359838626e+00,1.178144206380285830e+01
6.118562355535130948e+00,1.091464510528962428e+01
-6.067201003131970971e+00,1.185695132116274841e+01
4.545164447273874475e-01,-1.084075257327343067e+01
-1.156614251481338940e+01,-1.294198564280650210e+01
2.565877424405250906e+00,1.177657184384678857e+01
1.078694181413607067e+00,-6.574594125058593086e+00
9.106561813931845606e+00,-1.063257972426433540e+01
5.865058660627544107e+00,6.363551111130099969e+00
-2.537974025556520186e+00,-1.531359012062281799e+01
5.415520451327855866e+00,1.790818713214983049e+01
1.407027754334392000e+01,1.083447224287509281e+00
-1.416485607622136378e+01,1.118822282464667062e+01
1.734493286886078955e+00,-3.177874998391275962e+00
-1.073385565381529849e+00,3.100777882023213916e+00
1.222532730387520772e+01,9.945711502665529835e+00
5.113918106542453934e+00,4.722683914600071198e+00
-5.072932767067570126e+00,-1.287646886742732555e+01
-1.630027464709105800e+01,-9.308243178379818517e+00
9.297709347816013548e+00,-5.567809665432661703e-02
4.345947123286372005e+00,-1.059890890194532886e+01
-7.324150799136095458e+00,-7.576481780150713385e-01
-1.354899030818613781e+01,-6.605237653607238357e+00
6.394048199382123876e+00,-5.229040312879089214e+00
5.374230002045933929e+00,-6.691107063966802215e+00
1.743003169137456965e+01,-2.032047793693083193e+00
-3.928911908635124295e+00,5.414191276714301893e-01
-6.755735567309344880e+00,-1.235764305016193632e+01
4.007888013740910083e+00,7.998073757597470745e+00
4.110472256907886646e+00,-1.552892274233232328e+01
1.093888922525128926e+01,2.936381879896488023e+00
1.897055963802318956e+01,-9.413705005028631945e-01
-4.912460468662683155e+00,1.644108627691431224e+01
1.683725848034205796e+01,3.759101176731800109e+00
-1.462124672174341633e+01,-8.456847199463595643e+00
1.861536192321020167e+01,-3.371949109608773476e+00
7.114877134792909175e+00,-1.354889197580568527e-01
1.745399735908677030e+01,-7.347136785094871669e+00
1.316634796989562695e+01,2.680213733703264989e+00
-7.431049020126482496e+00,1.378865173792137000e+01
-7.148178662949783657e+00,-7.494326817674369146e+00
-1.214396030356223477e+01,-5.435427365079585904e+00
-6.083918588391787896e-01,-5.924441037895598505e+00
1.289208770384052727e+01,-9.513016044172109886e+00
2.296910103297690409e+00,-1.078019785618821835e+01
-9.522095198101826696e+00,-5.791528136412588346e+00
-5.906897475107975914e+00,-5.942397248663128018e+00
-7.968587260506603265e+00,8.950693227090370518e-01
-1.472630521342604126e+01,-5.108312019739703835e+00
1.106589160770884028e+01,-4.030426492303889052e-01
-9.277662069807668388e+00,-9.911745795742914922e+00
1.117332112809578426e+01,-4.958663501737800239e+00
-1.232394780109904531e+01,-1.360485349033555558e+00
-1.293525456587805955e+01,3.443730126291254301e+00
1.362581882793721455e+01,4.373223480847380884e+00
1.060826416704755815e+01,9.140585365566938236e+00
-5.234643816211182354e+00,-3.160105932621493530e+00
4.097992379353765813e+00,2.189530480045433602e+00
6.027846666850416035e+00,1.271094322174220181e+01
-1.898041166878094543e+01,-5.209968657350811938e-01
-1.094469044154462622e+01,1.243453766272232919e+01
-1.949327367675274258e+00,8.125260340896414135e+00
1.643728129553094774e+01,-5.049566879025609190e+00
4.109244034324341932e+00,6.214440789154812350e+00
4.171663933772392419e+00,1.297369992739962186e+01
-4.392728532383510576e+00,1.113407916789717156e+01
-1.260890414100471091e+01,7.368052502119348368e+00
-8.229512554057887286e+00,4.525089345120792750e+00
4.069298981230731194e-01,-4.412649671740172863e+00
3.408442143620149078e+00,-3.835181330292865010e+00
5.311083924792172617e+00,9.315689315459332320e+00
2.331723618374617057e+00,-1.255386509564896436e+01
2.490929267440554540e+00,-1.582399080382749235e+00
3.640944174204696182e+00,1.864209921810057224e+01
-2.697747214869288701e+00,2.036771477873880354e+00
1.329453350136529544e+00,-2.060702073658388644e-01
5.694466286268612620e+00,-1.185367912778056310e+00
8.324321447366489934e+00,1.212440380917039029e+01
1.116653588158338728e+01,-3.159044489792298904e+00
-1.124751714462617080e+01,6.149204384015960478e+00
3.990370816766564577e+00,-4.948813276173374964e-01
-1.842935137279642888e+01,-3.805773079296377759e+00
-1.276636271713073967e+01,1.403491786883801051e+00
-3.787140076859067672e-02,-9.023952866976895137e+00
-1.136765523928558608e+01,2.475510899007870691e+00
-9.600358375119306231e+00,1.125675713203507300e+01
1.073249879603854495e+01,5.089023517601817481e+00
7.993721688921904267e-01,1.379134842214039125e+01
-1.802313616096914473e+01,2.732676995375789897e+00
4.272482991635153660e+00,1.119159045143471687e+01
1.399548270462753408e+01,7.868100835962946960e+00
-1.097656255438214856e+01,-9.056211535560258596e+00
4.737122631610826140e+00,1.478460038260861431e+01
-5.324235573586420855e+00,-7.898636423634910031e+00
8.063280094651448238e-01,1.131657224220098179e+01
8.106553808727991139e+00,-5.972326874815873765e+00
-1.141223818632879272e+01,4.393118604455747089e+00
-2.414235909523943846e+00,-6.244153359899263123e+00
9.650777745493922533e-01,1.559908848687368810e+01
1.199144434937828052e+01,1.225433726505876564e+00
1.093485608380200169e+01,-1.097025356204625801e+01
2.592579816027950734e+00,1.373963715874745084e+01
-1.356601010445105393e+00,-1.399449922109134903e+01
7.320103230768451930e+00,-9.265851197756255431e+00
-9.484850943105886500e+00,-1.066026194682170164e-01
-7.255420986660950922e-01,1.322720887218022723e+00
-2.948072825782819706e+00,-7.955863899309000509e+00
1.831388027037083921e+00,3.227628317516943568e+00
1.417582784606327806e+01,6.091602763249175823e+00
8.592071170809973069e+00,1.564517914647306274e+00
9.034566845621002429e+00,-1.335400243553646682e+01
-1.583854575197198677e+01,1.047378459058809597e+01
-6.620078941100909553e+00,-4.292632369144353532e+00
6.637920233681458448e+00,8.031200216657516933e+00
9.965833714968823642e+00,-1.784001731529784696e+00
-7.905283384569730565e+00,1.649578173206118592e+01
-6.472555393712190686e+00,1.926622121618962957e+00
-1.668296005945946092e+01,-5.118848395845179144e-01
5.280543526787231379e+00,7.907984373981902237e-01
-5.699193057765098658e+00,3.388475461468724581e-01
3.951064055153848731e+00,-7.826234479775643571e+00
-2.903475985986924801e+00,9.637713651984489260e+00
-4.733591192726484209e+00,-1.113703710606250397e+01
-4.330024594410146754e+00,-4.727001560032240590e+00
6.794379429431294248e+00,-2.709641658837290024e+00
6.995251111763330698e+00,-7.428008289559256738e+00
-7.551129881861192494e+00,-9.249270535342670740e+00
-1.371717237123157318e+01,-3.298413175335694447e+00
-1.295195451000641995e+01,5.516325691920679120e+00
1.276493153057418972e+01,-3.902324300472357343e+00
-8.578825664361289682e+00,7.396695371773748917e+00
-9.158073726426871897e-01,1.096054435449037534e+01
-1.780680784051587651e+01,9.094216536275623319e-01
1.071385370194069608e+01,-1.390748918821285507e+01
-3.210366071829747536e+00,-1.282670635487733257e+01
6.192782525215366540e+00,-1.064517815608740037e+01
-1.445291308616781123e+00,-1.213912464378199374e+01
-9.860406451132956995e-01,6.578819514720417594e+00
-9.801874159475916670e+00,3.575778702115459673e+00
4.096026407210122677e+00,-1.370122288708246039e+01
6.489398291356949677e+00,1.449201901624876321e+01
7.422396445142393162e+00,1.601733469299456658e+01
7.771874775887090081e+00,9.420943899778611907e+00
1.825188605772342854e+01,-5.226683013355419405e+00
1.230684907949602724e+01,-1.722593347972039446e+00
9.309758620557795350e-01,-1.371414355871742607e+01
-3.665304807390966424e+00,1.510663386011006359e+01
-8.761775757198305703e-01,-1.056164592154164028e+00
-4.156313003046973265e+00,-1.439642408036664634e+01
-3.865027751680597756e+00,1.859774816738239522e+01
-6.532143735169401388e+00,3.769442445694075161e+00
7.848351905112845195e+00,-4.185044258885515234e+00
9.205802305714493983e+00,1.049134603173380675e+01
-1.538630813874368819e+01,-6.866562933200146546e+00
-7.141656360639757395e+00,-2.562437378154082346e+00
1.669426666854390362e+01,1.763885626396216155e+00
1.052003830199919499e+00,1.591046089804179386e+00
-1.016678570504158330e+01,-2.989904180069463457e+00
8.415055987968242945e+00,-1.505460670055694017e+01
-1.183809803578429509e+01,9.607561565842054563e+00
1.465088551922306470e+00,9.557078516872763885e+00
-8.923670337059400381e+00,1.499341630736469533e+01
1.398428836846587586e+01,-2.459622598738065768e+00
1.453363361468014148e+01,-4.315097331841907469e+00
1.365877641002129650e+01,-1.116114757447473416e+01
-9.405020879282815827e+00,5.837753354577434273e+00
9.606688721983584145e+00,-4.039191757939820882e+00
-9.321550282942795418e-01,1.442956089257322105e+01
-3.848065828449819037e+00,-1.328815654998444229e+00
6.872460315843199830e+00,4.491463101385606116e+00
1.405613698127022637e+01,-6.045912764444196341e+00
-1.229397860961807964e+01,1.131233477722848413e+01
-7.676973270068973676e+00,-5.800411596892531385e+00
-2.928393576999741121e+00,-1.103314595601285752e+01
-1.109769545455026396e+01,7.269061196876751563e-01
-4.119509076323545571e+00,1.330130199159567006e+01
2.237950261535131879e+00,-1.579797557105452910e+01
-4.158812295956187732e+00,-6.532155594984545566e+00
-4.617036305672982621e+00,7.524934033010880263e+00
-7.852799588161992084e+00,9.071172276607288865e+00
-2.027834677412419406e+00,1.581679128294829795e+01
-1.372956314789620436e+00,-1.704516722310816590e+01
-2.136995165256206697e+00,2.497000422673394671e-01
-4.091462061009341622e-01,9.136498143574154795e+00
8.181887669893260551e+00,-1.537063528433534998e+00
-2.338499994107903657e+00,1.329613836375891900e+01
4.481173139789473292e-01,-1.580726058423599589e+01
7.996840300382359601e-01,7.856529043096831977e+00
8.444999078016570238e+00,7.697094182632649328e+00
2.755069949996973300e+00,9.158346216374254611e-01
-9.583586575630096860e+00,-7.800185536401661679e+00
-6.394027156822413183e+00,1.011296120105804519e+01
-8.781881779246738517e+00,-1.853304755767100076e+00
9.896811651179744374e+00,-6.338174536523955460e+00
6.642716741029631500e+00,-1.538226832728984661e+01
7.923494564028501941e+00,-1.199231245106132704e+01
-1.359379482234070835e+01,8.994360651362182324e+00
1.513872257048185510e+01,-8.160792835153468872e+00
2.056894046507195650e+00,-5.026955277784947995e+00
5.688709878406855047e+00,3.026096122673416655e+00
-1.087983258458945279e+01,7.992099504650248321e+00
3.280674315188965462e+00,9.720382420125671885e+00
-2.304455582793115465e+00,1.758864032166995628e+01
2.493903597596456301e+00,7.036354695341536569e+00
1.556300073471606815e+01,-1.085613580821335411e+01
6.036738140291417309e+00,-1.253233159654260831e+01
5.453881871979796792e+00,-8.892528553088299148e+00
1.444402704318933583e+00,-1.739616058369476548e+01
-3.955024889183817560e+00,-9.541637201800961421e+00
-9.156446370192139028e+00,1.303566743873220801e+01
-1.122902905496176329e+00,-7.627389032374473743e+00
-8.389718020495111617e+00,-1.155939555298545862e+01
8.778751501738106811e+00,-7.771163972537020292e+00
-6.703942949676218177e+00,5.549211109951668774e+00
1.218512149648903531e+01,-6.463692559693019035e+00
1.589351856931743612e+01,6.598368724657874829e+00
-4.769506134768038308e+00,3.989025502875605422e+00
1.828454656352228813e+00,-8.919535185524731347e+00
-5.762655837299941020e+00,-9.681734201134622353e+00
-1.127867332603531914e+01,-7.027982060441859247e+00
-1.271399214676013401e+01,-8.245120728405288091e+00
7.000299812120000631e+00,-1.715092765048465040e+01
1.033836387456631023e+01,1.476869492130423467e+01
5.254971008763187790e+00,-3.749127241249790909e+00
1.386035004983375174e+01,-6.794904290126164703e-01
6.811068279075133347e+00,1.646672805573976328e+00
-9.654859460284708206e+00,1.744603434260552532e+00
1.505286536529773045e+01,2.709202456641358836e+00
-3.422079537959774154e+00,-3.153316270550188261e+00
7.256972439771365302e-01,6.023977336244464631e+00
3.255349782197436426e-01,4.271695054037438766e+00
-1.195742750922763165e+01,-3.208873236632301396e+00
1.546277945304497692e+01,1.026426112449641614e+01
-4.692273070761225462e+00,9.310116167220401806e+00
-2.948081096784714639e+00,3.820649162731468262e+00
-5.673371974926586070e+00,-1.459497266873551524e+00
-4.514337181433431212e+00,2.214528144858267655e+00
-4.829876750259967544e+00,5.761415214303669430e+00
-4.068684375324129777e-03,-2.655510790020719103e+00
-2.226408969498939072e+00,-4.481526655477368060e+00
-9.936377696329726561e+00,9.485882352270451179e+00
-1.410800680652332417e+01,-1.505587121034636100e+00
3.942547515450195217e+00,-5.609933642234320672e+00
1.742613331087662942e+01,7.563840812619967657e+00
2.321757380707062612e+00,5.228706159152758381e+00
1.003341413290621098e+01,6.792383625036629624e+00
-2.650355176613776287e+00,1.145475913990062011e+01
-8.129513026894951366e+00,2.757760657548819161e+00
4.239188361203839683e+00,-2.242300260697164482e+00
3.472531189504863391e+00,3.881572344962966437e+00
7.738304958610986439e+00,6.043004206975539638e+00
1.336777332924235573e+01,-7.805105054046626023e+00
