9.183858946417124969e+00,-1.662511983527035753e+01
1.388694938126592149e+01,-6.303783653769977624e-01
-1.075665471467090484e+01,-5.022965268743141642e+00
-1.374761913500845623e+01,1.244042163701355719e+01
1.754796891680292736e+00,8.429590615468598003e+00
-7.394884157693222271e+00,1.749929073970016447e+01
9.241318662000134410e+00,-6.984203621818491747e+00
-7.523032573302437243e+00,6.016725755449954249e-01
1.433574771241795709e+01,1.224568815934565791e+01
9.705069827329618093e+00,-2.990487177481071956e+00
-5.399369857116313121e+00,-4.379680754582287783e+00
1.129744018302167952e+01,2.570795659624581231e-01
4.531456019229490373e+00,8.647289393006419189e+00
-3.628668567341585049e+00,-4.931415808591426142e+00
-5.804386531884563105e+00,1.212226450416301837e+01
2.124885938724412338e+00,4.774808059713664399e+00
1.548121378771806533e+01,2.630726009865051562e+00
-4.702348679346193272e+00,-1.477962562753679165e+01
2.360627119049039990e+00,-5.279063540580896330e+00
-4.673715698934133300e+00,9.899928436124190156e+00
3.743538758321226734e+00,-1.980962949201611867e+00
-1.119445138460003619e+01,-6.209225315931855560e-01
1.604949643278709814e+01,-6.274425626711016335e+00
4.274001712595953961e+00,1.593644685608396472e+01
-1.180355856958790461e+01,-1.488810037213226778e+01
-1.620512560069974350e+00,2.648418171533463816e+00
-1.298029231230117375e+01,-2.399291627725158804e+00
1.651038354570574285e+01,-2.885654515382008345e+00
1.597992779136940378e+01,-9.092053991935696189e+00
-6.128124857594146491e+00,-2.701722505324191559e+00
-4.651866602962023478e+00,1.468692849613668905e+01
-8.990490299578048905e+00,1.313566246168927520e+01
-7.178979974459414493e+00,8.249398086459734714e+00
-4.074572148184473441e+00,-3.140496773700927502e+00
2.726844538428527365e+00,1.141650073422581535e+01
4.329580977631328764e+00,4.169792253900301837e-01
-5.817893425765799265e+00,1.485353514579279555e-01
-1.538021758900154445e+01,8.730189206172306982e+00
1.281696334755290989e+00,4.774511749938634142e-01
-1.663509237657506246e+00,7.658078074842668670e+00
3.352693433998845229e+00,1.378474083545297013e+01
4.451053145208143214e+00,-8.990674228299132764e+00
1.682839757258782498e+01,7.092128308889217969e+00
6.889848773498656875e+00,1.353619512662205260e+01
-6.238449231650705862e+00,1.567516988946607448e+01
-2.347132739265994861e+00,1.112966857991958136e+01
-9.428164071237945976e+00,8.092239649800525569e+00
9.397696936113039357e+00,7.045710300755779087e+00
1.307807070053417320e+01,-7.236164450371223467e+00
7.358330342622556586e+00,-1.746565703946171055e+01
2.765101109475648578e+00,-4.976992218241219623e-01
-1.632136534936441619e+00,9.455876943202738971e+00
3.070650115345530118e+00,9.668037309359956311e+00
-8.573813821807569013e+00,6.525004166757901736e+00
-9.559338031027392546e+00,1.518713958397625596e+01
-5.613375146138937843e+00,-1.315344066270573009e+01
1.004622686147136079e+01,-5.287188541178345247e+00
6.809108963866810527e+00,-3.787589134816062852e+00
-5.245938251582229483e+00,8.031144679654914853e+00
3.914005227022989697e+00,1.858672766527676146e+01
-4.211603084494956128e+00,-1.148166199398785103e+01
-4.719330650511566194e-01,1.103900448721897654e+01
1.498192012249807803e+01,4.887848164082170044e+00
1.528364408094498472e+00,-6.887427419949542440e+00
-6.125166560091106938e+00,3.796740106028015926e+00
2.111012580117967108e+00,-2.687818961576117438e+00
-1.069306387297229044e+01,5.814226991118596644e+00
-8.977791023740154586e+00,-1.466719994249380932e+01
7.678723317778628044e+00,-1.564071329573823732e+01
1.694905287664877136e+01,-4.700568590899099952e+00
-6.688042221217912697e+00,-5.591505714444390485e+00
-8.578700838252474981e+00,-1.108529968381529685e+01
1.299849004070648739e+01,1.089936424132805115e+01
6.675498515724633819e+00,-5.572904381551513353e+00
-1.045800330729948335e+01,1.046665802525512223e+00
7.469937204180627788e+00,4.074707401131987261e+00
8.501014497958209404e+00,-4.378946337932281274e+00
5.983979262109258457e+00,9.666355558798326086e+00
-5.329867240434441600e-01,-3.223081492351245636e+00
-3.096323628765928593e+00,-8.430907139356371260e+00
1.189950447738417694e+01,2.067694072316692111e+00
-1.726531487184146396e-01,-1.405086391284736891e+01
1.001853543984478634e+01,1.518798434307017331e+01
1.273326490285276336e+01,-9.058033485937141194e+00
-1.037415074586391484e+01,-1.591071511990179488e+01
3.547159616129395676e+00,6.053185167344725670e+00
-1.247150710886445779e+01,5.706365744627474257e+00
1.122026455909364451e+01,8.727948927122382017e+00
6.455941732973314195e+00,1.174268331243312602e+01
-2.010286454506101939e-01,5.763661263932362111e+00
5.797987164103322044e+00,-1.590145651984147612e+01
-1.047885065377815117e+01,1.186790569136043239e+01
-3.225838826036594220e+00,1.343649953342738534e+01
-6.103178439446444337e+00,-1.140582544999647219e+01
4.648849247384010397e+00,-1.247482695108833184e+01
-1.423290862897685916e+00,1.894025532766360698e+01
1.366391339571956109e+01,3.504977895816925315e+00
1.683669777589840821e+00,6.604673750901029372e+00
-5.484272290873935418e+00,1.731181151653723660e+01
7.696889175560891694e+00,9.224405022331742643e+00
-1.518075688808135837e+01,1.664302942104657346e+00
1.091934243778073643e+01,-1.418241196254712300e+01
-1.656334988931733321e+01,-1.182188110294675631e+00
-4.842416194332724189e+00,-6.235788114673865401e+00
-4.008708038251074690e+00,2.252511402826221365e-01
7.843079566796041568e+00,8.523781576311255659e-01
5.793444727957441032e+00,-1.031415518252902785e+01
1.112731883612177519e+01,1.061564847197216466e+01
-1.543529288107233199e+01,-4.556099002042516055e+00
8.102158884913885473e+00,-8.919173654648309579e+00
-9.186945383556485822e+00,4.790783640953972800e+00
8.624976091730983896e+00,1.408821789640467692e+01
1.355517296130415339e+01,7.344030618628097251e+00
1.024303519168170418e+01,-1.118069702499237472e+01
1.544707895462132008e+01,-1.469860853310797522e+00
-9.905353385067002137e+00,-6.629283056132547536e+00
1.909129309511888306e-01,-9.935590254008262789e+00
-1.482047167515657193e+01,-2.202299175924637087e+00
-8.827034866718186379e+00,1.785604009349961219e+00
-6.379320996083455597e+00,6.528307621491050483e+00
-1.153353617617383531e+00,-7.046354464888819891e+00
-1.598838868842210381e+01,4.877300584132506778e+00
-1.334250326228595718e+01,-6.124570745259220850e+00
6.836522823486527400e+00,5.745381569237061115e+00
7.474065890811563584e+00,-1.388314327930667780e+01
-1.166237662897882643e+01,-7.893543238375238857e+00
-1.399891661479628269e+01,7.488934824073238516e+00
-5.242222947274776779e+00,-9.786472827447310507e+00
-7.071149550557881414e-01,-1.148702684799899565e+01
-2.295132788049141226e+00,5.914711830829888051e+00
-3.017527722063947593e+00,-1.019867608577144580e+01
-1.887508972326701784e+00,-1.564501494812170534e+01
5.040763073189722387e-01,3.953178074306216594e+00
-1.516842925042034373e+01,-7.343144305944984573e+00
2.870287677239757418e+00,1.712795215130097759e+01
6.178802256782157443e+00,-8.466110157411490533e+00
6.901254573762393818e+00,-1.982820788979955173e+00
-8.316668260402737545e+00,-7.576295213168580567e+00
-1.446884409137484617e+00,1.393159528369656286e+01
5.085376934505091207e+00,5.143769423091465676e+00
1.144185678795621186e+01,1.402106425733427919e+01
1.416062323930097833e+01,-5.817803578929687802e+00
5.714538822356648673e+00,-1.403235405305266958e+01
7.138727547632661263e+00,1.536095670552880144e+01
-1.344459837161023330e+01,-7.931260700576491907e+00
1.045042509677480780e+01,-1.300733512098200650e+00
3.137143813225878652e+00,-1.414586644278878858e+01
-7.887204632365389934e-01,1.084950667668578062e+00
8.491017780955637306e+00,2.624096130581118125e+00
9.854365590790886031e+00,1.456191630565881523e+00
-6.172756879545299169e-01,1.670009137330307780e+01
-1.177238381181611437e+01,3.033441782046073509e+00
-2.298997963984934945e+00,-3.666097430338058238e+00
-4.512977674401653871e+00,3.069823107843045129e+00
5.334843481325125758e+00,-1.070050665488383013e+00
-1.055955992604517002e-01,-1.728566796295794461e+01
7.543356946371344129e+00,7.379623317342002942e+00
1.235315321350188178e+01,5.304192510612294242e+00
2.195211503689318278e+00,3.022038953741020162e+00
-1.132908765344429725e+01,8.804819228131897546e+00
-8.431993837222506727e+00,-2.661311389302191355e+00
1.236723115590511846e+01,-1.079617869990854295e+01
-1.340692272653349226e+00,-8.847570270068596088e+00
-9.680306486597270998e-01,-1.463328377685498616e+00
7.492373507430399648e+00,-7.173971228422885815e+00
-6.486033626226111792e+00,-7.348334027416529857e+00
-1.335838269935748102e+01,9.197879780520917592e+00
9.466085471228012693e+00,8.914796917237781670e+00
5.350814051267692051e+00,6.962040289361319800e+00
2.373230993799831379e-01,9.388132177338137652e+00
-1.315355419219341115e+01,-1.371038071851667794e+01
-3.349291701640969343e+00,8.725505061859292866e+00
6.169624720803364326e+00,1.790782658136608774e+01
1.857494963673865485e+01,-3.969786189011171640e+00
3.676908817573058208e+00,-6.472715268000715838e+00
1.325689459641748691e+01,-4.084435726766074914e+00
6.815159350575974884e+00,-1.217061869617700332e+01
8.606763408498219192e+00,5.432678301402659393e+00
-4.079856751537822568e+00,1.169298562314760481e+01
6.482051643255779538e-01,2.180021695150661909e+00
1.143652423542245344e+01,3.796683138301388816e+00
-1.009285405894748422e+01,-1.224356551956271133e+01
4.355443079629373493e+00,2.267142871077934885e+00
6.076590862018689698e+00,2.811799748434241852e+00
-1.148792544392680171e+01,-3.395769725090944213e+00
1.161999959701292973e+01,-1.251284737905043265e+01
-1.695144982196371330e+01,-3.064111172558210416e+00
-1.200072488538920545e+01,1.284019927325456045e+01
1.149288097244317441e+01,-3.303352646322567754e+00
8.353907733867677265e+00,-1.112781473080704941e+01
-8.792795237770489436e+00,1.138078380839387016e+01
-4.788971954564514633e+00,-1.438408596729962907e+00
-5.084208729293306028e+00,5.265885737824407720e+00
1.511174231646308996e+01,-4.261711415670013992e+00
-2.947302529601561361e+00,-6.592457948893435393e+00
1.058790131036359483e+01,5.729178960225260298e+00
-1.866372746950181849e+01,-3.532032817950032211e+00
7.268138868995513424e-02,1.502807791488397271e+01
1.000237121752703295e+00,-4.084456374376954635e+00
-8.679395239880413726e+00,-9.330458731911697612e+00
3.474846634865184303e+00,-3.829833956009815132e+00
-9.912244934591218026e+00,3.159826211392483764e+00
4.464657246337585761e+00,1.078423081375515125e+01
-1.015149994112410958e+01,-2.176919082961535690e+00
-7.950186689387692240e+00,3.328372589637802026e+00
-7.429024926632627590e+00,5.088337134259073302e+00
-2.140542288608802579e+00,-7.590095054330017743e-02
6.022309360533443900e+00,1.009145044230413069e+00
-3.328033658722212351e+00,-1.863545942176900638e+01
-1.425956454297531373e+01,5.649808148654837936e+00
-1.942762166859106410e+00,-1.741728786090402181e+01
-3.789891895753156881e+00,6.996054348072597406e+00
2.820413921926257395e+00,-8.152350375878572919e+00
-9.095508707088225009e+00,-3.638722728767931902e-01
2.955019913203071891e-01,-8.167924556798647373e+00
1.456912631287922011e+01,1.000303704346303446e+00
8.616309649718333574e+00,-1.452326944769434913e+00
-4.817820010662896557e+00,-8.060745036092539451e+00
8.994194141508385920e-01,-1.405186830369307360e+00
-1.226163515131682225e+01,1.333298587802184576e+00
3.442344351444848627e+00,-1.742138675501407263e+01
-8.350728446779555725e+00,9.589807755551644775e+00
5.118725624537642460e+00,-3.164491727120430475e+00
-2.407069691352182961e+00,1.734115955334110026e+01
-1.649433034036200230e+00,-5.318688447467621927e+00
1.002030731414788933e+00,-1.577359651710323263e+01
1.851508586551621960e+01,-2.163645999178834600e+00
4.979497128787801152e+00,-4.994905313619498521e+00
1.485461766772777992e+01,-7.651023752669373401e+00
2.824975762832408144e+00,1.360655240565987301e+00
9.042613746246402684e+00,-1.291217433600635545e+01
-1.769795113672604003e+01,6.789125562519759960e+00
-1.564823635540713731e+01,-9.194888824513274272e+00
1.298734689230340145e+01,9.071215307984685339e+00
3.726857784741955726e+00,3.970145860339891808e+00
-1.348042256968206454e+00,4.397479328856701564e+00
4.045322914177923224e+00,-1.565683137264973368e+01
9.694365340818874799e+00,3.961662492132671076e+00
5.440612329108859946e+00,1.456344587507889976e+01
2.557456487167615311e-01,1.832874303576259223e+01
1.207250281480901410e+00,1.650155886265796212e+01
1.119325779274933552e+01,-7.458716590577051164e+00
-6.049539260712474054e+00,1.934594999954178274e+00
-7.307148726095141988e+00,-1.227095487616429281e+00
1.185031466871938477e+01,-5.240273298523688617e+00
1.465857570887903194e-01,-5.615859829804763059e+00
-2.734885083415982354e+00,1.517284225988859347e+01
-8.461154078274223167e+00,-5.515635945442912025e+00
-7.016574181572885038e+00,1.079507401071632167e+01
1.761607879466973259e+01,1.160585288062258913e+00
-1.304375441083976206e+01,-4.322147442865058586e+00
1.060931081501985812e-01,7.535437899973185694e+00
-3.217100485579504010e+00,1.857902208681231127e+00
-2.768768066835659791e+00,-1.862975980746232940e+00
1.276568805560429531e+01,-1.404450173190910078e+01
5.414531087774234308e+00,-6.829273241403105210e+00
