-3.633915915113270945e+00,-3.900110893645527099e+00
1.354778837568393079e+01,-1.415044241353937693e+00
1.346641113507107512e+01,-3.198389748369339536e+00
2.192483600282699285e+00,1.534642849790172470e+01
1.355355901547763642e+00,1.339814166606283052e+01
4.760086506626812763e+00,-4.693977288264014724e+00
4.215313750775121271e+00,-1.198327568409906618e+01
1.002046672529617410e+01,5.888516058478660220e+00
-1.214330872222591395e+00,1.029895479576597062e+01
-1.256638806968702582e+01,6.741288701022598140e+00
-1.395722940482973584e+01,4.153234698779076695e+00
-7.073888768855708165e+00,1.363686160812813464e+00
-1.301522876131775774e+01,-1.033203516084336293e+01
-9.129961478521968488e+00,9.816027806926864940e+00
1.090094605226249946e+01,4.289828344925995296e+00
-3.882834695296508265e+00,9.816808712003517456e+00
1.992607350966682844e+00,1.075145148202879319e+01
-1.612655415968566786e+01,-2.632612066193722899e+00
-8.705386336259808289e-01,-1.752622781684052811e+01
8.296162257333355328e+00,1.196370176881212499e+00
-1.417231151352611640e+01,-7.903365626739626837e-01
-1.319034370103783083e+01,2.475685391341702957e+00
-9.413802721769211956e+00,-4.452533106438995247e+00
-4.626392794455806978e+00,-2.363981023013248084e+00
2.641597730710505854e+00,-1.426112354038865826e+00
1.074431882972896268e+01,7.694599538495386248e+00
3.495419030161947660e+00,-3.008723501451071591e+00
1.164721476669337186e+01,-2.837188851472010054e+00
4.333369718691208128e+00,-1.515058220238198672e+01
-1.295654823372738518e+00,-1.136284565734408503e+01
-1.800257364394248771e+00,-1.394491870841154402e+01
-6.381626170516898178e+00,-7.629436218521816748e-01
4.301705747773942434e+00,1.278375736360717596e+01
1.119410053942863392e+01,-8.365325400645392762e+00
1.431577894615551294e+01,7.094481733330381346e+00
1.384480404962484457e+01,8.866037725359444011e+00
-2.764914725957174024e+00,8.332692757314509535e+00
5.617953393710908294e-01,-1.635842443778129152e+01
-1.578516267117832861e+01,-4.378233100587311633e+00
3.238449697177175235e+00,-1.682636216447044220e+01
4.020742161150977267e+00,2.508103902711808608e+00
-6.790006436281980307e+00,-1.218257519955301937e+01
-2.020408071119396798e+00,-3.137934683694775462e+00
-4.575796089351001683e+00,-3.323069597236071870e-01
-2.741271376305492335e+00,-1.246016376719684082e+01
1.367993122450420529e+01,5.335990338324680948e+00
2.231017626310298763e+00,-9.814521099551534178e+00
-6.446383584139253387e+00,-2.537635057556484774e+00
1.513601797199447496e+01,1.577518822571236878e+00
-5.254446618516414702e+00,1.732214430653072679e+00
-9.633154472273023572e+00,-8.027194171754054253e+00
9.736007383207121890e+00,9.245527177569812238e+00
-8.461519975876001354e+00,8.110462600392892796e+00
1.203141048220952491e+01,1.195063496783135726e+01
1.268862260685478915e+01,-6.750972688934199439e+00
-3.939693421492996617e+00,1.515099188607052128e+01
-5.703152401612335609e+00,1.375957759135133429e+01
7.506486303898143753e+00,-1.193111528541361821e+01
9.777810779313707013e-01,3.747421937569275219e+00
-9.749078081839436249e-01,8.476417108795109456e+00
1.320771352078602590e+01,1.060952768650597910e+01
4.326520165877490776e+00,-8.923918463095940723e+00
-1.273211294288145723e-01,-3.228668329076611165e+00
1.535705213179748618e+01,-5.884883072954134597e+00
1.091876779364597150e+00,-4.881883084607220091e+00
1.408978442336159764e+00,-6.636646058707597329e-03
-1.893890289784307868e+01,-1.272844533796816169e+00
-4.416262938609762934e+00,-1.585119111191609598e+01
4.036381685736365910e+00,7.752486847807110060e+00
2.268233461054136590e+00,2.123778279662229096e+00
1.835323621310484299e+01,-9.294413785473709666e-01
1.023754637602897510e+01,-4.018316442549634715e+00
-2.587534724227871959e-03,5.429466971840763101e+00
-6.990880318371200275e+00,6.862457879073557088e+00
1.336287258114089127e+01,1.993015675962337196e+00
1.711115279113306187e+01,-6.066145483502660696e+00
4.424448234459979368e+00,-1.286358718016501479e+00
-4.373564185740154819e+00,-5.489847573899800715e+00
-2.534412567489785939e+00,2.706978242156059533e+00
-1.191130774871693987e+01,1.176360348847432791e+00
7.349803564269329348e-01,-1.653976024801229849e+00
-1.260217580771400847e+01,-5.677014845499064322e+00
-1.049076514978978203e+01,5.151181881193091172e+00
1.291661584258408269e+01,3.695601254119932122e+00
-1.072360567751620763e+01,-1.566798745449433738e+01
1.564922352247290371e+00,-6.794576185735252238e+00
9.253024534190769756e+00,-1.381637260977467285e+01
6.206808503920895781e+00,-8.904503589105472017e+00
-5.635758677918202508e+00,1.028157860378497546e+01
-1.215848490607031351e+01,4.555888842433827080e+00
7.942347615474242062e+00,5.427504202774516173e+00
1.157896938981153490e+01,8.241366171165089849e-01
-1.549074401407861679e+01,7.531360636457629099e+00
5.831853644859840147e-01,1.547504000142843061e+00
-8.970180509691410009e+00,6.398961445962454420e+00
-6.850913468481099500e+00,5.044579463515225903e+00
7.018015687186097473e+00,-3.617192786985920172e+00
-6.511071209122295533e-01,3.092061656391118962e+00
1.369850757481342995e+01,-5.213980844565320183e+00
-7.868907338013403141e+00,2.926037657143632398e+00
-3.134826515386254897e+00,1.341077915322426151e+01
1.643599686970776830e+01,2.893095986031126277e+00
1.056016257190542795e+01,1.083406282496486028e+01
1.188868360769858512e+01,5.792761874277867484e+00
2.542073771544880678e+00,9.049416752612270187e+00
2.533300562778573184e-02,1.710162962459255453e+01
6.163724253499945682e+00,1.357093118968668044e+01
-8.079086905390358453e+00,-1.161209713088774964e-01
3.161006389024325181e+00,5.483095045951911217e-01
8.029789879919189133e+00,-9.232915390595897165e+00
7.513225287376619654e+00,3.331649084407657835e+00
-1.774719132523395970e+00,6.387465456834251931e+00
-2.655096191677235318e+00,1.162282388422609714e+01
-5.267336569162138105e+00,6.331934382647838255e+00
3.632684595188379606e-01,1.530208580829679299e+01
-7.651827597591574381e+00,1.378481907737583434e+01
-1.244638837229349271e+01,-1.386208356548571663e+00
1.130061994916089141e+01,-1.311939570371676034e+01
1.194953866269110421e+01,9.260855180160652012e+00
1.724808440366252782e+01,5.719987228362700904e+00
2.116273821925746645e+00,-1.537523432554253944e+01
-1.121607996176209809e+01,-1.053135068127483365e+01
1.465704382998229782e+01,3.368209614807353258e+00
-6.325802574521570243e+00,1.194398447487487580e+01
1.492000081335037187e+01,-2.114689322647873015e-01
1.255539635252343622e+01,-1.110285773268580733e+01
2.909923330287359722e+00,-4.790135108612547654e+00
-8.327335536657766824e+00,-6.350904585593463381e+00
8.972718321838804911e+00,1.672543144856040342e+01
-1.022063089835962302e+01,-6.115583487960916997e+00
8.284325931434777246e+00,-1.511791555992331393e+00
-1.449146969275975394e+01,-1.142942935869113086e+01
1.659423825374348027e+01,-1.016886046460523385e+00
-8.500865236200956687e+00,-1.341943434946310099e+01
-8.497293924210426397e+00,-1.154708763162450147e+01
-1.716288936917831620e+01,-9.424428444372466851e-01
9.657093363071650671e+00,2.346813307440799523e+00
-2.564161764721127668e+00,-1.847939808814243179e+01
-9.665407253570849733e+00,3.059415298710990605e+00
-3.089498473317304317e+00,-1.069362638323750048e+01
6.722111670998446087e+00,6.742153317261578849e+00
-1.138709989521640331e+01,-7.466762401645381964e+00
-1.857937209799650269e+00,1.485253772052319654e+01
-3.254499624252386036e-01,-9.812659714659567101e+00
1.150078282879466407e+01,2.614474431488445383e+00
-5.439924051435276020e+00,1.609585579612290829e+01
-1.130794151532753089e+00,-4.697274728081718642e+00
1.424911342978234252e+01,-1.182326305505345410e+01
3.732904407318057505e+00,1.104692114507693645e+01
-3.548132007040498248e+00,1.231560147939158245e+00
4.272572897720290364e+00,-1.848045993527851394e+01
8.993442743558334174e-01,-8.525720607179888333e+00
-1.683086965768452403e+00,4.539373444307526206e+00
-8.963196086626123105e+00,1.428038773319044497e+00
1.615765225774480740e+01,7.205240449293623506e+00
6.225766161275957167e+00,8.515911000281224830e+00
-1.145689647826079671e+01,2.902021303305001076e+00
4.918099310239640864e+00,8.480742893186865583e-01
9.004190634477619026e-01,-1.162011157298371167e+01
6.272102517239074970e+00,4.900124376808568272e+00
4.730219534339556553e+00,9.428254576462983039e+00
-1.497789710057215373e+01,2.662839820936885982e+00
3.169100854471329498e+00,-1.358852309422759319e+01
-5.635158301099821188e+00,-4.243070271493953882e+00
5.869647659183766519e-01,7.674826010556593303e+00
-1.068142255638236060e+00,-1.564869161859860824e+01
5.021399690589087861e+00,6.284599331886976614e+00
8.828139871339061528e+00,1.122608408343729280e+01
5.117711990353477347e+00,-1.680396309260912702e+01
-6.073361650920725552e+00,3.309996534103156307e+00
9.887919740187438578e+00,3.039694673538951286e-01
-2.653232133547467786e+00,-7.569376734417055275e+00
-3.844108995431378961e+00,-9.010619969470051061e+00
1.698893458277295210e+00,-3.173070620490175742e+00
9.095008850052138882e+00,1.298272518182098878e+01
9.143390251465683960e+00,4.112838446558637173e+00
-2.576443292123534956e+00,-5.701098811244629694e+00
-1.255395140264805143e+00,1.408201128796159551e+00
3.272980517469494810e-01,1.133762309982896355e+01
7.016638074026197991e+00,-1.599417888495942297e-01
1.203106176098092384e+01,-4.596188202760055574e+00
1.273520868436958509e+01,-9.237902901211755946e+00
8.346177357354541471e+00,1.466857835693566514e+01
-2.749184758840622855e+00,-1.652672330051609961e+01
-7.882228742445226422e-01,-7.920109803587073394e+00
-6.152867664397321690e+00,-6.116048984376483588e+00
5.004668682735386120e+00,-7.135875412631614623e+00
6.489104195832373634e+00,1.646958022293237178e+00
6.123717339701909346e+00,-1.536196630017005482e+01
-1.075884062377357964e+01,-8.520805420322671297e-01
-7.394330605783071775e+00,1.049976288646269573e+01
-8.558905793204859336e+00,4.592256232678486150e+00
8.628059840186802276e+00,-7.380221096703967198e+00
-4.234174071522195604e+00,3.191830650570635530e+00
5.942229210450242327e+00,1.078613706535019112e+01
-6.724320951885652597e+00,-9.666254205971114288e+00
6.730857823264420059e-01,9.535547140895619833e+00
-2.983566629607653731e+00,-1.668495372905013374e+00
-1.726235720735658319e+01,-7.495610677196223648e+00
1.426968320366125020e+01,-7.684902996705451628e+00
-1.227365580192908007e-01,-6.158120759349316131e+00
-4.033771726315854345e+00,5.052509107601007798e+00
1.681868154309222518e+01,9.602811055230089377e-01
-4.489981519548090105e+00,-7.367077381493439603e+00
-2.191150580767464273e+00,-8.349602501664339649e-02
5.651360570908247283e+00,3.192758912276189687e+00
7.571058623106640795e+00,-1.639543007348468606e+01
-9.025802135132572346e+00,-1.641016706034720940e+01
-5.040380675295841328e+00,-1.036188080577722559e+01
-7.368594789498609465e+00,-4.838754982153774975e+00
2.763372584412479682e+00,3.807592710353945531e+00
1.123948365833837748e+01,-1.009873153012830871e+00
-1.767980697373995724e+01,6.006400227999967534e+00
9.491423747706493330e+00,-1.025879827995217575e+01
9.550898230409814005e+00,-1.591623598415217700e+01
-3.544391770364188510e+00,6.755518561775939901e+00
1.662098325430013901e+01,-4.318671319275671827e+00
2.282116300975489676e+00,7.182561588561620525e+00
-1.307353758234643415e+01,-3.249312728569368147e+00
-3.888844922044024432e+00,-1.386553805136448503e+01
1.559513147139864664e+01,4.948928518384552611e+00
1.255236129984904814e+01,7.492610104903427271e+00
3.355333548349364925e+00,-6.499311860545285313e+00
-1.497064418919553042e+01,-7.775312585976315916e+00
-1.989018238555354978e+00,-9.215269070094157300e+00
9.934830393270695836e+00,-2.289863406235616683e+00
-9.102122794748943591e+00,-1.594761166503206873e+00
1.824590317586306520e+00,5.414842297061565723e+00
-1.137413988420441413e+01,-4.333245884070594300e+00
-5.012293019477025879e+00,8.196875431009083002e+00
-8.140329804841124783e+00,-3.150185531245510262e+00
1.876000917841673754e+01,-2.861644592543205690e+00
6.884442181176448017e+00,-7.187765596951472880e+00
-1.602720685041439097e+01,-6.203386317612658907e+00
-1.050963388528626297e+01,-2.771466850664523029e+00
-1.174461577738158402e+00,-1.559282861120875552e+00
9.894369048524479737e+00,-5.762536782916043876e+00
1.344826949599006394e+00,-1.373705685195919735e+01
-6.288209662748955431e+00,-7.898597684750290782e+00
-1.413438365954299947e+01,9.995929755598442767e-01
6.347141574035164879e+00,-5.446539311817701012e+00
5.356813291698037993e+00,-2.895274953776953097e+00
-1.460784535998227796e+01,-9.536160214803265589e+00
5.406540724806194298e+00,-1.059012090287855301e+01
-1.311992777634401897e+01,-7.797120629644332723e+00
-4.532881612629465984e+00,1.226712334691768902e+01
-1.579671731391977829e+01,2.585968206957331428e-01
-1.042977078494235066e+01,-1.384010998846860296e+01
4.453634351106471101e+00,4.524421037386751721e+00
1.078496755449867273e+01,1.371072673404546904e+01
4.325650853375633709e+00,1.503487669810199101e+01
8.004913708739016087e+00,8.861263311950137833e+00
-1.656372198336061885e+01,-9.211594376098782178e+00
8.652242697741298727e+00,7.197805339596755836e+00
-1.326335071805249344e+00,1.310798448493729573e+01
-4.528005141575301984e+00,-1.204140123897408365e+01
