-9.831888296018185258e+00,5.429295531300577515e+00
-1.003487272857976187e+01,-7.695387178970668707e+00
9.761701971992984284e+00,-9.722223438126244233e+00
6.685296686153814782e+00,-1.090528737958401884e+01
4.331782378394497535e+00,-8.551225518979913787e+00
2.065959533903229950e+00,-1.367690680182291274e+01
-8.003049222868819257e+00,1.482524317697530680e+00
-1.458437597906164385e+01,9.239803520145155602e+00
1.334002355042059307e+01,4.311915678091713389e+00
9.306920354089168512e+00,7.542185337612171026e+00
-3.900834198077598458e+00,1.616052692301977700e+01
-8.649788865652642045e+00,1.467237260892237316e+01
1.199051907474498257e+01,-1.233499246485670220e+00
5.763090020442064976e+00,1.711410168313508562e+00
8.208361936205578857e+00,-7.961187187483629302e+00
-2.747845198140387302e-01,7.809570440176536898e+00
-8.140785942321947743e+00,9.016701426947077991e+00
-1.127772762568891451e+01,-6.668225829670757498e-01
-1.049331719271643060e+01,1.221061128529887618e+01
-6.254522410890611006e+00,1.726414936915884368e+01
7.742452806385459851e+00,6.597739659509638699e+00
-1.262854419396299477e+01,-1.106376188983977471e+01
-7.831336975634464181e+00,-1.531259313377839959e+01
6.286799674426012174e+00,-1.601290490868526462e+01
7.549554972427961808e+00,1.653659245583530613e+00
-6.238793136392777328e+00,1.155752606054634946e+01
1.025538627645562251e+00,-8.645182872105562355e-01
1.875819464204155551e+01,2.576211832909565125e-01
1.609161366923877523e+01,3.530013362912834296e+00
-8.043126217580340409e+00,5.802344021601605562e+00
2.500725048902583847e+00,-8.709272691116495935e+00
6.812152238421593786e+00,-9.151056712377471314e+00
8.370041754027557346e+00,3.237860916577730563e+00
-1.053555310170290404e+01,-5.332431283684426759e+00
-3.444062766654237162e+00,-1.053873552724713036e+01
-3.934658401797671345e+00,-1.228992648262939369e+01
-1.093287447806035573e+01,-1.054407238886005338e+01
-6.748471169402614933e+00,7.830169716867684926e+00
-6.705226201545375631e+00,-1.680472769218897611e+01
-1.138818158668714453e+01,1.068157674881028285e+01
8.340989848252272409e+00,-1.158394843406310493e+01
1.158603854678586664e+01,4.578812869423470211e+00
1.271724309032434164e+01,7.111851738356829600e+00
4.971424835383028706e-02,-1.898662775512784506e+01
1.229097995098850760e+01,-3.804657076091319645e+00
-3.743636192432031162e+00,-1.821887922863806608e+01
-4.892072435141881392e+00,4.778837331218292128e+00
1.433722306010810854e+01,7.836662686164767244e+00
5.785090184781693345e+00,-1.255655466810160092e+01
9.157294232682236412e+00,-1.474033706348103401e+01
5.228057197703798842e+00,-3.444811332298155726e+00
-1.681261358486703772e+00,-1.079650419216435964e+01
5.455747777638556700e-02,1.824099058765557757e+01
-2.940772368467480913e+00,-1.376552093594044379e+01
-1.552693119494971974e+01,-4.692710699816490805e-01
-1.998406737318398241e+00,-1.886770555840810815e+01
-9.247674449854372369e+00,-1.000946080850773434e+01
-2.822650346224199858e+00,-5.024747562297116055e+00
1.069975708728324904e+01,-2.975471936341074652e+00
7.074366749969357215e+00,-3.390846929045458591e+00
3.679046457000160864e+00,-1.463100571730264754e+01
9.298057363394360286e-02,-1.127514482387675976e+01
-5.837341850017367051e+00,-2.697568948523814125e+00
2.287182185463141781e+00,1.583581157916123860e+00
-1.277968493790978322e+00,1.489738814853054594e+00
-4.601057558740172304e+00,6.792864695732966140e+00
1.331887847493376853e+01,1.244773693285024052e+01
7.098323079726336360e+00,-6.215008690229628652e-02
-4.618119615421778512e+00,1.037603284786630942e-01
-1.653193324227963146e+01,-3.501826640021522774e+00
-1.355115807627534075e+01,-9.374429291430281808e+00
-1.586537343463212224e+01,1.044626030379124693e+01
-6.230586499382084753e+00,9.543844335826612735e+00
3.422070203448624337e+00,1.098526975932621497e+01
6.124463952929988242e-01,1.623692574490354801e+01
1.543425814742041657e+00,-1.020328480552611161e+01
-1.147701823311052749e+00,-4.434215328839630210e+00
9.880233377605472711e+00,-1.248848446721357242e+01
8.295066002122276627e-01,-4.290979500835811145e+00
7.554149043193506330e+00,4.837824232478747710e+00
-8.359276811236982851e+00,-8.449062691135079461e+00
3.616991973704065000e+00,-4.824162169846986536e+00
9.685004403867820244e+00,1.788251702327688486e+00
6.595145999837798811e+00,3.296320075412974671e+00
3.253853645310483600e+00,-7.086080492226770389e+00
-1.696626220513844885e+01,2.852598351924765741e+00
-7.829745438561964477e+00,-3.308009426305155709e-01
-2.086646144129398639e+00,-2.859487456437703745e+00
4.925279121458474130e+00,-1.021878686103258183e+01
1.014497345049933230e+01,3.535571109386835609e+00
-1.635918487020374679e+00,-6.401255551787505382e+00
-1.508365026485587013e+00,3.304032448373615871e+00
3.390956553288288600e+00,-3.019190437770614910e+00
1.745196568128553594e+01,-1.120384404724666716e+00
-1.866602074178841519e+01,-3.430288364420098102e+00
-1.960816511213155366e-01,-2.868138908193554659e+00
9.901996646294437099e+00,-1.282681473621338553e+00
4.852377694347303816e+00,-1.800816241093754755e+01
1.072184205830289194e+01,6.386946394907688784e+00
-8.621815476777188181e+00,4.124728735951465275e+00
7.320765351679274779e+00,-1.753300871686466422e+01
-4.943445011672056744e+00,-1.676042076833966732e+01
-5.261936880677943407e+00,-7.487659964129763424e+00
7.910101621303786246e+00,-1.331202926547973675e+01
1.056625942798005147e+00,-1.750081229123075133e+01
-2.855920978814634026e+00,6.515538475254191164e-01
1.087688527238959502e+01,-6.095005691798710323e+00
2.493565393502897576e-01,3.022891934176465956e+00
4.526762130292564024e+00,-1.621937249793470315e+01
-5.556319248040477582e-02,4.801455827360776141e+00
5.513082694338516276e+00,4.767261392094155781e+00
3.483296522822285635e+00,9.153140604360718413e+00
6.189492237619942827e+00,-5.000654993181139041e+00
9.113500923464528114e+00,-6.357580799129106452e+00
1.684867009210606170e+01,8.640216127970928639e+00
-7.394221007847465721e-01,-1.154749597278706741e+00
-4.774052615940791000e+00,1.827069783000074210e+01
9.272083051250303853e+00,5.306337728702801293e+00
1.541787916167679207e+01,1.460232208078471539e+00
-9.299157863421118719e+00,-1.520055704373487249e+00
-9.740893790062333579e+00,6.703083182723076350e-01
6.360207069466704333e+00,-1.749824212590692429e+00
-5.226007076013261532e+00,-4.422207928652949427e+00
8.857936665124100273e+00,-3.200530907629279387e+00
1.821947829915645078e+00,8.474550675123538213e+00
-6.614803711811675591e+00,2.600036650247104841e+00
-1.419641136486754007e+01,-5.487209311020950331e+00
-1.038819648089146597e+01,1.398363338015393964e+01
3.141995850871032836e+00,-1.873377906461010056e+01
-4.329231808015286731e+00,-8.988499130616585120e+00
-1.396487893632018107e+01,4.546830935953903863e-01
-1.594088382994983455e+01,1.299878127895750302e+00
1.447176737765048138e+01,-4.350826689452352625e+00
-4.237031438881151857e+00,-1.646397326274872341e+00
-6.824280397034839574e+00,4.430282455559527044e+00
1.251684755898524060e+01,1.056024949350609887e+01
2.357865434156627416e+00,-1.185933499376150380e+01
1.333363324455554944e+00,-7.369413785098512193e+00
3.530861768389788491e+00,2.917614015732509225e-01
-2.905336585929287452e+00,6.000613036894350216e+00
7.766077874940580106e-01,6.355960276653651597e+00
-1.444043483796400373e+01,-1.135456742341638225e+01
-1.406066880632021343e+00,1.025629970146259140e+01
8.084183475561401266e+00,-4.851508653500165025e+00
3.826334442810455982e+00,3.945124285172605383e+00
1.145882992262837341e+01,2.017945437232514738e+00
-2.694375471577256764e+00,1.272721282021304923e+01
4.566620622472698621e+00,-1.658618282572509983e+00
-5.368859620249172515e+00,-1.348279030566592240e+01
-1.099997238162015911e+01,3.569386551540544517e+00
-1.288009057965921933e+01,1.183319360214623117e+01
1.606672856866969035e+00,-2.702585274997622466e+00
-6.421234967370023305e+00,-1.206047308891605319e+01
-1.286290997462432806e+01,-7.648911601772485191e+00
-3.080552129934514216e+00,2.486636320971680636e+00
2.015415312880755483e+00,-5.658260293027434606e+00
-5.943001389418317792e+00,1.348290913548969350e+01
3.977694178281812487e+00,5.722656218386223514e+00
-5.443637050371740393e+00,1.523580674967730531e+01
3.538870685584014630e+00,1.275411627828181516e+01
2.171148368862534817e+00,5.189318765720949855e+00
1.230395929153375967e+01,-7.250789777074794884e+00
1.691507510099621214e+01,-5.503845059413841945e+00
6.744726031577414460e+00,9.945528969747238435e+00
7.195566486538639950e+00,-6.451157536568039141e+00
1.081751170870120049e+01,3.171439217147887790e-01
-2.420055072482127478e+00,-9.095242228614269564e+00
-7.221696167185548632e+00,-1.041400308037179556e+01
-1.486316465367830553e+01,5.774184090616055975e+00
-8.184722102057724769e+00,1.134585870130394269e+01
-6.221369069534590679e+00,8.232652051559047335e-01
-4.708855815900848008e+00,1.046393019341690334e+01
-1.349824687367601861e+00,-1.470111607500510864e+01
-1.806794458234735146e+01,-1.727978691547239709e+00
-8.356661520269231147e+00,-3.007770400655908727e+00
-8.546175659578203465e+00,-6.645389195677259941e+00
-1.034560164705783336e+01,8.657570895603223349e+00
-1.865063805506024153e+01,3.471006459948620115e+00
5.832251025377608755e+00,-7.610086835489624058e+00
-8.479209062442219391e+00,-1.178739564559178987e+01
-8.805931175248721487e+00,-4.839229187354098016e+00
1.380609837518968597e+01,-1.363455442596070322e+00
-1.054952607049563440e+01,-1.539141453234972801e+01
1.422605917252093555e+01,6.047018007580125420e+00
6.266129589176838710e-02,1.129740942621722333e+01
1.091406509835621996e+01,1.446870744675280562e+01
-6.024354021701435968e+00,-1.515521961294225228e+01
4.016084033869613101e+00,2.121035927926683939e+00
-4.317736152176557596e+00,-5.990293393887451856e+00
2.090657457332331770e+00,3.429712975345721837e+00
5.296530477911565171e+00,-6.386554268568438164e-02
3.454981514388028585e-01,9.560181819413074322e+00
-1.150152326199448183e+01,-8.823684004058593544e+00
1.089406407173331282e+01,8.691523336703980362e+00
3.570526131589866203e-01,-8.890275886337374089e+00
7.820851954131274653e+00,1.171018464758392597e+01
-4.532987607499138427e+00,1.232844228120569952e+01
-6.591696308030412510e+00,-8.697478968931420695e+00
-1.295427753368459456e+01,-1.299472183869889896e+01
-1.226335950781354711e+01,-2.632732498306396884e+00
-7.082617929480334418e+00,-4.259625308285210465e+00
-6.787737792052317864e+00,-6.152370128422518292e+00
-1.313550305359252235e+01,6.225031392561451327e+00
-1.779607161071708887e+01,7.152760911412616718e-01
4.817141840881029147e+00,-6.114634734617055756e+00
3.985587607191770410e+00,1.584006916408465848e+01
-1.297422671364374303e+01,8.406057503682291099e+00
-3.003932891087774948e+00,1.770259411945853145e+01
-7.197959633853878714e+00,1.574775781322181878e+01
1.601331308860138236e+01,1.022455436828590969e+01
2.908711026331483596e-01,-1.401421943669966197e+01
4.135726033772114008e+00,-1.179915533693710650e+01
-9.143984060863958874e+00,-1.367690526198704859e+01
-5.324638953315709244e+00,-1.059764093920847827e+01
5.129772499556923826e-01,1.237786290940945610e+00
-1.021282225919408582e+01,-1.221746772042685869e+01
2.759539264470778797e+00,-1.332160201254074305e+00
-6.096002602037603246e+00,-9.479278540606633774e-01
5.942351975578632484e+00,8.329503017301886914e+00
-4.087617693152794551e+00,-1.519758949950371907e+01
-3.081761243485463986e+00,9.670689534709509871e+00
-1.087493442617555983e+00,6.235721923327918859e+00
1.007847632762475659e-01,-5.986949650827975589e+00
6.777726640890177734e+00,1.514347805743106079e+01
7.694371700701022831e+00,8.417583871999868350e+00
-2.517601308824937600e+00,-1.128314741766451856e+00
-9.124060576514977372e-01,-1.645764356801913664e+01
1.417405281489923929e+01,9.805680621563496402e+00
4.304690050768503085e+00,7.551701675868240038e+00
-7.692838730410203496e+00,1.318230599425073102e+01
8.856738732219781696e+00,2.083085262416342065e-01
-3.118645418113120016e+00,4.253503973619388923e+00
1.390215105842703736e+01,-1.065647374047899021e+01
-3.788218231123420043e+00,-3.392299895624879102e+00
-3.199163817605303439e+00,-7.371953355576040146e+00
1.256941422595899205e+01,-1.424533870656952494e+01
1.160046580540548256e+01,-1.190342644057751720e+01
-1.444667473567046301e+01,-1.979840871679190872e+00
-1.488596085127687596e+00,-1.267073818797146956e+01
2.577262541641769378e+00,-1.618016743661566537e+01
-4.856535380783022049e+00,2.958721523489058036e+00
-7.256626194887851433e+00,-1.362477285916754610e+01
9.964002855168198280e+00,-4.564960191906505926e+00
-1.377212570007289472e+01,-3.693278380320558441e+00
5.267291431404439450e+00,1.779183385993021105e+01
1.045051584248947663e+01,1.149750169633108854e+01
-9.000053110325724859e+00,7.419658619280411038e+00
-3.744120448806685264e+00,1.426708985809746366e+01
-4.621231905495487347e+00,8.629855153859429251e+00
8.197619041932271422e-01,-1.571652564338192448e+01
6.384720057495258061e+00,-1.425982187318085970e+01
-1.150558476333448210e+00,1.561758025178816922e+01
2.627207509958005005e+00,6.901993079239741924e+00
-6.241797709770151137e+00,6.153537377046233381e+00
8.145936939564816015e+00,-1.503470972941719497e+00
-2.926689077948282147e+00,7.888937512022689447e+00
