4.913199642787387411e+00,-1.833550328652445049e+00
-4.148537576463724008e+00,1.359575016498282984e+01
-2.354983182947160358e+00,1.394940325588501828e+01
-1.487046580532621398e+01,-4.338622968519749712e+00
-1.271691181309683927e+01,-4.330309934261494575e+00
1.139394172835103625e+01,-5.744712555182004410e-01
9.223062898132534215e+00,8.779053403807445477e+00
-8.648512592609510108e+00,6.109274158553393619e+00
-9.672596289555354332e+00,-5.633746535389291488e+00
-1.680211601679141298e+00,-1.460225560501190856e+01
1.985621348563085808e+00,-1.535501795968920646e+01
1.891628744391633088e+00,-6.986837133573728487e+00
1.478755740611358327e+01,-7.547264914618359022e+00
-3.921247566385548389e+00,-2.500148714601914346e+00
-8.961776119346687608e+00,8.806090085172582960e+00
-7.957268798233890550e+00,-8.102165799323204354e+00
-1.102699797993377295e+01,-2.885313747095143100e+00
9.061899748113008357e+00,-1.360412322722401690e+01
1.640719712474970393e+01,6.536220862997241809e+00
-3.889427473466727125e+00,7.708482758695883064e+00
6.977526003859598980e+00,-1.249607749483957164e+01
3.484584352211603342e+00,-1.310299668210617163e+01
8.104771984631325310e+00,-6.228499817792927828e+00
3.969443556403329243e+00,-3.696356704975394258e+00
1.485617418470328133e+00,2.977716317093531906e+00
-1.227658970942112049e+01,6.552652193906133959e+00
1.234652851101777138e+00,4.736190765874711772e+00
-1.529955861979764187e+00,1.187492862206671340e+01
1.198158589781077765e+01,1.023716337408456489e+01
1.153041108880149679e+01,4.615050723737534888e+00
1.353951421777400732e+01,4.417279692859398033e+00
3.395883227379614677e+00,-5.726652425760358156e+00
-1.397790614578151569e+01,-1.440197224403327425e+00
2.991313312388186318e+00,1.355342503317436709e+01
-1.346420990026044784e+01,1.027156795806121004e+01
-1.434357145571049053e+01,8.701750669410166950e+00
-6.887732029699042080e+00,-6.668288879212342479e+00
1.469102407182064418e+01,7.431454268998205492e+00
1.059790046506094363e+01,-1.252449317417907615e+01
1.401918308863348983e+01,9.885043665405440549e+00
-3.447633193457607437e+00,2.523854380388873331e+00
1.391978828066953078e+01,-9.685867816326724222e-01
4.321763370522332615e+00,-4.611695098138728771e-02
2.253900503262082911e+00,-4.342788236217181463e+00
1.244265564831160731e+01,3.012189421426342495e+00
-1.172841280445080159e+01,9.888108169597808583e+00
8.175078075547110856e+00,6.526102217351753332e+00
5.110066026659978000e+00,-5.135763968772202759e+00
-7.988021830991948846e+00,1.358420659391104124e+01
7.372374673324629812e-01,-5.659458707900853369e+00
1.006293780546430305e+01,-5.670652770832101730e+00
-1.292351394128409581e+01,4.890663785167299160e+00
-3.956902800774214857e+00,-1.118863396132148935e+01
-1.616219895596564271e+01,6.227694543708274466e+00
1.114380216800203938e+00,1.469543271511760274e+01
-1.227350564957180090e+01,-9.927144517358831521e+00
-1.040310811070666475e+01,-1.094060918001429172e+01
7.783244420766442850e+00,1.176862688481230457e+01
-4.571934274725324876e+00,-8.307233016320509922e-01
-8.146946286403737858e+00,-4.687866324632158133e+00
8.536442128103234328e-01,-1.060859139333189871e+00
6.501082709399989668e+00,7.385596092068142049e+00
1.701455282957018866e+00,-1.349401880307710577e+01
-9.001459835737641857e-01,1.723075401451756861e+01
5.103290008102489672e+00,2.997129302549751184e+00
-1.348261950865051073e+00,5.158289907174010841e-02
8.995750174065859639e+00,-1.672562174689933912e+01
1.632227892969560656e+01,2.536015205774174053e+00
-9.343441152101503278e+00,2.283480694263298749e-01
-3.143794818883010489e+00,6.589434192802280377e-01
-6.872856886242111329e+00,1.724518553038661395e+01
1.652696036471776320e-01,1.124132144694341306e+01
-5.474836792755845671e+00,-3.343610492418323421e+00
-3.549553909824814113e+00,-9.377539475090811649e+00
-7.350179072526562329e+00,1.190530946378116006e+01
-1.827992397589544238e+00,1.872682094025758204e+01
-5.886514922601981947e-01,4.954106713653253280e+00
6.745922401840706684e+00,-1.908050598764109873e+00
-1.663490792383070627e+00,-4.534929066189423708e+00
4.194064795972321846e+00,-1.137706998816246795e+01
3.307183319644151909e-01,1.316452042940587930e+00
1.078118720159797661e+01,-9.184143890595748871e+00
-6.780020774862020039e-01,-1.147838838887245494e+01
-8.480806993571139429e+00,1.054273339047331959e+01
1.870757808130652222e+01,-3.309620334765603467e+00
5.776435081330056676e+00,4.652036176516521238e+00
8.758029532026979425e+00,1.408284712242891956e+01
5.715565620522482959e+00,9.145754176284709658e+00
-6.810419756586984619e+00,-9.528157811686593703e+00
3.161427037051945527e-02,-1.407569233013182952e+01
-9.349527478852751372e+00,4.370862375010554857e+00
-5.723759920932639744e+00,1.096793519452704402e+01
-4.452144174807546873e-01,-1.720744242368452959e+01
-1.599715077540501573e+00,1.861441682054120861e+00
-6.145951475199397329e+00,-1.616713149769935409e+00
-1.950803785176045135e+00,-8.535172669501177367e+00
7.273799323750576029e-01,8.436048115968889149e+00
-2.154802159240226889e+00,-2.786897269520959508e+00
-1.361060162488442637e+00,1.553709426828267759e+01
1.300125203520832384e+00,-8.716481168456137851e+00
-1.114962799735653753e+01,-8.545761228090121620e+00
3.183371732733155345e-04,-3.964164233439403606e+00
-1.470402525587876141e+01,5.016289899182173606e+00
-1.075389992112043736e+01,8.384654086814039786e+00
-9.779673413323832776e+00,-1.520589196926862119e+00
-1.555712590378235660e+01,-7.054010612524768575e+00
-1.492902628465629711e+01,6.041153730379136833e-02
2.296686817474229869e+00,1.368325688667910267e+00
-2.855563880907457941e-01,3.100744558998910438e+00
4.675892889559936982e+00,1.067027944632355663e+01
-6.823130569768890652e+00,5.850914690661687345e+00
-6.340041815329549912e+00,-4.894207500758554374e+00
-9.597043350652993965e+00,-7.481644813670232708e+00
-3.348208359145321111e+00,-7.475085345307993734e+00
-1.408132748435679460e+01,-5.986479002809124594e+00
-9.365952337459003019e+00,-1.268586146277332283e+01
6.542913908973921444e+00,-1.068579247185643233e+01
7.255142656237264731e+00,1.573107664954370044e+01
-1.400915510189484259e+01,6.901359523959267328e+00
-1.251535932164176934e+01,1.372296935328992795e+01
1.311912495619051455e+01,8.281614607275708195e+00
-5.271761365841594049e+00,2.665600282019093381e+00
-9.409377992132208490e+00,1.252333644446349048e+01
-8.435204040693836447e+00,-1.092162011068995930e+01
-5.895883417747193711e+00,1.304707700760121902e+01
5.410457824674680616e+00,1.624142176287548978e+01
3.179784309983402668e+00,4.784598542220611428e+00
-4.670584441650465379e+00,-5.489994310773596453e+00
-1.892083112907436870e+01,1.252125990369254316e+00
9.721735647378086043e+00,-7.441880687205000733e+00
-1.040123711829865849e+00,8.275741112645880193e+00
1.641369377029334231e+01,-8.450543364351910114e+00
-5.407469432943819321e+00,1.616914256993716492e+01
1.576797403306215450e+01,-2.163256619141801895e+00
8.892920145726700198e+00,-1.182671496093666264e+01
8.183523942994309408e+00,-1.515324977418736729e+01
-5.692367396185838757e+00,7.258325470180459149e+00
1.786146366652761230e+01,5.282094025252988878e+00
1.048774469001711784e+00,-1.049275604109414139e+01
1.100924149767249816e+01,1.247363515516174637e+00
-1.167063486907625958e+00,1.004869587936126152e+01
1.152704705370657301e+01,-7.245090060459437709e+00
-1.284712137990347003e+01,-7.818103799880589122e+00
9.352819115370580860e+00,4.271875998806608621e+00
-7.116707351251382541e+00,9.301122710297645924e+00
-2.735653401003475427e+00,-1.095656873551609456e+00
6.125254971778820057e+00,1.544403853088045064e+00
4.864897080835874910e+00,1.794269256461580753e+01
-1.162403117652804774e+01,-1.061595554900683247e+00
-4.234687624799536643e+00,4.228979803170855867e+00
1.300537885550359185e+01,1.350301141431963448e+00
7.589277008984867123e+00,4.733788594268994565e+00
-3.413715548869891148e+00,-4.231671288956650123e+00
3.073507144342366715e+00,-9.008440523474087414e+00
-1.346001703947872841e+01,1.208944375374603375e+01
-1.048172561863807495e+01,2.399168958687333042e+00
2.404505636065014773e+00,-1.171446320238498906e+01
-2.745811207415484123e+00,5.229341015348852650e+00
1.017274685981080573e+01,5.839975182351152760e+00
-7.774031921156377756e+00,3.498048287600465045e+00
-1.110483093361647455e+01,6.200943179520727044e-01
5.067444447006450581e+00,-1.567270312086588824e+01
1.110211290541785800e+01,8.505416766476225021e+00
5.778198212247343868e+00,-3.499911578874505214e+00
-7.425570363048749734e+00,-2.965805526536549941e+00
1.488269909690179738e+01,5.609216114576598855e+00
-8.757347593221615156e+00,1.994713105118211205e+00
-1.387496014670129973e+01,3.400053616668228251e+00
1.327295042820433579e+01,1.161510498341059261e+01
-3.003001748467202248e-01,-7.835814130830933699e+00
-5.360863307058258975e+00,8.990980470783458856e+00
7.735120858954235068e+00,5.301947477394881592e-01
9.503076302315907498e+00,2.471011886962266035e-01
3.321186072957766466e+00,2.895286830530234390e+00
-1.560512581042836011e+01,2.914296609126594273e+00
-7.600499264551583423e+00,7.558165051244610133e+00
6.121439860342645645e+00,-2.398875691859493897e-01
1.397181465414822377e+01,-4.624608630611104942e+00
-4.061817124060611128e+00,1.024374695952969994e+01
-2.207969149772387230e+00,6.935420871043910473e+00
-5.932572120687558126e-01,1.390811767090250939e+01
4.130975508507230387e+00,1.497697034981855957e+01
-1.679480952577819508e+01,1.514971756550195892e+00
1.618130873450473572e+01,4.351000180726876110e+00
7.311473329177159641e+00,2.856782506620073381e+00
7.975366465545939754e+00,-3.268039927945707301e+00
4.647192235108983382e+00,7.750077415489228905e+00
-4.462200431827895386e+00,5.999597352593299071e+00
1.138015787329883821e+01,1.192122193641493233e+01
4.898789159429775886e+00,-9.742088690661452333e+00
-6.646301781184893009e+00,-1.140378848538398415e+01
-5.659311973949152641e-01,-9.656092791044482482e+00
2.739701913231676222e+00,1.078859678242346831e+01
-1.073046412587429055e+00,-6.197973101053858791e+00
-1.275956683349291154e+01,1.382559425502184025e+00
1.186668651354382575e+01,-2.854044742217843655e+00
-9.183264059041487570e+00,-3.217826760784006535e+00
3.097585522589990426e+00,-2.115920683516223644e+00
1.399147989548138682e+01,-1.264017271881584215e+01
-4.904130064332657413e-01,-2.215472960808724245e+00
-6.524334854101089931e+00,1.471828767702570850e+01
-1.021335119737520891e+01,1.087923688855096493e+01
-8.409436525704244048e+00,1.534005315464479402e+01
8.370905727662448115e+00,-1.205340255207057565e+00
1.373552996732077425e+00,-2.746385692893730912e+00
-6.141315914895797867e+00,4.222531578379259187e+00
1.180594416128712609e+01,1.369000885426996561e+01
1.869069808413642164e+01,-1.456818808872218041e+00
1.005180865436201465e+01,-1.781716804126564302e+00
6.978304272410451148e+00,-4.890543664931072065e+00
-5.059170984987299668e+00,9.244552026868551042e-01
-3.329358513552108434e+00,1.198199241440081408e+01
1.848709739879015101e+00,-1.858974972349436783e+01
5.421035660139726708e+00,1.292270872807561943e+01
1.053987574358465018e+01,1.529480532980063856e+01
-5.203405698739977048e+00,-7.298344569274388682e+00
-2.954086873445621819e+00,1.688807533692727247e+01
-8.031833255314186459e+00,-1.131761745943401509e+00
2.522187884375004518e+00,1.578478251904057750e+01
1.446541363652598911e+01,2.336204580136513442e+00
-1.132843620042264021e+01,1.240500560985492307e+01
-1.256895761914537069e+01,8.326358786116161426e+00
4.569900844451942667e+00,5.933630437435269300e+00
1.329594312250757326e+01,-1.046335241260718085e+01
8.931789332046593088e+00,1.922586286087633933e+00
-2.691405542378234816e+00,9.136369302438419382e+00
-1.047870349187744132e+01,6.560740241607649459e+00
-6.715735609975514997e+00,1.395002660067290179e-01
9.014241934608040907e+00,-9.563629681729626242e+00
-1.994908481758094654e+00,3.570965019333713464e+00
6.198315826352855495e+00,-6.564616738034768417e+00
-5.129781196692602130e+00,1.827647564557782900e+01
3.581767204087488388e+00,9.242252725894873677e+00
1.234362746253348853e+01,-1.198462816779861306e+01
6.289825287748585403e+00,-8.667500586651701866e+00
2.582626528586280390e+00,-3.733432866133367667e-01
1.676942637406928061e+00,1.234781285821675745e+01
1.195976277747891103e+01,6.906810719501232043e+00
9.766724725869760704e+00,-3.519222108503271773e+00
5.317825064981195560e+00,-1.314891697166588358e+01
2.421662168735321696e+00,7.864142453484780582e+00
4.608653549546327666e-01,6.486179890670648263e+00
1.473587996494115693e+01,-9.383180205900796267e+00
7.554448089110717746e+00,9.370430244137271103e+00
1.259201688980075495e+01,-8.737171795541595287e+00
-9.367976546769677171e+00,-9.340080587275497948e+00
6.496524167350041346e+00,-1.459337937185087419e+01
8.001005492369227312e+00,-8.090684738146034505e+00
-6.877944297439656296e+00,1.885628667908690881e+00
-1.694585797886185219e+01,4.098095375170746735e+00
-1.558515674913709148e+01,-2.311454908575897083e+00
-1.208053370628358181e+01,3.295931949537521000e+00
1.524793575038738602e+01,-1.126698547507319503e+01
-1.116409816068969363e+01,4.903803889857814013e+00
-1.141564866637612496e+01,-6.599005742510789752e+00
1.059509262268973728e+01,2.968006326044613008e+00
